# Calibration file of tamex_id 6 @ channel 60
# fine_T bin		 Calibration value
1		0
2		0
3		0
4		0
5		0
6		0
7		0
8		0
9		0
10		0
11		0
12		0
13		0
14		0
15		0
16		0
17		0.00337754
18		0.00950788
19		0.0102237
20		0.010471
21		0.0185277
22		0.0198813
23		0.0206297
24		0.0207208
25		0.0262719
26		0.0267275
27		0.0282503
28		0.0322396
29		0.0343807
30		0.0358905
31		0.0369252
32		0.0399904
33		0.0430946
34		0.0432508
35		0.0456977
36		0.0459971
37		0.0483464
38		0.0495763
39		0.0528498
40		0.0540081
41		0.0571449
42		0.0595983
43		0.0610756
44		0.061401
45		0.0662298
46		0.0675509
47		0.0707136
48		0.0718395
49		0.0749047
50		0.0754253
51		0.0778982
52		0.0803191
53		0.0830459
54		0.0855514
55		0.0857141
56		0.0898075
57		0.0899507
58		0.0901784
59		0.0961786
60		0.0963608
61		0.0988273
62		0.099836
63		0.103513
64		0.104867
65		0.105023
66		0.108348
67		0.113112
68		0.114368
69		0.115129
70		0.115409
71		0.12072
72		0.122828
73		0.124182
74		0.124481
75		0.126154
76		0.129629
77		0.130813
78		0.13488
79		0.137653
80		0.139013
81		0.139553
82		0.141948
83		0.143939
84		0.146438
85		0.148345
86		0.148547
87		0.151475
88		0.154462
89		0.155992
90		0.157404
91		0.158653
92		0.159128
93		0.164758
94		0.165109
95		0.16533
96		0.169203
97		0.170439
98		0.17448
99		0.174708
100		0.175144
101		0.178086
102		0.179114
103		0.180266
104		0.184847
105		0.185648
106		0.188537
107		0.190581
108		0.191179
109		0.192077
110		0.196125
111		0.199984
112		0.20016
113		0.200668
114		0.202204
115		0.208926
116		0.20946
117		0.209928
118		0.212948
119		0.218336
120		0.219254
121		0.219618
122		0.221753
123		0.227961
124		0.228449
125		0.23117
126		0.232374
127		0.234606
128		0.23635
129		0.239539
130		0.240118
131		0.245038
132		0.245897
133		0.246528
134		0.247641
135		0.251559
136		0.25532
137		0.255515
138		0.257982
139		0.260468
140		0.261509
141		0.262667
142		0.265954
143		0.267112
144		0.269787
145		0.270483
146		0.272741
147		0.273666
148		0.275898
149		0.281189
150		0.281625
151		0.283518
152		0.286447
153		0.289154
154		0.290332
155		0.294087
156		0.294282
157		0.297003
158		0.298525
159		0.300113
160		0.302274
161		0.306888
162		0.308261
163		0.308879
164		0.312179
165		0.31527
166		0.317704
167		0.318589
168		0.31907
169		0.322897
170		0.324862
171		0.325676
172		0.32796
173		0.330583
174		0.33275
175		0.334533
176		0.335678
177		0.336681
178		0.34162
179		0.342075
180		0.346306
181		0.346703
182		0.347034
183		0.353477
184		0.353731
185		0.355241
186		0.356705
187		0.359965
188		0.361391
189		0.364872
190		0.365608
191		0.369558
192		0.370528
193		0.371881
194		0.373274
195		0.376495
196		0.377862
197		0.379515
198		0.380127
199		0.384265
200		0.388704
201		0.389947
202		0.390806
203		0.391489
204		0.395199
205		0.397886
206		0.400652
207		0.400802
208		0.402357
209		0.407336
210		0.407661
211		0.410238
212		0.41452
213		0.417559
214		0.418132
215		0.419857
216		0.42
217		0.423943
218		0.424601
219		0.427028
220		0.427406
221		0.432098
222		0.434597
223		0.434824
224		0.435827
225		0.438736
226		0.442751
227		0.44484
228		0.445452
229		0.450144
230		0.450977
231		0.451328
232		0.454367
233		0.456079
234		0.460394
235		0.460641
236		0.461793
237		0.465463
238		0.466173
239		0.470435
240		0.471444
241		0.471717
242		0.475882
243		0.477249
244		0.478967
245		0.48103
246		0.481459
247		0.486138
248		0.486223
249		0.486835
250		0.489737
251		0.495171
252		0.496733
253		0.497852
254		0.500299
255		0.504126
256		0.507002
257		0.507295
258		0.512085
259		0.512827
260		0.515664
261		0.516315
262		0.517102
263		0.518886
264		0.523396
265		0.525556
266		0.527456
267		0.527756
268		0.528751
269		0.532318
270		0.534361
271		0.535669
272		0.536398
273		0.543368
274		0.544168
275		0.544325
276		0.545756
277		0.548229
278		0.553084
279		0.553956
280		0.554216
281		0.557477
282		0.558043
283		0.561987
284		0.564922
285		0.567902
286		0.569685
287		0.571859
288		0.57538
289		0.577788
290		0.578347
291		0.582369
292		0.586196
293		0.586196
294		0.586196
295		0.586196
296		0.58682
297		0.589131
298		0.592287
299		0.593953
300		0.595411
301		0.59614
302		0.597285
303		0.599328
304		0.601469
305		0.607274
306		0.607626
307		0.609507
308		0.61004
309		0.613951
310		0.614823
311		0.61701
312		0.618006
313		0.622529
314		0.623036
315		0.625021
316		0.627442
317		0.632583
318		0.633162
319		0.634555
320		0.635349
321		0.637855
322		0.641896
323		0.642156
324		0.644427
325		0.647772
326		0.647883
327		0.649829
328		0.652809
329		0.656714
330		0.657261
331		0.659493
332		0.660619
333		0.661894
334		0.666573
335		0.666944
336		0.670322
337		0.67094
338		0.672847
339		0.676556
340		0.677682
341		0.678919
342		0.681333
343		0.686285
344		0.687555
345		0.688023
346		0.695501
347		0.695858
348		0.700687
349		0.700954
350		0.702353
351		0.704755
352		0.708204
353		0.711581
354		0.711594
355		0.711594
356		0.711594
357		0.712284
358		0.717184
359		0.717783
360		0.719911
361		0.719911
362		0.722931
363		0.724005
364		0.727265
365		0.727499
366		0.729745
367		0.73268
368		0.734033
369		0.737632
370		0.738816
371		0.739545
372		0.741127
373		0.744784
374		0.74688
375		0.748936
376		0.749899
377		0.75368
378		0.75765
379		0.758496
380		0.759609
381		0.763852
382		0.764151
383		0.766143
384		0.767991
385		0.771401
386		0.772514
387		0.773249
388		0.776588
389		0.779243
390		0.781677
391		0.782249
392		0.783128
393		0.788861
394		0.790228
395		0.792707
396		0.7949
397		0.795629
398		0.797354
399		0.798525
400		0.80146
401		0.803335
402		0.806608
403		0.807682
404		0.808489
405		0.808775
406		0.81199
407		0.817671
408		0.818107
409		0.819969
410		0.820548
411		0.824934
412		0.825507
413		0.829301
414		0.829528
415		0.834045
416		0.835067
417		0.835991
418		0.836108
419		0.841796
420		0.843097
421		0.844327
422		0.845251
423		0.846345
424		0.850581
425		0.851427
426		0.854271
427		0.855436
428		0.857108
429		0.860115
430		0.860896
431		0.864189
432		0.86428
433		0.869506
434		0.870287
435		0.871159
436		0.874985
437		0.87863
438		0.879782
439		0.879879
440		0.880354
441		0.88586
442		0.886153
443		0.889947
444		0.890227
445		0.894372
446		0.89717
447		0.897548
448		0.899793
449		0.903372
450		0.904355
451		0.905481
452		0.910225
453		0.910733
454		0.913746
455		0.913934
456		0.914097
457		0.915203
458		0.920826
459		0.923065
460		0.923716
461		0.926462
462		0.92723
463		0.93256
464		0.933126
465		0.934955
466		0.93612
467		0.939178
468		0.942816
469		0.943649
470		0.943974
471		0.948191
472		0.950014
473		0.952311
474		0.952519
475		0.955207
476		0.956261
477		0.958994
478		0.961578
479		0.964057
480		0.965405
481		0.966407
482		0.969771
483		0.971444
484		0.972915
485		0.976943
486		0.977171
487		0.978726
488		0.98103
489		0.984466
490		0.985488
491		0.98759
492		0.988572
493		0.99208
494		0.993759
495		0.99534
496		0.995868
497		1
498		1
499		1
500		1
501		1
502		1
503		1
504		1
505		1
506		1
507		1
508		1
509		1
510		1
511		1
512		1
513		1
514		1
515		1
516		1
517		1
518		1
519		1
520		1
521		1
522		1
523		1
524		1
525		1
526		1
527		1
528		1
529		1
530		1
531		1
532		1
533		1
534		1
535		1
536		1
537		1
538		1
539		1
540		1
541		1
542		1
543		1
544		1
545		1
546		1
547		1
548		1
549		1
550		1
551		1
552		1
553		1
554		1
555		1
556		1
557		1
558		1
559		1
560		1
561		1
562		1
563		1
564		1
565		1
566		1
567		1
568		1
569		1
570		1
571		1
572		1
573		1
574		1
575		1
576		1
577		1
578		1
579		1
580		1
581		1
582		1
583		1
584		1
585		1
586		1
587		1
588		1
589		1
590		1
591		1
592		1
593		1
594		1
595		1
596		1
597		1
598		1
599		1
600		1
