# Calibration file of tamex_id 7 @ channel 10
# fine_T bin		 Calibration value
1		0
2		0
3		0
4		0
5		0
6		0
7		0
8		0
9		0
10		0
11		0
12		0
13		0
14		0
15		0
16		0
17		0.00501902
18		0.00544032
19		0.00920764
20		0.00995866
21		0.0167056
22		0.0176704
23		0.0195998
24		0.0199967
25		0.0215903
26		0.0260293
27		0.0281969
28		0.0286792
29		0.0297844
30		0.0332708
31		0.0333991
32		0.0335151
33		0.0366657
34		0.0392302
35		0.0420144
36		0.0433577
37		0.0450491
38		0.0452261
39		0.0494575
40		0.0515396
41		0.0551726
42		0.0559969
43		0.05618
44		0.0594039
45		0.0601
46		0.0605702
47		0.0661998
48		0.0674576
49		0.0677262
50		0.0711638
51		0.0721896
52		0.0736428
53		0.0765797
54		0.0773491
55		0.0781123
56		0.0791381
57		0.0824231
58		0.0846761
59		0.0881198
60		0.0891578
61		0.0907331
62		0.0919177
63		0.0935113
64		0.0970832
65		0.0972359
66		0.0990798
67		0.103244
68		0.103397
69		0.107048
70		0.108171
71		0.109802
72		0.110131
73		0.111163
74		0.117184
75		0.118081
76		0.118625
77		0.118942
78		0.122233
79		0.12329
80		0.129151
81		0.130366
82		0.130604
83		0.13113
84		0.136283
85		0.137553
86		0.140404
87		0.142486
88		0.142596
89		0.143311
90		0.147231
91		0.149508
92		0.15344
93		0.153703
94		0.154747
95		0.156109
96		0.158325
97		0.159858
98		0.163936
99		0.164651
100		0.166312
101		0.167508
102		0.16774
103		0.171721
104		0.173461
105		0.173614
106		0.177571
107		0.178786
108		0.181106
109		0.183078
110		0.184067
111		0.186314
112		0.191596
113		0.192139
114		0.192359
115		0.195992
116		0.197293
117		0.199418
118		0.202116
119		0.204571
120		0.206757
121		0.207227
122		0.207801
123		0.210298
124		0.213143
125		0.218889
126		0.219701
127		0.220196
128		0.220666
129		0.224629
130		0.225374
131		0.229074
132		0.229739
133		0.231211
134		0.231821
135		0.234667
136		0.239057
137		0.240125
138		0.241182
139		0.242562
140		0.245071
141		0.245889
142		0.250316
143		0.251226
144		0.251415
145		0.254083
146		0.254993
147		0.256306
148		0.260201
149		0.261117
150		0.262033
151		0.265978
152		0.266735
153		0.268859
154		0.269684
155		0.27513
156		0.275381
157		0.276974
158		0.280363
159		0.282744
160		0.282921
161		0.283336
162		0.286212
163		0.288679
164		0.291482
165		0.292715
166		0.293313
167		0.294754
168		0.298766
169		0.30152
170		0.305116
171		0.305336
172		0.305464
173		0.30939
174		0.310105
175		0.311314
176		0.314257
177		0.317334
178		0.319141
179		0.320289
180		0.321144
181		0.323189
182		0.326383
183		0.328129
184		0.330455
185		0.331573
186		0.333014
187		0.334901
188		0.335719
189		0.337612
190		0.343485
191		0.34365
192		0.344133
193		0.349225
194		0.349335
195		0.351673
196		0.353432
197		0.354806
198		0.358768
199		0.359916
200		0.361455
201		0.362896
202		0.363641
203		0.369191
204		0.369454
205		0.370614
206		0.37123
207		0.376463
208		0.376634
209		0.380066
210		0.380743
211		0.382477
212		0.384389
213		0.385921
214		0.387527
215		0.393956
216		0.394066
217		0.396277
218		0.396936
219		0.397254
220		0.402969
221		0.403146
222		0.403457
223		0.407286
224		0.407762
225		0.409813
226		0.412518
227		0.413013
228		0.413568
229		0.420297
230		0.421372
231		0.421543
232		0.423307
233		0.423307
234		0.42752
235		0.429639
236		0.431196
237		0.434597
238		0.434835
239		0.436557
240		0.439647
241		0.44168
242		0.445667
243		0.445948
244		0.446009
245		0.446992
246		0.451162
247		0.452225
248		0.456053
249		0.456774
250		0.456963
251		0.461994
252		0.462177
253		0.463551
254		0.465548
255		0.467294
256		0.471012
257		0.47155
258		0.472392
259		0.477167
260		0.477607
261		0.480116
262		0.482968
263		0.483633
264		0.48527
265		0.48875
266		0.489531
267		0.490618
268		0.493158
269		0.497457
270		0.498354
271		0.500687
272		0.500797
273		0.502085
274		0.505987
275		0.509082
276		0.509974
277		0.511482
278		0.511635
279		0.513967
280		0.516855
281		0.520891
282		0.521056
283		0.521331
284		0.528163
285		0.530783
286		0.533146
287		0.534031
288		0.534813
289		0.53883
290		0.53883
291		0.54054
292		0.543172
293		0.54565
294		0.548093
295		0.549027
296		0.55462
297		0.558827
298		0.561001
299		0.561434
300		0.56649
301		0.568529
302		0.570617
303		0.571661
304		0.573896
305		0.575502
306		0.578262
307		0.578573
308		0.582908
309		0.583165
310		0.585027
311		0.585906
312		0.588111
313		0.588465
314		0.593533
315		0.595816
316		0.59606
317		0.59912
318		0.599437
319		0.603229
320		0.603968
321		0.605714
322		0.611191
323		0.611197
324		0.611588
325		0.612693
326		0.615062
327		0.616637
328		0.620289
329		0.621675
330		0.622249
331		0.626339
332		0.626779
333		0.629612
334		0.633862
335		0.634076
336		0.635779
337		0.636054
338		0.637684
339		0.639528
340		0.64415
341		0.646471
342		0.64749
343		0.648766
344		0.65334
345		0.656362
346		0.658444
347		0.659354
348		0.661869
349		0.662743
350		0.667542
351		0.667542
352		0.668122
353		0.668684
354		0.672842
355		0.674222
356		0.676609
357		0.679131
358		0.682379
359		0.682745
360		0.689034
361		0.690933
362		0.691715
363		0.695702
364		0.698309
365		0.700691
366		0.700721
367		0.70102
368		0.706577
369		0.708396
370		0.709831
371		0.711113
372		0.711235
373		0.715467
374		0.716346
375		0.716792
376		0.720828
377		0.722849
378		0.723423
379		0.726915
380		0.72915
381		0.73086
382		0.731721
383		0.732392
384		0.733381
385		0.737625
386		0.74094
387		0.741154
388		0.741288
389		0.742925
390		0.747565
391		0.750655
392		0.751699
393		0.753146
394		0.754135
395		0.756761
396		0.75913
397		0.759698
398		0.762512
399		0.766976
400		0.767263
401		0.76744
402		0.769595
403		0.774681
404		0.777099
405		0.777209
406		0.77843
407		0.780934
408		0.781227
409		0.785135
410		0.786747
411		0.788224
412		0.790838
413		0.79107
414		0.791546
415		0.795643
416		0.796455
417		0.799722
418		0.801083
419		0.801633
420		0.804838
421		0.805632
422		0.806096
423		0.808978
424		0.812348
425		0.815224
426		0.817007
427		0.818283
428		0.818686
429		0.821959
430		0.823742
431		0.827546
432		0.829121
433		0.829891
434		0.832815
435		0.833011
436		0.8332
437		0.839434
438		0.840765
439		0.842481
440		0.843354
441		0.844539
442		0.848343
443		0.849753
444		0.850083
445		0.854216
446		0.854216
447		0.855187
448		0.860554
449		0.861153
450		0.863491
451		0.866721
452		0.867118
453		0.867387
454		0.872412
455		0.873877
456		0.874323
457		0.877052
458		0.878316
459		0.880569
460		0.882975
461		0.883952
462		0.885454
463		0.887994
464		0.890986
465		0.891285
466		0.893037
467		0.896896
468		0.897257
469		0.897672
470		0.900847
471		0.90382
472		0.904981
473		0.906574
474		0.907801
475		0.908064
476		0.913126
477		0.913285
478		0.914091
479		0.914939
480		0.91754
481		0.922266
482		0.925008
483		0.926467
484		0.926754
485		0.930943
486		0.93322
487		0.934008
488		0.934826
489		0.937977
490		0.941341
491		0.942721
492		0.94302
493		0.947245
494		0.947465
495		0.948039
496		0.950823
497		0.953101
498		0.956026
499		0.956209
500		0.957912
501		0.960055
502		0.960422
503		0.964665
504		0.965508
505		0.96853
506		0.969239
507		0.972292
508		0.97438
509		0.976639
510		0.979155
511		0.979161
512		0.979802
513		0.983905
514		0.984973
515		0.989107
516		0.99089
517		0.991476
518		0.99183
519		0.997832
520		0.998736
521		0.999994
522		1
523		1
524		1
525		1
526		1
527		1
528		1
529		1
530		1
531		1
532		1
533		1
534		1
535		1
536		1
537		1
538		1
539		1
540		1
541		1
542		1
543		1
544		1
545		1
546		1
547		1
548		1
549		1
550		1
551		1
552		1
553		1
554		1
555		1
556		1
557		1
558		1
559		1
560		1
561		1
562		1
563		1
564		1
565		1
566		1
567		1
568		1
569		1
570		1
571		1
572		1
573		1
574		1
575		1
576		1
577		1
578		1
579		1
580		1
581		1
582		1
583		1
584		1
585		1
586		1
587		1
588		1
589		1
590		1
591		1
592		1
593		1
594		1
595		1
596		1
597		1
598		1
599		1
600		1
