# Calibration file of tamex_id 8 @ channel 48
# fine_T bin		 Calibration value
1		0
2		0
3		0
4		0
5		0
6		0
7		0
8		0
9		0
10		0
11		0
12		0
13		0
14		0
15		0
16		0
17		0.00552706
18		0.00671493
19		0.0085107
20		0.0101108
21		0.0150929
22		0.0173498
23		0.0185586
24		0.0187403
25		0.0214444
26		0.0252456
27		0.0254063
28		0.0282292
29		0.0291236
30		0.0291236
31		0.0307517
32		0.0323798
33		0.0365583
34		0.0380256
35		0.0420783
36		0.0425465
37		0.0435247
38		0.0443842
39		0.0497925
40		0.0507707
41		0.0531744
42		0.0534259
43		0.0559554
44		0.0564655
45		0.060057
46		0.0605881
47		0.0641517
48		0.0678131
49		0.0680576
50		0.0687634
51		0.0717819
52		0.0750101
53		0.0755342
54		0.0765963
55		0.0784619
56		0.0793284
57		0.0847157
58		0.0855402
59		0.0881814
60		0.0894182
61		0.0899912
62		0.0909974
63		0.0937295
64		0.0970834
65		0.099026
66		0.100214
67		0.102904
68		0.103805
69		0.105951
70		0.109214
71		0.110464
72		0.11073
73		0.11567
74		0.116613
75		0.117277
76		0.121728
77		0.123873
78		0.126172
79		0.127248
80		0.127395
81		0.132125
82		0.132251
83		0.132433
84		0.137764
85		0.137981
86		0.140776
87		0.141698
88		0.143263
89		0.143955
90		0.147176
91		0.148756
92		0.153241
93		0.154765
94		0.154897
95		0.156889
96		0.158426
97		0.161438
98		0.165078
99		0.165078
100		0.167391
101		0.167803
102		0.170305
103		0.174588
104		0.17586
105		0.176202
106		0.179996
107		0.181722
108		0.181904
109		0.187214
110		0.18748
111		0.18871
112		0.192378
113		0.1927
114		0.193
115		0.19511
116		0.199708
117		0.199925
118		0.204124
119		0.204292
120		0.207345
121		0.207604
122		0.211475
123		0.212467
124		0.214696
125		0.216625
126		0.219056
127		0.221453
128		0.222983
129		0.225513
130		0.225666
131		0.23046
132		0.231913
133		0.2325
134		0.234477
135		0.235903
136		0.23832
137		0.243666
138		0.244232
139		0.246377
140		0.24681
141		0.249878
142		0.250129
143		0.255
144		0.255265
145		0.257801
146		0.260016
147		0.26075
148		0.26423
149		0.266808
150		0.266927
151		0.270176
152		0.271057
153		0.273796
154		0.277157
155		0.27782
156		0.280518
157		0.281643
158		0.285122
159		0.28675
160		0.289944
161		0.290335
162		0.291125
163		0.295855
164		0.296659
165		0.297406
166		0.298531
167		0.300767
168		0.301724
169		0.304904
170		0.305854
171		0.31099
172		0.311179
173		0.312255
174		0.312422
175		0.319466
176		0.321709
177		0.322114
178		0.322519
179		0.326306
180		0.329618
181		0.33126
182		0.334034
183		0.334223
184		0.335502
185		0.337961
186		0.34077
187		0.340966
188		0.346214
189		0.346388
190		0.347877
191		0.348792
192		0.351258
193		0.355605
194		0.357177
195		0.359287
196		0.359923
197		0.362375
198		0.363794
199		0.367351
200		0.367351
201		0.36828
202		0.373178
203		0.373437
204		0.374862
205		0.379921
206		0.381053
207		0.382506
208		0.386189
209		0.386328
210		0.389689
211		0.392317
212		0.392883
213		0.393064
214		0.39558
215		0.399772
216		0.401505
217		0.402658
218		0.403741
219		0.409471
220		0.40968
221		0.412426
222		0.413691
223		0.414928
224		0.417954
225		0.419924
226		0.420972
227		0.425206
228		0.425514
229		0.427813
230		0.429427
231		0.42979
232		0.433675
233		0.436093
234		0.436561
235		0.437686
236		0.438958
237		0.440977
238		0.444282
239		0.449446
240		0.450403
241		0.453058
242		0.453841
243		0.45528
244		0.458166
245		0.458166
246		0.45978
247		0.465664
248		0.46646
249		0.468249
250		0.470003
251		0.47212
252		0.472679
253		0.475761
254		0.478947
255		0.481295
256		0.482594
257		0.483482
258		0.486982
259		0.487374
260		0.493278
261		0.493669
262		0.495018
263		0.495214
264		0.497526
265		0.499057
266		0.504772
267		0.505317
268		0.506554
269		0.507959
270		0.508413
271		0.514024
272		0.516735
273		0.518083
274		0.518684
275		0.52134
276		0.522695
277		0.524861
278		0.527468
279		0.527468
280		0.531849
281		0.532359
282		0.533407
283		0.537061
284		0.538144
285		0.544608
286		0.547165
287		0.548954
288		0.55003
289		0.550722
290		0.556137
291		0.556137
292		0.558513
293		0.559226
294		0.56151
295		0.565598
296		0.566632
297		0.571328
298		0.572655
299		0.577092
300		0.578595
301		0.583081
302		0.585051
303		0.587245
304		0.588985
305		0.589341
306		0.592087
307		0.594058
308		0.596413
309		0.597454
310		0.601276
311		0.602114
312		0.602729
313		0.606565
314		0.609332
315		0.609752
316		0.611645
317		0.612176
318		0.617054
319		0.618046
320		0.622008
321		0.623706
322		0.624286
323		0.624523
324		0.627626
325		0.630749
326		0.6352
327		0.635424
328		0.637457
329		0.637673
330		0.642348
331		0.642886
332		0.648686
333		0.648993
334		0.650663
335		0.650677
336		0.652913
337		0.654884
338		0.66025
339		0.66025
340		0.662032
341		0.665784
342		0.669082
343		0.67159
344		0.672625
345		0.675014
346		0.677677
347		0.680367
348		0.680653
349		0.683595
350		0.684391
351		0.684391
352		0.687738
353		0.688668
354		0.691274
355		0.695725
356		0.696361
357		0.701629
358		0.703509
359		0.70759
360		0.707883
361		0.713187
362		0.713962
363		0.716275
364		0.718092
365		0.718308
366		0.723298
367		0.723787
368		0.723787
369		0.727134
370		0.728971
371		0.73287
372		0.733485
373		0.733695
374		0.735428
375		0.739271
376		0.741318
377		0.745322
378		0.747921
379		0.74818
380		0.74841
381		0.750031
382		0.753546
383		0.757732
384		0.757997
385		0.759604
386		0.761596
387		0.762965
388		0.768262
389		0.768492
390		0.768639
391		0.77179
392		0.774949
393		0.775633
394		0.777583
395		0.778107
396		0.780532
397		0.784053
398		0.786527
399		0.789531
400		0.789706
401		0.791166
402		0.793773
403		0.795478
404		0.800278
405		0.802018
406		0.802256
407		0.804464
408		0.806182
409		0.810717
410		0.811765
411		0.812262
412		0.814442
413		0.816258
414		0.816992
415		0.821932
416		0.823141
417		0.825433
418		0.82704
419		0.827718
420		0.828382
421		0.830618
422		0.835977
423		0.836375
424		0.836864
425		0.837298
426		0.840086
427		0.845459
428		0.846158
429		0.846556
430		0.850126
431		0.850497
432		0.852747
433		0.855758
434		0.856785
435		0.857582
436		0.861544
437		0.863172
438		0.864192
439		0.865813
440		0.867099
441		0.870914
442		0.874603
443		0.875645
444		0.876322
445		0.877447
446		0.878055
447		0.881088
448		0.885748
449		0.88607
450		0.888075
451		0.889759
452		0.891227
453		0.896083
454		0.896453
455		0.900478
456		0.901526
457		0.903091
458		0.903273
459		0.903979
460		0.90634
461		0.91344
462		0.9136
463		0.914579
464		0.915131
465		0.918338
466		0.921873
467		0.924906
468		0.924906
469		0.926045
470		0.926436
471		0.92963
472		0.932166
473		0.935639
474		0.936142
475		0.939489
476		0.939894
477		0.942563
478		0.945994
479		0.94649
480		0.949187
481		0.951731
482		0.952143
483		0.954211
484		0.957586
485		0.95962
486		0.960234
487		0.964867
488		0.96514
489		0.965286
490		0.970003
491		0.970066
492		0.974
493		0.974705
494		0.976669
495		0.979268
496		0.980072
497		0.980498
498		0.985096
499		0.986256
500		0.991126
501		0.991126
502		0.993369
503		0.994012
504		0.996017
505		0.996304
506		1
507		1
508		1
509		1
510		1
511		1
512		1
513		1
514		1
515		1
516		1
517		1
518		1
519		1
520		1
521		1
522		1
523		1
524		1
525		1
526		1
527		1
528		1
529		1
530		1
531		1
532		1
533		1
534		1
535		1
536		1
537		1
538		1
539		1
540		1
541		1
542		1
543		1
544		1
545		1
546		1
547		1
548		1
549		1
550		1
551		1
552		1
553		1
554		1
555		1
556		1
557		1
558		1
559		1
560		1
561		1
562		1
563		1
564		1
565		1
566		1
567		1
568		1
569		1
570		1
571		1
572		1
573		1
574		1
575		1
576		1
577		1
578		1
579		1
580		1
581		1
582		1
583		1
584		1
585		1
586		1
587		1
588		1
589		1
590		1
591		1
592		1
593		1
594		1
595		1
596		1
597		1
598		1
599		1
600		1
