# Calibration file of tamex_id 6 @ channel 21
# fine_T bin		 Calibration value
1		0
2		0
3		0
4		0
5		0
6		0
7		0
8		0
9		0
10		0
11		0
12		0
13		0
14		0
15		0
16		0
17		0
18		0.00727374
19		0.0101093
20		0.0103429
21		0.0149887
22		0.0166368
23		0.0180513
24		0.020543
25		0.0228789
26		0.0258896
27		0.0283228
28		0.0295621
29		0.0306457
30		0.0321057
31		0.0325858
32		0.0361416
33		0.0376729
34		0.0386592
35		0.0415596
36		0.0419879
37		0.0433959
38		0.0477238
39		0.0489631
40		0.0524151
41		0.0537452
42		0.0544914
43		0.0578979
44		0.0595655
45		0.0599548
46		0.0629785
47		0.0667679
48		0.0670274
49		0.0683836
50		0.069
51		0.0733279
52		0.0758649
53		0.0780256
54		0.0786226
55		0.0835929
56		0.0848452
57		0.0850917
58		0.0856433
59		0.0913727
60		0.0930922
61		0.0941499
62		0.0952983
63		0.0962132
64		0.100003
65		0.102909
66		0.104188
67		0.105142
68		0.107147
69		0.109632
70		0.113713
71		0.115361
72		0.115491
73		0.119579
74		0.120078
75		0.122427
76		0.123952
77		0.126282
78		0.130668
79		0.130908
80		0.132744
81		0.136274
82		0.137643
83		0.139674
84		0.140063
85		0.145468
86		0.146189
87		0.148752
88		0.150387
89		0.152619
90		0.154241
91		0.155844
92		0.158562
93		0.160314
94		0.161657
95		0.162404
96		0.16522
97		0.167608
98		0.171864
99		0.172396
100		0.172649
101		0.175653
102		0.177944
103		0.18026
104		0.183323
105		0.184076
106		0.187787
107		0.189617
108		0.19183
109		0.19205
110		0.193802
111		0.199421
112		0.200862
113		0.200966
114		0.201128
115		0.208616
116		0.210698
117		0.211561
118		0.212217
119		0.215007
120		0.215351
121		0.218349
122		0.219854
123		0.222553
124		0.22487
125		0.225155
126		0.227095
127		0.231546
128		0.231773
129		0.232435
130		0.235271
131		0.23799
132		0.240929
133		0.242168
134		0.244627
135		0.245471
136		0.248216
137		0.250649
138		0.253063
139		0.254652
140		0.254918
141		0.260148
142		0.261764
143		0.262192
144		0.263976
145		0.268564
146		0.269349
147		0.269615
148		0.269784
149		0.275565
150		0.277823
151		0.278641
152		0.278855
153		0.283832
154		0.284844
155		0.287433
156		0.289464
157		0.293273
158		0.293435
159		0.294642
160		0.296147
161		0.301487
162		0.304303
163		0.304829
164		0.305925
165		0.310065
166		0.312064
167		0.313004
168		0.31462
169		0.317793
170		0.31874
171		0.31974
172		0.324042
173		0.324541
174		0.327779
175		0.330426
176		0.331153
177		0.332821
178		0.336467
179		0.337869
180		0.339452
181		0.342619
182		0.343203
183		0.346096
184		0.346817
185		0.349101
186		0.350106
187		0.354889
188		0.356413
189		0.356556
190		0.356686
191		0.363291
192		0.365426
193		0.365867
194		0.366854
195		0.371227
196		0.372998
197		0.37316
198		0.374251
199		0.379312
200		0.381498
201		0.383815
202		0.384444
203		0.384937
204		0.387448
205		0.393606
206		0.393794
207		0.394404
208		0.396805
209		0.401347
210		0.402496
211		0.402716
212		0.407128
213		0.409419
214		0.410256
215		0.412546
216		0.412988
217		0.418256
218		0.419632
219		0.421637
220		0.421922
221		0.427152
222		0.428424
223		0.429326
224		0.42956
225		0.432973
226		0.435244
227		0.436807
228		0.438481
229		0.440662
230		0.441213
231		0.446385
232		0.446495
233		0.446884
234		0.453009
235		0.453262
236		0.456001
237		0.456682
238		0.459037
239		0.462256
240		0.462982
241		0.464708
242		0.466395
243		0.470769
244		0.472216
245		0.473137
246		0.473909
247		0.477231
248		0.479042
249		0.481962
250		0.482124
251		0.487393
252		0.488022
253		0.48858
254		0.491078
255		0.495069
256		0.497463
257		0.499306
258		0.503452
259		0.503952
260		0.504153
261		0.506657
262		0.509266
263		0.511355
264		0.512666
265		0.517286
266		0.518525
267		0.519375
268		0.520757
269		0.52565
270		0.526175
271		0.528355
272		0.528712
273		0.530698
274		0.534377
275		0.534857
276		0.538244
277		0.538478
278		0.54143
279		0.543422
280		0.544467
281		0.548522
282		0.549502
283		0.551091
284		0.554972
285		0.55843
286		0.558819
287		0.561227
288		0.565736
289		0.567916
290		0.568384
291		0.569558
292		0.574204
293		0.574204
294		0.576202
295		0.576572
296		0.576572
297		0.58092
298		0.584372
299		0.585377
300		0.586162
301		0.586584
302		0.589692
303		0.590088
304		0.594273
305		0.595422
306		0.597803
307		0.599711
308		0.600269
309		0.604298
310		0.6098
311		0.61017
312		0.610255
313		0.611494
314		0.614849
315		0.615303
316		0.617613
317		0.620714
318		0.621603
319		0.623154
320		0.626314
321		0.628929
322		0.630804
323		0.634256
324		0.634879
325		0.637384
326		0.639174
327		0.640329
328		0.641056
329		0.646137
330		0.647013
331		0.649459
332		0.651347
333		0.652353
334		0.654072
335		0.655909
336		0.656343
337		0.66058
338		0.662514
339		0.664006
340		0.66498
341		0.67019
342		0.670385
343		0.675757
344		0.676997
345		0.679988
346		0.682973
347		0.686171
348		0.687041
349		0.688825
350		0.690422
351		0.692913
352		0.696443
353		0.696443
354		0.699668
355		0.699778
356		0.699901
357		0.700388
358		0.70613
359		0.706364
360		0.707759
361		0.709693
362		0.711899
363		0.714546
364		0.716389
365		0.718699
366		0.718945
367		0.723196
368		0.724195
369		0.725291
370		0.726375
371		0.730644
372		0.731306
373		0.736244
374		0.736828
375		0.737944
376		0.741798
377		0.74233
378		0.744855
379		0.746444
380		0.748903
381		0.752316
382		0.753251
383		0.753854
384		0.755094
385		0.760817
386		0.761167
387		0.762296
388		0.763976
389		0.768856
390		0.770232
391		0.770595
392		0.771107
393		0.77624
394		0.778621
395		0.780983
396		0.781677
397		0.783767
398		0.786959
399		0.787277
400		0.789023
401		0.792118
402		0.793824
403		0.794168
404		0.797062
405		0.801779
406		0.801961
407		0.804582
408		0.806665
409		0.809008
410		0.810623
411		0.812992
412		0.814082
413		0.817456
414		0.820363
415		0.821959
416		0.823944
417		0.824236
418		0.824775
419		0.832185
420		0.832483
421		0.833736
422		0.836376
423		0.840503
424		0.841113
425		0.841652
426		0.842132
427		0.845999
428		0.849996
429		0.850807
430		0.851417
431		0.855291
432		0.856348
433		0.857413
434		0.860826
435		0.863583
436		0.865199
437		0.865608
438		0.868339
439		0.870176
440		0.874484
441		0.875263
442		0.877411
443		0.880525
444		0.881823
445		0.88423
446		0.886618
447		0.886877
448		0.888993
449		0.892399
450		0.89273
451		0.894469
452		0.895974
453		0.900439
454		0.900698
455		0.902249
456		0.90367
457		0.910126
458		0.910522
459		0.911463
460		0.913098
461		0.917244
462		0.919768
463		0.920125
464		0.923188
465		0.925056
466		0.928774
467		0.929306
468		0.932415
469		0.934199
470		0.936158
471		0.937807
472		0.938215
473		0.940538
474		0.945619
475		0.947085
476		0.949175
477		0.952568
478		0.952795
479		0.954781
480		0.95785
481		0.958363
482		0.960523
483		0.964488
484		0.966039
485		0.96694
486		0.967297
487		0.972722
488		0.973715
489		0.975603
490		0.979431
491		0.981637
492		0.982688
493		0.983597
494		0.985712
495		0.988885
496		0.990786
497		0.993031
498		0.994692
499		0.995192
500		0.999812
501		1
502		1
503		1
504		1
505		1
506		1
507		1
508		1
509		1
510		1
511		1
512		1
513		1
514		1
515		1
516		1
517		1
518		1
519		1
520		1
521		1
522		1
523		1
524		1
525		1
526		1
527		1
528		1
529		1
530		1
531		1
532		1
533		1
534		1
535		1
536		1
537		1
538		1
539		1
540		1
541		1
542		1
543		1
544		1
545		1
546		1
547		1
548		1
549		1
550		1
551		1
552		1
553		1
554		1
555		1
556		1
557		1
558		1
559		1
560		1
561		1
562		1
563		1
564		1
565		1
566		1
567		1
568		1
569		1
570		1
571		1
572		1
573		1
574		1
575		1
576		1
577		1
578		1
579		1
580		1
581		1
582		1
583		1
584		1
585		1
586		1
587		1
588		1
589		1
590		1
591		1
592		1
593		1
594		1
595		1
596		1
597		1
598		1
599		1
600		1
