# Calibration file of tamex_id 1 @ channel 63
# fine_T bin		 Calibration value
0.1		0
0.2		0
0.3		0
0.4		0
0.5		0
0.6		0
0.7		0
0.8		0
0.9		0
1		0
1.1		0
1.2		0
1.3		0
1.4		0
1.5		0
1.6		0
1.7		0
1.8		0
1.9		0
2		0
2.1		0
2.2		0
2.3		0
2.4		0
2.5		0
2.6		0
2.7		0
2.8		0
2.9		0
3		0
3.1		0
3.2		0
3.3		0
3.4		0
3.5		0
3.6		0
3.7		0
3.8		0
3.9		0
4		0
4.1		0
4.2		0
4.3		0
4.4		0
4.5		0
4.6		0
4.7		0
4.8		0
4.9		0
5		0
5.1		0
5.2		0
5.3		0
5.4		0
5.5		0
5.6		0
5.7		0
5.8		0
5.9		0
6		0
6.1		0
6.2		0
6.3		0
6.4		0
6.5		0
6.6		0
6.7		0
6.8		0
6.9		0
7		0
7.1		0
7.2		0
7.3		0
7.4		0
7.5		0
7.6		0
7.7		0
7.8		0
7.9		0
8		0
8.1		0
8.2		0
8.3		0
8.4		0
8.5		0
8.6		0
8.7		0
8.8		0
8.9		0
9		0
9.1		0
9.2		0
9.3		0
9.4		0
9.5		0
9.6		0
9.7		0
9.8		0
9.9		0
10		0
10.1		0
10.2		0
10.3		0
10.4		0
10.5		0
10.6		0
10.7		0
10.8		0
10.9		0
11		0
11.1		0
11.2		0
11.3		0
11.4		0
11.5		0
11.6		0
11.7		0
11.8		0
11.9		0
12		0
12.1		0
12.2		0
12.3		0
12.4		0
12.5		0
12.6		0
12.7		0
12.8		0
12.9		0
13		0
13.1		0
13.2		0
13.3		0
13.4		0
13.5		0
13.6		0
13.7		0
13.8		0
13.9		0
14		0
14.1		0
14.2		0
14.3		0
14.4		0
14.5		0
14.6		0
14.7		0
14.8		0
14.9		0
15		0
15.1		0
15.2		0
15.3		0
15.4		0
15.5		0
15.6		0
15.7		0
15.8		0
15.9		0
16		0
16.1		0
16.2		0
16.3		0
16.4		0
16.5		0
16.6		0
16.7		0
16.8		0
16.9		0
17		0
17.1		0.00580217
17.2		0.00580217
17.3		0.00580217
17.4		0.00580217
17.5		0.00580217
17.6		0.00580217
17.7		0.00580217
17.8		0.00580217
17.9		0.00580217
18		0.00580217
18.1		0.00850163
18.2		0.00850163
18.3		0.00850163
18.4		0.00850163
18.5		0.00850163
18.6		0.00850163
18.7		0.00850163
18.8		0.00850163
18.9		0.00850163
19		0.00850163
19.1		0.00884886
19.2		0.00884886
19.3		0.00884886
19.4		0.00884886
19.5		0.00884886
19.6		0.00884886
19.7		0.00884886
19.8		0.00884886
19.9		0.00884886
20		0.00884886
20.1		0.0127244
20.2		0.0127244
20.3		0.0127244
20.4		0.0127244
20.5		0.0127244
20.6		0.0127244
20.7		0.0127244
20.8		0.0127244
20.9		0.0127244
21		0.0127244
21.1		0.0165664
21.2		0.0165664
21.3		0.0165664
21.4		0.0165664
21.5		0.0165664
21.6		0.0165664
21.7		0.0165664
21.8		0.0165664
21.9		0.0165664
22		0.0165664
22.1		0.016824
22.2		0.016824
22.3		0.016824
22.4		0.016824
22.5		0.016824
22.6		0.016824
22.7		0.016824
22.8		0.016824
22.9		0.016824
23		0.016824
23.1		0.0186162
23.2		0.0186162
23.3		0.0186162
23.4		0.0186162
23.5		0.0186162
23.6		0.0186162
23.7		0.0186162
23.8		0.0186162
23.9		0.0186162
24		0.0186162
24.1		0.0207556
24.2		0.0207556
24.3		0.0207556
24.4		0.0207556
24.5		0.0207556
24.6		0.0207556
24.7		0.0207556
24.8		0.0207556
24.9		0.0207556
25		0.0207556
25.1		0.0233431
25.2		0.0233431
25.3		0.0233431
25.4		0.0233431
25.5		0.0233431
25.6		0.0233431
25.7		0.0233431
25.8		0.0233431
25.9		0.0233431
26		0.0233431
26.1		0.0257849
26.2		0.0257849
26.3		0.0257849
26.4		0.0257849
26.5		0.0257849
26.6		0.0257849
26.7		0.0257849
26.8		0.0257849
26.9		0.0257849
27		0.0257849
27.1		0.029022
27.2		0.029022
27.3		0.029022
27.4		0.029022
27.5		0.029022
27.6		0.029022
27.7		0.029022
27.8		0.029022
27.9		0.029022
28		0.029022
28.1		0.0293245
28.2		0.0293245
28.3		0.0293245
28.4		0.0293245
28.5		0.0293245
28.6		0.0293245
28.7		0.0293245
28.8		0.0293245
28.9		0.0293245
29		0.0293245
29.1		0.0324832
29.2		0.0324832
29.3		0.0324832
29.4		0.0324832
29.5		0.0324832
29.6		0.0324832
29.7		0.0324832
29.8		0.0324832
29.9		0.0324832
30		0.0324832
30.1		0.0348802
30.2		0.0348802
30.3		0.0348802
30.4		0.0348802
30.5		0.0348802
30.6		0.0348802
30.7		0.0348802
30.8		0.0348802
30.9		0.0348802
31		0.0348802
31.1		0.0353058
31.2		0.0353058
31.3		0.0353058
31.4		0.0353058
31.5		0.0353058
31.6		0.0353058
31.7		0.0353058
31.8		0.0353058
31.9		0.0353058
32		0.0353058
32.1		0.0356307
32.2		0.0356307
32.3		0.0356307
32.4		0.0356307
32.5		0.0356307
32.6		0.0356307
32.7		0.0356307
32.8		0.0356307
32.9		0.0356307
33		0.0356307
33.1		0.036986
33.2		0.036986
33.3		0.036986
33.4		0.036986
33.5		0.036986
33.6		0.036986
33.7		0.036986
33.8		0.036986
33.9		0.036986
34		0.036986
34.1		0.0433818
34.2		0.0433818
34.3		0.0433818
34.4		0.0433818
34.5		0.0433818
34.6		0.0433818
34.7		0.0433818
34.8		0.0433818
34.9		0.0433818
35		0.0433818
35.1		0.0443451
35.2		0.0443451
35.3		0.0443451
35.4		0.0443451
35.5		0.0443451
35.6		0.0443451
35.7		0.0443451
35.8		0.0443451
35.9		0.0443451
36		0.0443451
36.1		0.04523
36.2		0.04523
36.3		0.04523
36.4		0.04523
36.5		0.04523
36.6		0.04523
36.7		0.04523
36.8		0.04523
36.9		0.04523
37		0.04523
37.1		0.0465181
37.2		0.0465181
37.3		0.0465181
37.4		0.0465181
37.5		0.0465181
37.6		0.0465181
37.7		0.0465181
37.8		0.0465181
37.9		0.0465181
38		0.0465181
38.1		0.0523203
38.2		0.0523203
38.3		0.0523203
38.4		0.0523203
38.5		0.0523203
38.6		0.0523203
38.7		0.0523203
38.8		0.0523203
38.9		0.0523203
39		0.0523203
39.1		0.0544373
39.2		0.0544373
39.3		0.0544373
39.4		0.0544373
39.5		0.0544373
39.6		0.0544373
39.7		0.0544373
39.8		0.0544373
39.9		0.0544373
40		0.0544373
40.1		0.0546389
40.2		0.0546389
40.3		0.0546389
40.4		0.0546389
40.5		0.0546389
40.6		0.0546389
40.7		0.0546389
40.8		0.0546389
40.9		0.0546389
41		0.0546389
41.1		0.0550198
41.2		0.0550198
41.3		0.0550198
41.4		0.0550198
41.5		0.0550198
41.6		0.0550198
41.7		0.0550198
41.8		0.0550198
41.9		0.0550198
42		0.0550198
42.1		0.0606651
42.2		0.0606651
42.3		0.0606651
42.4		0.0606651
42.5		0.0606651
42.6		0.0606651
42.7		0.0606651
42.8		0.0606651
42.9		0.0606651
43		0.0606651
43.1		0.0611244
43.2		0.0611244
43.3		0.0611244
43.4		0.0611244
43.5		0.0611244
43.6		0.0611244
43.7		0.0611244
43.8		0.0611244
43.9		0.0611244
44		0.0611244
44.1		0.0641487
44.2		0.0641487
44.3		0.0641487
44.4		0.0641487
44.5		0.0641487
44.6		0.0641487
44.7		0.0641487
44.8		0.0641487
44.9		0.0641487
45		0.0641487
45.1		0.0652912
45.2		0.0652912
45.3		0.0652912
45.4		0.0652912
45.5		0.0652912
45.6		0.0652912
45.7		0.0652912
45.8		0.0652912
45.9		0.0652912
46		0.0652912
46.1		0.0687635
46.2		0.0687635
46.3		0.0687635
46.4		0.0687635
46.5		0.0687635
46.6		0.0687635
46.7		0.0687635
46.8		0.0687635
46.9		0.0687635
47		0.0687635
47.1		0.0706117
47.2		0.0706117
47.3		0.0706117
47.4		0.0706117
47.5		0.0706117
47.6		0.0706117
47.7		0.0706117
47.8		0.0706117
47.9		0.0706117
48		0.0706117
48.1		0.0711493
48.2		0.0711493
48.3		0.0711493
48.4		0.0711493
48.5		0.0711493
48.6		0.0711493
48.7		0.0711493
48.8		0.0711493
48.9		0.0711493
49		0.0711493
49.1		0.0723143
49.2		0.0723143
49.3		0.0723143
49.4		0.0723143
49.5		0.0723143
49.6		0.0723143
49.7		0.0723143
49.8		0.0723143
49.9		0.0723143
50		0.0723143
50.1		0.0769739
50.2		0.0769739
50.3		0.0769739
50.4		0.0769739
50.5		0.0769739
50.6		0.0769739
50.7		0.0769739
50.8		0.0769739
50.9		0.0769739
51		0.0769739
51.1		0.0784301
51.2		0.0784301
51.3		0.0784301
51.4		0.0784301
51.5		0.0784301
51.6		0.0784301
51.7		0.0784301
51.8		0.0784301
51.9		0.0784301
52		0.0784301
52.1		0.0808495
52.2		0.0808495
52.3		0.0808495
52.4		0.0808495
52.5		0.0808495
52.6		0.0808495
52.7		0.0808495
52.8		0.0808495
52.9		0.0808495
53		0.0808495
53.1		0.0832465
53.2		0.0832465
53.3		0.0832465
53.4		0.0832465
53.5		0.0832465
53.6		0.0832465
53.7		0.0832465
53.8		0.0832465
53.9		0.0832465
54		0.0832465
54.1		0.0834705
54.2		0.0834705
54.3		0.0834705
54.4		0.0834705
54.5		0.0834705
54.6		0.0834705
54.7		0.0834705
54.8		0.0834705
54.9		0.0834705
55		0.0834705
55.1		0.0882086
55.2		0.0882086
55.3		0.0882086
55.4		0.0882086
55.5		0.0882086
55.6		0.0882086
55.7		0.0882086
55.8		0.0882086
55.9		0.0882086
56		0.0882086
56.1		0.088343
56.2		0.088343
56.3		0.088343
56.4		0.088343
56.5		0.088343
56.6		0.088343
56.7		0.088343
56.8		0.088343
56.9		0.088343
57		0.088343
57.1		0.0907849
57.2		0.0907849
57.3		0.0907849
57.4		0.0907849
57.5		0.0907849
57.6		0.0907849
57.7		0.0907849
57.8		0.0907849
57.9		0.0907849
58		0.0907849
58.1		0.0944364
58.2		0.0944364
58.3		0.0944364
58.4		0.0944364
58.5		0.0944364
58.6		0.0944364
58.7		0.0944364
58.8		0.0944364
58.9		0.0944364
59		0.0944364
59.1		0.0951757
59.2		0.0951757
59.3		0.0951757
59.4		0.0951757
59.5		0.0951757
59.6		0.0951757
59.7		0.0951757
59.8		0.0951757
59.9		0.0951757
60		0.0951757
60.1		0.0975503
60.2		0.0975503
60.3		0.0975503
60.4		0.0975503
60.5		0.0975503
60.6		0.0975503
60.7		0.0975503
60.8		0.0975503
60.9		0.0975503
61		0.0975503
61.1		0.100171
61.2		0.100171
61.3		0.100171
61.4		0.100171
61.5		0.100171
61.6		0.100171
61.7		0.100171
61.8		0.100171
61.9		0.100171
62		0.100171
62.1		0.100765
62.2		0.100765
62.3		0.100765
62.4		0.100765
62.5		0.100765
62.6		0.100765
62.7		0.100765
62.8		0.100765
62.9		0.100765
63		0.100765
63.1		0.105346
63.2		0.105346
63.3		0.105346
63.4		0.105346
63.5		0.105346
63.6		0.105346
63.7		0.105346
63.8		0.105346
63.9		0.105346
64		0.105346
64.1		0.109054
64.2		0.109054
64.3		0.109054
64.4		0.109054
64.5		0.109054
64.6		0.109054
64.7		0.109054
64.8		0.109054
64.9		0.109054
65		0.109054
65.1		0.109255
65.2		0.109255
65.3		0.109255
65.4		0.109255
65.5		0.109255
65.6		0.109255
65.7		0.109255
65.8		0.109255
65.9		0.109255
66		0.109255
66.1		0.111171
66.2		0.111171
66.3		0.111171
66.4		0.111171
66.5		0.111171
66.6		0.111171
66.7		0.111171
66.8		0.111171
66.9		0.111171
67		0.111171
67.1		0.111675
67.2		0.111675
67.3		0.111675
67.4		0.111675
67.5		0.111675
67.6		0.111675
67.7		0.111675
67.8		0.111675
67.9		0.111675
68		0.111675
68.1		0.11517
68.2		0.11517
68.3		0.11517
68.4		0.11517
68.5		0.11517
68.6		0.11517
68.7		0.11517
68.8		0.11517
68.9		0.11517
69		0.11517
69.1		0.118508
69.2		0.118508
69.3		0.118508
69.4		0.118508
69.5		0.118508
69.6		0.118508
69.7		0.118508
69.8		0.118508
69.9		0.118508
70		0.118508
70.1		0.119527
70.2		0.119527
70.3		0.119527
70.4		0.119527
70.5		0.119527
70.6		0.119527
70.7		0.119527
70.8		0.119527
70.9		0.119527
71		0.119527
71.1		0.121185
71.2		0.121185
71.3		0.121185
71.4		0.121185
71.5		0.121185
71.6		0.121185
71.7		0.121185
71.8		0.121185
71.9		0.121185
72		0.121185
72.1		0.123682
72.2		0.123682
72.3		0.123682
72.4		0.123682
72.5		0.123682
72.6		0.123682
72.7		0.123682
72.8		0.123682
72.9		0.123682
73		0.123682
73.1		0.125094
73.2		0.125094
73.3		0.125094
73.4		0.125094
73.5		0.125094
73.6		0.125094
73.7		0.125094
73.8		0.125094
73.9		0.125094
74		0.125094
74.1		0.126348
74.2		0.126348
74.3		0.126348
74.4		0.126348
74.5		0.126348
74.6		0.126348
74.7		0.126348
74.8		0.126348
74.9		0.126348
75		0.126348
75.1		0.129025
75.2		0.129025
75.3		0.129025
75.4		0.129025
75.5		0.129025
75.6		0.129025
75.7		0.129025
75.8		0.129025
75.9		0.129025
76		0.129025
76.1		0.131702
76.2		0.131702
76.3		0.131702
76.4		0.131702
76.5		0.131702
76.6		0.131702
76.7		0.131702
76.8		0.131702
76.9		0.131702
77		0.131702
77.1		0.133551
77.2		0.133551
77.3		0.133551
77.4		0.133551
77.5		0.133551
77.6		0.133551
77.7		0.133551
77.8		0.133551
77.9		0.133551
78		0.133551
78.1		0.134021
78.2		0.134021
78.3		0.134021
78.4		0.134021
78.5		0.134021
78.6		0.134021
78.7		0.134021
78.8		0.134021
78.9		0.134021
79		0.134021
79.1		0.135029
79.2		0.135029
79.3		0.135029
79.4		0.135029
79.5		0.135029
79.6		0.135029
79.7		0.135029
79.8		0.135029
79.9		0.135029
80		0.135029
80.1		0.140932
80.2		0.140932
80.3		0.140932
80.4		0.140932
80.5		0.140932
80.6		0.140932
80.7		0.140932
80.8		0.140932
80.9		0.140932
81		0.140932
81.1		0.141817
81.2		0.141817
81.3		0.141817
81.4		0.141817
81.5		0.141817
81.6		0.141817
81.7		0.141817
81.8		0.141817
81.9		0.141817
82		0.141817
82.1		0.144158
82.2		0.144158
82.3		0.144158
82.4		0.144158
82.5		0.144158
82.6		0.144158
82.7		0.144158
82.8		0.144158
82.9		0.144158
83		0.144158
83.1		0.145379
83.2		0.145379
83.3		0.145379
83.4		0.145379
83.5		0.145379
83.6		0.145379
83.7		0.145379
83.8		0.145379
83.9		0.145379
84		0.145379
84.1		0.149523
84.2		0.149523
84.3		0.149523
84.4		0.149523
84.5		0.149523
84.6		0.149523
84.7		0.149523
84.8		0.149523
84.9		0.149523
85		0.149523
85.1		0.15182
85.2		0.15182
85.3		0.15182
85.4		0.15182
85.5		0.15182
85.6		0.15182
85.7		0.15182
85.8		0.15182
85.9		0.15182
86		0.15182
86.1		0.152884
86.2		0.152884
86.3		0.152884
86.4		0.152884
86.5		0.152884
86.6		0.152884
86.7		0.152884
86.8		0.152884
86.9		0.152884
87		0.152884
87.1		0.153365
87.2		0.153365
87.3		0.153365
87.4		0.153365
87.5		0.153365
87.6		0.153365
87.7		0.153365
87.8		0.153365
87.9		0.153365
88		0.153365
88.1		0.158518
88.2		0.158518
88.3		0.158518
88.4		0.158518
88.5		0.158518
88.6		0.158518
88.7		0.158518
88.8		0.158518
88.9		0.158518
89		0.158518
89.1		0.15891
89.2		0.15891
89.3		0.15891
89.4		0.15891
89.5		0.15891
89.6		0.15891
89.7		0.15891
89.8		0.15891
89.9		0.15891
90		0.15891
90.1		0.161397
90.2		0.161397
90.3		0.161397
90.4		0.161397
90.5		0.161397
90.6		0.161397
90.7		0.161397
90.8		0.161397
90.9		0.161397
91		0.161397
91.1		0.161889
91.2		0.161889
91.3		0.161889
91.4		0.161889
91.5		0.161889
91.6		0.161889
91.7		0.161889
91.8		0.161889
91.9		0.161889
92		0.161889
92.1		0.163581
92.2		0.163581
92.3		0.163581
92.4		0.163581
92.5		0.163581
92.6		0.163581
92.7		0.163581
92.8		0.163581
92.9		0.163581
93		0.163581
93.1		0.169708
93.2		0.169708
93.3		0.169708
93.4		0.169708
93.5		0.169708
93.6		0.169708
93.7		0.169708
93.8		0.169708
93.9		0.169708
94		0.169708
94.1		0.170626
94.2		0.170626
94.3		0.170626
94.4		0.170626
94.5		0.170626
94.6		0.170626
94.7		0.170626
94.8		0.170626
94.9		0.170626
95		0.170626
95.1		0.17206
95.2		0.17206
95.3		0.17206
95.4		0.17206
95.5		0.17206
95.6		0.17206
95.7		0.17206
95.8		0.17206
95.9		0.17206
96		0.17206
96.1		0.172911
96.2		0.172911
96.3		0.172911
96.4		0.172911
96.5		0.172911
96.6		0.172911
96.7		0.172911
96.8		0.172911
96.9		0.172911
97		0.172911
97.1		0.175353
97.2		0.175353
97.3		0.175353
97.4		0.175353
97.5		0.175353
97.6		0.175353
97.7		0.175353
97.8		0.175353
97.9		0.175353
98		0.175353
98.1		0.180304
98.2		0.180304
98.3		0.180304
98.4		0.180304
98.5		0.180304
98.6		0.180304
98.7		0.180304
98.8		0.180304
98.9		0.180304
99		0.180304
99.1		0.181346
99.2		0.181346
99.3		0.181346
99.4		0.181346
99.5		0.181346
99.6		0.181346
99.7		0.181346
99.8		0.181346
99.9		0.181346
100		0.181346
100.1		0.18213
100.2		0.18213
100.3		0.18213
100.4		0.18213
100.5		0.18213
100.6		0.18213
100.7		0.18213
100.8		0.18213
100.9		0.18213
101		0.18213
101.1		0.182298
101.2		0.182298
101.3		0.182298
101.4		0.182298
101.5		0.182298
101.6		0.182298
101.7		0.182298
101.8		0.182298
101.9		0.182298
102		0.182298
102.1		0.186913
102.2		0.186913
102.3		0.186913
102.4		0.186913
102.5		0.186913
102.6		0.186913
102.7		0.186913
102.8		0.186913
102.9		0.186913
103		0.186913
103.1		0.18903
103.2		0.18903
103.3		0.18903
103.4		0.18903
103.5		0.18903
103.6		0.18903
103.7		0.18903
103.8		0.18903
103.9		0.18903
104		0.18903
104.1		0.192054
104.2		0.192054
104.3		0.192054
104.4		0.192054
104.5		0.192054
104.6		0.192054
104.7		0.192054
104.8		0.192054
104.9		0.192054
105		0.192054
105.1		0.192244
105.2		0.192244
105.3		0.192244
105.4		0.192244
105.5		0.192244
105.6		0.192244
105.7		0.192244
105.8		0.192244
105.9		0.192244
106		0.192244
106.1		0.192883
106.2		0.192883
106.3		0.192883
106.4		0.192883
106.5		0.192883
106.6		0.192883
106.7		0.192883
106.8		0.192883
106.9		0.192883
107		0.192883
107.1		0.195974
107.2		0.195974
107.3		0.195974
107.4		0.195974
107.5		0.195974
107.6		0.195974
107.7		0.195974
107.8		0.195974
107.9		0.195974
108		0.195974
108.1		0.196915
108.2		0.196915
108.3		0.196915
108.4		0.196915
108.5		0.196915
108.6		0.196915
108.7		0.196915
108.8		0.196915
108.9		0.196915
109		0.196915
109.1		0.199178
109.2		0.199178
109.3		0.199178
109.4		0.199178
109.5		0.199178
109.6		0.199178
109.7		0.199178
109.8		0.199178
109.9		0.199178
110		0.199178
110.1		0.202549
110.2		0.202549
110.3		0.202549
110.4		0.202549
110.5		0.202549
110.6		0.202549
110.7		0.202549
110.8		0.202549
110.9		0.202549
111		0.202549
111.1		0.205865
111.2		0.205865
111.3		0.205865
111.4		0.205865
111.5		0.205865
111.6		0.205865
111.7		0.205865
111.8		0.205865
111.9		0.205865
112		0.205865
112.1		0.207153
112.2		0.207153
112.3		0.207153
112.4		0.207153
112.5		0.207153
112.6		0.207153
112.7		0.207153
112.8		0.207153
112.9		0.207153
113		0.207153
113.1		0.207612
113.2		0.207612
113.3		0.207612
113.4		0.207612
113.5		0.207612
113.6		0.207612
113.7		0.207612
113.8		0.207612
113.9		0.207612
114		0.207612
114.1		0.213448
114.2		0.213448
114.3		0.213448
114.4		0.213448
114.5		0.213448
114.6		0.213448
114.7		0.213448
114.8		0.213448
114.9		0.213448
115		0.213448
115.1		0.213594
115.2		0.213594
115.3		0.213594
115.4		0.213594
115.5		0.213594
115.6		0.213594
115.7		0.213594
115.8		0.213594
115.9		0.213594
116		0.213594
116.1		0.213717
116.2		0.213717
116.3		0.213717
116.4		0.213717
116.5		0.213717
116.6		0.213717
116.7		0.213717
116.8		0.213717
116.9		0.213717
117		0.213717
117.1		0.218186
117.2		0.218186
117.3		0.218186
117.4		0.218186
117.5		0.218186
117.6		0.218186
117.7		0.218186
117.8		0.218186
117.9		0.218186
118		0.218186
118.1		0.220426
118.2		0.220426
118.3		0.220426
118.4		0.220426
118.5		0.220426
118.6		0.220426
118.7		0.220426
118.8		0.220426
118.9		0.220426
119		0.220426
119.1		0.224414
119.2		0.224414
119.3		0.224414
119.4		0.224414
119.5		0.224414
119.6		0.224414
119.7		0.224414
119.8		0.224414
119.9		0.224414
120		0.224414
120.1		0.224985
120.2		0.224985
120.3		0.224985
120.4		0.224985
120.5		0.224985
120.6		0.224985
120.7		0.224985
120.8		0.224985
120.9		0.224985
121		0.224985
121.1		0.225758
121.2		0.225758
121.3		0.225758
121.4		0.225758
121.5		0.225758
121.6		0.225758
121.7		0.225758
121.8		0.225758
121.9		0.225758
122		0.225758
122.1		0.227953
122.2		0.227953
122.3		0.227953
122.4		0.227953
122.5		0.227953
122.6		0.227953
122.7		0.227953
122.8		0.227953
122.9		0.227953
123		0.227953
123.1		0.230037
123.2		0.230037
123.3		0.230037
123.4		0.230037
123.5		0.230037
123.6		0.230037
123.7		0.230037
123.8		0.230037
123.9		0.230037
124		0.230037
124.1		0.231627
124.2		0.231627
124.3		0.231627
124.4		0.231627
124.5		0.231627
124.6		0.231627
124.7		0.231627
124.8		0.231627
124.9		0.231627
125		0.231627
125.1		0.236522
125.2		0.236522
125.3		0.236522
125.4		0.236522
125.5		0.236522
125.6		0.236522
125.7		0.236522
125.8		0.236522
125.9		0.236522
126		0.236522
126.1		0.236836
126.2		0.236836
126.3		0.236836
126.4		0.236836
126.5		0.236836
126.6		0.236836
126.7		0.236836
126.8		0.236836
126.9		0.236836
127		0.236836
127.1		0.237844
127.2		0.237844
127.3		0.237844
127.4		0.237844
127.5		0.237844
127.6		0.237844
127.7		0.237844
127.8		0.237844
127.9		0.237844
128		0.237844
128.1		0.240532
128.2		0.240532
128.3		0.240532
128.4		0.240532
128.5		0.240532
128.6		0.240532
128.7		0.240532
128.8		0.240532
128.9		0.240532
129		0.240532
129.1		0.243803
129.2		0.243803
129.3		0.243803
129.4		0.243803
129.5		0.243803
129.6		0.243803
129.7		0.243803
129.8		0.243803
129.9		0.243803
130		0.243803
130.1		0.244542
130.2		0.244542
130.3		0.244542
130.4		0.244542
130.5		0.244542
130.6		0.244542
130.7		0.244542
130.8		0.244542
130.9		0.244542
131		0.244542
131.1		0.249202
131.2		0.249202
131.3		0.249202
131.4		0.249202
131.5		0.249202
131.6		0.249202
131.7		0.249202
131.8		0.249202
131.9		0.249202
132		0.249202
132.1		0.249941
132.2		0.249941
132.3		0.249941
132.4		0.249941
132.5		0.249941
132.6		0.249941
132.7		0.249941
132.8		0.249941
132.9		0.249941
133		0.249941
133.1		0.250277
133.2		0.250277
133.3		0.250277
133.4		0.250277
133.5		0.250277
133.6		0.250277
133.7		0.250277
133.8		0.250277
133.9		0.250277
134		0.250277
134.1		0.251733
134.2		0.251733
134.3		0.251733
134.4		0.251733
134.5		0.251733
134.6		0.251733
134.7		0.251733
134.8		0.251733
134.9		0.251733
135		0.251733
135.1		0.254444
135.2		0.254444
135.3		0.254444
135.4		0.254444
135.5		0.254444
135.6		0.254444
135.7		0.254444
135.8		0.254444
135.9		0.254444
136		0.254444
136.1		0.261411
136.2		0.261411
136.3		0.261411
136.4		0.261411
136.5		0.261411
136.6		0.261411
136.7		0.261411
136.8		0.261411
136.9		0.261411
137		0.261411
137.1		0.261557
137.2		0.261557
137.3		0.261557
137.4		0.261557
137.5		0.261557
137.6		0.261557
137.7		0.261557
137.8		0.261557
137.9		0.261557
138		0.261557
138.1		0.262206
138.2		0.262206
138.3		0.262206
138.4		0.262206
138.5		0.262206
138.6		0.262206
138.7		0.262206
138.8		0.262206
138.9		0.262206
139		0.262206
139.1		0.262352
139.2		0.262352
139.3		0.262352
139.4		0.262352
139.5		0.262352
139.6		0.262352
139.7		0.262352
139.8		0.262352
139.9		0.262352
140		0.262352
140.1		0.26728
140.2		0.26728
140.3		0.26728
140.4		0.26728
140.5		0.26728
140.6		0.26728
140.7		0.26728
140.8		0.26728
140.9		0.26728
141		0.26728
141.1		0.268714
141.2		0.268714
141.3		0.268714
141.4		0.268714
141.5		0.268714
141.6		0.268714
141.7		0.268714
141.8		0.268714
141.9		0.268714
142		0.268714
142.1		0.274192
142.2		0.274192
142.3		0.274192
142.4		0.274192
142.5		0.274192
142.6		0.274192
142.7		0.274192
142.8		0.274192
142.9		0.274192
143		0.274192
143.1		0.274371
143.2		0.274371
143.3		0.274371
143.4		0.274371
143.5		0.274371
143.6		0.274371
143.7		0.274371
143.8		0.274371
143.9		0.274371
144		0.274371
144.1		0.277059
144.2		0.277059
144.3		0.277059
144.4		0.277059
144.5		0.277059
144.6		0.277059
144.7		0.277059
144.8		0.277059
144.9		0.277059
145		0.277059
145.1		0.277485
145.2		0.277485
145.3		0.277485
145.4		0.277485
145.5		0.277485
145.6		0.277485
145.7		0.277485
145.8		0.277485
145.9		0.277485
146		0.277485
146.1		0.27875
146.2		0.27875
146.3		0.27875
146.4		0.27875
146.5		0.27875
146.6		0.27875
146.7		0.27875
146.8		0.27875
146.9		0.27875
147		0.27875
147.1		0.280263
147.2		0.280263
147.3		0.280263
147.4		0.280263
147.5		0.280263
147.6		0.280263
147.7		0.280263
147.8		0.280263
147.9		0.280263
148		0.280263
148.1		0.286054
148.2		0.286054
148.3		0.286054
148.4		0.286054
148.5		0.286054
148.6		0.286054
148.7		0.286054
148.8		0.286054
148.9		0.286054
149		0.286054
149.1		0.28695
149.2		0.28695
149.3		0.28695
149.4		0.28695
149.5		0.28695
149.6		0.28695
149.7		0.28695
149.8		0.28695
149.9		0.28695
150		0.28695
150.1		0.288126
150.2		0.288126
150.3		0.288126
150.4		0.288126
150.5		0.288126
150.6		0.288126
150.7		0.288126
150.8		0.288126
150.9		0.288126
151		0.288126
151.1		0.290635
151.2		0.290635
151.3		0.290635
151.4		0.290635
151.5		0.290635
151.6		0.290635
151.7		0.290635
151.8		0.290635
151.9		0.290635
152		0.290635
152.1		0.293894
152.2		0.293894
152.3		0.293894
152.4		0.293894
152.5		0.293894
152.6		0.293894
152.7		0.293894
152.8		0.293894
152.9		0.293894
153		0.293894
153.1		0.2974
153.2		0.2974
153.3		0.2974
153.4		0.2974
153.5		0.2974
153.6		0.2974
153.7		0.2974
153.8		0.2974
153.9		0.2974
154		0.2974
154.1		0.297971
154.2		0.297971
154.3		0.297971
154.4		0.297971
154.5		0.297971
154.6		0.297971
154.7		0.297971
154.8		0.297971
154.9		0.297971
155		0.297971
155.1		0.300716
155.2		0.300716
155.3		0.300716
155.4		0.300716
155.5		0.300716
155.6		0.300716
155.7		0.300716
155.8		0.300716
155.9		0.300716
156		0.300716
156.1		0.30234
156.2		0.30234
156.3		0.30234
156.4		0.30234
156.5		0.30234
156.6		0.30234
156.7		0.30234
156.8		0.30234
156.9		0.30234
157		0.30234
157.1		0.305308
157.2		0.305308
157.3		0.305308
157.4		0.305308
157.5		0.305308
157.6		0.305308
157.7		0.305308
157.8		0.305308
157.9		0.305308
158		0.305308
158.1		0.307571
158.2		0.307571
158.3		0.307571
158.4		0.307571
158.5		0.307571
158.6		0.307571
158.7		0.307571
158.8		0.307571
158.9		0.307571
159		0.307571
159.1		0.309733
159.2		0.309733
159.3		0.309733
159.4		0.309733
159.5		0.309733
159.6		0.309733
159.7		0.309733
159.8		0.309733
159.9		0.309733
160		0.309733
160.1		0.311278
160.2		0.311278
160.3		0.311278
160.4		0.311278
160.5		0.311278
160.6		0.311278
160.7		0.311278
160.8		0.311278
160.9		0.311278
161		0.311278
161.1		0.312421
161.2		0.312421
161.3		0.312421
161.4		0.312421
161.5		0.312421
161.6		0.312421
161.7		0.312421
161.8		0.312421
161.9		0.312421
162		0.312421
162.1		0.316252
162.2		0.316252
162.3		0.316252
162.4		0.316252
162.5		0.316252
162.6		0.316252
162.7		0.316252
162.8		0.316252
162.9		0.316252
163		0.316252
163.1		0.317562
163.2		0.317562
163.3		0.317562
163.4		0.317562
163.5		0.317562
163.6		0.317562
163.7		0.317562
163.8		0.317562
163.9		0.317562
164		0.317562
164.1		0.317741
164.2		0.317741
164.3		0.317741
164.4		0.317741
164.5		0.317741
164.6		0.317741
164.7		0.317741
164.8		0.317741
164.9		0.317741
165		0.317741
165.1		0.321147
165.2		0.321147
165.3		0.321147
165.4		0.321147
165.5		0.321147
165.6		0.321147
165.7		0.321147
165.8		0.321147
165.9		0.321147
166		0.321147
166.1		0.327531
166.2		0.327531
166.3		0.327531
166.4		0.327531
166.5		0.327531
166.6		0.327531
166.7		0.327531
166.8		0.327531
166.9		0.327531
167		0.327531
167.1		0.327632
167.2		0.327632
167.3		0.327632
167.4		0.327632
167.5		0.327632
167.6		0.327632
167.7		0.327632
167.8		0.327632
167.9		0.327632
168		0.327632
168.1		0.327834
168.2		0.327834
168.3		0.327834
168.4		0.327834
168.5		0.327834
168.6		0.327834
168.7		0.327834
168.8		0.327834
168.9		0.327834
169		0.327834
169.1		0.331216
169.2		0.331216
169.3		0.331216
169.4		0.331216
169.5		0.331216
169.6		0.331216
169.7		0.331216
169.8		0.331216
169.9		0.331216
170		0.331216
170.1		0.336313
170.2		0.336313
170.3		0.336313
170.4		0.336313
170.5		0.336313
170.6		0.336313
170.7		0.336313
170.8		0.336313
170.9		0.336313
171		0.336313
171.1		0.336559
171.2		0.336559
171.3		0.336559
171.4		0.336559
171.5		0.336559
171.6		0.336559
171.7		0.336559
171.8		0.336559
171.9		0.336559
172		0.336559
172.1		0.337254
172.2		0.337254
172.3		0.337254
172.4		0.337254
172.5		0.337254
172.6		0.337254
172.7		0.337254
172.8		0.337254
172.9		0.337254
173		0.337254
173.1		0.339158
173.2		0.339158
173.3		0.339158
173.4		0.339158
173.5		0.339158
173.6		0.339158
173.7		0.339158
173.8		0.339158
173.9		0.339158
174		0.339158
174.1		0.343
174.2		0.343
174.3		0.343
174.4		0.343
174.5		0.343
174.6		0.343
174.7		0.343
174.8		0.343
174.9		0.343
175		0.343
175.1		0.347122
175.2		0.347122
175.3		0.347122
175.4		0.347122
175.5		0.347122
175.6		0.347122
175.7		0.347122
175.8		0.347122
175.9		0.347122
176		0.347122
176.1		0.348365
176.2		0.348365
176.3		0.348365
176.4		0.348365
176.5		0.348365
176.6		0.348365
176.7		0.348365
176.8		0.348365
176.9		0.348365
177		0.348365
177.1		0.348959
177.2		0.348959
177.3		0.348959
177.4		0.348959
177.5		0.348959
177.6		0.348959
177.7		0.348959
177.8		0.348959
177.9		0.348959
178		0.348959
178.1		0.350493
178.2		0.350493
178.3		0.350493
178.4		0.350493
178.5		0.350493
178.6		0.350493
178.7		0.350493
178.8		0.350493
178.9		0.350493
179		0.350493
179.1		0.354559
179.2		0.354559
179.3		0.354559
179.4		0.354559
179.5		0.354559
179.6		0.354559
179.7		0.354559
179.8		0.354559
179.9		0.354559
180		0.354559
180.1		0.354895
180.2		0.354895
180.3		0.354895
180.4		0.354895
180.5		0.354895
180.6		0.354895
180.7		0.354895
180.8		0.354895
180.9		0.354895
181		0.354895
181.1		0.357953
181.2		0.357953
181.3		0.357953
181.4		0.357953
181.5		0.357953
181.6		0.357953
181.7		0.357953
181.8		0.357953
181.9		0.357953
182		0.357953
182.1		0.359678
182.2		0.359678
182.3		0.359678
182.4		0.359678
182.5		0.359678
182.6		0.359678
182.7		0.359678
182.8		0.359678
182.9		0.359678
183		0.359678
183.1		0.361056
183.2		0.361056
183.3		0.361056
183.4		0.361056
183.5		0.361056
183.6		0.361056
183.7		0.361056
183.8		0.361056
183.9		0.361056
184		0.361056
184.1		0.363509
184.2		0.363509
184.3		0.363509
184.4		0.363509
184.5		0.363509
184.6		0.363509
184.7		0.363509
184.8		0.363509
184.9		0.363509
185		0.363509
185.1		0.363711
185.2		0.363711
185.3		0.363711
185.4		0.363711
185.5		0.363711
185.6		0.363711
185.7		0.363711
185.8		0.363711
185.9		0.363711
186		0.363711
186.1		0.368538
186.2		0.368538
186.3		0.368538
186.4		0.368538
186.5		0.368538
186.6		0.368538
186.7		0.368538
186.8		0.368538
186.9		0.368538
187		0.368538
187.1		0.370879
187.2		0.370879
187.3		0.370879
187.4		0.370879
187.5		0.370879
187.6		0.370879
187.7		0.370879
187.8		0.370879
187.9		0.370879
188		0.370879
188.1		0.372358
188.2		0.372358
188.3		0.372358
188.4		0.372358
188.5		0.372358
188.6		0.372358
188.7		0.372358
188.8		0.372358
188.9		0.372358
189		0.372358
189.1		0.374654
189.2		0.374654
189.3		0.374654
189.4		0.374654
189.5		0.374654
189.6		0.374654
189.7		0.374654
189.8		0.374654
189.9		0.374654
190		0.374654
190.1		0.37592
190.2		0.37592
190.3		0.37592
190.4		0.37592
190.5		0.37592
190.6		0.37592
190.7		0.37592
190.8		0.37592
190.9		0.37592
191		0.37592
191.1		0.37695
191.2		0.37695
191.3		0.37695
191.4		0.37695
191.5		0.37695
191.6		0.37695
191.7		0.37695
191.8		0.37695
191.9		0.37695
192		0.37695
192.1		0.381722
192.2		0.381722
192.3		0.381722
192.4		0.381722
192.5		0.381722
192.6		0.381722
192.7		0.381722
192.8		0.381722
192.9		0.381722
193		0.381722
193.1		0.383906
193.2		0.383906
193.3		0.383906
193.4		0.383906
193.5		0.383906
193.6		0.383906
193.7		0.383906
193.8		0.383906
193.9		0.383906
194		0.383906
194.1		0.384646
194.2		0.384646
194.3		0.384646
194.4		0.384646
194.5		0.384646
194.6		0.384646
194.7		0.384646
194.8		0.384646
194.9		0.384646
195		0.384646
195.1		0.38571
195.2		0.38571
195.3		0.38571
195.4		0.38571
195.5		0.38571
195.6		0.38571
195.7		0.38571
195.8		0.38571
195.9		0.38571
196		0.38571
196.1		0.390078
196.2		0.390078
196.3		0.390078
196.4		0.390078
196.5		0.390078
196.6		0.390078
196.7		0.390078
196.8		0.390078
196.9		0.390078
197		0.390078
197.1		0.391198
197.2		0.391198
197.3		0.391198
197.4		0.391198
197.5		0.391198
197.6		0.391198
197.7		0.391198
197.8		0.391198
197.9		0.391198
198		0.391198
198.1		0.393965
198.2		0.393965
198.3		0.393965
198.4		0.393965
198.5		0.393965
198.6		0.393965
198.7		0.393965
198.8		0.393965
198.9		0.393965
199		0.393965
199.1		0.394615
199.2		0.394615
199.3		0.394615
199.4		0.394615
199.5		0.394615
199.6		0.394615
199.7		0.394615
199.8		0.394615
199.9		0.394615
200		0.394615
200.1		0.398546
200.2		0.398546
200.3		0.398546
200.4		0.398546
200.5		0.398546
200.6		0.398546
200.7		0.398546
200.8		0.398546
200.9		0.398546
201		0.398546
201.1		0.400081
201.2		0.400081
201.3		0.400081
201.4		0.400081
201.5		0.400081
201.6		0.400081
201.7		0.400081
201.8		0.400081
201.9		0.400081
202		0.400081
202.1		0.402254
202.2		0.402254
202.3		0.402254
202.4		0.402254
202.5		0.402254
202.6		0.402254
202.7		0.402254
202.8		0.402254
202.9		0.402254
203		0.402254
203.1		0.402791
203.2		0.402791
203.3		0.402791
203.4		0.402791
203.5		0.402791
203.6		0.402791
203.7		0.402791
203.8		0.402791
203.9		0.402791
204		0.402791
204.1		0.407765
204.2		0.407765
204.3		0.407765
204.4		0.407765
204.5		0.407765
204.6		0.407765
204.7		0.407765
204.8		0.407765
204.9		0.407765
205		0.407765
205.1		0.408997
205.2		0.408997
205.3		0.408997
205.4		0.408997
205.5		0.408997
205.6		0.408997
205.7		0.408997
205.8		0.408997
205.9		0.408997
206		0.408997
206.1		0.40931
206.2		0.40931
206.3		0.40931
206.4		0.40931
206.5		0.40931
206.6		0.40931
206.7		0.40931
206.8		0.40931
206.9		0.40931
207		0.40931
207.1		0.412547
207.2		0.412547
207.3		0.412547
207.4		0.412547
207.5		0.412547
207.6		0.412547
207.7		0.412547
207.8		0.412547
207.9		0.412547
208		0.412547
208.1		0.415516
208.2		0.415516
208.3		0.415516
208.4		0.415516
208.5		0.415516
208.6		0.415516
208.7		0.415516
208.8		0.415516
208.9		0.415516
209		0.415516
209.1		0.420007
209.2		0.420007
209.3		0.420007
209.4		0.420007
209.5		0.420007
209.6		0.420007
209.7		0.420007
209.8		0.420007
209.9		0.420007
210		0.420007
210.1		0.420657
210.2		0.420657
210.3		0.420657
210.4		0.420657
210.5		0.420657
210.6		0.420657
210.7		0.420657
210.8		0.420657
210.9		0.420657
211		0.420657
211.1		0.420881
211.2		0.420881
211.3		0.420881
211.4		0.420881
211.5		0.420881
211.6		0.420881
211.7		0.420881
211.8		0.420881
211.9		0.420881
212		0.420881
212.1		0.426325
212.2		0.426325
212.3		0.426325
212.4		0.426325
212.5		0.426325
212.6		0.426325
212.7		0.426325
212.8		0.426325
212.9		0.426325
213		0.426325
213.1		0.427803
213.2		0.427803
213.3		0.427803
213.4		0.427803
213.5		0.427803
213.6		0.427803
213.7		0.427803
213.8		0.427803
213.9		0.427803
214		0.427803
214.1		0.431253
214.2		0.431253
214.3		0.431253
214.4		0.431253
214.5		0.431253
214.6		0.431253
214.7		0.431253
214.8		0.431253
214.9		0.431253
215		0.431253
215.1		0.434289
215.2		0.434289
215.3		0.434289
215.4		0.434289
215.5		0.434289
215.6		0.434289
215.7		0.434289
215.8		0.434289
215.9		0.434289
216		0.434289
216.1		0.43551
216.2		0.43551
216.3		0.43551
216.4		0.43551
216.5		0.43551
216.6		0.43551
216.7		0.43551
216.8		0.43551
216.9		0.43551
217		0.43551
217.1		0.436036
217.2		0.436036
217.3		0.436036
217.4		0.436036
217.5		0.436036
217.6		0.436036
217.7		0.436036
217.8		0.436036
217.9		0.436036
218		0.436036
218.1		0.437828
218.2		0.437828
218.3		0.437828
218.4		0.437828
218.5		0.437828
218.6		0.437828
218.7		0.437828
218.8		0.437828
218.9		0.437828
219		0.437828
219.1		0.443059
219.2		0.443059
219.3		0.443059
219.4		0.443059
219.5		0.443059
219.6		0.443059
219.7		0.443059
219.8		0.443059
219.9		0.443059
220		0.443059
220.1		0.443888
220.2		0.443888
220.3		0.443888
220.4		0.443888
220.5		0.443888
220.6		0.443888
220.7		0.443888
220.8		0.443888
220.9		0.443888
221		0.443888
221.1		0.445423
221.2		0.445423
221.3		0.445423
221.4		0.445423
221.5		0.445423
221.6		0.445423
221.7		0.445423
221.8		0.445423
221.9		0.445423
222		0.445423
222.1		0.447584
222.2		0.447584
222.3		0.447584
222.4		0.447584
222.5		0.447584
222.6		0.447584
222.7		0.447584
222.8		0.447584
222.9		0.447584
223		0.447584
223.1		0.449276
223.2		0.449276
223.3		0.449276
223.4		0.449276
223.5		0.449276
223.6		0.449276
223.7		0.449276
223.8		0.449276
223.9		0.449276
224		0.449276
224.1		0.449814
224.2		0.449814
224.3		0.449814
224.4		0.449814
224.5		0.449814
224.6		0.449814
224.7		0.449814
224.8		0.449814
224.9		0.449814
225		0.449814
225.1		0.451561
225.2		0.451561
225.3		0.451561
225.4		0.451561
225.5		0.451561
225.6		0.451561
225.7		0.451561
225.8		0.451561
225.9		0.451561
226		0.451561
226.1		0.456736
226.2		0.456736
226.3		0.456736
226.4		0.456736
226.5		0.456736
226.6		0.456736
226.7		0.456736
226.8		0.456736
226.9		0.456736
227		0.456736
227.1		0.457609
227.2		0.457609
227.3		0.457609
227.4		0.457609
227.5		0.457609
227.6		0.457609
227.7		0.457609
227.8		0.457609
227.9		0.457609
228		0.457609
228.1		0.459469
228.2		0.459469
228.3		0.459469
228.4		0.459469
228.5		0.459469
228.6		0.459469
228.7		0.459469
228.8		0.459469
228.9		0.459469
229		0.459469
229.1		0.460645
229.2		0.460645
229.3		0.460645
229.4		0.460645
229.5		0.460645
229.6		0.460645
229.7		0.460645
229.8		0.460645
229.9		0.460645
230		0.460645
230.1		0.465786
230.2		0.465786
230.3		0.465786
230.4		0.465786
230.5		0.465786
230.6		0.465786
230.7		0.465786
230.8		0.465786
230.9		0.465786
231		0.465786
231.1		0.466313
231.2		0.466313
231.3		0.466313
231.4		0.466313
231.5		0.466313
231.6		0.466313
231.7		0.466313
231.8		0.466313
231.9		0.466313
232		0.466313
232.1		0.468329
232.2		0.468329
232.3		0.468329
232.4		0.468329
232.5		0.468329
232.6		0.468329
232.7		0.468329
232.8		0.468329
232.9		0.468329
233		0.468329
233.1		0.46899
233.2		0.46899
233.3		0.46899
233.4		0.46899
233.5		0.46899
233.6		0.46899
233.7		0.46899
233.8		0.46899
233.9		0.46899
234		0.46899
234.1		0.473235
234.2		0.473235
234.3		0.473235
234.4		0.473235
234.5		0.473235
234.6		0.473235
234.7		0.473235
234.8		0.473235
234.9		0.473235
235		0.473235
235.1		0.47477
235.2		0.47477
235.3		0.47477
235.4		0.47477
235.5		0.47477
235.6		0.47477
235.7		0.47477
235.8		0.47477
235.9		0.47477
236		0.47477
236.1		0.475005
236.2		0.475005
236.3		0.475005
236.4		0.475005
236.5		0.475005
236.6		0.475005
236.7		0.475005
236.8		0.475005
236.9		0.475005
237		0.475005
237.1		0.475274
237.2		0.475274
237.3		0.475274
237.4		0.475274
237.5		0.475274
237.6		0.475274
237.7		0.475274
237.8		0.475274
237.9		0.475274
238		0.475274
238.1		0.482633
238.2		0.482633
238.3		0.482633
238.4		0.482633
238.5		0.482633
238.6		0.482633
238.7		0.482633
238.8		0.482633
238.9		0.482633
239		0.482633
239.1		0.484167
239.2		0.484167
239.3		0.484167
239.4		0.484167
239.5		0.484167
239.6		0.484167
239.7		0.484167
239.8		0.484167
239.9		0.484167
240		0.484167
240.1		0.484346
240.2		0.484346
240.3		0.484346
240.4		0.484346
240.5		0.484346
240.6		0.484346
240.7		0.484346
240.8		0.484346
240.9		0.484346
241		0.484346
241.1		0.485903
241.2		0.485903
241.3		0.485903
241.4		0.485903
241.5		0.485903
241.6		0.485903
241.7		0.485903
241.8		0.485903
241.9		0.485903
242		0.485903
242.1		0.489992
242.2		0.489992
242.3		0.489992
242.4		0.489992
242.5		0.489992
242.6		0.489992
242.7		0.489992
242.8		0.489992
242.9		0.489992
243		0.489992
243.1		0.492669
243.2		0.492669
243.3		0.492669
243.4		0.492669
243.5		0.492669
243.6		0.492669
243.7		0.492669
243.8		0.492669
243.9		0.492669
244		0.492669
244.1		0.495637
244.2		0.495637
244.3		0.495637
244.4		0.495637
244.5		0.495637
244.6		0.495637
244.7		0.495637
244.8		0.495637
244.9		0.495637
245		0.495637
245.1		0.497295
245.2		0.497295
245.3		0.497295
245.4		0.497295
245.5		0.497295
245.6		0.497295
245.7		0.497295
245.8		0.497295
245.9		0.497295
246		0.497295
246.1		0.497665
246.2		0.497665
246.3		0.497665
246.4		0.497665
246.5		0.497665
246.6		0.497665
246.7		0.497665
246.8		0.497665
246.9		0.497665
247		0.497665
247.1		0.501361
247.2		0.501361
247.3		0.501361
247.4		0.501361
247.5		0.501361
247.6		0.501361
247.7		0.501361
247.8		0.501361
247.9		0.501361
248		0.501361
248.1		0.501619
248.2		0.501619
248.3		0.501619
248.4		0.501619
248.5		0.501619
248.6		0.501619
248.7		0.501619
248.8		0.501619
248.9		0.501619
249		0.501619
249.1		0.502649
249.2		0.502649
249.3		0.502649
249.4		0.502649
249.5		0.502649
249.6		0.502649
249.7		0.502649
249.8		0.502649
249.9		0.502649
250		0.502649
250.1		0.506693
250.2		0.506693
250.3		0.506693
250.4		0.506693
250.5		0.506693
250.6		0.506693
250.7		0.506693
250.8		0.506693
250.9		0.506693
251		0.506693
251.1		0.507914
251.2		0.507914
251.3		0.507914
251.4		0.507914
251.5		0.507914
251.6		0.507914
251.7		0.507914
251.8		0.507914
251.9		0.507914
252		0.507914
252.1		0.511364
252.2		0.511364
252.3		0.511364
252.4		0.511364
252.5		0.511364
252.6		0.511364
252.7		0.511364
252.8		0.511364
252.9		0.511364
253		0.511364
253.1		0.512596
253.2		0.512596
253.3		0.512596
253.4		0.512596
253.5		0.512596
253.6		0.512596
253.7		0.512596
253.8		0.512596
253.9		0.512596
254		0.512596
254.1		0.512797
254.2		0.512797
254.3		0.512797
254.4		0.512797
254.5		0.512797
254.6		0.512797
254.7		0.512797
254.8		0.512797
254.9		0.512797
255		0.512797
255.1		0.516785
255.2		0.516785
255.3		0.516785
255.4		0.516785
255.5		0.516785
255.6		0.516785
255.7		0.516785
255.8		0.516785
255.9		0.516785
256		0.516785
256.1		0.520974
256.2		0.520974
256.3		0.520974
256.4		0.520974
256.5		0.520974
256.6		0.520974
256.7		0.520974
256.8		0.520974
256.9		0.520974
257		0.520974
257.1		0.521523
257.2		0.521523
257.3		0.521523
257.4		0.521523
257.5		0.521523
257.6		0.521523
257.7		0.521523
257.8		0.521523
257.9		0.521523
258		0.521523
258.1		0.524178
258.2		0.524178
258.3		0.524178
258.4		0.524178
258.5		0.524178
258.6		0.524178
258.7		0.524178
258.8		0.524178
258.9		0.524178
259		0.524178
259.1		0.524502
259.2		0.524502
259.3		0.524502
259.4		0.524502
259.5		0.524502
259.6		0.524502
259.7		0.524502
259.8		0.524502
259.9		0.524502
260		0.524502
260.1		0.529834
260.2		0.529834
260.3		0.529834
260.4		0.529834
260.5		0.529834
260.6		0.529834
260.7		0.529834
260.8		0.529834
260.9		0.529834
261		0.529834
261.1		0.531346
261.2		0.531346
261.3		0.531346
261.4		0.531346
261.5		0.531346
261.6		0.531346
261.7		0.531346
261.8		0.531346
261.9		0.531346
262		0.531346
262.1		0.531727
262.2		0.531727
262.3		0.531727
262.4		0.531727
262.5		0.531727
262.6		0.531727
262.7		0.531727
262.8		0.531727
262.9		0.531727
263		0.531727
263.1		0.532769
263.2		0.532769
263.3		0.532769
263.4		0.532769
263.5		0.532769
263.6		0.532769
263.7		0.532769
263.8		0.532769
263.9		0.532769
264		0.532769
264.1		0.537608
264.2		0.537608
264.3		0.537608
264.4		0.537608
264.5		0.537608
264.6		0.537608
264.7		0.537608
264.8		0.537608
264.9		0.537608
265		0.537608
265.1		0.541058
265.2		0.541058
265.3		0.541058
265.4		0.541058
265.5		0.541058
265.6		0.541058
265.7		0.541058
265.8		0.541058
265.9		0.541058
266		0.541058
266.1		0.544799
266.2		0.544799
266.3		0.544799
266.4		0.544799
266.5		0.544799
266.6		0.544799
266.7		0.544799
266.8		0.544799
266.9		0.544799
267		0.544799
267.1		0.545381
267.2		0.545381
267.3		0.545381
267.4		0.545381
267.5		0.545381
267.6		0.545381
267.7		0.545381
267.8		0.545381
267.9		0.545381
268		0.545381
268.1		0.548193
268.2		0.548193
268.3		0.548193
268.4		0.548193
268.5		0.548193
268.6		0.548193
268.7		0.548193
268.8		0.548193
268.9		0.548193
269		0.548193
269.1		0.54854
269.2		0.54854
269.3		0.54854
269.4		0.54854
269.5		0.54854
269.6		0.54854
269.7		0.54854
269.8		0.54854
269.9		0.54854
270		0.54854
270.1		0.551844
270.2		0.551844
270.3		0.551844
270.4		0.551844
270.5		0.551844
270.6		0.551844
270.7		0.551844
270.8		0.551844
270.9		0.551844
271		0.551844
271.1		0.552079
271.2		0.552079
271.3		0.552079
271.4		0.552079
271.5		0.552079
271.6		0.552079
271.7		0.552079
271.8		0.552079
271.9		0.552079
272		0.552079
272.1		0.556313
272.2		0.556313
272.3		0.556313
272.4		0.556313
272.5		0.556313
272.6		0.556313
272.7		0.556313
272.8		0.556313
272.9		0.556313
273		0.556313
273.1		0.556952
273.2		0.556952
273.3		0.556952
273.4		0.556952
273.5		0.556952
273.6		0.556952
273.7		0.556952
273.8		0.556952
273.9		0.556952
274		0.556952
274.1		0.55768
274.2		0.55768
274.3		0.55768
274.4		0.55768
274.5		0.55768
274.6		0.55768
274.7		0.55768
274.8		0.55768
274.9		0.55768
275		0.55768
275.1		0.561287
275.2		0.561287
275.3		0.561287
275.4		0.561287
275.5		0.561287
275.6		0.561287
275.7		0.561287
275.8		0.561287
275.9		0.561287
276		0.561287
276.1		0.562407
276.2		0.562407
276.3		0.562407
276.4		0.562407
276.5		0.562407
276.6		0.562407
276.7		0.562407
276.8		0.562407
276.9		0.562407
277		0.562407
277.1		0.564401
277.2		0.564401
277.3		0.564401
277.4		0.564401
277.5		0.564401
277.6		0.564401
277.7		0.564401
277.8		0.564401
277.9		0.564401
278		0.564401
278.1		0.570673
278.2		0.570673
278.3		0.570673
278.4		0.570673
278.5		0.570673
278.6		0.570673
278.7		0.570673
278.8		0.570673
278.9		0.570673
279		0.570673
279.1		0.570965
279.2		0.570965
279.3		0.570965
279.4		0.570965
279.5		0.570965
279.6		0.570965
279.7		0.570965
279.8		0.570965
279.9		0.570965
280		0.570965
280.1		0.571177
280.2		0.571177
280.3		0.571177
280.4		0.571177
280.5		0.571177
280.6		0.571177
280.7		0.571177
280.8		0.571177
280.9		0.571177
281		0.571177
281.1		0.57176
281.2		0.57176
281.3		0.57176
281.4		0.57176
281.5		0.57176
281.6		0.57176
281.7		0.57176
281.8		0.57176
281.9		0.57176
282		0.57176
282.1		0.578357
282.2		0.578357
282.3		0.578357
282.4		0.578357
282.5		0.578357
282.6		0.578357
282.7		0.578357
282.8		0.578357
282.9		0.578357
283		0.578357
283.1		0.580709
283.2		0.580709
283.3		0.580709
283.4		0.580709
283.5		0.580709
283.6		0.580709
283.7		0.580709
283.8		0.580709
283.9		0.580709
284		0.580709
284.1		0.581617
284.2		0.581617
284.3		0.581617
284.4		0.581617
284.5		0.581617
284.6		0.581617
284.7		0.581617
284.8		0.581617
284.9		0.581617
285		0.581617
285.1		0.588942
285.2		0.588942
285.3		0.588942
285.4		0.588942
285.5		0.588942
285.6		0.588942
285.7		0.588942
285.8		0.588942
285.9		0.588942
286		0.588942
286.1		0.589525
286.2		0.589525
286.3		0.589525
286.4		0.589525
286.5		0.589525
286.6		0.589525
286.7		0.589525
286.8		0.589525
286.9		0.589525
287		0.589525
287.1		0.589592
287.2		0.589592
287.3		0.589592
287.4		0.589592
287.5		0.589592
287.6		0.589592
287.7		0.589592
287.8		0.589592
287.9		0.589592
288		0.589592
288.1		0.590208
288.2		0.590208
288.3		0.590208
288.4		0.590208
288.5		0.590208
288.6		0.590208
288.7		0.590208
288.8		0.590208
288.9		0.590208
289		0.590208
289.1		0.598082
289.2		0.598082
289.3		0.598082
289.4		0.598082
289.5		0.598082
289.6		0.598082
289.7		0.598082
289.8		0.598082
289.9		0.598082
290		0.598082
290.1		0.598082
290.2		0.598082
290.3		0.598082
290.4		0.598082
290.5		0.598082
290.6		0.598082
290.7		0.598082
290.8		0.598082
290.9		0.598082
291		0.598082
291.1		0.598799
291.2		0.598799
291.3		0.598799
291.4		0.598799
291.5		0.598799
291.6		0.598799
291.7		0.598799
291.8		0.598799
291.9		0.598799
292		0.598799
292.1		0.598799
292.2		0.598799
292.3		0.598799
292.4		0.598799
292.5		0.598799
292.6		0.598799
292.7		0.598799
292.8		0.598799
292.9		0.598799
293		0.598799
293.1		0.599673
293.2		0.599673
293.3		0.599673
293.4		0.599673
293.5		0.599673
293.6		0.599673
293.7		0.599673
293.8		0.599673
293.9		0.599673
294		0.599673
294.1		0.601431
294.2		0.601431
294.3		0.601431
294.4		0.601431
294.5		0.601431
294.6		0.601431
294.7		0.601431
294.8		0.601431
294.9		0.601431
295		0.601431
295.1		0.606046
295.2		0.606046
295.3		0.606046
295.4		0.606046
295.5		0.606046
295.6		0.606046
295.7		0.606046
295.8		0.606046
295.9		0.606046
296		0.606046
296.1		0.606349
296.2		0.606349
296.3		0.606349
296.4		0.606349
296.5		0.606349
296.6		0.606349
296.7		0.606349
296.8		0.606349
296.9		0.606349
297		0.606349
297.1		0.606685
297.2		0.606685
297.3		0.606685
297.4		0.606685
297.5		0.606685
297.6		0.606685
297.7		0.606685
297.8		0.606685
297.9		0.606685
298		0.606685
298.1		0.610628
298.2		0.610628
298.3		0.610628
298.4		0.610628
298.5		0.610628
298.6		0.610628
298.7		0.610628
298.8		0.610628
298.9		0.610628
299		0.610628
299.1		0.611199
299.2		0.611199
299.3		0.611199
299.4		0.611199
299.5		0.611199
299.6		0.611199
299.7		0.611199
299.8		0.611199
299.9		0.611199
300		0.611199
300.1		0.613506
300.2		0.613506
300.3		0.613506
300.4		0.613506
300.5		0.613506
300.6		0.613506
300.7		0.613506
300.8		0.613506
300.9		0.613506
301		0.613506
301.1		0.615422
301.2		0.615422
301.3		0.615422
301.4		0.615422
301.5		0.615422
301.6		0.615422
301.7		0.615422
301.8		0.615422
301.9		0.615422
302		0.615422
302.1		0.61755
302.2		0.61755
302.3		0.61755
302.4		0.61755
302.5		0.61755
302.6		0.61755
302.7		0.61755
302.8		0.61755
302.9		0.61755
303		0.61755
303.1		0.61867
303.2		0.61867
303.3		0.61867
303.4		0.61867
303.5		0.61867
303.6		0.61867
303.7		0.61867
303.8		0.61867
303.9		0.61867
304		0.61867
304.1		0.620373
304.2		0.620373
304.3		0.620373
304.4		0.620373
304.5		0.620373
304.6		0.620373
304.7		0.620373
304.8		0.620373
304.9		0.620373
305		0.620373
305.1		0.624595
305.2		0.624595
305.3		0.624595
305.4		0.624595
305.5		0.624595
305.6		0.624595
305.7		0.624595
305.8		0.624595
305.9		0.624595
306		0.624595
306.1		0.626063
306.2		0.626063
306.3		0.626063
306.4		0.626063
306.5		0.626063
306.6		0.626063
306.7		0.626063
306.8		0.626063
306.9		0.626063
307		0.626063
307.1		0.627138
307.2		0.627138
307.3		0.627138
307.4		0.627138
307.5		0.627138
307.6		0.627138
307.7		0.627138
307.8		0.627138
307.9		0.627138
308		0.627138
308.1		0.627519
308.2		0.627519
308.3		0.627519
308.4		0.627519
308.5		0.627519
308.6		0.627519
308.7		0.627519
308.8		0.627519
308.9		0.627519
309		0.627519
309.1		0.63117
309.2		0.63117
309.3		0.63117
309.4		0.63117
309.5		0.63117
309.6		0.63117
309.7		0.63117
309.8		0.63117
309.9		0.63117
310		0.63117
310.1		0.633399
310.2		0.633399
310.3		0.633399
310.4		0.633399
310.5		0.633399
310.6		0.633399
310.7		0.633399
310.8		0.633399
310.9		0.633399
311		0.633399
311.1		0.637085
311.2		0.637085
311.3		0.637085
311.4		0.637085
311.5		0.637085
311.6		0.637085
311.7		0.637085
311.8		0.637085
311.9		0.637085
312		0.637085
312.1		0.638832
312.2		0.638832
312.3		0.638832
312.4		0.638832
312.5		0.638832
312.6		0.638832
312.7		0.638832
312.8		0.638832
312.9		0.638832
313		0.638832
313.1		0.638989
313.2		0.638989
313.3		0.638989
313.4		0.638989
313.5		0.638989
313.6		0.638989
313.7		0.638989
313.8		0.638989
313.9		0.638989
314		0.638989
314.1		0.643447
314.2		0.643447
314.3		0.643447
314.4		0.643447
314.5		0.643447
314.6		0.643447
314.7		0.643447
314.8		0.643447
314.9		0.643447
315		0.643447
315.1		0.646471
315.2		0.646471
315.3		0.646471
315.4		0.646471
315.5		0.646471
315.6		0.646471
315.7		0.646471
315.8		0.646471
315.9		0.646471
316		0.646471
316.1		0.646863
316.2		0.646863
316.3		0.646863
316.4		0.646863
316.5		0.646863
316.6		0.646863
316.7		0.646863
316.8		0.646863
316.9		0.646863
317		0.646863
317.1		0.647345
317.2		0.647345
317.3		0.647345
317.4		0.647345
317.5		0.647345
317.6		0.647345
317.7		0.647345
317.8		0.647345
317.9		0.647345
318		0.647345
318.1		0.652396
318.2		0.652396
318.3		0.652396
318.4		0.652396
318.5		0.652396
318.6		0.652396
318.7		0.652396
318.8		0.652396
318.9		0.652396
319		0.652396
319.1		0.654715
319.2		0.654715
319.3		0.654715
319.4		0.654715
319.5		0.654715
319.6		0.654715
319.7		0.654715
319.8		0.654715
319.9		0.654715
320		0.654715
320.1		0.65504
320.2		0.65504
320.3		0.65504
320.4		0.65504
320.5		0.65504
320.6		0.65504
320.7		0.65504
320.8		0.65504
320.9		0.65504
321		0.65504
321.1		0.657717
321.2		0.657717
321.3		0.657717
321.4		0.657717
321.5		0.657717
321.6		0.657717
321.7		0.657717
321.8		0.657717
321.9		0.657717
322		0.657717
322.1		0.662343
322.2		0.662343
322.3		0.662343
322.4		0.662343
322.5		0.662343
322.6		0.662343
322.7		0.662343
322.8		0.662343
322.9		0.662343
323		0.662343
323.1		0.662623
323.2		0.662623
323.3		0.662623
323.4		0.662623
323.5		0.662623
323.6		0.662623
323.7		0.662623
323.8		0.662623
323.9		0.662623
324		0.662623
324.1		0.662813
324.2		0.662813
324.3		0.662813
324.4		0.662813
324.5		0.662813
324.6		0.662813
324.7		0.662813
324.8		0.662813
324.9		0.662813
325		0.662813
325.1		0.665569
325.2		0.665569
325.3		0.665569
325.4		0.665569
325.5		0.665569
325.6		0.665569
325.7		0.665569
325.8		0.665569
325.9		0.665569
326		0.665569
326.1		0.667473
326.2		0.667473
326.3		0.667473
326.4		0.667473
326.5		0.667473
326.6		0.667473
326.7		0.667473
326.8		0.667473
326.9		0.667473
327		0.667473
327.1		0.672166
327.2		0.672166
327.3		0.672166
327.4		0.672166
327.5		0.672166
327.6		0.672166
327.7		0.672166
327.8		0.672166
327.9		0.672166
328		0.672166
328.1		0.673051
328.2		0.673051
328.3		0.673051
328.4		0.673051
328.5		0.673051
328.6		0.673051
328.7		0.673051
328.8		0.673051
328.9		0.673051
329		0.673051
329.1		0.673667
329.2		0.673667
329.3		0.673667
329.4		0.673667
329.5		0.673667
329.6		0.673667
329.7		0.673667
329.8		0.673667
329.9		0.673667
330		0.673667
330.1		0.674731
330.2		0.674731
330.3		0.674731
330.4		0.674731
330.5		0.674731
330.6		0.674731
330.7		0.674731
330.8		0.674731
330.9		0.674731
331		0.674731
331.1		0.67957
331.2		0.67957
331.3		0.67957
331.4		0.67957
331.5		0.67957
331.6		0.67957
331.7		0.67957
331.8		0.67957
331.9		0.67957
332		0.67957
332.1		0.680937
332.2		0.680937
332.3		0.680937
332.4		0.680937
332.5		0.680937
332.6		0.680937
332.7		0.680937
332.8		0.680937
332.9		0.680937
333		0.680937
333.1		0.684577
333.2		0.684577
333.3		0.684577
333.4		0.684577
333.5		0.684577
333.6		0.684577
333.7		0.684577
333.8		0.684577
333.9		0.684577
334		0.684577
334.1		0.685541
334.2		0.685541
334.3		0.685541
334.4		0.685541
334.5		0.685541
334.6		0.685541
334.7		0.685541
334.8		0.685541
334.9		0.685541
335		0.685541
335.1		0.687512
335.2		0.687512
335.3		0.687512
335.4		0.687512
335.5		0.687512
335.6		0.687512
335.7		0.687512
335.8		0.687512
335.9		0.687512
336		0.687512
336.1		0.690794
336.2		0.690794
336.3		0.690794
336.4		0.690794
336.5		0.690794
336.6		0.690794
336.7		0.690794
336.8		0.690794
336.9		0.690794
337		0.690794
337.1		0.691253
337.2		0.691253
337.3		0.691253
337.4		0.691253
337.5		0.691253
337.6		0.691253
337.7		0.691253
337.8		0.691253
337.9		0.691253
338		0.691253
338.1		0.692272
338.2		0.692272
338.3		0.692272
338.4		0.692272
338.5		0.692272
338.6		0.692272
338.7		0.692272
338.8		0.692272
338.9		0.692272
339		0.692272
339.1		0.695162
339.2		0.695162
339.3		0.695162
339.4		0.695162
339.5		0.695162
339.6		0.695162
339.7		0.695162
339.8		0.695162
339.9		0.695162
340		0.695162
340.1		0.700024
340.2		0.700024
340.3		0.700024
340.4		0.700024
340.5		0.700024
340.6		0.700024
340.7		0.700024
340.8		0.700024
340.9		0.700024
341		0.700024
341.1		0.700908
341.2		0.700908
341.3		0.700908
341.4		0.700908
341.5		0.700908
341.6		0.700908
341.7		0.700908
341.8		0.700908
341.9		0.700908
342		0.700908
342.1		0.702342
342.2		0.702342
342.3		0.702342
342.4		0.702342
342.5		0.702342
342.6		0.702342
342.7		0.702342
342.8		0.702342
342.9		0.702342
343		0.702342
343.1		0.705624
343.2		0.705624
343.3		0.705624
343.4		0.705624
343.5		0.705624
343.6		0.705624
343.7		0.705624
343.8		0.705624
343.9		0.705624
344		0.705624
344.1		0.710093
344.2		0.710093
344.3		0.710093
344.4		0.710093
344.5		0.710093
344.6		0.710093
344.7		0.710093
344.8		0.710093
344.9		0.710093
345		0.710093
345.1		0.711561
345.2		0.711561
345.3		0.711561
345.4		0.711561
345.5		0.711561
345.6		0.711561
345.7		0.711561
345.8		0.711561
345.9		0.711561
346		0.711561
346.1		0.712569
346.2		0.712569
346.3		0.712569
346.4		0.712569
346.5		0.712569
346.6		0.712569
346.7		0.712569
346.8		0.712569
346.9		0.712569
347		0.712569
347.1		0.71603
347.2		0.71603
347.3		0.71603
347.4		0.71603
347.5		0.71603
347.6		0.71603
347.7		0.71603
347.8		0.71603
347.9		0.71603
348		0.71603
348.1		0.720096
348.2		0.720096
348.3		0.720096
348.4		0.720096
348.5		0.720096
348.6		0.720096
348.7		0.720096
348.8		0.720096
348.9		0.720096
349		0.720096
349.1		0.722851
349.2		0.722851
349.3		0.722851
349.4		0.722851
349.5		0.722851
349.6		0.722851
349.7		0.722851
349.8		0.722851
349.9		0.722851
350		0.722851
350.1		0.724319
350.2		0.724319
350.3		0.724319
350.4		0.724319
350.5		0.724319
350.6		0.724319
350.7		0.724319
350.8		0.724319
350.9		0.724319
351		0.724319
351.1		0.726514
351.2		0.726514
351.3		0.726514
351.4		0.726514
351.5		0.726514
351.6		0.726514
351.7		0.726514
351.8		0.726514
351.9		0.726514
352		0.726514
352.1		0.727242
352.2		0.727242
352.3		0.727242
352.4		0.727242
352.5		0.727242
352.6		0.727242
352.7		0.727242
352.8		0.727242
352.9		0.727242
353		0.727242
353.1		0.732204
353.2		0.732204
353.3		0.732204
353.4		0.732204
353.5		0.732204
353.6		0.732204
353.7		0.732204
353.8		0.732204
353.9		0.732204
354		0.732204
354.1		0.732204
354.2		0.732204
354.3		0.732204
354.4		0.732204
354.5		0.732204
354.6		0.732204
354.7		0.732204
354.8		0.732204
354.9		0.732204
355		0.732204
355.1		0.735385
355.2		0.735385
355.3		0.735385
355.4		0.735385
355.5		0.735385
355.6		0.735385
355.7		0.735385
355.8		0.735385
355.9		0.735385
356		0.735385
356.1		0.735464
356.2		0.735464
356.3		0.735464
356.4		0.735464
356.5		0.735464
356.6		0.735464
356.7		0.735464
356.8		0.735464
356.9		0.735464
357		0.735464
357.1		0.735654
357.2		0.735654
357.3		0.735654
357.4		0.735654
357.5		0.735654
357.6		0.735654
357.7		0.735654
357.8		0.735654
357.9		0.735654
358		0.735654
358.1		0.736158
358.2		0.736158
358.3		0.736158
358.4		0.736158
358.5		0.736158
358.6		0.736158
358.7		0.736158
358.8		0.736158
358.9		0.736158
359		0.736158
359.1		0.742733
359.2		0.742733
359.3		0.742733
359.4		0.742733
359.5		0.742733
359.6		0.742733
359.7		0.742733
359.8		0.742733
359.9		0.742733
360		0.742733
360.1		0.742868
360.2		0.742868
360.3		0.742868
360.4		0.742868
360.5		0.742868
360.6		0.742868
360.7		0.742868
360.8		0.742868
360.9		0.742868
361		0.742868
361.1		0.743148
361.2		0.743148
361.3		0.743148
361.4		0.743148
361.5		0.743148
361.6		0.743148
361.7		0.743148
361.8		0.743148
361.9		0.743148
362		0.743148
362.1		0.743988
362.2		0.743988
362.3		0.743988
362.4		0.743988
362.5		0.743988
362.6		0.743988
362.7		0.743988
362.8		0.743988
362.9		0.743988
363		0.743988
363.1		0.749129
363.2		0.749129
363.3		0.749129
363.4		0.749129
363.5		0.749129
363.6		0.749129
363.7		0.749129
363.8		0.749129
363.9		0.749129
364		0.749129
364.1		0.749499
364.2		0.749499
364.3		0.749499
364.4		0.749499
364.5		0.749499
364.6		0.749499
364.7		0.749499
364.8		0.749499
364.9		0.749499
365		0.749499
365.1		0.751683
365.2		0.751683
365.3		0.751683
365.4		0.751683
365.5		0.751683
365.6		0.751683
365.7		0.751683
365.8		0.751683
365.9		0.751683
366		0.751683
366.1		0.755122
366.2		0.755122
366.3		0.755122
366.4		0.755122
366.5		0.755122
366.6		0.755122
366.7		0.755122
366.8		0.755122
366.9		0.755122
367		0.755122
367.1		0.755346
367.2		0.755346
367.3		0.755346
367.4		0.755346
367.5		0.755346
367.6		0.755346
367.7		0.755346
367.8		0.755346
367.9		0.755346
368		0.755346
368.1		0.755827
368.2		0.755827
368.3		0.755827
368.4		0.755827
368.5		0.755827
368.6		0.755827
368.7		0.755827
368.8		0.755827
368.9		0.755827
369		0.755827
369.1		0.759714
369.2		0.759714
369.3		0.759714
369.4		0.759714
369.5		0.759714
369.6		0.759714
369.7		0.759714
369.8		0.759714
369.9		0.759714
370		0.759714
370.1		0.760543
370.2		0.760543
370.3		0.760543
370.4		0.760543
370.5		0.760543
370.6		0.760543
370.7		0.760543
370.8		0.760543
370.9		0.760543
371		0.760543
371.1		0.763791
371.2		0.763791
371.3		0.763791
371.4		0.763791
371.5		0.763791
371.6		0.763791
371.7		0.763791
371.8		0.763791
371.9		0.763791
372		0.763791
372.1		0.768317
372.2		0.768317
372.3		0.768317
372.4		0.768317
372.5		0.768317
372.6		0.768317
372.7		0.768317
372.8		0.768317
372.9		0.768317
373		0.768317
373.1		0.768361
373.2		0.768361
373.3		0.768361
373.4		0.768361
373.5		0.768361
373.6		0.768361
373.7		0.768361
373.8		0.768361
373.9		0.768361
374		0.768361
374.1		0.769134
374.2		0.769134
374.3		0.769134
374.4		0.769134
374.5		0.769134
374.6		0.769134
374.7		0.769134
374.8		0.769134
374.9		0.769134
375		0.769134
375.1		0.772797
375.2		0.772797
375.3		0.772797
375.4		0.772797
375.5		0.772797
375.6		0.772797
375.7		0.772797
375.8		0.772797
375.9		0.772797
376		0.772797
376.1		0.774746
376.2		0.774746
376.3		0.774746
376.4		0.774746
376.5		0.774746
376.6		0.774746
376.7		0.774746
376.8		0.774746
376.9		0.774746
377		0.774746
377.1		0.778263
377.2		0.778263
377.3		0.778263
377.4		0.778263
377.5		0.778263
377.6		0.778263
377.7		0.778263
377.8		0.778263
377.9		0.778263
378		0.778263
378.1		0.779787
378.2		0.779787
378.3		0.779787
378.4		0.779787
378.5		0.779787
378.6		0.779787
378.7		0.779787
378.8		0.779787
378.9		0.779787
379		0.779787
379.1		0.780559
379.2		0.780559
379.3		0.780559
379.4		0.780559
379.5		0.780559
379.6		0.780559
379.7		0.780559
379.8		0.780559
379.9		0.780559
380		0.780559
380.1		0.782296
380.2		0.782296
380.3		0.782296
380.4		0.782296
380.5		0.782296
380.6		0.782296
380.7		0.782296
380.8		0.782296
380.9		0.782296
381		0.782296
381.1		0.784547
381.2		0.784547
381.3		0.784547
381.4		0.784547
381.5		0.784547
381.6		0.784547
381.7		0.784547
381.8		0.784547
381.9		0.784547
382		0.784547
382.1		0.789005
382.2		0.789005
382.3		0.789005
382.4		0.789005
382.5		0.789005
382.6		0.789005
382.7		0.789005
382.8		0.789005
382.9		0.789005
383		0.789005
383.1		0.790136
383.2		0.790136
383.3		0.790136
383.4		0.790136
383.5		0.790136
383.6		0.790136
383.7		0.790136
383.8		0.790136
383.9		0.790136
384		0.790136
384.1		0.791032
384.2		0.791032
384.3		0.791032
384.4		0.791032
384.5		0.791032
384.6		0.791032
384.7		0.791032
384.8		0.791032
384.9		0.791032
385		0.791032
385.1		0.791828
385.2		0.791828
385.3		0.791828
385.4		0.791828
385.5		0.791828
385.6		0.791828
385.7		0.791828
385.8		0.791828
385.9		0.791828
386		0.791828
386.1		0.799041
386.2		0.799041
386.3		0.799041
386.4		0.799041
386.5		0.799041
386.6		0.799041
386.7		0.799041
386.8		0.799041
386.9		0.799041
387		0.799041
387.1		0.799276
387.2		0.799276
387.3		0.799276
387.4		0.799276
387.5		0.799276
387.6		0.799276
387.7		0.799276
387.8		0.799276
387.9		0.799276
388		0.799276
388.1		0.800072
388.2		0.800072
388.3		0.800072
388.4		0.800072
388.5		0.800072
388.6		0.800072
388.7		0.800072
388.8		0.800072
388.9		0.800072
389		0.800072
389.1		0.802054
389.2		0.802054
389.3		0.802054
389.4		0.802054
389.5		0.802054
389.6		0.802054
389.7		0.802054
389.8		0.802054
389.9		0.802054
390		0.802054
390.1		0.805605
390.2		0.805605
390.3		0.805605
390.4		0.805605
390.5		0.805605
390.6		0.805605
390.7		0.805605
390.8		0.805605
390.9		0.805605
391		0.805605
391.1		0.807173
391.2		0.807173
391.3		0.807173
391.4		0.807173
391.5		0.807173
391.6		0.807173
391.7		0.807173
391.8		0.807173
391.9		0.807173
392		0.807173
392.1		0.809548
392.2		0.809548
392.3		0.809548
392.4		0.809548
392.5		0.809548
392.6		0.809548
392.7		0.809548
392.8		0.809548
392.9		0.809548
393		0.809548
393.1		0.810489
393.2		0.810489
393.3		0.810489
393.4		0.810489
393.5		0.810489
393.6		0.810489
393.7		0.810489
393.8		0.810489
393.9		0.810489
394		0.810489
394.1		0.815081
394.2		0.815081
394.3		0.815081
394.4		0.815081
394.5		0.815081
394.6		0.815081
394.7		0.815081
394.8		0.815081
394.9		0.815081
395		0.815081
395.1		0.815328
395.2		0.815328
395.3		0.815328
395.4		0.815328
395.5		0.815328
395.6		0.815328
395.7		0.815328
395.8		0.815328
395.9		0.815328
396		0.815328
396.1		0.816537
396.2		0.816537
396.3		0.816537
396.4		0.816537
396.5		0.816537
396.6		0.816537
396.7		0.816537
396.8		0.816537
396.9		0.816537
397		0.816537
397.1		0.818307
397.2		0.818307
397.3		0.818307
397.4		0.818307
397.5		0.818307
397.6		0.818307
397.7		0.818307
397.8		0.818307
397.9		0.818307
398		0.818307
398.1		0.821432
398.2		0.821432
398.3		0.821432
398.4		0.821432
398.5		0.821432
398.6		0.821432
398.7		0.821432
398.8		0.821432
398.9		0.821432
399		0.821432
399.1		0.822216
399.2		0.822216
399.3		0.822216
399.4		0.822216
399.5		0.822216
399.6		0.822216
399.7		0.822216
399.8		0.822216
399.9		0.822216
400		0.822216
400.1		0.824905
400.2		0.824905
400.3		0.824905
400.4		0.824905
400.5		0.824905
400.6		0.824905
400.7		0.824905
400.8		0.824905
400.9		0.824905
401		0.824905
401.1		0.825543
401.2		0.825543
401.3		0.825543
401.4		0.825543
401.5		0.825543
401.6		0.825543
401.7		0.825543
401.8		0.825543
401.9		0.825543
402		0.825543
402.1		0.829497
402.2		0.829497
402.3		0.829497
402.4		0.829497
402.5		0.829497
402.6		0.829497
402.7		0.829497
402.8		0.829497
402.9		0.829497
403		0.829497
403.1		0.830483
403.2		0.830483
403.3		0.830483
403.4		0.830483
403.5		0.830483
403.6		0.830483
403.7		0.830483
403.8		0.830483
403.9		0.830483
404		0.830483
404.1		0.83344
404.2		0.83344
404.3		0.83344
404.4		0.83344
404.5		0.83344
404.6		0.83344
404.7		0.83344
404.8		0.83344
404.9		0.83344
405		0.83344
405.1		0.834582
405.2		0.834582
405.3		0.834582
405.4		0.834582
405.5		0.834582
405.6		0.834582
405.7		0.834582
405.8		0.834582
405.9		0.834582
406		0.834582
406.1		0.837842
406.2		0.837842
406.3		0.837842
406.4		0.837842
406.5		0.837842
406.6		0.837842
406.7		0.837842
406.8		0.837842
406.9		0.837842
407		0.837842
407.1		0.841773
407.2		0.841773
407.3		0.841773
407.4		0.841773
407.5		0.841773
407.6		0.841773
407.7		0.841773
407.8		0.841773
407.9		0.841773
408		0.841773
408.1		0.84417
408.2		0.84417
408.3		0.84417
408.4		0.84417
408.5		0.84417
408.6		0.84417
408.7		0.84417
408.8		0.84417
408.9		0.84417
409		0.84417
409.1		0.845167
409.2		0.845167
409.3		0.845167
409.4		0.845167
409.5		0.845167
409.6		0.845167
409.7		0.845167
409.8		0.845167
409.9		0.845167
410		0.845167
410.1		0.846019
410.2		0.846019
410.3		0.846019
410.4		0.846019
410.5		0.846019
410.6		0.846019
410.7		0.846019
410.8		0.846019
410.9		0.846019
411		0.846019
411.1		0.848729
411.2		0.848729
411.3		0.848729
411.4		0.848729
411.5		0.848729
411.6		0.848729
411.7		0.848729
411.8		0.848729
411.9		0.848729
412		0.848729
412.1		0.85209
412.2		0.85209
412.3		0.85209
412.4		0.85209
412.5		0.85209
412.6		0.85209
412.7		0.85209
412.8		0.85209
412.9		0.85209
413		0.85209
413.1		0.854856
413.2		0.854856
413.3		0.854856
413.4		0.854856
413.5		0.854856
413.6		0.854856
413.7		0.854856
413.8		0.854856
413.9		0.854856
414		0.854856
414.1		0.855002
414.2		0.855002
414.3		0.855002
414.4		0.855002
414.5		0.855002
414.6		0.855002
414.7		0.855002
414.8		0.855002
414.9		0.855002
415		0.855002
415.1		0.857735
415.2		0.857735
415.3		0.857735
415.4		0.857735
415.5		0.857735
415.6		0.857735
415.7		0.857735
415.8		0.857735
415.9		0.857735
416		0.857735
416.1		0.860378
416.2		0.860378
416.3		0.860378
416.4		0.860378
416.5		0.860378
416.6		0.860378
416.7		0.860378
416.8		0.860378
416.9		0.860378
417		0.860378
417.1		0.862966
417.2		0.862966
417.3		0.862966
417.4		0.862966
417.5		0.862966
417.6		0.862966
417.7		0.862966
417.8		0.862966
417.9		0.862966
418		0.862966
418.1		0.863492
418.2		0.863492
418.3		0.863492
418.4		0.863492
418.5		0.863492
418.6		0.863492
418.7		0.863492
418.8		0.863492
418.9		0.863492
419		0.863492
419.1		0.865889
419.2		0.865889
419.3		0.865889
419.4		0.865889
419.5		0.865889
419.6		0.865889
419.7		0.865889
419.8		0.865889
419.9		0.865889
420		0.865889
420.1		0.870392
420.2		0.870392
420.3		0.870392
420.4		0.870392
420.5		0.870392
420.6		0.870392
420.7		0.870392
420.8		0.870392
420.9		0.870392
421		0.870392
421.1		0.871523
421.2		0.871523
421.3		0.871523
421.4		0.871523
421.5		0.871523
421.6		0.871523
421.7		0.871523
421.8		0.871523
421.9		0.871523
422		0.871523
422.1		0.872722
422.2		0.872722
422.3		0.872722
422.4		0.872722
422.5		0.872722
422.6		0.872722
422.7		0.872722
422.8		0.872722
422.9		0.872722
423		0.872722
423.1		0.873517
423.2		0.873517
423.3		0.873517
423.4		0.873517
423.5		0.873517
423.6		0.873517
423.7		0.873517
423.8		0.873517
423.9		0.873517
424		0.873517
424.1		0.877527
424.2		0.877527
424.3		0.877527
424.4		0.877527
424.5		0.877527
424.6		0.877527
424.7		0.877527
424.8		0.877527
424.9		0.877527
425		0.877527
425.1		0.879499
425.2		0.879499
425.3		0.879499
425.4		0.879499
425.5		0.879499
425.6		0.879499
425.7		0.879499
425.8		0.879499
425.9		0.879499
426		0.879499
426.1		0.879935
426.2		0.879935
426.3		0.879935
426.4		0.879935
426.5		0.879935
426.6		0.879935
426.7		0.879935
426.8		0.879935
426.9		0.879935
427		0.879935
427.1		0.881112
427.2		0.881112
427.3		0.881112
427.4		0.881112
427.5		0.881112
427.6		0.881112
427.7		0.881112
427.8		0.881112
427.9		0.881112
428		0.881112
428.1		0.887328
428.2		0.887328
428.3		0.887328
428.4		0.887328
428.5		0.887328
428.6		0.887328
428.7		0.887328
428.8		0.887328
428.9		0.887328
429		0.887328
429.1		0.88781
429.2		0.88781
429.3		0.88781
429.4		0.88781
429.5		0.88781
429.6		0.88781
429.7		0.88781
429.8		0.88781
429.9		0.88781
430		0.88781
430.1		0.889994
430.2		0.889994
430.3		0.889994
430.4		0.889994
430.5		0.889994
430.6		0.889994
430.7		0.889994
430.8		0.889994
430.9		0.889994
431		0.889994
431.1		0.89089
431.2		0.89089
431.3		0.89089
431.4		0.89089
431.5		0.89089
431.6		0.89089
431.7		0.89089
431.8		0.89089
431.9		0.89089
432		0.89089
432.1		0.895606
432.2		0.895606
432.3		0.895606
432.4		0.895606
432.5		0.895606
432.6		0.895606
432.7		0.895606
432.8		0.895606
432.9		0.895606
433		0.895606
433.1		0.8976
433.2		0.8976
433.3		0.8976
433.4		0.8976
433.5		0.8976
433.6		0.8976
433.7		0.8976
433.8		0.8976
433.9		0.8976
434		0.8976
434.1		0.901251
434.2		0.901251
434.3		0.901251
434.4		0.901251
434.5		0.901251
434.6		0.901251
434.7		0.901251
434.8		0.901251
434.9		0.901251
435		0.901251
435.1		0.902248
435.2		0.902248
435.3		0.902248
435.4		0.902248
435.5		0.902248
435.6		0.902248
435.7		0.902248
435.8		0.902248
435.9		0.902248
436		0.902248
436.1		0.902606
436.2		0.902606
436.3		0.902606
436.4		0.902606
436.5		0.902606
436.6		0.902606
436.7		0.902606
436.8		0.902606
436.9		0.902606
437		0.902606
437.1		0.90488
437.2		0.90488
437.3		0.90488
437.4		0.90488
437.5		0.90488
437.6		0.90488
437.7		0.90488
437.8		0.90488
437.9		0.90488
438		0.90488
438.1		0.906919
438.2		0.906919
438.3		0.906919
438.4		0.906919
438.5		0.906919
438.6		0.906919
438.7		0.906919
438.8		0.906919
438.9		0.906919
439		0.906919
439.1		0.911534
439.2		0.911534
439.3		0.911534
439.4		0.911534
439.5		0.911534
439.6		0.911534
439.7		0.911534
439.8		0.911534
439.9		0.911534
440		0.911534
440.1		0.912452
440.2		0.912452
440.3		0.912452
440.4		0.912452
440.5		0.912452
440.6		0.912452
440.7		0.912452
440.8		0.912452
440.9		0.912452
441		0.912452
441.1		0.913472
441.2		0.913472
441.3		0.913472
441.4		0.913472
441.5		0.913472
441.6		0.913472
441.7		0.913472
441.8		0.913472
441.9		0.913472
442		0.913472
442.1		0.914726
442.2		0.914726
442.3		0.914726
442.4		0.914726
442.5		0.914726
442.6		0.914726
442.7		0.914726
442.8		0.914726
442.9		0.914726
443		0.914726
443.1		0.916305
443.2		0.916305
443.3		0.916305
443.4		0.916305
443.5		0.916305
443.6		0.916305
443.7		0.916305
443.8		0.916305
443.9		0.916305
444		0.916305
444.1		0.916977
444.2		0.916977
444.3		0.916977
444.4		0.916977
444.5		0.916977
444.6		0.916977
444.7		0.916977
444.8		0.916977
444.9		0.916977
445		0.916977
445.1		0.924045
445.2		0.924045
445.3		0.924045
445.4		0.924045
445.5		0.924045
445.6		0.924045
445.7		0.924045
445.8		0.924045
445.9		0.924045
446		0.924045
446.1		0.927103
446.2		0.927103
446.3		0.927103
446.4		0.927103
446.5		0.927103
446.6		0.927103
446.7		0.927103
446.8		0.927103
446.9		0.927103
447		0.927103
447.1		0.927417
447.2		0.927417
447.3		0.927417
447.4		0.927417
447.5		0.927417
447.6		0.927417
447.7		0.927417
447.8		0.927417
447.9		0.927417
448		0.927417
448.1		0.92754
448.2		0.92754
448.3		0.92754
448.4		0.92754
448.5		0.92754
448.6		0.92754
448.7		0.92754
448.8		0.92754
448.9		0.92754
449		0.92754
449.1		0.928033
449.2		0.928033
449.3		0.928033
449.4		0.928033
449.5		0.928033
449.6		0.928033
449.7		0.928033
449.8		0.928033
449.9		0.928033
450		0.928033
450.1		0.935146
450.2		0.935146
450.3		0.935146
450.4		0.935146
450.5		0.935146
450.6		0.935146
450.7		0.935146
450.8		0.935146
450.9		0.935146
451		0.935146
451.1		0.936423
451.2		0.936423
451.3		0.936423
451.4		0.936423
451.5		0.936423
451.6		0.936423
451.7		0.936423
451.8		0.936423
451.9		0.936423
452		0.936423
452.1		0.93817
452.2		0.93817
452.3		0.93817
452.4		0.93817
452.5		0.93817
452.6		0.93817
452.7		0.93817
452.8		0.93817
452.9		0.93817
453		0.93817
453.1		0.938215
453.2		0.938215
453.3		0.938215
453.4		0.938215
453.5		0.938215
453.6		0.938215
453.7		0.938215
453.8		0.938215
453.9		0.938215
454		0.938215
454.1		0.938394
454.2		0.938394
454.3		0.938394
454.4		0.938394
454.5		0.938394
454.6		0.938394
454.7		0.938394
454.8		0.938394
454.9		0.938394
455		0.938394
455.1		0.942606
455.2		0.942606
455.3		0.942606
455.4		0.942606
455.5		0.942606
455.6		0.942606
455.7		0.942606
455.8		0.942606
455.9		0.942606
456		0.942606
456.1		0.946392
456.2		0.946392
456.3		0.946392
456.4		0.946392
456.5		0.946392
456.6		0.946392
456.7		0.946392
456.8		0.946392
456.9		0.946392
457		0.946392
457.1		0.946828
457.2		0.946828
457.3		0.946828
457.4		0.946828
457.5		0.946828
457.6		0.946828
457.7		0.946828
457.8		0.946828
457.9		0.946828
458		0.946828
458.1		0.948341
458.2		0.948341
458.3		0.948341
458.4		0.948341
458.5		0.948341
458.6		0.948341
458.7		0.948341
458.8		0.948341
458.9		0.948341
459		0.948341
459.1		0.950346
459.2		0.950346
459.3		0.950346
459.4		0.950346
459.5		0.950346
459.6		0.950346
459.7		0.950346
459.8		0.950346
459.9		0.950346
460		0.950346
460.1		0.953381
460.2		0.953381
460.3		0.953381
460.4		0.953381
460.5		0.953381
460.6		0.953381
460.7		0.953381
460.8		0.953381
460.9		0.953381
461		0.953381
461.1		0.953594
461.2		0.953594
461.3		0.953594
461.4		0.953594
461.5		0.953594
461.6		0.953594
461.7		0.953594
461.8		0.953594
461.9		0.953594
462		0.953594
462.1		0.958578
462.2		0.958578
462.3		0.958578
462.4		0.958578
462.5		0.958578
462.6		0.958578
462.7		0.958578
462.8		0.958578
462.9		0.958578
463		0.958578
463.1		0.959676
463.2		0.959676
463.3		0.959676
463.4		0.959676
463.5		0.959676
463.6		0.959676
463.7		0.959676
463.8		0.959676
463.9		0.959676
464		0.959676
464.1		0.96223
464.2		0.96223
464.3		0.96223
464.4		0.96223
464.5		0.96223
464.6		0.96223
464.7		0.96223
464.8		0.96223
464.9		0.96223
465		0.96223
465.1		0.964403
465.2		0.964403
465.3		0.964403
465.4		0.964403
465.5		0.964403
465.6		0.964403
465.7		0.964403
465.8		0.964403
465.9		0.964403
466		0.964403
466.1		0.964795
466.2		0.964795
466.3		0.964795
466.4		0.964795
466.5		0.964795
466.6		0.964795
466.7		0.964795
466.8		0.964795
466.9		0.964795
467		0.964795
467.1		0.9696
467.2		0.9696
467.3		0.9696
467.4		0.9696
467.5		0.9696
467.6		0.9696
467.7		0.9696
467.8		0.9696
467.9		0.9696
468		0.9696
468.1		0.970048
468.2		0.970048
468.3		0.970048
468.4		0.970048
468.5		0.970048
468.6		0.970048
468.7		0.970048
468.8		0.970048
468.9		0.970048
469		0.970048
469.1		0.970564
469.2		0.970564
469.3		0.970564
469.4		0.970564
469.5		0.970564
469.6		0.970564
469.7		0.970564
469.8		0.970564
469.9		0.970564
470		0.970564
470.1		0.973185
470.2		0.973185
470.3		0.973185
470.4		0.973185
470.5		0.973185
470.6		0.973185
470.7		0.973185
470.8		0.973185
470.9		0.973185
471		0.973185
471.1		0.976399
471.2		0.976399
471.3		0.976399
471.4		0.976399
471.5		0.976399
471.6		0.976399
471.7		0.976399
471.8		0.976399
471.9		0.976399
472		0.976399
472.1		0.980544
472.2		0.980544
472.3		0.980544
472.4		0.980544
472.5		0.980544
472.6		0.980544
472.7		0.980544
472.8		0.980544
472.9		0.980544
473		0.980544
473.1		0.981529
473.2		0.981529
473.3		0.981529
473.4		0.981529
473.5		0.981529
473.6		0.981529
473.7		0.981529
473.8		0.981529
473.9		0.981529
474		0.981529
474.1		0.982481
474.2		0.982481
474.3		0.982481
474.4		0.982481
474.5		0.982481
474.6		0.982481
474.7		0.982481
474.8		0.982481
474.9		0.982481
475		0.982481
475.1		0.983064
475.2		0.983064
475.3		0.983064
475.4		0.983064
475.5		0.983064
475.6		0.983064
475.7		0.983064
475.8		0.983064
475.9		0.983064
476		0.983064
476.1		0.988496
476.2		0.988496
476.3		0.988496
476.4		0.988496
476.5		0.988496
476.6		0.988496
476.7		0.988496
476.8		0.988496
476.9		0.988496
477		0.988496
477.1		0.988754
477.2		0.988754
477.3		0.988754
477.4		0.988754
477.5		0.988754
477.6		0.988754
477.7		0.988754
477.8		0.988754
477.9		0.988754
478		0.988754
478.1		0.992148
478.2		0.992148
478.3		0.992148
478.4		0.992148
478.5		0.992148
478.6		0.992148
478.7		0.992148
478.8		0.992148
478.9		0.992148
479		0.992148
479.1		0.993436
479.2		0.993436
479.3		0.993436
479.4		0.993436
479.5		0.993436
479.6		0.993436
479.7		0.993436
479.8		0.993436
479.9		0.993436
480		0.993436
480.1		0.997077
480.2		0.997077
480.3		0.997077
480.4		0.997077
480.5		0.997077
480.6		0.997077
480.7		0.997077
480.8		0.997077
480.9		0.997077
481		0.997077
481.1		0.99748
481.2		0.99748
481.3		0.99748
481.4		0.99748
481.5		0.99748
481.6		0.99748
481.7		0.99748
481.8		0.99748
481.9		0.99748
482		0.99748
482.1		0.998006
482.2		0.998006
482.3		0.998006
482.4		0.998006
482.5		0.998006
482.6		0.998006
482.7		0.998006
482.8		0.998006
482.9		0.998006
483		0.998006
483.1		0.998353
483.2		0.998353
483.3		0.998353
483.4		0.998353
483.5		0.998353
483.6		0.998353
483.7		0.998353
483.8		0.998353
483.9		0.998353
484		0.998353
484.1		1
484.2		1
484.3		1
484.4		1
484.5		1
484.6		1
484.7		1
484.8		1
484.9		1
485		1
485.1		1
485.2		1
485.3		1
485.4		1
485.5		1
485.6		1
485.7		1
485.8		1
485.9		1
486		1
486.1		1
486.2		1
486.3		1
486.4		1
486.5		1
486.6		1
486.7		1
486.8		1
486.9		1
487		1
487.1		1
487.2		1
487.3		1
487.4		1
487.5		1
487.6		1
487.7		1
487.8		1
487.9		1
488		1
488.1		1
488.2		1
488.3		1
488.4		1
488.5		1
488.6		1
488.7		1
488.8		1
488.9		1
489		1
489.1		1
489.2		1
489.3		1
489.4		1
489.5		1
489.6		1
489.7		1
489.8		1
489.9		1
490		1
490.1		1
490.2		1
490.3		1
490.4		1
490.5		1
490.6		1
490.7		1
490.8		1
490.9		1
491		1
491.1		1
491.2		1
491.3		1
491.4		1
491.5		1
491.6		1
491.7		1
491.8		1
491.9		1
492		1
492.1		1
492.2		1
492.3		1
492.4		1
492.5		1
492.6		1
492.7		1
492.8		1
492.9		1
493		1
493.1		1
493.2		1
493.3		1
493.4		1
493.5		1
493.6		1
493.7		1
493.8		1
493.9		1
494		1
494.1		1
494.2		1
494.3		1
494.4		1
494.5		1
494.6		1
494.7		1
494.8		1
494.9		1
495		1
495.1		1
495.2		1
495.3		1
495.4		1
495.5		1
495.6		1
495.7		1
495.8		1
495.9		1
496		1
496.1		1
496.2		1
496.3		1
496.4		1
496.5		1
496.6		1
496.7		1
496.8		1
496.9		1
497		1
497.1		1
497.2		1
497.3		1
497.4		1
497.5		1
497.6		1
497.7		1
497.8		1
497.9		1
498		1
498.1		1
498.2		1
498.3		1
498.4		1
498.5		1
498.6		1
498.7		1
498.8		1
498.9		1
499		1
499.1		1
499.2		1
499.3		1
499.4		1
499.5		1
499.6		1
499.7		1
499.8		1
499.9		1
500		1
500.1		1
500.2		1
500.3		1
500.4		1
500.5		1
500.6		1
500.7		1
500.8		1
500.9		1
501		1
501.1		1
501.2		1
501.3		1
501.4		1
501.5		1
501.6		1
501.7		1
501.8		1
501.9		1
502		1
502.1		1
502.2		1
502.3		1
502.4		1
502.5		1
502.6		1
502.7		1
502.8		1
502.9		1
503		1
503.1		1
503.2		1
503.3		1
503.4		1
503.5		1
503.6		1
503.7		1
503.8		1
503.9		1
504		1
504.1		1
504.2		1
504.3		1
504.4		1
504.5		1
504.6		1
504.7		1
504.8		1
504.9		1
505		1
505.1		1
505.2		1
505.3		1
505.4		1
505.5		1
505.6		1
505.7		1
505.8		1
505.9		1
506		1
506.1		1
506.2		1
506.3		1
506.4		1
506.5		1
506.6		1
506.7		1
506.8		1
506.9		1
507		1
507.1		1
507.2		1
507.3		1
507.4		1
507.5		1
507.6		1
507.7		1
507.8		1
507.9		1
508		1
508.1		1
508.2		1
508.3		1
508.4		1
508.5		1
508.6		1
508.7		1
508.8		1
508.9		1
509		1
509.1		1
509.2		1
509.3		1
509.4		1
509.5		1
509.6		1
509.7		1
509.8		1
509.9		1
510		1
510.1		1
510.2		1
510.3		1
510.4		1
510.5		1
510.6		1
510.7		1
510.8		1
510.9		1
511		1
511.1		1
511.2		1
511.3		1
511.4		1
511.5		1
511.6		1
511.7		1
511.8		1
511.9		1
512		1
512.1		1
512.2		1
512.3		1
512.4		1
512.5		1
512.6		1
512.7		1
512.8		1
512.9		1
513		1
513.1		1
513.2		1
513.3		1
513.4		1
513.5		1
513.6		1
513.7		1
513.8		1
513.9		1
514		1
514.1		1
514.2		1
514.3		1
514.4		1
514.5		1
514.6		1
514.7		1
514.8		1
514.9		1
515		1
515.1		1
515.2		1
515.3		1
515.4		1
515.5		1
515.6		1
515.7		1
515.8		1
515.9		1
516		1
516.1		1
516.2		1
516.3		1
516.4		1
516.5		1
516.6		1
516.7		1
516.8		1
516.9		1
517		1
517.1		1
517.2		1
517.3		1
517.4		1
517.5		1
517.6		1
517.7		1
517.8		1
517.9		1
518		1
518.1		1
518.2		1
518.3		1
518.4		1
518.5		1
518.6		1
518.7		1
518.8		1
518.9		1
519		1
519.1		1
519.2		1
519.3		1
519.4		1
519.5		1
519.6		1
519.7		1
519.8		1
519.9		1
520		1
520.1		1
520.2		1
520.3		1
520.4		1
520.5		1
520.6		1
520.7		1
520.8		1
520.9		1
521		1
521.1		1
521.2		1
521.3		1
521.4		1
521.5		1
521.6		1
521.7		1
521.8		1
521.9		1
522		1
522.1		1
522.2		1
522.3		1
522.4		1
522.5		1
522.6		1
522.7		1
522.8		1
522.9		1
523		1
523.1		1
523.2		1
523.3		1
523.4		1
523.5		1
523.6		1
523.7		1
523.8		1
523.9		1
524		1
524.1		1
524.2		1
524.3		1
524.4		1
524.5		1
524.6		1
524.7		1
524.8		1
524.9		1
525		1
525.1		1
525.2		1
525.3		1
525.4		1
525.5		1
525.6		1
525.7		1
525.8		1
525.9		1
526		1
526.1		1
526.2		1
526.3		1
526.4		1
526.5		1
526.6		1
526.7		1
526.8		1
526.9		1
527		1
527.1		1
527.2		1
527.3		1
527.4		1
527.5		1
527.6		1
527.7		1
527.8		1
527.9		1
528		1
528.1		1
528.2		1
528.3		1
528.4		1
528.5		1
528.6		1
528.7		1
528.8		1
528.9		1
529		1
529.1		1
529.2		1
529.3		1
529.4		1
529.5		1
529.6		1
529.7		1
529.8		1
529.9		1
530		1
530.1		1
530.2		1
530.3		1
530.4		1
530.5		1
530.6		1
530.7		1
530.8		1
530.9		1
531		1
531.1		1
531.2		1
531.3		1
531.4		1
531.5		1
531.6		1
531.7		1
531.8		1
531.9		1
532		1
532.1		1
532.2		1
532.3		1
532.4		1
532.5		1
532.6		1
532.7		1
532.8		1
532.9		1
533		1
533.1		1
533.2		1
533.3		1
533.4		1
533.5		1
533.6		1
533.7		1
533.8		1
533.9		1
534		1
534.1		1
534.2		1
534.3		1
534.4		1
534.5		1
534.6		1
534.7		1
534.8		1
534.9		1
535		1
535.1		1
535.2		1
535.3		1
535.4		1
535.5		1
535.6		1
535.7		1
535.8		1
535.9		1
536		1
536.1		1
536.2		1
536.3		1
536.4		1
536.5		1
536.6		1
536.7		1
536.8		1
536.9		1
537		1
537.1		1
537.2		1
537.3		1
537.4		1
537.5		1
537.6		1
537.7		1
537.8		1
537.9		1
538		1
538.1		1
538.2		1
538.3		1
538.4		1
538.5		1
538.6		1
538.7		1
538.8		1
538.9		1
539		1
539.1		1
539.2		1
539.3		1
539.4		1
539.5		1
539.6		1
539.7		1
539.8		1
539.9		1
540		1
540.1		1
540.2		1
540.3		1
540.4		1
540.5		1
540.6		1
540.7		1
540.8		1
540.9		1
541		1
541.1		1
541.2		1
541.3		1
541.4		1
541.5		1
541.6		1
541.7		1
541.8		1
541.9		1
542		1
542.1		1
542.2		1
542.3		1
542.4		1
542.5		1
542.6		1
542.7		1
542.8		1
542.9		1
543		1
543.1		1
543.2		1
543.3		1
543.4		1
543.5		1
543.6		1
543.7		1
543.8		1
543.9		1
544		1
544.1		1
544.2		1
544.3		1
544.4		1
544.5		1
544.6		1
544.7		1
544.8		1
544.9		1
545		1
545.1		1
545.2		1
545.3		1
545.4		1
545.5		1
545.6		1
545.7		1
545.8		1
545.9		1
546		1
546.1		1
546.2		1
546.3		1
546.4		1
546.5		1
546.6		1
546.7		1
546.8		1
546.9		1
547		1
547.1		1
547.2		1
547.3		1
547.4		1
547.5		1
547.6		1
547.7		1
547.8		1
547.9		1
548		1
548.1		1
548.2		1
548.3		1
548.4		1
548.5		1
548.6		1
548.7		1
548.8		1
548.9		1
549		1
549.1		1
549.2		1
549.3		1
549.4		1
549.5		1
549.6		1
549.7		1
549.8		1
549.9		1
550		1
550.1		1
550.2		1
550.3		1
550.4		1
550.5		1
550.6		1
550.7		1
550.8		1
550.9		1
551		1
551.1		1
551.2		1
551.3		1
551.4		1
551.5		1
551.6		1
551.7		1
551.8		1
551.9		1
552		1
552.1		1
552.2		1
552.3		1
552.4		1
552.5		1
552.6		1
552.7		1
552.8		1
552.9		1
553		1
553.1		1
553.2		1
553.3		1
553.4		1
553.5		1
553.6		1
553.7		1
553.8		1
553.9		1
554		1
554.1		1
554.2		1
554.3		1
554.4		1
554.5		1
554.6		1
554.7		1
554.8		1
554.9		1
555		1
555.1		1
555.2		1
555.3		1
555.4		1
555.5		1
555.6		1
555.7		1
555.8		1
555.9		1
556		1
556.1		1
556.2		1
556.3		1
556.4		1
556.5		1
556.6		1
556.7		1
556.8		1
556.9		1
557		1
557.1		1
557.2		1
557.3		1
557.4		1
557.5		1
557.6		1
557.7		1
557.8		1
557.9		1
558		1
558.1		1
558.2		1
558.3		1
558.4		1
558.5		1
558.6		1
558.7		1
558.8		1
558.9		1
559		1
559.1		1
559.2		1
559.3		1
559.4		1
559.5		1
559.6		1
559.7		1
559.8		1
559.9		1
560		1
560.1		1
560.2		1
560.3		1
560.4		1
560.5		1
560.6		1
560.7		1
560.8		1
560.9		1
561		1
561.1		1
561.2		1
561.3		1
561.4		1
561.5		1
561.6		1
561.7		1
561.8		1
561.9		1
562		1
562.1		1
562.2		1
562.3		1
562.4		1
562.5		1
562.6		1
562.7		1
562.8		1
562.9		1
563		1
563.1		1
563.2		1
563.3		1
563.4		1
563.5		1
563.6		1
563.7		1
563.8		1
563.9		1
564		1
564.1		1
564.2		1
564.3		1
564.4		1
564.5		1
564.6		1
564.7		1
564.8		1
564.9		1
565		1
565.1		1
565.2		1
565.3		1
565.4		1
565.5		1
565.6		1
565.7		1
565.8		1
565.9		1
566		1
566.1		1
566.2		1
566.3		1
566.4		1
566.5		1
566.6		1
566.7		1
566.8		1
566.9		1
567		1
567.1		1
567.2		1
567.3		1
567.4		1
567.5		1
567.6		1
567.7		1
567.8		1
567.9		1
568		1
568.1		1
568.2		1
568.3		1
568.4		1
568.5		1
568.6		1
568.7		1
568.8		1
568.9		1
569		1
569.1		1
569.2		1
569.3		1
569.4		1
569.5		1
569.6		1
569.7		1
569.8		1
569.9		1
570		1
570.1		1
570.2		1
570.3		1
570.4		1
570.5		1
570.6		1
570.7		1
570.8		1
570.9		1
571		1
571.1		1
571.2		1
571.3		1
571.4		1
571.5		1
571.6		1
571.7		1
571.8		1
571.9		1
572		1
572.1		1
572.2		1
572.3		1
572.4		1
572.5		1
572.6		1
572.7		1
572.8		1
572.9		1
573		1
573.1		1
573.2		1
573.3		1
573.4		1
573.5		1
573.6		1
573.7		1
573.8		1
573.9		1
574		1
574.1		1
574.2		1
574.3		1
574.4		1
574.5		1
574.6		1
574.7		1
574.8		1
574.9		1
575		1
575.1		1
575.2		1
575.3		1
575.4		1
575.5		1
575.6		1
575.7		1
575.8		1
575.9		1
576		1
576.1		1
576.2		1
576.3		1
576.4		1
576.5		1
576.6		1
576.7		1
576.8		1
576.9		1
577		1
577.1		1
577.2		1
577.3		1
577.4		1
577.5		1
577.6		1
577.7		1
577.8		1
577.9		1
578		1
578.1		1
578.2		1
578.3		1
578.4		1
578.5		1
578.6		1
578.7		1
578.8		1
578.9		1
579		1
579.1		1
579.2		1
579.3		1
579.4		1
579.5		1
579.6		1
579.7		1
579.8		1
579.9		1
580		1
580.1		1
580.2		1
580.3		1
580.4		1
580.5		1
580.6		1
580.7		1
580.8		1
580.9		1
581		1
581.1		1
581.2		1
581.3		1
581.4		1
581.5		1
581.6		1
581.7		1
581.8		1
581.9		1
582		1
582.1		1
582.2		1
582.3		1
582.4		1
582.5		1
582.6		1
582.7		1
582.8		1
582.9		1
583		1
583.1		1
583.2		1
583.3		1
583.4		1
583.5		1
583.6		1
583.7		1
583.8		1
583.9		1
584		1
584.1		1
584.2		1
584.3		1
584.4		1
584.5		1
584.6		1
584.7		1
584.8		1
584.9		1
585		1
585.1		1
585.2		1
585.3		1
585.4		1
585.5		1
585.6		1
585.7		1
585.8		1
585.9		1
586		1
586.1		1
586.2		1
586.3		1
586.4		1
586.5		1
586.6		1
586.7		1
586.8		1
586.9		1
587		1
587.1		1
587.2		1
587.3		1
587.4		1
587.5		1
587.6		1
587.7		1
587.8		1
587.9		1
588		1
588.1		1
588.2		1
588.3		1
588.4		1
588.5		1
588.6		1
588.7		1
588.8		1
588.9		1
589		1
589.1		1
589.2		1
589.3		1
589.4		1
589.5		1
589.6		1
589.7		1
589.8		1
589.9		1
590		1
590.1		1
590.2		1
590.3		1
590.4		1
590.5		1
590.6		1
590.7		1
590.8		1
590.9		1
591		1
591.1		1
591.2		1
591.3		1
591.4		1
591.5		1
591.6		1
591.7		1
591.8		1
591.9		1
592		1
592.1		1
592.2		1
592.3		1
592.4		1
592.5		1
592.6		1
592.7		1
592.8		1
592.9		1
593		1
593.1		1
593.2		1
593.3		1
593.4		1
593.5		1
593.6		1
593.7		1
593.8		1
593.9		1
594		1
594.1		1
594.2		1
594.3		1
594.4		1
594.5		1
594.6		1
594.7		1
594.8		1
594.9		1
595		1
595.1		1
595.2		1
595.3		1
595.4		1
595.5		1
595.6		1
595.7		1
595.8		1
595.9		1
596		1
596.1		1
596.2		1
596.3		1
596.4		1
596.5		1
596.6		1
596.7		1
596.8		1
596.9		1
597		1
597.1		1
597.2		1
597.3		1
597.4		1
597.5		1
597.6		1
597.7		1
597.8		1
597.9		1
598		1
598.1		1
598.2		1
598.3		1
598.4		1
598.5		1
598.6		1
598.7		1
598.8		1
598.9		1
599		1
599.1		1
599.2		1
599.3		1
599.4		1
599.5		1
599.6		1
599.7		1
599.8		1
599.9		1
600		1
