# Calibration file of tamex_id 1 @ channel 10
# fine_T bin		 Calibration value
0.1		0
0.2		0
0.3		0
0.4		0
0.5		0
0.6		0
0.7		0
0.8		0
0.9		0
1		0
1.1		0
1.2		0
1.3		0
1.4		0
1.5		0
1.6		0
1.7		0
1.8		0
1.9		0
2		0
2.1		0
2.2		0
2.3		0
2.4		0
2.5		0
2.6		0
2.7		0
2.8		0
2.9		0
3		0
3.1		0
3.2		0
3.3		0
3.4		0
3.5		0
3.6		0
3.7		0
3.8		0
3.9		0
4		0
4.1		0
4.2		0
4.3		0
4.4		0
4.5		0
4.6		0
4.7		0
4.8		0
4.9		0
5		0
5.1		0
5.2		0
5.3		0
5.4		0
5.5		0
5.6		0
5.7		0
5.8		0
5.9		0
6		0
6.1		0
6.2		0
6.3		0
6.4		0
6.5		0
6.6		0
6.7		0
6.8		0
6.9		0
7		0
7.1		0
7.2		0
7.3		0
7.4		0
7.5		0
7.6		0
7.7		0
7.8		0
7.9		0
8		0
8.1		0
8.2		0
8.3		0
8.4		0
8.5		0
8.6		0
8.7		0
8.8		0
8.9		0
9		0
9.1		0
9.2		0
9.3		0
9.4		0
9.5		0
9.6		0
9.7		0
9.8		0
9.9		0
10		0
10.1		0
10.2		0
10.3		0
10.4		0
10.5		0
10.6		0
10.7		0
10.8		0
10.9		0
11		0
11.1		0
11.2		0
11.3		0
11.4		0
11.5		0
11.6		0
11.7		0
11.8		0
11.9		0
12		0
12.1		0
12.2		0
12.3		0
12.4		0
12.5		0
12.6		0
12.7		0
12.8		0
12.9		0
13		0
13.1		0
13.2		0
13.3		0
13.4		0
13.5		0
13.6		0
13.7		0
13.8		0
13.9		0
14		0
14.1		0
14.2		0
14.3		0
14.4		0
14.5		0
14.6		0
14.7		0
14.8		0
14.9		0
15		0
15.1		0
15.2		0
15.3		0
15.4		0
15.5		0
15.6		0
15.7		0
15.8		0
15.9		0
16		0
16.1		0.00481882
16.2		0.00481882
16.3		0.00481882
16.4		0.00481882
16.5		0.00481882
16.6		0.00481882
16.7		0.00481882
16.8		0.00481882
16.9		0.00481882
17		0.00481882
17.1		0.00666881
17.2		0.00666881
17.3		0.00666881
17.4		0.00666881
17.5		0.00666881
17.6		0.00666881
17.7		0.00666881
17.8		0.00666881
17.9		0.00666881
18		0.00666881
18.1		0.0107565
18.2		0.0107565
18.3		0.0107565
18.4		0.0107565
18.5		0.0107565
18.6		0.0107565
18.7		0.0107565
18.8		0.0107565
18.9		0.0107565
19		0.0107565
19.1		0.0112107
19.2		0.0112107
19.3		0.0112107
19.4		0.0112107
19.5		0.0112107
19.6		0.0112107
19.7		0.0112107
19.8		0.0112107
19.9		0.0112107
20		0.0112107
20.1		0.0171151
20.2		0.0171151
20.3		0.0171151
20.4		0.0171151
20.5		0.0171151
20.6		0.0171151
20.7		0.0171151
20.8		0.0171151
20.9		0.0171151
21		0.0171151
21.1		0.0183005
21.2		0.0183005
21.3		0.0183005
21.4		0.0183005
21.5		0.0183005
21.6		0.0183005
21.7		0.0183005
21.8		0.0183005
21.9		0.0183005
22		0.0183005
22.1		0.0198846
22.2		0.0198846
22.3		0.0198846
22.4		0.0198846
22.5		0.0198846
22.6		0.0198846
22.7		0.0198846
22.8		0.0198846
22.9		0.0198846
23		0.0198846
23.1		0.0220447
23.2		0.0220447
23.3		0.0220447
23.4		0.0220447
23.5		0.0220447
23.6		0.0220447
23.7		0.0220447
23.8		0.0220447
23.9		0.0220447
24		0.0220447
24.1		0.0240166
24.2		0.0240166
24.3		0.0240166
24.4		0.0240166
24.5		0.0240166
24.6		0.0240166
24.7		0.0240166
24.8		0.0240166
24.9		0.0240166
25		0.0240166
25.1		0.026354
25.2		0.026354
25.3		0.026354
25.4		0.026354
25.5		0.026354
25.6		0.026354
25.7		0.026354
25.8		0.026354
25.9		0.026354
26		0.026354
26.1		0.0299653
26.2		0.0299653
26.3		0.0299653
26.4		0.0299653
26.5		0.0299653
26.6		0.0299653
26.7		0.0299653
26.8		0.0299653
26.9		0.0299653
27		0.0299653
27.1		0.0303863
27.2		0.0303863
27.3		0.0303863
27.4		0.0303863
27.5		0.0303863
27.6		0.0303863
27.7		0.0303863
27.8		0.0303863
27.9		0.0303863
28		0.0303863
28.1		0.0305414
28.2		0.0305414
28.3		0.0305414
28.4		0.0305414
28.5		0.0305414
28.6		0.0305414
28.7		0.0305414
28.8		0.0305414
28.9		0.0305414
29		0.0305414
29.1		0.0325021
29.2		0.0325021
29.3		0.0325021
29.4		0.0325021
29.5		0.0325021
29.6		0.0325021
29.7		0.0325021
29.8		0.0325021
29.9		0.0325021
30		0.0325021
30.1		0.0351276
30.2		0.0351276
30.3		0.0351276
30.4		0.0351276
30.5		0.0351276
30.6		0.0351276
30.7		0.0351276
30.8		0.0351276
30.9		0.0351276
31		0.0351276
31.1		0.0367781
31.2		0.0367781
31.3		0.0367781
31.4		0.0367781
31.5		0.0367781
31.6		0.0367781
31.7		0.0367781
31.8		0.0367781
31.9		0.0367781
32		0.0367781
32.1		0.037753
32.2		0.037753
32.3		0.037753
32.4		0.037753
32.5		0.037753
32.6		0.037753
32.7		0.037753
32.8		0.037753
32.9		0.037753
33		0.037753
33.1		0.042317
33.2		0.042317
33.3		0.042317
33.4		0.042317
33.5		0.042317
33.6		0.042317
33.7		0.042317
33.8		0.042317
33.9		0.042317
34		0.042317
34.1		0.0434691
34.2		0.0434691
34.3		0.0434691
34.4		0.0434691
34.5		0.0434691
34.6		0.0434691
34.7		0.0434691
34.8		0.0434691
34.9		0.0434691
35		0.0434691
35.1		0.043879
35.2		0.043879
35.3		0.043879
35.4		0.043879
35.5		0.043879
35.6		0.043879
35.7		0.043879
35.8		0.043879
35.9		0.043879
36		0.043879
36.1		0.0472355
36.2		0.0472355
36.3		0.0472355
36.4		0.0472355
36.5		0.0472355
36.6		0.0472355
36.7		0.0472355
36.8		0.0472355
36.9		0.0472355
37		0.0472355
37.1		0.0473242
37.2		0.0473242
37.3		0.0473242
37.4		0.0473242
37.5		0.0473242
37.6		0.0473242
37.7		0.0473242
37.8		0.0473242
37.9		0.0473242
38		0.0473242
38.1		0.0531843
38.2		0.0531843
38.3		0.0531843
38.4		0.0531843
38.5		0.0531843
38.6		0.0531843
38.7		0.0531843
38.8		0.0531843
38.9		0.0531843
39		0.0531843
39.1		0.0542478
39.2		0.0542478
39.3		0.0542478
39.4		0.0542478
39.5		0.0542478
39.6		0.0542478
39.7		0.0542478
39.8		0.0542478
39.9		0.0542478
40		0.0542478
40.1		0.0557654
40.2		0.0557654
40.3		0.0557654
40.4		0.0557654
40.5		0.0557654
40.6		0.0557654
40.7		0.0557654
40.8		0.0557654
40.9		0.0557654
41		0.0557654
41.1		0.057704
41.2		0.057704
41.3		0.057704
41.4		0.057704
41.5		0.057704
41.6		0.057704
41.7		0.057704
41.8		0.057704
41.9		0.057704
42		0.057704
42.1		0.0593325
42.2		0.0593325
42.3		0.0593325
42.4		0.0593325
42.5		0.0593325
42.6		0.0593325
42.7		0.0593325
42.8		0.0593325
42.9		0.0593325
43		0.0593325
43.1		0.0602851
43.2		0.0602851
43.3		0.0602851
43.4		0.0602851
43.5		0.0602851
43.6		0.0602851
43.7		0.0602851
43.8		0.0602851
43.9		0.0602851
44		0.0602851
44.1		0.0648713
44.2		0.0648713
44.3		0.0648713
44.4		0.0648713
44.5		0.0648713
44.6		0.0648713
44.7		0.0648713
44.8		0.0648713
44.9		0.0648713
45		0.0648713
45.1		0.0655471
45.2		0.0655471
45.3		0.0655471
45.4		0.0655471
45.5		0.0655471
45.6		0.0655471
45.7		0.0655471
45.8		0.0655471
45.9		0.0655471
46		0.0655471
46.1		0.0688704
46.2		0.0688704
46.3		0.0688704
46.4		0.0688704
46.5		0.0688704
46.6		0.0688704
46.7		0.0688704
46.8		0.0688704
46.9		0.0688704
47		0.0688704
47.1		0.0704324
47.2		0.0704324
47.3		0.0704324
47.4		0.0704324
47.5		0.0704324
47.6		0.0704324
47.7		0.0704324
47.8		0.0704324
47.9		0.0704324
48		0.0704324
48.1		0.0706982
48.2		0.0706982
48.3		0.0706982
48.4		0.0706982
48.5		0.0706982
48.6		0.0706982
48.7		0.0706982
48.8		0.0706982
48.9		0.0706982
49		0.0706982
49.1		0.0724374
49.2		0.0724374
49.3		0.0724374
49.4		0.0724374
49.5		0.0724374
49.6		0.0724374
49.7		0.0724374
49.8		0.0724374
49.9		0.0724374
50		0.0724374
50.1		0.0748302
50.2		0.0748302
50.3		0.0748302
50.4		0.0748302
50.5		0.0748302
50.6		0.0748302
50.7		0.0748302
50.8		0.0748302
50.9		0.0748302
51		0.0748302
51.1		0.0757054
51.2		0.0757054
51.3		0.0757054
51.4		0.0757054
51.5		0.0757054
51.6		0.0757054
51.7		0.0757054
51.8		0.0757054
51.9		0.0757054
52		0.0757054
52.1		0.0783973
52.2		0.0783973
52.3		0.0783973
52.4		0.0783973
52.5		0.0783973
52.6		0.0783973
52.7		0.0783973
52.8		0.0783973
52.9		0.0783973
53		0.0783973
53.1		0.0815877
53.2		0.0815877
53.3		0.0815877
53.4		0.0815877
53.5		0.0815877
53.6		0.0815877
53.7		0.0815877
53.8		0.0815877
53.9		0.0815877
54		0.0815877
54.1		0.0820862
54.2		0.0820862
54.3		0.0820862
54.4		0.0820862
54.5		0.0820862
54.6		0.0820862
54.7		0.0820862
54.8		0.0820862
54.9		0.0820862
55		0.0820862
55.1		0.0822966
55.2		0.0822966
55.3		0.0822966
55.4		0.0822966
55.5		0.0822966
55.6		0.0822966
55.7		0.0822966
55.8		0.0822966
55.9		0.0822966
56		0.0822966
56.1		0.0879241
56.2		0.0879241
56.3		0.0879241
56.4		0.0879241
56.5		0.0879241
56.6		0.0879241
56.7		0.0879241
56.8		0.0879241
56.9		0.0879241
57		0.0879241
57.1		0.0881125
57.2		0.0881125
57.3		0.0881125
57.4		0.0881125
57.5		0.0881125
57.6		0.0881125
57.7		0.0881125
57.8		0.0881125
57.9		0.0881125
58		0.0881125
58.1		0.0926322
58.2		0.0926322
58.3		0.0926322
58.4		0.0926322
58.5		0.0926322
58.6		0.0926322
58.7		0.0926322
58.8		0.0926322
58.9		0.0926322
59		0.0926322
59.1		0.0939504
59.2		0.0939504
59.3		0.0939504
59.4		0.0939504
59.5		0.0939504
59.6		0.0939504
59.7		0.0939504
59.8		0.0939504
59.9		0.0939504
60		0.0939504
60.1		0.0945597
60.2		0.0945597
60.3		0.0945597
60.4		0.0945597
60.5		0.0945597
60.6		0.0945597
60.7		0.0945597
60.8		0.0945597
60.9		0.0945597
61		0.0945597
61.1		0.0948034
61.2		0.0948034
61.3		0.0948034
61.4		0.0948034
61.5		0.0948034
61.6		0.0948034
61.7		0.0948034
61.8		0.0948034
61.9		0.0948034
62		0.0948034
62.1		0.0989354
62.2		0.0989354
62.3		0.0989354
62.4		0.0989354
62.5		0.0989354
62.6		0.0989354
62.7		0.0989354
62.8		0.0989354
62.9		0.0989354
63		0.0989354
63.1		0.102646
63.2		0.102646
63.3		0.102646
63.4		0.102646
63.5		0.102646
63.6		0.102646
63.7		0.102646
63.8		0.102646
63.9		0.102646
64		0.102646
64.1		0.105416
64.2		0.105416
64.3		0.105416
64.4		0.105416
64.5		0.105416
64.6		0.105416
64.7		0.105416
64.8		0.105416
64.9		0.105416
65		0.105416
65.1		0.105959
65.2		0.105959
65.3		0.105959
65.4		0.105959
65.5		0.105959
65.6		0.105959
65.7		0.105959
65.8		0.105959
65.9		0.105959
66		0.105959
66.1		0.107465
66.2		0.107465
66.3		0.107465
66.4		0.107465
66.5		0.107465
66.6		0.107465
66.7		0.107465
66.8		0.107465
66.9		0.107465
67		0.107465
67.1		0.1108
67.2		0.1108
67.3		0.1108
67.4		0.1108
67.5		0.1108
67.6		0.1108
67.7		0.1108
67.8		0.1108
67.9		0.1108
68		0.1108
68.1		0.111597
68.2		0.111597
68.3		0.111597
68.4		0.111597
68.5		0.111597
68.6		0.111597
68.7		0.111597
68.8		0.111597
68.9		0.111597
69		0.111597
69.1		0.112661
69.2		0.112661
69.3		0.112661
69.4		0.112661
69.5		0.112661
69.6		0.112661
69.7		0.112661
69.8		0.112661
69.9		0.112661
70		0.112661
70.1		0.115342
70.2		0.115342
70.3		0.115342
70.4		0.115342
70.5		0.115342
70.6		0.115342
70.7		0.115342
70.8		0.115342
70.9		0.115342
71		0.115342
71.1		0.117169
71.2		0.117169
71.3		0.117169
71.4		0.117169
71.5		0.117169
71.6		0.117169
71.7		0.117169
71.8		0.117169
71.9		0.117169
72		0.117169
72.1		0.121346
72.2		0.121346
72.3		0.121346
72.4		0.121346
72.5		0.121346
72.6		0.121346
72.7		0.121346
72.8		0.121346
72.9		0.121346
73		0.121346
73.1		0.122077
73.2		0.122077
73.3		0.122077
73.4		0.122077
73.5		0.122077
73.6		0.122077
73.7		0.122077
73.8		0.122077
73.9		0.122077
74		0.122077
74.1		0.122509
74.2		0.122509
74.3		0.122509
74.4		0.122509
74.5		0.122509
74.6		0.122509
74.7		0.122509
74.8		0.122509
74.9		0.122509
75		0.122509
75.1		0.126962
75.2		0.126962
75.3		0.126962
75.4		0.126962
75.5		0.126962
75.6		0.126962
75.7		0.126962
75.8		0.126962
75.9		0.126962
76		0.126962
76.1		0.12807
76.2		0.12807
76.3		0.12807
76.4		0.12807
76.5		0.12807
76.6		0.12807
76.7		0.12807
76.8		0.12807
76.9		0.12807
77		0.12807
77.1		0.128768
77.2		0.128768
77.3		0.128768
77.4		0.128768
77.5		0.128768
77.6		0.128768
77.7		0.128768
77.8		0.128768
77.9		0.128768
78		0.128768
78.1		0.131449
78.2		0.131449
78.3		0.131449
78.4		0.131449
78.5		0.131449
78.6		0.131449
78.7		0.131449
78.8		0.131449
78.9		0.131449
79		0.131449
79.1		0.134584
79.2		0.134584
79.3		0.134584
79.4		0.134584
79.5		0.134584
79.6		0.134584
79.7		0.134584
79.8		0.134584
79.9		0.134584
80		0.134584
80.1		0.136135
80.2		0.136135
80.3		0.136135
80.4		0.136135
80.5		0.136135
80.6		0.136135
80.7		0.136135
80.8		0.136135
80.9		0.136135
81		0.136135
81.1		0.137763
81.2		0.137763
81.3		0.137763
81.4		0.137763
81.5		0.137763
81.6		0.137763
81.7		0.137763
81.8		0.137763
81.9		0.137763
82		0.137763
82.1		0.139679
82.2		0.139679
82.3		0.139679
82.4		0.139679
82.5		0.139679
82.6		0.139679
82.7		0.139679
82.8		0.139679
82.9		0.139679
83		0.139679
83.1		0.139823
83.2		0.139823
83.3		0.139823
83.4		0.139823
83.5		0.139823
83.6		0.139823
83.7		0.139823
83.8		0.139823
83.9		0.139823
84		0.139823
84.1		0.142759
84.2		0.142759
84.3		0.142759
84.4		0.142759
84.5		0.142759
84.6		0.142759
84.7		0.142759
84.8		0.142759
84.9		0.142759
85		0.142759
85.1		0.146891
85.2		0.146891
85.3		0.146891
85.4		0.146891
85.5		0.146891
85.6		0.146891
85.7		0.146891
85.8		0.146891
85.9		0.146891
86		0.146891
86.1		0.147766
86.2		0.147766
86.3		0.147766
86.4		0.147766
86.5		0.147766
86.6		0.147766
86.7		0.147766
86.8		0.147766
86.9		0.147766
87		0.147766
87.1		0.148686
87.2		0.148686
87.3		0.148686
87.4		0.148686
87.5		0.148686
87.6		0.148686
87.7		0.148686
87.8		0.148686
87.9		0.148686
88		0.148686
88.1		0.150092
88.2		0.150092
88.3		0.150092
88.4		0.150092
88.5		0.150092
88.6		0.150092
88.7		0.150092
88.8		0.150092
88.9		0.150092
89		0.150092
89.1		0.153449
89.2		0.153449
89.3		0.153449
89.4		0.153449
89.5		0.153449
89.6		0.153449
89.7		0.153449
89.8		0.153449
89.9		0.153449
90		0.153449
90.1		0.155377
90.2		0.155377
90.3		0.155377
90.4		0.155377
90.5		0.155377
90.6		0.155377
90.7		0.155377
90.8		0.155377
90.9		0.155377
91		0.155377
91.1		0.159774
91.2		0.159774
91.3		0.159774
91.4		0.159774
91.5		0.159774
91.6		0.159774
91.7		0.159774
91.8		0.159774
91.9		0.159774
92		0.159774
92.1		0.159996
92.2		0.159996
92.3		0.159996
92.4		0.159996
92.5		0.159996
92.6		0.159996
92.7		0.159996
92.8		0.159996
92.9		0.159996
93		0.159996
93.1		0.161126
93.2		0.161126
93.3		0.161126
93.4		0.161126
93.5		0.161126
93.6		0.161126
93.7		0.161126
93.8		0.161126
93.9		0.161126
94		0.161126
94.1		0.162743
94.2		0.162743
94.3		0.162743
94.4		0.162743
94.5		0.162743
94.6		0.162743
94.7		0.162743
94.8		0.162743
94.9		0.162743
95		0.162743
95.1		0.164139
95.2		0.164139
95.3		0.164139
95.4		0.164139
95.5		0.164139
95.6		0.164139
95.7		0.164139
95.8		0.164139
95.9		0.164139
96		0.164139
96.1		0.168515
96.2		0.168515
96.3		0.168515
96.4		0.168515
96.5		0.168515
96.6		0.168515
96.7		0.168515
96.8		0.168515
96.9		0.168515
97		0.168515
97.1		0.171683
97.2		0.171683
97.3		0.171683
97.4		0.171683
97.5		0.171683
97.6		0.171683
97.7		0.171683
97.8		0.171683
97.9		0.171683
98		0.171683
98.1		0.171805
98.2		0.171805
98.3		0.171805
98.4		0.171805
98.5		0.171805
98.6		0.171805
98.7		0.171805
98.8		0.171805
98.9		0.171805
99		0.171805
99.1		0.1735
99.2		0.1735
99.3		0.1735
99.4		0.1735
99.5		0.1735
99.6		0.1735
99.7		0.1735
99.8		0.1735
99.9		0.1735
100		0.1735
100.1		0.173965
100.2		0.173965
100.3		0.173965
100.4		0.173965
100.5		0.173965
100.6		0.173965
100.7		0.173965
100.8		0.173965
100.9		0.173965
101		0.173965
101.1		0.174752
101.2		0.174752
101.3		0.174752
101.4		0.174752
101.5		0.174752
101.6		0.174752
101.7		0.174752
101.8		0.174752
101.9		0.174752
102		0.174752
102.1		0.181431
102.2		0.181431
102.3		0.181431
102.4		0.181431
102.5		0.181431
102.6		0.181431
102.7		0.181431
102.8		0.181431
102.9		0.181431
103		0.181431
103.1		0.183669
103.2		0.183669
103.3		0.183669
103.4		0.183669
103.5		0.183669
103.6		0.183669
103.7		0.183669
103.8		0.183669
103.9		0.183669
104		0.183669
104.1		0.184334
104.2		0.184334
104.3		0.184334
104.4		0.184334
104.5		0.184334
104.6		0.184334
104.7		0.184334
104.8		0.184334
104.9		0.184334
105		0.184334
105.1		0.186372
105.2		0.186372
105.3		0.186372
105.4		0.186372
105.5		0.186372
105.6		0.186372
105.7		0.186372
105.8		0.186372
105.9		0.186372
106		0.186372
106.1		0.187247
106.2		0.187247
106.3		0.187247
106.4		0.187247
106.5		0.187247
106.6		0.187247
106.7		0.187247
106.8		0.187247
106.9		0.187247
107		0.187247
107.1		0.188444
107.2		0.188444
107.3		0.188444
107.4		0.188444
107.5		0.188444
107.6		0.188444
107.7		0.188444
107.8		0.188444
107.9		0.188444
108		0.188444
108.1		0.191845
108.2		0.191845
108.3		0.191845
108.4		0.191845
108.5		0.191845
108.6		0.191845
108.7		0.191845
108.8		0.191845
108.9		0.191845
109		0.191845
109.1		0.193063
109.2		0.193063
109.3		0.193063
109.4		0.193063
109.5		0.193063
109.6		0.193063
109.7		0.193063
109.8		0.193063
109.9		0.193063
110		0.193063
110.1		0.193218
110.2		0.193218
110.3		0.193218
110.4		0.193218
110.5		0.193218
110.6		0.193218
110.7		0.193218
110.8		0.193218
110.9		0.193218
111		0.193218
111.1		0.197284
111.2		0.197284
111.3		0.197284
111.4		0.197284
111.5		0.197284
111.6		0.197284
111.7		0.197284
111.8		0.197284
111.9		0.197284
112		0.197284
112.1		0.199887
112.2		0.199887
112.3		0.199887
112.4		0.199887
112.5		0.199887
112.6		0.199887
112.7		0.199887
112.8		0.199887
112.9		0.199887
113		0.199887
113.1		0.200906
113.2		0.200906
113.3		0.200906
113.4		0.200906
113.5		0.200906
113.6		0.200906
113.7		0.200906
113.8		0.200906
113.9		0.200906
114		0.200906
114.1		0.202956
114.2		0.202956
114.3		0.202956
114.4		0.202956
114.5		0.202956
114.6		0.202956
114.7		0.202956
114.8		0.202956
114.9		0.202956
115		0.202956
115.1		0.204839
115.2		0.204839
115.3		0.204839
115.4		0.204839
115.5		0.204839
115.6		0.204839
115.7		0.204839
115.8		0.204839
115.9		0.204839
116		0.204839
116.1		0.205116
116.2		0.205116
116.3		0.205116
116.4		0.205116
116.5		0.205116
116.6		0.205116
116.7		0.205116
116.8		0.205116
116.9		0.205116
117		0.205116
117.1		0.210333
117.2		0.210333
117.3		0.210333
117.4		0.210333
117.5		0.210333
117.6		0.210333
117.7		0.210333
117.8		0.210333
117.9		0.210333
118		0.210333
118.1		0.210799
118.2		0.210799
118.3		0.210799
118.4		0.210799
118.5		0.210799
118.6		0.210799
118.7		0.210799
118.8		0.210799
118.9		0.210799
119		0.210799
119.1		0.210832
119.2		0.210832
119.3		0.210832
119.4		0.210832
119.5		0.210832
119.6		0.210832
119.7		0.210832
119.8		0.210832
119.9		0.210832
120		0.210832
120.1		0.214499
120.2		0.214499
120.3		0.214499
120.4		0.214499
120.5		0.214499
120.6		0.214499
120.7		0.214499
120.8		0.214499
120.9		0.214499
121		0.214499
121.1		0.214831
121.2		0.214831
121.3		0.214831
121.4		0.214831
121.5		0.214831
121.6		0.214831
121.7		0.214831
121.8		0.214831
121.9		0.214831
122		0.214831
122.1		0.216692
122.2		0.216692
122.3		0.216692
122.4		0.216692
122.5		0.216692
122.6		0.216692
122.7		0.216692
122.8		0.216692
122.9		0.216692
123		0.216692
123.1		0.220248
123.2		0.220248
123.3		0.220248
123.4		0.220248
123.5		0.220248
123.6		0.220248
123.7		0.220248
123.8		0.220248
123.9		0.220248
124		0.220248
124.1		0.22099
124.2		0.22099
124.3		0.22099
124.4		0.22099
124.5		0.22099
124.6		0.22099
124.7		0.22099
124.8		0.22099
124.9		0.22099
125		0.22099
125.1		0.225144
125.2		0.225144
125.3		0.225144
125.4		0.225144
125.5		0.225144
125.6		0.225144
125.7		0.225144
125.8		0.225144
125.9		0.225144
126		0.225144
126.1		0.227736
126.2		0.227736
126.3		0.227736
126.4		0.227736
126.5		0.227736
126.6		0.227736
126.7		0.227736
126.8		0.227736
126.9		0.227736
127		0.227736
127.1		0.227892
127.2		0.227892
127.3		0.227892
127.4		0.227892
127.5		0.227892
127.6		0.227892
127.7		0.227892
127.8		0.227892
127.9		0.227892
128		0.227892
128.1		0.230617
128.2		0.230617
128.3		0.230617
128.4		0.230617
128.5		0.230617
128.6		0.230617
128.7		0.230617
128.8		0.230617
128.9		0.230617
129		0.230617
129.1		0.234693
129.2		0.234693
129.3		0.234693
129.4		0.234693
129.5		0.234693
129.6		0.234693
129.7		0.234693
129.8		0.234693
129.9		0.234693
130		0.234693
130.1		0.236898
130.2		0.236898
130.3		0.236898
130.4		0.236898
130.5		0.236898
130.6		0.236898
130.7		0.236898
130.8		0.236898
130.9		0.236898
131		0.236898
131.1		0.238471
131.2		0.238471
131.3		0.238471
131.4		0.238471
131.5		0.238471
131.6		0.238471
131.7		0.238471
131.8		0.238471
131.9		0.238471
132		0.238471
132.1		0.238781
132.2		0.238781
132.3		0.238781
132.4		0.238781
132.5		0.238781
132.6		0.238781
132.7		0.238781
132.8		0.238781
132.9		0.238781
133		0.238781
133.1		0.240022
133.2		0.240022
133.3		0.240022
133.4		0.240022
133.5		0.240022
133.6		0.240022
133.7		0.240022
133.8		0.240022
133.9		0.240022
134		0.240022
134.1		0.241916
134.2		0.241916
134.3		0.241916
134.4		0.241916
134.5		0.241916
134.6		0.241916
134.7		0.241916
134.8		0.241916
134.9		0.241916
135		0.241916
135.1		0.243412
135.2		0.243412
135.3		0.243412
135.4		0.243412
135.5		0.243412
135.6		0.243412
135.7		0.243412
135.8		0.243412
135.9		0.243412
136		0.243412
136.1		0.249128
136.2		0.249128
136.3		0.249128
136.4		0.249128
136.5		0.249128
136.6		0.249128
136.7		0.249128
136.8		0.249128
136.9		0.249128
137		0.249128
137.1		0.249416
137.2		0.249416
137.3		0.249416
137.4		0.249416
137.5		0.249416
137.6		0.249416
137.7		0.249416
137.8		0.249416
137.9		0.249416
138		0.249416
138.1		0.250446
138.2		0.250446
138.3		0.250446
138.4		0.250446
138.5		0.250446
138.6		0.250446
138.7		0.250446
138.8		0.250446
138.9		0.250446
139		0.250446
139.1		0.250778
139.2		0.250778
139.3		0.250778
139.4		0.250778
139.5		0.250778
139.6		0.250778
139.7		0.250778
139.8		0.250778
139.9		0.250778
140		0.250778
140.1		0.255819
140.2		0.255819
140.3		0.255819
140.4		0.255819
140.5		0.255819
140.6		0.255819
140.7		0.255819
140.8		0.255819
140.9		0.255819
141		0.255819
141.1		0.257934
141.2		0.257934
141.3		0.257934
141.4		0.257934
141.5		0.257934
141.6		0.257934
141.7		0.257934
141.8		0.257934
141.9		0.257934
142		0.257934
142.1		0.260648
142.2		0.260648
142.3		0.260648
142.4		0.260648
142.5		0.260648
142.6		0.260648
142.7		0.260648
142.8		0.260648
142.9		0.260648
143		0.260648
143.1		0.261734
143.2		0.261734
143.3		0.261734
143.4		0.261734
143.5		0.261734
143.6		0.261734
143.7		0.261734
143.8		0.261734
143.9		0.261734
144		0.261734
144.1		0.262421
144.2		0.262421
144.3		0.262421
144.4		0.262421
144.5		0.262421
144.6		0.262421
144.7		0.262421
144.8		0.262421
144.9		0.262421
145		0.262421
145.1		0.264348
145.2		0.264348
145.3		0.264348
145.4		0.264348
145.5		0.264348
145.6		0.264348
145.7		0.264348
145.8		0.264348
145.9		0.264348
146		0.264348
146.1		0.265113
146.2		0.265113
146.3		0.265113
146.4		0.265113
146.5		0.265113
146.6		0.265113
146.7		0.265113
146.8		0.265113
146.9		0.265113
147		0.265113
147.1		0.268669
147.2		0.268669
147.3		0.268669
147.4		0.268669
147.5		0.268669
147.6		0.268669
147.7		0.268669
147.8		0.268669
147.9		0.268669
148		0.268669
148.1		0.271516
148.2		0.271516
148.3		0.271516
148.4		0.271516
148.5		0.271516
148.6		0.271516
148.7		0.271516
148.8		0.271516
148.9		0.271516
149		0.271516
149.1		0.271682
149.2		0.271682
149.3		0.271682
149.4		0.271682
149.5		0.271682
149.6		0.271682
149.7		0.271682
149.8		0.271682
149.9		0.271682
150		0.271682
150.1		0.275249
150.2		0.275249
150.3		0.275249
150.4		0.275249
150.5		0.275249
150.6		0.275249
150.7		0.275249
150.8		0.275249
150.9		0.275249
151		0.275249
151.1		0.276257
151.2		0.276257
151.3		0.276257
151.4		0.276257
151.5		0.276257
151.6		0.276257
151.7		0.276257
151.8		0.276257
151.9		0.276257
152		0.276257
152.1		0.28019
152.2		0.28019
152.3		0.28019
152.4		0.28019
152.5		0.28019
152.6		0.28019
152.7		0.28019
152.8		0.28019
152.9		0.28019
153		0.28019
153.1		0.280954
153.2		0.280954
153.3		0.280954
153.4		0.280954
153.5		0.280954
153.6		0.280954
153.7		0.280954
153.8		0.280954
153.9		0.280954
154		0.280954
154.1		0.281707
154.2		0.281707
154.3		0.281707
154.4		0.281707
154.5		0.281707
154.6		0.281707
154.7		0.281707
154.8		0.281707
154.9		0.281707
155		0.281707
155.1		0.283735
155.2		0.283735
155.3		0.283735
155.4		0.283735
155.5		0.283735
155.6		0.283735
155.7		0.283735
155.8		0.283735
155.9		0.283735
156		0.283735
156.1		0.287058
156.2		0.287058
156.3		0.287058
156.4		0.287058
156.5		0.287058
156.6		0.287058
156.7		0.287058
156.8		0.287058
156.9		0.287058
157		0.287058
157.1		0.288808
157.2		0.288808
157.3		0.288808
157.4		0.288808
157.5		0.288808
157.6		0.288808
157.7		0.288808
157.8		0.288808
157.9		0.288808
158		0.288808
158.1		0.290691
158.2		0.290691
158.3		0.290691
158.4		0.290691
158.5		0.290691
158.6		0.290691
158.7		0.290691
158.8		0.290691
158.9		0.290691
159		0.290691
159.1		0.293184
159.2		0.293184
159.3		0.293184
159.4		0.293184
159.5		0.293184
159.6		0.293184
159.7		0.293184
159.8		0.293184
159.9		0.293184
160		0.293184
160.1		0.293904
160.2		0.293904
160.3		0.293904
160.4		0.293904
160.5		0.293904
160.6		0.293904
160.7		0.293904
160.8		0.293904
160.9		0.293904
161		0.293904
161.1		0.296585
161.2		0.296585
161.3		0.296585
161.4		0.296585
161.5		0.296585
161.6		0.296585
161.7		0.296585
161.8		0.296585
161.9		0.296585
162		0.296585
162.1		0.299797
162.2		0.299797
162.3		0.299797
162.4		0.299797
162.5		0.299797
162.6		0.299797
162.7		0.299797
162.8		0.299797
162.9		0.299797
163		0.299797
163.1		0.300008
163.2		0.300008
163.3		0.300008
163.4		0.300008
163.5		0.300008
163.6		0.300008
163.7		0.300008
163.8		0.300008
163.9		0.300008
164		0.300008
164.1		0.302389
164.2		0.302389
164.3		0.302389
164.4		0.302389
164.5		0.302389
164.6		0.302389
164.7		0.302389
164.8		0.302389
164.9		0.302389
165		0.302389
165.1		0.303431
165.2		0.303431
165.3		0.303431
165.4		0.303431
165.5		0.303431
165.6		0.303431
165.7		0.303431
165.8		0.303431
165.9		0.303431
166		0.303431
166.1		0.305957
166.2		0.305957
166.3		0.305957
166.4		0.305957
166.5		0.305957
166.6		0.305957
166.7		0.305957
166.8		0.305957
166.9		0.305957
167		0.305957
167.1		0.309557
167.2		0.309557
167.3		0.309557
167.4		0.309557
167.5		0.309557
167.6		0.309557
167.7		0.309557
167.8		0.309557
167.9		0.309557
168		0.309557
168.1		0.310177
168.2		0.310177
168.3		0.310177
168.4		0.310177
168.5		0.310177
168.6		0.310177
168.7		0.310177
168.8		0.310177
168.9		0.310177
169		0.310177
169.1		0.31319
169.2		0.31319
169.3		0.31319
169.4		0.31319
169.5		0.31319
169.6		0.31319
169.7		0.31319
169.8		0.31319
169.9		0.31319
170		0.31319
170.1		0.317189
170.2		0.317189
170.3		0.317189
170.4		0.317189
170.5		0.317189
170.6		0.317189
170.7		0.317189
170.8		0.317189
170.9		0.317189
171		0.317189
171.1		0.317278
171.2		0.317278
171.3		0.317278
171.4		0.317278
171.5		0.317278
171.6		0.317278
171.7		0.317278
171.8		0.317278
171.9		0.317278
172		0.317278
172.1		0.317389
172.2		0.317389
172.3		0.317389
172.4		0.317389
172.5		0.317389
172.6		0.317389
172.7		0.317389
172.8		0.317389
172.9		0.317389
173		0.317389
173.1		0.321388
173.2		0.321388
173.3		0.321388
173.4		0.321388
173.5		0.321388
173.6		0.321388
173.7		0.321388
173.8		0.321388
173.9		0.321388
174		0.321388
174.1		0.323448
174.2		0.323448
174.3		0.323448
174.4		0.323448
174.5		0.323448
174.6		0.323448
174.7		0.323448
174.8		0.323448
174.9		0.323448
175		0.323448
175.1		0.327337
175.2		0.327337
175.3		0.327337
175.4		0.327337
175.5		0.327337
175.6		0.327337
175.7		0.327337
175.8		0.327337
175.9		0.327337
176		0.327337
176.1		0.328732
176.2		0.328732
176.3		0.328732
176.4		0.328732
176.5		0.328732
176.6		0.328732
176.7		0.328732
176.8		0.328732
176.9		0.328732
177		0.328732
177.1		0.328932
177.2		0.328932
177.3		0.328932
177.4		0.328932
177.5		0.328932
177.6		0.328932
177.7		0.328932
177.8		0.328932
177.9		0.328932
178		0.328932
178.1		0.33025
178.2		0.33025
178.3		0.33025
178.4		0.33025
178.5		0.33025
178.6		0.33025
178.7		0.33025
178.8		0.33025
178.9		0.33025
179		0.33025
179.1		0.334293
179.2		0.334293
179.3		0.334293
179.4		0.334293
179.5		0.334293
179.6		0.334293
179.7		0.334293
179.8		0.334293
179.9		0.334293
180		0.334293
180.1		0.334825
180.2		0.334825
180.3		0.334825
180.4		0.334825
180.5		0.334825
180.6		0.334825
180.7		0.334825
180.8		0.334825
180.9		0.334825
181		0.334825
181.1		0.339378
181.2		0.339378
181.3		0.339378
181.4		0.339378
181.5		0.339378
181.6		0.339378
181.7		0.339378
181.8		0.339378
181.9		0.339378
182		0.339378
182.1		0.33981
182.2		0.33981
182.3		0.33981
182.4		0.33981
182.5		0.33981
182.6		0.33981
182.7		0.33981
182.8		0.33981
182.9		0.33981
183		0.33981
183.1		0.340597
183.2		0.340597
183.3		0.340597
183.4		0.340597
183.5		0.340597
183.6		0.340597
183.7		0.340597
183.8		0.340597
183.9		0.340597
184		0.340597
184.1		0.340929
184.2		0.340929
184.3		0.340929
184.4		0.340929
184.5		0.340929
184.6		0.340929
184.7		0.340929
184.8		0.340929
184.9		0.340929
185		0.340929
185.1		0.344983
185.2		0.344983
185.3		0.344983
185.4		0.344983
185.5		0.344983
185.6		0.344983
185.7		0.344983
185.8		0.344983
185.9		0.344983
186		0.344983
186.1		0.345836
186.2		0.345836
186.3		0.345836
186.4		0.345836
186.5		0.345836
186.6		0.345836
186.7		0.345836
186.8		0.345836
186.9		0.345836
187		0.345836
187.1		0.350201
187.2		0.350201
187.3		0.350201
187.4		0.350201
187.5		0.350201
187.6		0.350201
187.7		0.350201
187.8		0.350201
187.9		0.350201
188		0.350201
188.1		0.351586
188.2		0.351586
188.3		0.351586
188.4		0.351586
188.5		0.351586
188.6		0.351586
188.7		0.351586
188.8		0.351586
188.9		0.351586
189		0.351586
189.1		0.352428
189.2		0.352428
189.3		0.352428
189.4		0.352428
189.5		0.352428
189.6		0.352428
189.7		0.352428
189.8		0.352428
189.9		0.352428
190		0.352428
190.1		0.352516
190.2		0.352516
190.3		0.352516
190.4		0.352516
190.5		0.352516
190.6		0.352516
190.7		0.352516
190.8		0.352516
190.9		0.352516
191		0.352516
191.1		0.355208
191.2		0.355208
191.3		0.355208
191.4		0.355208
191.5		0.355208
191.6		0.355208
191.7		0.355208
191.8		0.355208
191.9		0.355208
192		0.355208
192.1		0.361534
192.2		0.361534
192.3		0.361534
192.4		0.361534
192.5		0.361534
192.6		0.361534
192.7		0.361534
192.8		0.361534
192.9		0.361534
193		0.361534
193.1		0.363184
193.2		0.363184
193.3		0.363184
193.4		0.363184
193.5		0.363184
193.6		0.363184
193.7		0.363184
193.8		0.363184
193.9		0.363184
194		0.363184
194.1		0.363605
194.2		0.363605
194.3		0.363605
194.4		0.363605
194.5		0.363605
194.6		0.363605
194.7		0.363605
194.8		0.363605
194.9		0.363605
195		0.363605
195.1		0.365455
195.2		0.365455
195.3		0.365455
195.4		0.365455
195.5		0.365455
195.6		0.365455
195.7		0.365455
195.8		0.365455
195.9		0.365455
196		0.365455
196.1		0.367925
196.2		0.367925
196.3		0.367925
196.4		0.367925
196.5		0.367925
196.6		0.367925
196.7		0.367925
196.8		0.367925
196.9		0.367925
197		0.367925
197.1		0.368911
197.2		0.368911
197.3		0.368911
197.4		0.368911
197.5		0.368911
197.6		0.368911
197.7		0.368911
197.8		0.368911
197.9		0.368911
198		0.368911
198.1		0.37208
198.2		0.37208
198.3		0.37208
198.4		0.37208
198.5		0.37208
198.6		0.37208
198.7		0.37208
198.8		0.37208
198.9		0.37208
199		0.37208
199.1		0.37208
199.2		0.37208
199.3		0.37208
199.4		0.37208
199.5		0.37208
199.6		0.37208
199.7		0.37208
199.8		0.37208
199.9		0.37208
200		0.37208
200.1		0.37496
200.2		0.37496
200.3		0.37496
200.4		0.37496
200.5		0.37496
200.6		0.37496
200.7		0.37496
200.8		0.37496
200.9		0.37496
201		0.37496
201.1		0.378826
201.2		0.378826
201.3		0.378826
201.4		0.378826
201.5		0.378826
201.6		0.378826
201.7		0.378826
201.8		0.378826
201.9		0.378826
202		0.378826
202.1		0.379114
202.2		0.379114
202.3		0.379114
202.4		0.379114
202.5		0.379114
202.6		0.379114
202.7		0.379114
202.8		0.379114
202.9		0.379114
203		0.379114
203.1		0.37969
203.2		0.37969
203.3		0.37969
203.4		0.37969
203.5		0.37969
203.6		0.37969
203.7		0.37969
203.8		0.37969
203.9		0.37969
204		0.37969
204.1		0.38195
204.2		0.38195
204.3		0.38195
204.4		0.38195
204.5		0.38195
204.6		0.38195
204.7		0.38195
204.8		0.38195
204.9		0.38195
205		0.38195
205.1		0.384498
205.2		0.384498
205.3		0.384498
205.4		0.384498
205.5		0.384498
205.6		0.384498
205.7		0.384498
205.8		0.384498
205.9		0.384498
206		0.384498
206.1		0.385606
206.2		0.385606
206.3		0.385606
206.4		0.385606
206.5		0.385606
206.6		0.385606
206.7		0.385606
206.8		0.385606
206.9		0.385606
207		0.385606
207.1		0.390701
207.2		0.390701
207.3		0.390701
207.4		0.390701
207.5		0.390701
207.6		0.390701
207.7		0.390701
207.8		0.390701
207.9		0.390701
208		0.390701
208.1		0.391189
208.2		0.391189
208.3		0.391189
208.4		0.391189
208.5		0.391189
208.6		0.391189
208.7		0.391189
208.8		0.391189
208.9		0.391189
209		0.391189
209.1		0.394003
209.2		0.394003
209.3		0.394003
209.4		0.394003
209.5		0.394003
209.6		0.394003
209.7		0.394003
209.8		0.394003
209.9		0.394003
210		0.394003
210.1		0.395343
210.2		0.395343
210.3		0.395343
210.4		0.395343
210.5		0.395343
210.6		0.395343
210.7		0.395343
210.8		0.395343
210.9		0.395343
211		0.395343
211.1		0.395886
211.2		0.395886
211.3		0.395886
211.4		0.395886
211.5		0.395886
211.6		0.395886
211.7		0.395886
211.8		0.395886
211.9		0.395886
212		0.395886
212.1		0.397381
212.2		0.397381
212.3		0.397381
212.4		0.397381
212.5		0.397381
212.6		0.397381
212.7		0.397381
212.8		0.397381
212.9		0.397381
213		0.397381
213.1		0.402311
213.2		0.402311
213.3		0.402311
213.4		0.402311
213.5		0.402311
213.6		0.402311
213.7		0.402311
213.8		0.402311
213.9		0.402311
214		0.402311
214.1		0.40518
214.2		0.40518
214.3		0.40518
214.4		0.40518
214.5		0.40518
214.6		0.40518
214.7		0.40518
214.8		0.40518
214.9		0.40518
215		0.40518
215.1		0.405878
215.2		0.405878
215.3		0.405878
215.4		0.405878
215.5		0.405878
215.6		0.405878
215.7		0.405878
215.8		0.405878
215.9		0.405878
216		0.405878
216.1		0.406266
216.2		0.406266
216.3		0.406266
216.4		0.406266
216.5		0.406266
216.6		0.406266
216.7		0.406266
216.8		0.406266
216.9		0.406266
217		0.406266
217.1		0.406498
217.2		0.406498
217.3		0.406498
217.4		0.406498
217.5		0.406498
217.6		0.406498
217.7		0.406498
217.8		0.406498
217.9		0.406498
218		0.406498
218.1		0.412369
218.2		0.412369
218.3		0.412369
218.4		0.412369
218.5		0.412369
218.6		0.412369
218.7		0.412369
218.8		0.412369
218.9		0.412369
219		0.412369
219.1		0.412968
219.2		0.412968
219.3		0.412968
219.4		0.412968
219.5		0.412968
219.6		0.412968
219.7		0.412968
219.8		0.412968
219.9		0.412968
220		0.412968
220.1		0.417731
220.2		0.417731
220.3		0.417731
220.4		0.417731
220.5		0.417731
220.6		0.417731
220.7		0.417731
220.8		0.417731
220.9		0.417731
221		0.417731
221.1		0.41793
221.2		0.41793
221.3		0.41793
221.4		0.41793
221.5		0.41793
221.6		0.41793
221.7		0.41793
221.8		0.41793
221.9		0.41793
222		0.41793
222.1		0.418606
222.2		0.418606
222.3		0.418606
222.4		0.418606
222.5		0.418606
222.6		0.418606
222.7		0.418606
222.8		0.418606
222.9		0.418606
223		0.418606
223.1		0.420412
223.2		0.420412
223.3		0.420412
223.4		0.420412
223.5		0.420412
223.6		0.420412
223.7		0.420412
223.8		0.420412
223.9		0.420412
224		0.420412
224.1		0.424045
224.2		0.424045
224.3		0.424045
224.4		0.424045
224.5		0.424045
224.6		0.424045
224.7		0.424045
224.8		0.424045
224.9		0.424045
225		0.424045
225.1		0.424932
225.2		0.424932
225.3		0.424932
225.4		0.424932
225.5		0.424932
225.6		0.424932
225.7		0.424932
225.8		0.424932
225.9		0.424932
226		0.424932
226.1		0.428211
226.2		0.428211
226.3		0.428211
226.4		0.428211
226.5		0.428211
226.6		0.428211
226.7		0.428211
226.8		0.428211
226.9		0.428211
227		0.428211
227.1		0.429806
227.2		0.429806
227.3		0.429806
227.4		0.429806
227.5		0.429806
227.6		0.429806
227.7		0.429806
227.8		0.429806
227.9		0.429806
228		0.429806
228.1		0.431789
228.2		0.431789
228.3		0.431789
228.4		0.431789
228.5		0.431789
228.6		0.431789
228.7		0.431789
228.8		0.431789
228.9		0.431789
229		0.431789
229.1		0.431977
229.2		0.431977
229.3		0.431977
229.4		0.431977
229.5		0.431977
229.6		0.431977
229.7		0.431977
229.8		0.431977
229.9		0.431977
230		0.431977
230.1		0.436397
230.2		0.436397
230.3		0.436397
230.4		0.436397
230.5		0.436397
230.6		0.436397
230.7		0.436397
230.8		0.436397
230.9		0.436397
231		0.436397
231.1		0.437549
231.2		0.437549
231.3		0.437549
231.4		0.437549
231.5		0.437549
231.6		0.437549
231.7		0.437549
231.8		0.437549
231.9		0.437549
232		0.437549
232.1		0.44033
232.2		0.44033
232.3		0.44033
232.4		0.44033
232.5		0.44033
232.6		0.44033
232.7		0.44033
232.8		0.44033
232.9		0.44033
233		0.44033
233.1		0.441914
233.2		0.441914
233.3		0.441914
233.4		0.441914
233.5		0.441914
233.6		0.441914
233.7		0.441914
233.8		0.441914
233.9		0.441914
234		0.441914
234.1		0.44321
234.2		0.44321
234.3		0.44321
234.4		0.44321
234.5		0.44321
234.6		0.44321
234.7		0.44321
234.8		0.44321
234.9		0.44321
235		0.44321
235.1		0.445857
235.2		0.445857
235.3		0.445857
235.4		0.445857
235.5		0.445857
235.6		0.445857
235.7		0.445857
235.8		0.445857
235.9		0.445857
236		0.445857
236.1		0.446212
236.2		0.446212
236.3		0.446212
236.4		0.446212
236.5		0.446212
236.6		0.446212
236.7		0.446212
236.8		0.446212
236.9		0.446212
237		0.446212
237.1		0.449801
237.2		0.449801
237.3		0.449801
237.4		0.449801
237.5		0.449801
237.6		0.449801
237.7		0.449801
237.8		0.449801
237.9		0.449801
238		0.449801
238.1		0.451585
238.2		0.451585
238.3		0.451585
238.4		0.451585
238.5		0.451585
238.6		0.451585
238.7		0.451585
238.8		0.451585
238.9		0.451585
239		0.451585
239.1		0.451729
239.2		0.451729
239.3		0.451729
239.4		0.451729
239.5		0.451729
239.6		0.451729
239.7		0.451729
239.8		0.451729
239.9		0.451729
240		0.451729
240.1		0.456082
240.2		0.456082
240.3		0.456082
240.4		0.456082
240.5		0.456082
240.6		0.456082
240.7		0.456082
240.8		0.456082
240.9		0.456082
241		0.456082
241.1		0.459062
241.2		0.459062
241.3		0.459062
241.4		0.459062
241.5		0.459062
241.6		0.459062
241.7		0.459062
241.8		0.459062
241.9		0.459062
242		0.459062
242.1		0.459483
242.2		0.459483
242.3		0.459483
242.4		0.459483
242.5		0.459483
242.6		0.459483
242.7		0.459483
242.8		0.459483
242.9		0.459483
243		0.459483
243.1		0.462629
243.2		0.462629
243.3		0.462629
243.4		0.462629
243.5		0.462629
243.6		0.462629
243.7		0.462629
243.8		0.462629
243.9		0.462629
244		0.462629
244.1		0.464612
244.2		0.464612
244.3		0.464612
244.4		0.464612
244.5		0.464612
244.6		0.464612
244.7		0.464612
244.8		0.464612
244.9		0.464612
245		0.464612
245.1		0.4648
245.2		0.4648
245.3		0.4648
245.4		0.4648
245.5		0.4648
245.6		0.4648
245.7		0.4648
245.8		0.4648
245.9		0.4648
246		0.4648
246.1		0.468334
246.2		0.468334
246.3		0.468334
246.4		0.468334
246.5		0.468334
246.6		0.468334
246.7		0.468334
246.8		0.468334
246.9		0.468334
247		0.468334
247.1		0.470649
247.2		0.470649
247.3		0.470649
247.4		0.470649
247.5		0.470649
247.6		0.470649
247.7		0.470649
247.8		0.470649
247.9		0.470649
248		0.470649
248.1		0.470649
248.2		0.470649
248.3		0.470649
248.4		0.470649
248.5		0.470649
248.6		0.470649
248.7		0.470649
248.8		0.470649
248.9		0.470649
249		0.470649
249.1		0.472499
249.2		0.472499
249.3		0.472499
249.4		0.472499
249.5		0.472499
249.6		0.472499
249.7		0.472499
249.8		0.472499
249.9		0.472499
250		0.472499
250.1		0.475313
250.2		0.475313
250.3		0.475313
250.4		0.475313
250.5		0.475313
250.6		0.475313
250.7		0.475313
250.8		0.475313
250.9		0.475313
251		0.475313
251.1		0.476631
251.2		0.476631
251.3		0.476631
251.4		0.476631
251.5		0.476631
251.6		0.476631
251.7		0.476631
251.8		0.476631
251.9		0.476631
252		0.476631
252.1		0.481018
252.2		0.481018
252.3		0.481018
252.4		0.481018
252.5		0.481018
252.6		0.481018
252.7		0.481018
252.8		0.481018
252.9		0.481018
253		0.481018
253.1		0.483821
253.2		0.483821
253.3		0.483821
253.4		0.483821
253.5		0.483821
253.6		0.483821
253.7		0.483821
253.8		0.483821
253.9		0.483821
254		0.483821
254.1		0.484009
254.2		0.484009
254.3		0.484009
254.4		0.484009
254.5		0.484009
254.6		0.484009
254.7		0.484009
254.8		0.484009
254.9		0.484009
255		0.484009
255.1		0.486136
255.2		0.486136
255.3		0.486136
255.4		0.486136
255.5		0.486136
255.6		0.486136
255.7		0.486136
255.8		0.486136
255.9		0.486136
256		0.486136
256.1		0.487499
256.2		0.487499
256.3		0.487499
256.4		0.487499
256.5		0.487499
256.6		0.487499
256.7		0.487499
256.8		0.487499
256.9		0.487499
257		0.487499
257.1		0.49142
257.2		0.49142
257.3		0.49142
257.4		0.49142
257.5		0.49142
257.6		0.49142
257.7		0.49142
257.8		0.49142
257.9		0.49142
258		0.49142
258.1		0.49162
258.2		0.49162
258.3		0.49162
258.4		0.49162
258.5		0.49162
258.6		0.49162
258.7		0.49162
258.8		0.49162
258.9		0.49162
259		0.49162
259.1		0.495807
259.2		0.495807
259.3		0.495807
259.4		0.495807
259.5		0.495807
259.6		0.495807
259.7		0.495807
259.8		0.495807
259.9		0.495807
260		0.495807
260.1		0.496184
260.2		0.496184
260.3		0.496184
260.4		0.496184
260.5		0.496184
260.6		0.496184
260.7		0.496184
260.8		0.496184
260.9		0.496184
261		0.496184
261.1		0.497192
261.2		0.497192
261.3		0.497192
261.4		0.497192
261.5		0.497192
261.6		0.497192
261.7		0.497192
261.8		0.497192
261.9		0.497192
262		0.497192
262.1		0.498577
262.2		0.498577
262.3		0.498577
262.4		0.498577
262.5		0.498577
262.6		0.498577
262.7		0.498577
262.8		0.498577
262.9		0.498577
263		0.498577
263.1		0.502553
263.2		0.502553
263.3		0.502553
263.4		0.502553
263.5		0.502553
263.6		0.502553
263.7		0.502553
263.8		0.502553
263.9		0.502553
264		0.502553
264.1		0.502853
264.2		0.502853
264.3		0.502853
264.4		0.502853
264.5		0.502853
264.6		0.502853
264.7		0.502853
264.8		0.502853
264.9		0.502853
265		0.502853
265.1		0.508059
265.2		0.508059
265.3		0.508059
265.4		0.508059
265.5		0.508059
265.6		0.508059
265.7		0.508059
265.8		0.508059
265.9		0.508059
266		0.508059
266.1		0.508779
266.2		0.508779
266.3		0.508779
266.4		0.508779
266.5		0.508779
266.6		0.508779
266.7		0.508779
266.8		0.508779
266.9		0.508779
267		0.508779
267.1		0.510474
267.2		0.510474
267.3		0.510474
267.4		0.510474
267.5		0.510474
267.6		0.510474
267.7		0.510474
267.8		0.510474
267.9		0.510474
268		0.510474
268.1		0.510995
268.2		0.510995
268.3		0.510995
268.4		0.510995
268.5		0.510995
268.6		0.510995
268.7		0.510995
268.8		0.510995
268.9		0.510995
269		0.510995
269.1		0.514506
269.2		0.514506
269.3		0.514506
269.4		0.514506
269.5		0.514506
269.6		0.514506
269.7		0.514506
269.8		0.514506
269.9		0.514506
270		0.514506
270.1		0.516799
270.2		0.516799
270.3		0.516799
270.4		0.516799
270.5		0.516799
270.6		0.516799
270.7		0.516799
270.8		0.516799
270.9		0.516799
271		0.516799
271.1		0.517132
271.2		0.517132
271.3		0.517132
271.4		0.517132
271.5		0.517132
271.6		0.517132
271.7		0.517132
271.8		0.517132
271.9		0.517132
272		0.517132
272.1		0.520544
272.2		0.520544
272.3		0.520544
272.4		0.520544
272.5		0.520544
272.6		0.520544
272.7		0.520544
272.8		0.520544
272.9		0.520544
273		0.520544
273.1		0.521308
273.2		0.521308
273.3		0.521308
273.4		0.521308
273.5		0.521308
273.6		0.521308
273.7		0.521308
273.8		0.521308
273.9		0.521308
274		0.521308
274.1		0.524997
274.2		0.524997
274.3		0.524997
274.4		0.524997
274.5		0.524997
274.6		0.524997
274.7		0.524997
274.8		0.524997
274.9		0.524997
275		0.524997
275.1		0.525318
275.2		0.525318
275.3		0.525318
275.4		0.525318
275.5		0.525318
275.6		0.525318
275.7		0.525318
275.8		0.525318
275.9		0.525318
276		0.525318
276.1		0.529727
276.2		0.529727
276.3		0.529727
276.4		0.529727
276.5		0.529727
276.6		0.529727
276.7		0.529727
276.8		0.529727
276.9		0.529727
277		0.529727
277.1		0.530037
277.2		0.530037
277.3		0.530037
277.4		0.530037
277.5		0.530037
277.6		0.530037
277.7		0.530037
277.8		0.530037
277.9		0.530037
278		0.530037
278.1		0.532142
278.2		0.532142
278.3		0.532142
278.4		0.532142
278.5		0.532142
278.6		0.532142
278.7		0.532142
278.8		0.532142
278.9		0.532142
279		0.532142
279.1		0.537869
279.2		0.537869
279.3		0.537869
279.4		0.537869
279.5		0.537869
279.6		0.537869
279.7		0.537869
279.8		0.537869
279.9		0.537869
280		0.537869
280.1		0.538179
280.2		0.538179
280.3		0.538179
280.4		0.538179
280.5		0.538179
280.6		0.538179
280.7		0.538179
280.8		0.538179
280.9		0.538179
281		0.538179
281.1		0.540539
281.2		0.540539
281.3		0.540539
281.4		0.540539
281.5		0.540539
281.6		0.540539
281.7		0.540539
281.8		0.540539
281.9		0.540539
282		0.540539
282.1		0.542123
282.2		0.542123
282.3		0.542123
282.4		0.542123
282.5		0.542123
282.6		0.542123
282.7		0.542123
282.8		0.542123
282.9		0.542123
283		0.542123
283.1		0.546344
283.2		0.546344
283.3		0.546344
283.4		0.546344
283.5		0.546344
283.6		0.546344
283.7		0.546344
283.8		0.546344
283.9		0.546344
284		0.546344
284.1		0.550564
284.2		0.550564
284.3		0.550564
284.4		0.550564
284.5		0.550564
284.6		0.550564
284.7		0.550564
284.8		0.550564
284.9		0.550564
285		0.550564
285.1		0.552514
285.2		0.552514
285.3		0.552514
285.4		0.552514
285.5		0.552514
285.6		0.552514
285.7		0.552514
285.8		0.552514
285.9		0.552514
286		0.552514
286.1		0.55525
286.2		0.55525
286.3		0.55525
286.4		0.55525
286.5		0.55525
286.6		0.55525
286.7		0.55525
286.8		0.55525
286.9		0.55525
287		0.55525
287.1		0.556347
287.2		0.556347
287.3		0.556347
287.4		0.556347
287.5		0.556347
287.6		0.556347
287.7		0.556347
287.8		0.556347
287.9		0.556347
288		0.556347
288.1		0.557089
288.2		0.557089
288.3		0.557089
288.4		0.557089
288.5		0.557089
288.6		0.557089
288.7		0.557089
288.8		0.557089
288.9		0.557089
289		0.557089
289.1		0.559537
289.2		0.559537
289.3		0.559537
289.4		0.559537
289.5		0.559537
289.6		0.559537
289.7		0.559537
289.8		0.559537
289.9		0.559537
290		0.559537
290.1		0.559537
290.2		0.559537
290.3		0.559537
290.4		0.559537
290.5		0.559537
290.6		0.559537
290.7		0.559537
290.8		0.559537
290.9		0.559537
291		0.559537
291.1		0.563171
291.2		0.563171
291.3		0.563171
291.4		0.563171
291.5		0.563171
291.6		0.563171
291.7		0.563171
291.8		0.563171
291.9		0.563171
292		0.563171
292.1		0.563703
292.2		0.563703
292.3		0.563703
292.4		0.563703
292.5		0.563703
292.6		0.563703
292.7		0.563703
292.8		0.563703
292.9		0.563703
293		0.563703
293.1		0.564677
293.2		0.564677
293.3		0.564677
293.4		0.564677
293.5		0.564677
293.6		0.564677
293.7		0.564677
293.8		0.564677
293.9		0.564677
294		0.564677
294.1		0.568466
294.2		0.568466
294.3		0.568466
294.4		0.568466
294.5		0.568466
294.6		0.568466
294.7		0.568466
294.8		0.568466
294.9		0.568466
295		0.568466
295.1		0.56995
295.2		0.56995
295.3		0.56995
295.4		0.56995
295.5		0.56995
295.6		0.56995
295.7		0.56995
295.8		0.56995
295.9		0.56995
296		0.56995
296.1		0.57467
296.2		0.57467
296.3		0.57467
296.4		0.57467
296.5		0.57467
296.6		0.57467
296.7		0.57467
296.8		0.57467
296.9		0.57467
297		0.57467
297.1		0.578037
297.2		0.578037
297.3		0.578037
297.4		0.578037
297.5		0.578037
297.6		0.578037
297.7		0.578037
297.8		0.578037
297.9		0.578037
298		0.578037
298.1		0.580574
298.2		0.580574
298.3		0.580574
298.4		0.580574
298.5		0.580574
298.6		0.580574
298.7		0.580574
298.8		0.580574
298.9		0.580574
299		0.580574
299.1		0.585083
299.2		0.585083
299.3		0.585083
299.4		0.585083
299.5		0.585083
299.6		0.585083
299.7		0.585083
299.8		0.585083
299.9		0.585083
300		0.585083
300.1		0.585426
300.2		0.585426
300.3		0.585426
300.4		0.585426
300.5		0.585426
300.6		0.585426
300.7		0.585426
300.8		0.585426
300.9		0.585426
301		0.585426
301.1		0.588971
301.2		0.588971
301.3		0.588971
301.4		0.588971
301.5		0.588971
301.6		0.588971
301.7		0.588971
301.8		0.588971
301.9		0.588971
302		0.588971
302.1		0.5904
302.2		0.5904
302.3		0.5904
302.4		0.5904
302.5		0.5904
302.6		0.5904
302.7		0.5904
302.8		0.5904
302.9		0.5904
303		0.5904
303.1		0.595518
303.2		0.595518
303.3		0.595518
303.4		0.595518
303.5		0.595518
303.6		0.595518
303.7		0.595518
303.8		0.595518
303.9		0.595518
304		0.595518
304.1		0.596659
304.2		0.596659
304.3		0.596659
304.4		0.596659
304.5		0.596659
304.6		0.596659
304.7		0.596659
304.8		0.596659
304.9		0.596659
305		0.596659
305.1		0.597645
305.2		0.597645
305.3		0.597645
305.4		0.597645
305.5		0.597645
305.6		0.597645
305.7		0.597645
305.8		0.597645
305.9		0.597645
306		0.597645
306.1		0.59852
306.2		0.59852
306.3		0.59852
306.4		0.59852
306.5		0.59852
306.6		0.59852
306.7		0.59852
306.8		0.59852
306.9		0.59852
307		0.59852
307.1		0.600868
307.2		0.600868
307.3		0.600868
307.4		0.600868
307.5		0.600868
307.6		0.600868
307.7		0.600868
307.8		0.600868
307.9		0.600868
308		0.600868
308.1		0.601223
308.2		0.601223
308.3		0.601223
308.4		0.601223
308.5		0.601223
308.6		0.601223
308.7		0.601223
308.8		0.601223
308.9		0.601223
309		0.601223
309.1		0.605034
309.2		0.605034
309.3		0.605034
309.4		0.605034
309.5		0.605034
309.6		0.605034
309.7		0.605034
309.8		0.605034
309.9		0.605034
310		0.605034
310.1		0.60654
310.2		0.60654
310.3		0.60654
310.4		0.60654
310.5		0.60654
310.6		0.60654
310.7		0.60654
310.8		0.60654
310.9		0.60654
311		0.60654
311.1		0.607139
311.2		0.607139
311.3		0.607139
311.4		0.607139
311.5		0.607139
311.6		0.607139
311.7		0.607139
311.8		0.607139
311.9		0.607139
312		0.607139
312.1		0.612877
312.2		0.612877
312.3		0.612877
312.4		0.612877
312.5		0.612877
312.6		0.612877
312.7		0.612877
312.8		0.612877
312.9		0.612877
313		0.612877
313.1		0.613054
313.2		0.613054
313.3		0.613054
313.4		0.613054
313.5		0.613054
313.6		0.613054
313.7		0.613054
313.8		0.613054
313.9		0.613054
314		0.613054
314.1		0.613309
314.2		0.613309
314.3		0.613309
314.4		0.613309
314.5		0.613309
314.6		0.613309
314.7		0.613309
314.8		0.613309
314.9		0.613309
315		0.613309
315.1		0.616577
315.2		0.616577
315.3		0.616577
315.4		0.616577
315.5		0.616577
315.6		0.616577
315.7		0.616577
315.8		0.616577
315.9		0.616577
316		0.616577
316.1		0.620299
316.2		0.620299
316.3		0.620299
316.4		0.620299
316.5		0.620299
316.6		0.620299
316.7		0.620299
316.8		0.620299
316.9		0.620299
317		0.620299
317.1		0.621063
317.2		0.621063
317.3		0.621063
317.4		0.621063
317.5		0.621063
317.6		0.621063
317.7		0.621063
317.8		0.621063
317.9		0.621063
318		0.621063
318.1		0.624664
318.2		0.624664
318.3		0.624664
318.4		0.624664
318.5		0.624664
318.6		0.624664
318.7		0.624664
318.8		0.624664
318.9		0.624664
319		0.624664
319.1		0.626104
319.2		0.626104
319.3		0.626104
319.4		0.626104
319.5		0.626104
319.6		0.626104
319.7		0.626104
319.8		0.626104
319.9		0.626104
320		0.626104
320.1		0.628363
320.2		0.628363
320.3		0.628363
320.4		0.628363
320.5		0.628363
320.6		0.628363
320.7		0.628363
320.8		0.628363
320.9		0.628363
321		0.628363
321.1		0.630125
321.2		0.630125
321.3		0.630125
321.4		0.630125
321.5		0.630125
321.6		0.630125
321.7		0.630125
321.8		0.630125
321.9		0.630125
322		0.630125
322.1		0.631044
322.2		0.631044
322.3		0.631044
322.4		0.631044
322.5		0.631044
322.6		0.631044
322.7		0.631044
322.8		0.631044
322.9		0.631044
323		0.631044
323.1		0.632784
323.2		0.632784
323.3		0.632784
323.4		0.632784
323.5		0.632784
323.6		0.632784
323.7		0.632784
323.8		0.632784
323.9		0.632784
324		0.632784
324.1		0.636118
324.2		0.636118
324.3		0.636118
324.4		0.636118
324.5		0.636118
324.6		0.636118
324.7		0.636118
324.8		0.636118
324.9		0.636118
325		0.636118
325.1		0.637913
325.2		0.637913
325.3		0.637913
325.4		0.637913
325.5		0.637913
325.6		0.637913
325.7		0.637913
325.8		0.637913
325.9		0.637913
326		0.637913
326.1		0.642421
326.2		0.642421
326.3		0.642421
326.4		0.642421
326.5		0.642421
326.6		0.642421
326.7		0.642421
326.8		0.642421
326.9		0.642421
327		0.642421
327.1		0.64292
327.2		0.64292
327.3		0.64292
327.4		0.64292
327.5		0.64292
327.6		0.64292
327.7		0.64292
327.8		0.64292
327.9		0.64292
328		0.64292
328.1		0.64292
328.2		0.64292
328.3		0.64292
328.4		0.64292
328.5		0.64292
328.6		0.64292
328.7		0.64292
328.8		0.64292
328.9		0.64292
329		0.64292
329.1		0.646332
329.2		0.646332
329.3		0.646332
329.4		0.646332
329.5		0.646332
329.6		0.646332
329.7		0.646332
329.8		0.646332
329.9		0.646332
330		0.646332
330.1		0.646542
330.2		0.646542
330.3		0.646542
330.4		0.646542
330.5		0.646542
330.6		0.646542
330.7		0.646542
330.8		0.646542
330.9		0.646542
331		0.646542
331.1		0.650807
331.2		0.650807
331.3		0.650807
331.4		0.650807
331.5		0.650807
331.6		0.650807
331.7		0.650807
331.8		0.650807
331.9		0.650807
332		0.650807
332.1		0.653732
332.2		0.653732
332.3		0.653732
332.4		0.653732
332.5		0.653732
332.6		0.653732
332.7		0.653732
332.8		0.653732
332.9		0.653732
333		0.653732
333.1		0.654507
333.2		0.654507
333.3		0.654507
333.4		0.654507
333.5		0.654507
333.6		0.654507
333.7		0.654507
333.8		0.654507
333.9		0.654507
334		0.654507
334.1		0.65505
334.2		0.65505
334.3		0.65505
334.4		0.65505
334.5		0.65505
334.6		0.65505
334.7		0.65505
334.8		0.65505
334.9		0.65505
335		0.65505
335.1		0.659902
335.2		0.659902
335.3		0.659902
335.4		0.659902
335.5		0.659902
335.6		0.659902
335.7		0.659902
335.8		0.659902
335.9		0.659902
336		0.659902
336.1		0.660301
336.2		0.660301
336.3		0.660301
336.4		0.660301
336.5		0.660301
336.6		0.660301
336.7		0.660301
336.8		0.660301
336.9		0.660301
337		0.660301
337.1		0.662981
337.2		0.662981
337.3		0.662981
337.4		0.662981
337.5		0.662981
337.6		0.662981
337.7		0.662981
337.8		0.662981
337.9		0.662981
338		0.662981
338.1		0.66543
338.2		0.66543
338.3		0.66543
338.4		0.66543
338.5		0.66543
338.6		0.66543
338.7		0.66543
338.8		0.66543
338.9		0.66543
339		0.66543
339.1		0.666116
339.2		0.666116
339.3		0.666116
339.4		0.666116
339.5		0.666116
339.6		0.666116
339.7		0.666116
339.8		0.666116
339.9		0.666116
340		0.666116
340.1		0.670171
340.2		0.670171
340.3		0.670171
340.4		0.670171
340.5		0.670171
340.6		0.670171
340.7		0.670171
340.8		0.670171
340.9		0.670171
341		0.670171
341.1		0.674602
341.2		0.674602
341.3		0.674602
341.4		0.674602
341.5		0.674602
341.6		0.674602
341.7		0.674602
341.8		0.674602
341.9		0.674602
342		0.674602
342.1		0.677261
342.2		0.677261
342.3		0.677261
342.4		0.677261
342.5		0.677261
342.6		0.677261
342.7		0.677261
342.8		0.677261
342.9		0.677261
343		0.677261
343.1		0.681348
343.2		0.681348
343.3		0.681348
343.4		0.681348
343.5		0.681348
343.6		0.681348
343.7		0.681348
343.8		0.681348
343.9		0.681348
344		0.681348
344.1		0.681814
344.2		0.681814
344.3		0.681814
344.4		0.681814
344.5		0.681814
344.6		0.681814
344.7		0.681814
344.8		0.681814
344.9		0.681814
345		0.681814
345.1		0.682512
345.2		0.682512
345.3		0.682512
345.4		0.682512
345.5		0.682512
345.6		0.682512
345.7		0.682512
345.8		0.682512
345.9		0.682512
346		0.682512
346.1		0.684306
346.2		0.684306
346.3		0.684306
346.4		0.684306
346.5		0.684306
346.6		0.684306
346.7		0.684306
346.8		0.684306
346.9		0.684306
347		0.684306
347.1		0.686001
347.2		0.686001
347.3		0.686001
347.4		0.686001
347.5		0.686001
347.6		0.686001
347.7		0.686001
347.8		0.686001
347.9		0.686001
348		0.686001
348.1		0.687762
348.2		0.687762
348.3		0.687762
348.4		0.687762
348.5		0.687762
348.6		0.687762
348.7		0.687762
348.8		0.687762
348.9		0.687762
349		0.687762
349.1		0.687762
349.2		0.687762
349.3		0.687762
349.4		0.687762
349.5		0.687762
349.6		0.687762
349.7		0.687762
349.8		0.687762
349.9		0.687762
350		0.687762
350.1		0.689845
350.2		0.689845
350.3		0.689845
350.4		0.689845
350.5		0.689845
350.6		0.689845
350.7		0.689845
350.8		0.689845
350.9		0.689845
351		0.689845
351.1		0.693379
351.2		0.693379
351.3		0.693379
351.4		0.693379
351.5		0.693379
351.6		0.693379
351.7		0.693379
351.8		0.693379
351.9		0.693379
352		0.693379
352.1		0.695517
352.2		0.695517
352.3		0.695517
352.4		0.695517
352.5		0.695517
352.6		0.695517
352.7		0.695517
352.8		0.695517
352.9		0.695517
353		0.695517
353.1		0.69596
353.2		0.69596
353.3		0.69596
353.4		0.69596
353.5		0.69596
353.6		0.69596
353.7		0.69596
353.8		0.69596
353.9		0.69596
354		0.69596
354.1		0.699549
354.2		0.699549
354.3		0.699549
354.4		0.699549
354.5		0.699549
354.6		0.699549
354.7		0.699549
354.8		0.699549
354.9		0.699549
355		0.699549
355.1		0.702097
355.2		0.702097
355.3		0.702097
355.4		0.702097
355.5		0.702097
355.6		0.702097
355.7		0.702097
355.8		0.702097
355.9		0.702097
356		0.702097
356.1		0.705764
356.2		0.705764
356.3		0.705764
356.4		0.705764
356.5		0.705764
356.6		0.705764
356.7		0.705764
356.8		0.705764
356.9		0.705764
357		0.705764
357.1		0.709874
357.2		0.709874
357.3		0.709874
357.4		0.709874
357.5		0.709874
357.6		0.709874
357.7		0.709874
357.8		0.709874
357.9		0.709874
358		0.709874
358.1		0.712366
358.2		0.712366
358.3		0.712366
358.4		0.712366
358.5		0.712366
358.6		0.712366
358.7		0.712366
358.8		0.712366
358.9		0.712366
359		0.712366
359.1		0.714327
359.2		0.714327
359.3		0.714327
359.4		0.714327
359.5		0.714327
359.6		0.714327
359.7		0.714327
359.8		0.714327
359.9		0.714327
360		0.714327
360.1		0.716952
360.2		0.716952
360.3		0.716952
360.4		0.716952
360.5		0.716952
360.6		0.716952
360.7		0.716952
360.8		0.716952
360.9		0.716952
361		0.716952
361.1		0.718968
361.2		0.718968
361.3		0.718968
361.4		0.718968
361.5		0.718968
361.6		0.718968
361.7		0.718968
361.8		0.718968
361.9		0.718968
362		0.718968
362.1		0.722646
362.2		0.722646
362.3		0.722646
362.4		0.722646
362.5		0.722646
362.6		0.722646
362.7		0.722646
362.8		0.722646
362.9		0.722646
363		0.722646
363.1		0.724939
363.2		0.724939
363.3		0.724939
363.4		0.724939
363.5		0.724939
363.6		0.724939
363.7		0.724939
363.8		0.724939
363.9		0.724939
364		0.724939
364.1		0.727188
364.2		0.727188
364.3		0.727188
364.4		0.727188
364.5		0.727188
364.6		0.727188
364.7		0.727188
364.8		0.727188
364.9		0.727188
365		0.727188
365.1		0.727875
365.2		0.727875
365.3		0.727875
365.4		0.727875
365.5		0.727875
365.6		0.727875
365.7		0.727875
365.8		0.727875
365.9		0.727875
366		0.727875
366.1		0.728196
366.2		0.728196
366.3		0.728196
366.4		0.728196
366.5		0.728196
366.6		0.728196
366.7		0.728196
366.8		0.728196
366.9		0.728196
367		0.728196
367.1		0.731198
367.2		0.731198
367.3		0.731198
367.4		0.731198
367.5		0.731198
367.6		0.731198
367.7		0.731198
367.8		0.731198
367.9		0.731198
368		0.731198
368.1		0.731586
368.2		0.731586
368.3		0.731586
368.4		0.731586
368.5		0.731586
368.6		0.731586
368.7		0.731586
368.8		0.731586
368.9		0.731586
369		0.731586
369.1		0.733735
369.2		0.733735
369.3		0.733735
369.4		0.733735
369.5		0.733735
369.6		0.733735
369.7		0.733735
369.8		0.733735
369.9		0.733735
370		0.733735
370.1		0.73831
370.2		0.73831
370.3		0.73831
370.4		0.73831
370.5		0.73831
370.6		0.73831
370.7		0.73831
370.8		0.73831
370.9		0.73831
371		0.73831
371.1		0.739296
371.2		0.739296
371.3		0.739296
371.4		0.739296
371.5		0.739296
371.6		0.739296
371.7		0.739296
371.8		0.739296
371.9		0.739296
372		0.739296
372.1		0.740947
372.2		0.740947
372.3		0.740947
372.4		0.740947
372.5		0.740947
372.6		0.740947
372.7		0.740947
372.8		0.740947
372.9		0.740947
373		0.740947
373.1		0.743018
373.2		0.743018
373.3		0.743018
373.4		0.743018
373.5		0.743018
373.6		0.743018
373.7		0.743018
373.8		0.743018
373.9		0.743018
374		0.743018
374.1		0.745876
374.2		0.745876
374.3		0.745876
374.4		0.745876
374.5		0.745876
374.6		0.745876
374.7		0.745876
374.8		0.745876
374.9		0.745876
375		0.745876
375.1		0.747449
375.2		0.747449
375.3		0.747449
375.4		0.747449
375.5		0.747449
375.6		0.747449
375.7		0.747449
375.8		0.747449
375.9		0.747449
376		0.747449
376.1		0.750053
376.2		0.750053
376.3		0.750053
376.4		0.750053
376.5		0.750053
376.6		0.750053
376.7		0.750053
376.8		0.750053
376.9		0.750053
377		0.750053
377.1		0.751459
377.2		0.751459
377.3		0.751459
377.4		0.751459
377.5		0.751459
377.6		0.751459
377.7		0.751459
377.8		0.751459
377.9		0.751459
378		0.751459
378.1		0.751604
378.2		0.751604
378.3		0.751604
378.4		0.751604
378.5		0.751604
378.6		0.751604
378.7		0.751604
378.8		0.751604
378.9		0.751604
379		0.751604
379.1		0.752601
379.2		0.752601
379.3		0.752601
379.4		0.752601
379.5		0.752601
379.6		0.752601
379.7		0.752601
379.8		0.752601
379.9		0.752601
380		0.752601
380.1		0.755082
380.2		0.755082
380.3		0.755082
380.4		0.755082
380.5		0.755082
380.6		0.755082
380.7		0.755082
380.8		0.755082
380.9		0.755082
381		0.755082
381.1		0.757807
381.2		0.757807
381.3		0.757807
381.4		0.757807
381.5		0.757807
381.6		0.757807
381.7		0.757807
381.8		0.757807
381.9		0.757807
382		0.757807
382.1		0.761828
382.2		0.761828
382.3		0.761828
382.4		0.761828
382.5		0.761828
382.6		0.761828
382.7		0.761828
382.8		0.761828
382.9		0.761828
383		0.761828
383.1		0.761928
383.2		0.761928
383.3		0.761928
383.4		0.761928
383.5		0.761928
383.6		0.761928
383.7		0.761928
383.8		0.761928
383.9		0.761928
384		0.761928
384.1		0.765152
384.2		0.765152
384.3		0.765152
384.4		0.765152
384.5		0.765152
384.6		0.765152
384.7		0.765152
384.8		0.765152
384.9		0.765152
385		0.765152
385.1		0.765816
385.2		0.765816
385.3		0.765816
385.4		0.765816
385.5		0.765816
385.6		0.765816
385.7		0.765816
385.8		0.765816
385.9		0.765816
386		0.765816
386.1		0.767988
386.2		0.767988
386.3		0.767988
386.4		0.767988
386.5		0.767988
386.6		0.767988
386.7		0.767988
386.8		0.767988
386.9		0.767988
387		0.767988
387.1		0.771676
387.2		0.771676
387.3		0.771676
387.4		0.771676
387.5		0.771676
387.6		0.771676
387.7		0.771676
387.8		0.771676
387.9		0.771676
388		0.771676
388.1		0.772009
388.2		0.772009
388.3		0.772009
388.4		0.772009
388.5		0.772009
388.6		0.772009
388.7		0.772009
388.8		0.772009
388.9		0.772009
389		0.772009
389.1		0.772241
389.2		0.772241
389.3		0.772241
389.4		0.772241
389.5		0.772241
389.6		0.772241
389.7		0.772241
389.8		0.772241
389.9		0.772241
390		0.772241
390.1		0.777193
390.2		0.777193
390.3		0.777193
390.4		0.777193
390.5		0.777193
390.6		0.777193
390.7		0.777193
390.8		0.777193
390.9		0.777193
391		0.777193
391.1		0.777658
391.2		0.777658
391.3		0.777658
391.4		0.777658
391.5		0.777658
391.6		0.777658
391.7		0.777658
391.8		0.777658
391.9		0.777658
392		0.777658
392.1		0.778622
392.2		0.778622
392.3		0.778622
392.4		0.778622
392.5		0.778622
392.6		0.778622
392.7		0.778622
392.8		0.778622
392.9		0.778622
393		0.778622
393.1		0.782566
393.2		0.782566
393.3		0.782566
393.4		0.782566
393.5		0.782566
393.6		0.782566
393.7		0.782566
393.8		0.782566
393.9		0.782566
394		0.782566
394.1		0.783031
394.2		0.783031
394.3		0.783031
394.4		0.783031
394.5		0.783031
394.6		0.783031
394.7		0.783031
394.8		0.783031
394.9		0.783031
395		0.783031
395.1		0.784183
395.2		0.784183
395.3		0.784183
395.4		0.784183
395.5		0.784183
395.6		0.784183
395.7		0.784183
395.8		0.784183
395.9		0.784183
396		0.784183
396.1		0.787495
396.2		0.787495
396.3		0.787495
396.4		0.787495
396.5		0.787495
396.6		0.787495
396.7		0.787495
396.8		0.787495
396.9		0.787495
397		0.787495
397.1		0.789578
397.2		0.789578
397.3		0.789578
397.4		0.789578
397.5		0.789578
397.6		0.789578
397.7		0.789578
397.8		0.789578
397.9		0.789578
398		0.789578
398.1		0.790874
398.2		0.790874
398.3		0.790874
398.4		0.790874
398.5		0.790874
398.6		0.790874
398.7		0.790874
398.8		0.790874
398.9		0.790874
399		0.790874
399.1		0.793943
399.2		0.793943
399.3		0.793943
399.4		0.793943
399.5		0.793943
399.6		0.793943
399.7		0.793943
399.8		0.793943
399.9		0.793943
400		0.793943
400.1		0.795416
400.2		0.795416
400.3		0.795416
400.4		0.795416
400.5		0.795416
400.6		0.795416
400.7		0.795416
400.8		0.795416
400.9		0.795416
401		0.795416
401.1		0.796125
401.2		0.796125
401.3		0.796125
401.4		0.796125
401.5		0.796125
401.6		0.796125
401.7		0.796125
401.8		0.796125
401.9		0.796125
402		0.796125
402.1		0.800401
402.2		0.800401
402.3		0.800401
402.4		0.800401
402.5		0.800401
402.6		0.800401
402.7		0.800401
402.8		0.800401
402.9		0.800401
403		0.800401
403.1		0.801276
403.2		0.801276
403.3		0.801276
403.4		0.801276
403.5		0.801276
403.6		0.801276
403.7		0.801276
403.8		0.801276
403.9		0.801276
404		0.801276
404.1		0.802738
404.2		0.802738
404.3		0.802738
404.4		0.802738
404.5		0.802738
404.6		0.802738
404.7		0.802738
404.8		0.802738
404.9		0.802738
405		0.802738
405.1		0.806317
405.2		0.806317
405.3		0.806317
405.4		0.806317
405.5		0.806317
405.6		0.806317
405.7		0.806317
405.8		0.806317
405.9		0.806317
406		0.806317
406.1		0.807579
406.2		0.807579
406.3		0.807579
406.4		0.807579
406.5		0.807579
406.6		0.807579
406.7		0.807579
406.8		0.807579
406.9		0.807579
407		0.807579
407.1		0.807878
407.2		0.807878
407.3		0.807878
407.4		0.807878
407.5		0.807878
407.6		0.807878
407.7		0.807878
407.8		0.807878
407.9		0.807878
408		0.807878
408.1		0.813074
408.2		0.813074
408.3		0.813074
408.4		0.813074
408.5		0.813074
408.6		0.813074
408.7		0.813074
408.8		0.813074
408.9		0.813074
409		0.813074
409.1		0.813262
409.2		0.813262
409.3		0.813262
409.4		0.813262
409.5		0.813262
409.6		0.813262
409.7		0.813262
409.8		0.813262
409.9		0.813262
410		0.813262
410.1		0.813406
410.2		0.813406
410.3		0.813406
410.4		0.813406
410.5		0.813406
410.6		0.813406
410.7		0.813406
410.8		0.813406
410.9		0.813406
411		0.813406
411.1		0.816065
411.2		0.816065
411.3		0.816065
411.4		0.816065
411.5		0.816065
411.6		0.816065
411.7		0.816065
411.8		0.816065
411.9		0.816065
412		0.816065
412.1		0.818868
412.2		0.818868
412.3		0.818868
412.4		0.818868
412.5		0.818868
412.6		0.818868
412.7		0.818868
412.8		0.818868
412.9		0.818868
413		0.818868
413.1		0.821338
413.2		0.821338
413.3		0.821338
413.4		0.821338
413.5		0.821338
413.6		0.821338
413.7		0.821338
413.8		0.821338
413.9		0.821338
414		0.821338
414.1		0.821836
414.2		0.821836
414.3		0.821836
414.4		0.821836
414.5		0.821836
414.6		0.821836
414.7		0.821836
414.8		0.821836
414.9		0.821836
415		0.821836
415.1		0.823011
415.2		0.823011
415.3		0.823011
415.4		0.823011
415.5		0.823011
415.6		0.823011
415.7		0.823011
415.8		0.823011
415.9		0.823011
416		0.823011
416.1		0.825636
416.2		0.825636
416.3		0.825636
416.4		0.825636
416.5		0.825636
416.6		0.825636
416.7		0.825636
416.8		0.825636
416.9		0.825636
417		0.825636
417.1		0.827519
417.2		0.827519
417.3		0.827519
417.4		0.827519
417.5		0.827519
417.6		0.827519
417.7		0.827519
417.8		0.827519
417.9		0.827519
418		0.827519
418.1		0.82825
418.2		0.82825
418.3		0.82825
418.4		0.82825
418.5		0.82825
418.6		0.82825
418.7		0.82825
418.8		0.82825
418.9		0.82825
419		0.82825
419.1		0.832704
419.2		0.832704
419.3		0.832704
419.4		0.832704
419.5		0.832704
419.6		0.832704
419.7		0.832704
419.8		0.832704
419.9		0.832704
420		0.832704
420.1		0.8339
420.2		0.8339
420.3		0.8339
420.4		0.8339
420.5		0.8339
420.6		0.8339
420.7		0.8339
420.8		0.8339
420.9		0.8339
421		0.8339
421.1		0.838198
421.2		0.838198
421.3		0.838198
421.4		0.838198
421.5		0.838198
421.6		0.838198
421.7		0.838198
421.8		0.838198
421.9		0.838198
422		0.838198
422.1		0.840536
422.2		0.840536
422.3		0.840536
422.4		0.840536
422.5		0.840536
422.6		0.840536
422.7		0.840536
422.8		0.840536
422.9		0.840536
423		0.840536
423.1		0.841455
423.2		0.841455
423.3		0.841455
423.4		0.841455
423.5		0.841455
423.6		0.841455
423.7		0.841455
423.8		0.841455
423.9		0.841455
424		0.841455
424.1		0.842973
424.2		0.842973
424.3		0.842973
424.4		0.842973
424.5		0.842973
424.6		0.842973
424.7		0.842973
424.8		0.842973
424.9		0.842973
425		0.842973
425.1		0.845997
425.2		0.845997
425.3		0.845997
425.4		0.845997
425.5		0.845997
425.6		0.845997
425.7		0.845997
425.8		0.845997
425.9		0.845997
426		0.845997
426.1		0.847193
426.2		0.847193
426.3		0.847193
426.4		0.847193
426.5		0.847193
426.6		0.847193
426.7		0.847193
426.8		0.847193
426.9		0.847193
427		0.847193
427.1		0.84983
427.2		0.84983
427.3		0.84983
427.4		0.84983
427.5		0.84983
427.6		0.84983
427.7		0.84983
427.8		0.84983
427.9		0.84983
428		0.84983
428.1		0.852001
428.2		0.852001
428.3		0.852001
428.4		0.852001
428.5		0.852001
428.6		0.852001
428.7		0.852001
428.8		0.852001
428.9		0.852001
429		0.852001
429.1		0.852322
429.2		0.852322
429.3		0.852322
429.4		0.852322
429.5		0.852322
429.6		0.852322
429.7		0.852322
429.8		0.852322
429.9		0.852322
430		0.852322
430.1		0.85569
430.2		0.85569
430.3		0.85569
430.4		0.85569
430.5		0.85569
430.6		0.85569
430.7		0.85569
430.8		0.85569
430.9		0.85569
431		0.85569
431.1		0.857673
431.2		0.857673
431.3		0.857673
431.4		0.857673
431.5		0.857673
431.6		0.857673
431.7		0.857673
431.8		0.857673
431.9		0.857673
432		0.857673
432.1		0.858304
432.2		0.858304
432.3		0.858304
432.4		0.858304
432.5		0.858304
432.6		0.858304
432.7		0.858304
432.8		0.858304
432.9		0.858304
433		0.858304
433.1		0.860974
433.2		0.860974
433.3		0.860974
433.4		0.860974
433.5		0.860974
433.6		0.860974
433.7		0.860974
433.8		0.860974
433.9		0.860974
434		0.860974
434.1		0.863677
434.2		0.863677
434.3		0.863677
434.4		0.863677
434.5		0.863677
434.6		0.863677
434.7		0.863677
434.8		0.863677
434.9		0.863677
435		0.863677
435.1		0.864918
435.2		0.864918
435.3		0.864918
435.4		0.864918
435.5		0.864918
435.6		0.864918
435.7		0.864918
435.8		0.864918
435.9		0.864918
436		0.864918
436.1		0.866092
436.2		0.866092
436.3		0.866092
436.4		0.866092
436.5		0.866092
436.6		0.866092
436.7		0.866092
436.8		0.866092
436.9		0.866092
437		0.866092
437.1		0.869936
437.2		0.869936
437.3		0.869936
437.4		0.869936
437.5		0.869936
437.6		0.869936
437.7		0.869936
437.8		0.869936
437.9		0.869936
438		0.869936
438.1		0.872484
438.2		0.872484
438.3		0.872484
438.4		0.872484
438.5		0.872484
438.6		0.872484
438.7		0.872484
438.8		0.872484
438.9		0.872484
439		0.872484
439.1		0.874345
439.2		0.874345
439.3		0.874345
439.4		0.874345
439.5		0.874345
439.6		0.874345
439.7		0.874345
439.8		0.874345
439.9		0.874345
440		0.874345
440.1		0.87563
440.2		0.87563
440.3		0.87563
440.4		0.87563
440.5		0.87563
440.6		0.87563
440.7		0.87563
440.8		0.87563
440.9		0.87563
441		0.87563
441.1		0.876361
441.2		0.876361
441.3		0.876361
441.4		0.876361
441.5		0.876361
441.6		0.876361
441.7		0.876361
441.8		0.876361
441.9		0.876361
442		0.876361
442.1		0.879441
442.2		0.879441
442.3		0.879441
442.4		0.879441
442.5		0.879441
442.6		0.879441
442.7		0.879441
442.8		0.879441
442.9		0.879441
443		0.879441
443.1		0.882476
443.2		0.882476
443.3		0.882476
443.4		0.882476
443.5		0.882476
443.6		0.882476
443.7		0.882476
443.8		0.882476
443.9		0.882476
444		0.882476
444.1		0.883329
444.2		0.883329
444.3		0.883329
444.4		0.883329
444.5		0.883329
444.6		0.883329
444.7		0.883329
444.8		0.883329
444.9		0.883329
445		0.883329
445.1		0.885323
445.2		0.885323
445.3		0.885323
445.4		0.885323
445.5		0.885323
445.6		0.885323
445.7		0.885323
445.8		0.885323
445.9		0.885323
446		0.885323
446.1		0.885799
446.2		0.885799
446.3		0.885799
446.4		0.885799
446.5		0.885799
446.6		0.885799
446.7		0.885799
446.8		0.885799
446.9		0.885799
447		0.885799
447.1		0.890297
447.2		0.890297
447.3		0.890297
447.4		0.890297
447.5		0.890297
447.6		0.890297
447.7		0.890297
447.8		0.890297
447.9		0.890297
448		0.890297
448.1		0.892978
448.2		0.892978
448.3		0.892978
448.4		0.892978
448.5		0.892978
448.6		0.892978
448.7		0.892978
448.8		0.892978
448.9		0.892978
449		0.892978
449.1		0.894739
449.2		0.894739
449.3		0.894739
449.4		0.894739
449.5		0.894739
449.6		0.894739
449.7		0.894739
449.8		0.894739
449.9		0.894739
450		0.894739
450.1		0.895182
450.2		0.895182
450.3		0.895182
450.4		0.895182
450.5		0.895182
450.6		0.895182
450.7		0.895182
450.8		0.895182
450.9		0.895182
451		0.895182
451.1		0.897054
451.2		0.897054
451.3		0.897054
451.4		0.897054
451.5		0.897054
451.6		0.897054
451.7		0.897054
451.8		0.897054
451.9		0.897054
452		0.897054
452.1		0.898262
452.2		0.898262
452.3		0.898262
452.4		0.898262
452.5		0.898262
452.6		0.898262
452.7		0.898262
452.8		0.898262
452.9		0.898262
453		0.898262
453.1		0.901541
453.2		0.901541
453.3		0.901541
453.4		0.901541
453.5		0.901541
453.6		0.901541
453.7		0.901541
453.8		0.901541
453.9		0.901541
454		0.901541
454.1		0.905839
454.2		0.905839
454.3		0.905839
454.4		0.905839
454.5		0.905839
454.6		0.905839
454.7		0.905839
454.8		0.905839
454.9		0.905839
455		0.905839
455.1		0.906038
455.2		0.906038
455.3		0.906038
455.4		0.906038
455.5		0.906038
455.6		0.906038
455.7		0.906038
455.8		0.906038
455.9		0.906038
456		0.906038
456.1		0.907578
456.2		0.907578
456.3		0.907578
456.4		0.907578
456.5		0.907578
456.6		0.907578
456.7		0.907578
456.8		0.907578
456.9		0.907578
457		0.907578
457.1		0.909683
457.2		0.909683
457.3		0.909683
457.4		0.909683
457.5		0.909683
457.6		0.909683
457.7		0.909683
457.8		0.909683
457.9		0.909683
458		0.909683
458.1		0.91047
458.2		0.91047
458.3		0.91047
458.4		0.91047
458.5		0.91047
458.6		0.91047
458.7		0.91047
458.8		0.91047
458.9		0.91047
459		0.91047
459.1		0.912497
459.2		0.912497
459.3		0.912497
459.4		0.912497
459.5		0.912497
459.6		0.912497
459.7		0.912497
459.8		0.912497
459.9		0.912497
460		0.912497
460.1		0.918069
460.2		0.918069
460.3		0.918069
460.4		0.918069
460.5		0.918069
460.6		0.918069
460.7		0.918069
460.8		0.918069
460.9		0.918069
461		0.918069
461.1		0.918235
461.2		0.918235
461.3		0.918235
461.4		0.918235
461.5		0.918235
461.6		0.918235
461.7		0.918235
461.8		0.918235
461.9		0.918235
462		0.918235
462.1		0.919587
462.2		0.919587
462.3		0.919587
462.4		0.919587
462.5		0.919587
462.6		0.919587
462.7		0.919587
462.8		0.919587
462.9		0.919587
463		0.919587
463.1		0.919963
463.2		0.919963
463.3		0.919963
463.4		0.919963
463.5		0.919963
463.6		0.919963
463.7		0.919963
463.8		0.919963
463.9		0.919963
464		0.919963
464.1		0.922821
464.2		0.922821
464.3		0.922821
464.4		0.922821
464.5		0.922821
464.6		0.922821
464.7		0.922821
464.8		0.922821
464.9		0.922821
465		0.922821
465.1		0.926942
465.2		0.926942
465.3		0.926942
465.4		0.926942
465.5		0.926942
465.6		0.926942
465.7		0.926942
465.8		0.926942
465.9		0.926942
466		0.926942
466.1		0.928903
466.2		0.928903
466.3		0.928903
466.4		0.928903
466.5		0.928903
466.6		0.928903
466.7		0.928903
466.8		0.928903
466.9		0.928903
467		0.928903
467.1		0.929169
467.2		0.929169
467.3		0.929169
467.4		0.929169
467.5		0.929169
467.6		0.929169
467.7		0.929169
467.8		0.929169
467.9		0.929169
468		0.929169
468.1		0.931063
468.2		0.931063
468.3		0.931063
468.4		0.931063
468.5		0.931063
468.6		0.931063
468.7		0.931063
468.8		0.931063
468.9		0.931063
469		0.931063
469.1		0.931761
469.2		0.931761
469.3		0.931761
469.4		0.931761
469.5		0.931761
469.6		0.931761
469.7		0.931761
469.8		0.931761
469.9		0.931761
470		0.931761
470.1		0.934453
470.2		0.934453
470.3		0.934453
470.4		0.934453
470.5		0.934453
470.6		0.934453
470.7		0.934453
470.8		0.934453
470.9		0.934453
471		0.934453
471.1		0.937577
471.2		0.937577
471.3		0.937577
471.4		0.937577
471.5		0.937577
471.6		0.937577
471.7		0.937577
471.8		0.937577
471.9		0.937577
472		0.937577
472.1		0.937577
472.2		0.937577
472.3		0.937577
472.4		0.937577
472.5		0.937577
472.6		0.937577
472.7		0.937577
472.8		0.937577
472.9		0.937577
473		0.937577
473.1		0.939549
473.2		0.939549
473.3		0.939549
473.4		0.939549
473.5		0.939549
473.6		0.939549
473.7		0.939549
473.8		0.939549
473.9		0.939549
474		0.939549
474.1		0.941288
474.2		0.941288
474.3		0.941288
474.4		0.941288
474.5		0.941288
474.6		0.941288
474.7		0.941288
474.8		0.941288
474.9		0.941288
475		0.941288
475.1		0.943227
475.2		0.943227
475.3		0.943227
475.4		0.943227
475.5		0.943227
475.6		0.943227
475.7		0.943227
475.8		0.943227
475.9		0.943227
476		0.943227
476.1		0.945254
476.2		0.945254
476.3		0.945254
476.4		0.945254
476.5		0.945254
476.6		0.945254
476.7		0.945254
476.8		0.945254
476.9		0.945254
477		0.945254
477.1		0.948378
477.2		0.948378
477.3		0.948378
477.4		0.948378
477.5		0.948378
477.6		0.948378
477.7		0.948378
477.8		0.948378
477.9		0.948378
478		0.948378
478.1		0.950394
478.2		0.950394
478.3		0.950394
478.4		0.950394
478.5		0.950394
478.6		0.950394
478.7		0.950394
478.8		0.950394
478.9		0.950394
479		0.950394
479.1		0.952576
479.2		0.952576
479.3		0.952576
479.4		0.952576
479.5		0.952576
479.6		0.952576
479.7		0.952576
479.8		0.952576
479.9		0.952576
480		0.952576
480.1		0.955711
480.2		0.955711
480.3		0.955711
480.4		0.955711
480.5		0.955711
480.6		0.955711
480.7		0.955711
480.8		0.955711
480.9		0.955711
481		0.955711
481.1		0.956021
481.2		0.956021
481.3		0.956021
481.4		0.956021
481.5		0.956021
481.6		0.956021
481.7		0.956021
481.8		0.956021
481.9		0.956021
482		0.956021
482.1		0.956885
482.2		0.956885
482.3		0.956885
482.4		0.956885
482.5		0.956885
482.6		0.956885
482.7		0.956885
482.8		0.956885
482.9		0.956885
483		0.956885
483.1		0.962059
483.2		0.962059
483.3		0.962059
483.4		0.962059
483.5		0.962059
483.6		0.962059
483.7		0.962059
483.8		0.962059
483.9		0.962059
484		0.962059
484.1		0.962369
484.2		0.962369
484.3		0.962369
484.4		0.962369
484.5		0.962369
484.6		0.962369
484.7		0.962369
484.8		0.962369
484.9		0.962369
485		0.962369
485.1		0.962601
485.2		0.962601
485.3		0.962601
485.4		0.962601
485.5		0.962601
485.6		0.962601
485.7		0.962601
485.8		0.962601
485.9		0.962601
486		0.962601
486.1		0.967786
486.2		0.967786
486.3		0.967786
486.4		0.967786
486.5		0.967786
486.6		0.967786
486.7		0.967786
486.8		0.967786
486.9		0.967786
487		0.967786
487.1		0.969835
487.2		0.969835
487.3		0.969835
487.4		0.969835
487.5		0.969835
487.6		0.969835
487.7		0.969835
487.8		0.969835
487.9		0.969835
488		0.969835
488.1		0.97009
488.2		0.97009
488.3		0.97009
488.4		0.97009
488.5		0.97009
488.6		0.97009
488.7		0.97009
488.8		0.97009
488.9		0.97009
489		0.97009
489.1		0.97317
489.2		0.97317
489.3		0.97317
489.4		0.97317
489.5		0.97317
489.6		0.97317
489.7		0.97317
489.8		0.97317
489.9		0.97317
490		0.97317
490.1		0.975009
490.2		0.975009
490.3		0.975009
490.4		0.975009
490.5		0.975009
490.6		0.975009
490.7		0.975009
490.8		0.975009
490.9		0.975009
491		0.975009
491.1		0.975274
491.2		0.975274
491.3		0.975274
491.4		0.975274
491.5		0.975274
491.6		0.975274
491.7		0.975274
491.8		0.975274
491.9		0.975274
492		0.975274
492.1		0.979916
492.2		0.979916
492.3		0.979916
492.4		0.979916
492.5		0.979916
492.6		0.979916
492.7		0.979916
492.8		0.979916
492.9		0.979916
493		0.979916
493.1		0.982586
493.2		0.982586
493.3		0.982586
493.4		0.982586
493.5		0.982586
493.6		0.982586
493.7		0.982586
493.8		0.982586
493.9		0.982586
494		0.982586
494.1		0.984391
494.2		0.984391
494.3		0.984391
494.4		0.984391
494.5		0.984391
494.6		0.984391
494.7		0.984391
494.8		0.984391
494.9		0.984391
495		0.984391
495.1		0.985411
495.2		0.985411
495.3		0.985411
495.4		0.985411
495.5		0.985411
495.6		0.985411
495.7		0.985411
495.8		0.985411
495.9		0.985411
496		0.985411
496.1		0.986906
496.2		0.986906
496.3		0.986906
496.4		0.986906
496.5		0.986906
496.6		0.986906
496.7		0.986906
496.8		0.986906
496.9		0.986906
497		0.986906
497.1		0.987549
497.2		0.987549
497.3		0.987549
497.4		0.987549
497.5		0.987549
497.6		0.987549
497.7		0.987549
497.8		0.987549
497.9		0.987549
498		0.987549
498.1		0.992733
498.2		0.992733
498.3		0.992733
498.4		0.992733
498.5		0.992733
498.6		0.992733
498.7		0.992733
498.8		0.992733
498.9		0.992733
499		0.992733
499.1		0.994084
499.2		0.994084
499.3		0.994084
499.4		0.994084
499.5		0.994084
499.6		0.994084
499.7		0.994084
499.8		0.994084
499.9		0.994084
500		0.994084
500.1		0.994705
500.2		0.994705
500.3		0.994705
500.4		0.994705
500.5		0.994705
500.6		0.994705
500.7		0.994705
500.8		0.994705
500.9		0.994705
501		0.994705
501.1		0.99517
501.2		0.99517
501.3		0.99517
501.4		0.99517
501.5		0.99517
501.6		0.99517
501.7		0.99517
501.8		0.99517
501.9		0.99517
502		0.99517
502.1		0.99887
502.2		0.99887
502.3		0.99887
502.4		0.99887
502.5		0.99887
502.6		0.99887
502.7		0.99887
502.8		0.99887
502.9		0.99887
503		0.99887
503.1		0.999956
503.2		0.999956
503.3		0.999956
503.4		0.999956
503.5		0.999956
503.6		0.999956
503.7		0.999956
503.8		0.999956
503.9		0.999956
504		0.999956
504.1		1
504.2		1
504.3		1
504.4		1
504.5		1
504.6		1
504.7		1
504.8		1
504.9		1
505		1
505.1		1
505.2		1
505.3		1
505.4		1
505.5		1
505.6		1
505.7		1
505.8		1
505.9		1
506		1
506.1		1
506.2		1
506.3		1
506.4		1
506.5		1
506.6		1
506.7		1
506.8		1
506.9		1
507		1
507.1		1
507.2		1
507.3		1
507.4		1
507.5		1
507.6		1
507.7		1
507.8		1
507.9		1
508		1
508.1		1
508.2		1
508.3		1
508.4		1
508.5		1
508.6		1
508.7		1
508.8		1
508.9		1
509		1
509.1		1
509.2		1
509.3		1
509.4		1
509.5		1
509.6		1
509.7		1
509.8		1
509.9		1
510		1
510.1		1
510.2		1
510.3		1
510.4		1
510.5		1
510.6		1
510.7		1
510.8		1
510.9		1
511		1
511.1		1
511.2		1
511.3		1
511.4		1
511.5		1
511.6		1
511.7		1
511.8		1
511.9		1
512		1
512.1		1
512.2		1
512.3		1
512.4		1
512.5		1
512.6		1
512.7		1
512.8		1
512.9		1
513		1
513.1		1
513.2		1
513.3		1
513.4		1
513.5		1
513.6		1
513.7		1
513.8		1
513.9		1
514		1
514.1		1
514.2		1
514.3		1
514.4		1
514.5		1
514.6		1
514.7		1
514.8		1
514.9		1
515		1
515.1		1
515.2		1
515.3		1
515.4		1
515.5		1
515.6		1
515.7		1
515.8		1
515.9		1
516		1
516.1		1
516.2		1
516.3		1
516.4		1
516.5		1
516.6		1
516.7		1
516.8		1
516.9		1
517		1
517.1		1
517.2		1
517.3		1
517.4		1
517.5		1
517.6		1
517.7		1
517.8		1
517.9		1
518		1
518.1		1
518.2		1
518.3		1
518.4		1
518.5		1
518.6		1
518.7		1
518.8		1
518.9		1
519		1
519.1		1
519.2		1
519.3		1
519.4		1
519.5		1
519.6		1
519.7		1
519.8		1
519.9		1
520		1
520.1		1
520.2		1
520.3		1
520.4		1
520.5		1
520.6		1
520.7		1
520.8		1
520.9		1
521		1
521.1		1
521.2		1
521.3		1
521.4		1
521.5		1
521.6		1
521.7		1
521.8		1
521.9		1
522		1
522.1		1
522.2		1
522.3		1
522.4		1
522.5		1
522.6		1
522.7		1
522.8		1
522.9		1
523		1
523.1		1
523.2		1
523.3		1
523.4		1
523.5		1
523.6		1
523.7		1
523.8		1
523.9		1
524		1
524.1		1
524.2		1
524.3		1
524.4		1
524.5		1
524.6		1
524.7		1
524.8		1
524.9		1
525		1
525.1		1
525.2		1
525.3		1
525.4		1
525.5		1
525.6		1
525.7		1
525.8		1
525.9		1
526		1
526.1		1
526.2		1
526.3		1
526.4		1
526.5		1
526.6		1
526.7		1
526.8		1
526.9		1
527		1
527.1		1
527.2		1
527.3		1
527.4		1
527.5		1
527.6		1
527.7		1
527.8		1
527.9		1
528		1
528.1		1
528.2		1
528.3		1
528.4		1
528.5		1
528.6		1
528.7		1
528.8		1
528.9		1
529		1
529.1		1
529.2		1
529.3		1
529.4		1
529.5		1
529.6		1
529.7		1
529.8		1
529.9		1
530		1
530.1		1
530.2		1
530.3		1
530.4		1
530.5		1
530.6		1
530.7		1
530.8		1
530.9		1
531		1
531.1		1
531.2		1
531.3		1
531.4		1
531.5		1
531.6		1
531.7		1
531.8		1
531.9		1
532		1
532.1		1
532.2		1
532.3		1
532.4		1
532.5		1
532.6		1
532.7		1
532.8		1
532.9		1
533		1
533.1		1
533.2		1
533.3		1
533.4		1
533.5		1
533.6		1
533.7		1
533.8		1
533.9		1
534		1
534.1		1
534.2		1
534.3		1
534.4		1
534.5		1
534.6		1
534.7		1
534.8		1
534.9		1
535		1
535.1		1
535.2		1
535.3		1
535.4		1
535.5		1
535.6		1
535.7		1
535.8		1
535.9		1
536		1
536.1		1
536.2		1
536.3		1
536.4		1
536.5		1
536.6		1
536.7		1
536.8		1
536.9		1
537		1
537.1		1
537.2		1
537.3		1
537.4		1
537.5		1
537.6		1
537.7		1
537.8		1
537.9		1
538		1
538.1		1
538.2		1
538.3		1
538.4		1
538.5		1
538.6		1
538.7		1
538.8		1
538.9		1
539		1
539.1		1
539.2		1
539.3		1
539.4		1
539.5		1
539.6		1
539.7		1
539.8		1
539.9		1
540		1
540.1		1
540.2		1
540.3		1
540.4		1
540.5		1
540.6		1
540.7		1
540.8		1
540.9		1
541		1
541.1		1
541.2		1
541.3		1
541.4		1
541.5		1
541.6		1
541.7		1
541.8		1
541.9		1
542		1
542.1		1
542.2		1
542.3		1
542.4		1
542.5		1
542.6		1
542.7		1
542.8		1
542.9		1
543		1
543.1		1
543.2		1
543.3		1
543.4		1
543.5		1
543.6		1
543.7		1
543.8		1
543.9		1
544		1
544.1		1
544.2		1
544.3		1
544.4		1
544.5		1
544.6		1
544.7		1
544.8		1
544.9		1
545		1
545.1		1
545.2		1
545.3		1
545.4		1
545.5		1
545.6		1
545.7		1
545.8		1
545.9		1
546		1
546.1		1
546.2		1
546.3		1
546.4		1
546.5		1
546.6		1
546.7		1
546.8		1
546.9		1
547		1
547.1		1
547.2		1
547.3		1
547.4		1
547.5		1
547.6		1
547.7		1
547.8		1
547.9		1
548		1
548.1		1
548.2		1
548.3		1
548.4		1
548.5		1
548.6		1
548.7		1
548.8		1
548.9		1
549		1
549.1		1
549.2		1
549.3		1
549.4		1
549.5		1
549.6		1
549.7		1
549.8		1
549.9		1
550		1
550.1		1
550.2		1
550.3		1
550.4		1
550.5		1
550.6		1
550.7		1
550.8		1
550.9		1
551		1
551.1		1
551.2		1
551.3		1
551.4		1
551.5		1
551.6		1
551.7		1
551.8		1
551.9		1
552		1
552.1		1
552.2		1
552.3		1
552.4		1
552.5		1
552.6		1
552.7		1
552.8		1
552.9		1
553		1
553.1		1
553.2		1
553.3		1
553.4		1
553.5		1
553.6		1
553.7		1
553.8		1
553.9		1
554		1
554.1		1
554.2		1
554.3		1
554.4		1
554.5		1
554.6		1
554.7		1
554.8		1
554.9		1
555		1
555.1		1
555.2		1
555.3		1
555.4		1
555.5		1
555.6		1
555.7		1
555.8		1
555.9		1
556		1
556.1		1
556.2		1
556.3		1
556.4		1
556.5		1
556.6		1
556.7		1
556.8		1
556.9		1
557		1
557.1		1
557.2		1
557.3		1
557.4		1
557.5		1
557.6		1
557.7		1
557.8		1
557.9		1
558		1
558.1		1
558.2		1
558.3		1
558.4		1
558.5		1
558.6		1
558.7		1
558.8		1
558.9		1
559		1
559.1		1
559.2		1
559.3		1
559.4		1
559.5		1
559.6		1
559.7		1
559.8		1
559.9		1
560		1
560.1		1
560.2		1
560.3		1
560.4		1
560.5		1
560.6		1
560.7		1
560.8		1
560.9		1
561		1
561.1		1
561.2		1
561.3		1
561.4		1
561.5		1
561.6		1
561.7		1
561.8		1
561.9		1
562		1
562.1		1
562.2		1
562.3		1
562.4		1
562.5		1
562.6		1
562.7		1
562.8		1
562.9		1
563		1
563.1		1
563.2		1
563.3		1
563.4		1
563.5		1
563.6		1
563.7		1
563.8		1
563.9		1
564		1
564.1		1
564.2		1
564.3		1
564.4		1
564.5		1
564.6		1
564.7		1
564.8		1
564.9		1
565		1
565.1		1
565.2		1
565.3		1
565.4		1
565.5		1
565.6		1
565.7		1
565.8		1
565.9		1
566		1
566.1		1
566.2		1
566.3		1
566.4		1
566.5		1
566.6		1
566.7		1
566.8		1
566.9		1
567		1
567.1		1
567.2		1
567.3		1
567.4		1
567.5		1
567.6		1
567.7		1
567.8		1
567.9		1
568		1
568.1		1
568.2		1
568.3		1
568.4		1
568.5		1
568.6		1
568.7		1
568.8		1
568.9		1
569		1
569.1		1
569.2		1
569.3		1
569.4		1
569.5		1
569.6		1
569.7		1
569.8		1
569.9		1
570		1
570.1		1
570.2		1
570.3		1
570.4		1
570.5		1
570.6		1
570.7		1
570.8		1
570.9		1
571		1
571.1		1
571.2		1
571.3		1
571.4		1
571.5		1
571.6		1
571.7		1
571.8		1
571.9		1
572		1
572.1		1
572.2		1
572.3		1
572.4		1
572.5		1
572.6		1
572.7		1
572.8		1
572.9		1
573		1
573.1		1
573.2		1
573.3		1
573.4		1
573.5		1
573.6		1
573.7		1
573.8		1
573.9		1
574		1
574.1		1
574.2		1
574.3		1
574.4		1
574.5		1
574.6		1
574.7		1
574.8		1
574.9		1
575		1
575.1		1
575.2		1
575.3		1
575.4		1
575.5		1
575.6		1
575.7		1
575.8		1
575.9		1
576		1
576.1		1
576.2		1
576.3		1
576.4		1
576.5		1
576.6		1
576.7		1
576.8		1
576.9		1
577		1
577.1		1
577.2		1
577.3		1
577.4		1
577.5		1
577.6		1
577.7		1
577.8		1
577.9		1
578		1
578.1		1
578.2		1
578.3		1
578.4		1
578.5		1
578.6		1
578.7		1
578.8		1
578.9		1
579		1
579.1		1
579.2		1
579.3		1
579.4		1
579.5		1
579.6		1
579.7		1
579.8		1
579.9		1
580		1
580.1		1
580.2		1
580.3		1
580.4		1
580.5		1
580.6		1
580.7		1
580.8		1
580.9		1
581		1
581.1		1
581.2		1
581.3		1
581.4		1
581.5		1
581.6		1
581.7		1
581.8		1
581.9		1
582		1
582.1		1
582.2		1
582.3		1
582.4		1
582.5		1
582.6		1
582.7		1
582.8		1
582.9		1
583		1
583.1		1
583.2		1
583.3		1
583.4		1
583.5		1
583.6		1
583.7		1
583.8		1
583.9		1
584		1
584.1		1
584.2		1
584.3		1
584.4		1
584.5		1
584.6		1
584.7		1
584.8		1
584.9		1
585		1
585.1		1
585.2		1
585.3		1
585.4		1
585.5		1
585.6		1
585.7		1
585.8		1
585.9		1
586		1
586.1		1
586.2		1
586.3		1
586.4		1
586.5		1
586.6		1
586.7		1
586.8		1
586.9		1
587		1
587.1		1
587.2		1
587.3		1
587.4		1
587.5		1
587.6		1
587.7		1
587.8		1
587.9		1
588		1
588.1		1
588.2		1
588.3		1
588.4		1
588.5		1
588.6		1
588.7		1
588.8		1
588.9		1
589		1
589.1		1
589.2		1
589.3		1
589.4		1
589.5		1
589.6		1
589.7		1
589.8		1
589.9		1
590		1
590.1		1
590.2		1
590.3		1
590.4		1
590.5		1
590.6		1
590.7		1
590.8		1
590.9		1
591		1
591.1		1
591.2		1
591.3		1
591.4		1
591.5		1
591.6		1
591.7		1
591.8		1
591.9		1
592		1
592.1		1
592.2		1
592.3		1
592.4		1
592.5		1
592.6		1
592.7		1
592.8		1
592.9		1
593		1
593.1		1
593.2		1
593.3		1
593.4		1
593.5		1
593.6		1
593.7		1
593.8		1
593.9		1
594		1
594.1		1
594.2		1
594.3		1
594.4		1
594.5		1
594.6		1
594.7		1
594.8		1
594.9		1
595		1
595.1		1
595.2		1
595.3		1
595.4		1
595.5		1
595.6		1
595.7		1
595.8		1
595.9		1
596		1
596.1		1
596.2		1
596.3		1
596.4		1
596.5		1
596.6		1
596.7		1
596.8		1
596.9		1
597		1
597.1		1
597.2		1
597.3		1
597.4		1
597.5		1
597.6		1
597.7		1
597.8		1
597.9		1
598		1
598.1		1
598.2		1
598.3		1
598.4		1
598.5		1
598.6		1
598.7		1
598.8		1
598.9		1
599		1
599.1		1
599.2		1
599.3		1
599.4		1
599.5		1
599.6		1
599.7		1
599.8		1
599.9		1
600		1
