# Calibration file of tamex_id 1 @ channel 60
# fine_T bin		 Calibration value
0.1		0
0.2		0
0.3		0
0.4		0
0.5		0
0.6		0
0.7		0
0.8		0
0.9		0
1		0
1.1		0
1.2		0
1.3		0
1.4		0
1.5		0
1.6		0
1.7		0
1.8		0
1.9		0
2		0
2.1		0
2.2		0
2.3		0
2.4		0
2.5		0
2.6		0
2.7		0
2.8		0
2.9		0
3		0
3.1		0
3.2		0
3.3		0
3.4		0
3.5		0
3.6		0
3.7		0
3.8		0
3.9		0
4		0
4.1		0
4.2		0
4.3		0
4.4		0
4.5		0
4.6		0
4.7		0
4.8		0
4.9		0
5		0
5.1		0
5.2		0
5.3		0
5.4		0
5.5		0
5.6		0
5.7		0
5.8		0
5.9		0
6		0
6.1		0
6.2		0
6.3		0
6.4		0
6.5		0
6.6		0
6.7		0
6.8		0
6.9		0
7		0
7.1		0
7.2		0
7.3		0
7.4		0
7.5		0
7.6		0
7.7		0
7.8		0
7.9		0
8		0
8.1		0
8.2		0
8.3		0
8.4		0
8.5		0
8.6		0
8.7		0
8.8		0
8.9		0
9		0
9.1		0
9.2		0
9.3		0
9.4		0
9.5		0
9.6		0
9.7		0
9.8		0
9.9		0
10		0
10.1		0
10.2		0
10.3		0
10.4		0
10.5		0
10.6		0
10.7		0
10.8		0
10.9		0
11		0
11.1		0
11.2		0
11.3		0
11.4		0
11.5		0
11.6		0
11.7		0
11.8		0
11.9		0
12		0
12.1		0
12.2		0
12.3		0
12.4		0
12.5		0
12.6		0
12.7		0
12.8		0
12.9		0
13		0
13.1		0
13.2		0
13.3		0
13.4		0
13.5		0
13.6		0
13.7		0
13.8		0
13.9		0
14		0
14.1		0
14.2		0
14.3		0
14.4		0
14.5		0
14.6		0
14.7		0
14.8		0
14.9		0
15		0
15.1		0
15.2		0
15.3		0
15.4		0
15.5		0
15.6		0
15.7		0
15.8		0
15.9		0
16		0
16.1		0.00376288
16.2		0.00376288
16.3		0.00376288
16.4		0.00376288
16.5		0.00376288
16.6		0.00376288
16.7		0.00376288
16.8		0.00376288
16.9		0.00376288
17		0.00376288
17.1		0.00729451
17.2		0.00729451
17.3		0.00729451
17.4		0.00729451
17.5		0.00729451
17.6		0.00729451
17.7		0.00729451
17.8		0.00729451
17.9		0.00729451
18		0.00729451
18.1		0.00787261
18.2		0.00787261
18.3		0.00787261
18.4		0.00787261
18.5		0.00787261
18.6		0.00787261
18.7		0.00787261
18.8		0.00787261
18.9		0.00787261
19		0.00787261
19.1		0.0117196
19.2		0.0117196
19.3		0.0117196
19.4		0.0117196
19.5		0.0117196
19.6		0.0117196
19.7		0.0117196
19.8		0.0117196
19.9		0.0117196
20		0.0117196
20.1		0.0176161
20.2		0.0176161
20.3		0.0176161
20.4		0.0176161
20.5		0.0176161
20.6		0.0176161
20.7		0.0176161
20.8		0.0176161
20.9		0.0176161
21		0.0176161
21.1		0.0187408
21.2		0.0187408
21.3		0.0187408
21.4		0.0187408
21.5		0.0187408
21.6		0.0187408
21.7		0.0187408
21.8		0.0187408
21.9		0.0187408
22		0.0187408
22.1		0.0196237
22.2		0.0196237
22.3		0.0196237
22.4		0.0196237
22.5		0.0196237
22.6		0.0196237
22.7		0.0196237
22.8		0.0196237
22.9		0.0196237
23		0.0196237
23.1		0.0227664
23.2		0.0227664
23.3		0.0227664
23.4		0.0227664
23.5		0.0227664
23.6		0.0227664
23.7		0.0227664
23.8		0.0227664
23.9		0.0227664
24		0.0227664
24.1		0.0269813
24.2		0.0269813
24.3		0.0269813
24.4		0.0269813
24.5		0.0269813
24.6		0.0269813
24.7		0.0269813
24.8		0.0269813
24.9		0.0269813
25		0.0269813
25.1		0.0280008
25.2		0.0280008
25.3		0.0280008
25.4		0.0280008
25.5		0.0280008
25.6		0.0280008
25.7		0.0280008
25.8		0.0280008
25.9		0.0280008
26		0.0280008
26.1		0.0296721
26.2		0.0296721
26.3		0.0296721
26.4		0.0296721
26.5		0.0296721
26.6		0.0296721
26.7		0.0296721
26.8		0.0296721
26.9		0.0296721
27		0.0296721
27.1		0.0306811
27.2		0.0306811
27.3		0.0306811
27.4		0.0306811
27.5		0.0306811
27.6		0.0306811
27.7		0.0306811
27.8		0.0306811
27.9		0.0306811
28		0.0306811
28.1		0.0329094
28.2		0.0329094
28.3		0.0329094
28.4		0.0329094
28.5		0.0329094
28.6		0.0329094
28.7		0.0329094
28.8		0.0329094
28.9		0.0329094
29		0.0329094
29.1		0.0334454
29.2		0.0334454
29.3		0.0334454
29.4		0.0334454
29.5		0.0334454
29.6		0.0334454
29.7		0.0334454
29.8		0.0334454
29.9		0.0334454
30		0.0334454
30.1		0.0367984
30.2		0.0367984
30.3		0.0367984
30.4		0.0367984
30.5		0.0367984
30.6		0.0367984
30.7		0.0367984
30.8		0.0367984
30.9		0.0367984
31		0.0367984
31.1		0.0371242
31.2		0.0371242
31.3		0.0371242
31.4		0.0371242
31.5		0.0371242
31.6		0.0371242
31.7		0.0371242
31.8		0.0371242
31.9		0.0371242
32		0.0371242
32.1		0.0426529
32.2		0.0426529
32.3		0.0426529
32.4		0.0426529
32.5		0.0426529
32.6		0.0426529
32.7		0.0426529
32.8		0.0426529
32.9		0.0426529
33		0.0426529
33.1		0.0442611
33.2		0.0442611
33.3		0.0442611
33.4		0.0442611
33.5		0.0442611
33.6		0.0442611
33.7		0.0442611
33.8		0.0442611
33.9		0.0442611
34		0.0442611
34.1		0.0457852
34.2		0.0457852
34.3		0.0457852
34.4		0.0457852
34.5		0.0457852
34.6		0.0457852
34.7		0.0457852
34.8		0.0457852
34.9		0.0457852
35		0.0457852
35.1		0.0463527
35.2		0.0463527
35.3		0.0463527
35.4		0.0463527
35.5		0.0463527
35.6		0.0463527
35.7		0.0463527
35.8		0.0463527
35.9		0.0463527
36		0.0463527
36.1		0.0498844
36.2		0.0498844
36.3		0.0498844
36.4		0.0498844
36.5		0.0498844
36.6		0.0498844
36.7		0.0498844
36.8		0.0498844
36.9		0.0498844
37		0.0498844
37.1		0.0508829
37.2		0.0508829
37.3		0.0508829
37.4		0.0508829
37.5		0.0508829
37.6		0.0508829
37.7		0.0508829
37.8		0.0508829
37.9		0.0508829
38		0.0508829
38.1		0.053847
38.2		0.053847
38.3		0.053847
38.4		0.053847
38.5		0.053847
38.6		0.053847
38.7		0.053847
38.8		0.053847
38.9		0.053847
39		0.053847
39.1		0.0544566
39.2		0.0544566
39.3		0.0544566
39.4		0.0544566
39.5		0.0544566
39.6		0.0544566
39.7		0.0544566
39.8		0.0544566
39.9		0.0544566
40		0.0544566
40.1		0.0586925
40.2		0.0586925
40.3		0.0586925
40.4		0.0586925
40.5		0.0586925
40.6		0.0586925
40.7		0.0586925
40.8		0.0586925
40.9		0.0586925
41		0.0586925
41.1		0.0593651
41.2		0.0593651
41.3		0.0593651
41.4		0.0593651
41.5		0.0593651
41.6		0.0593651
41.7		0.0593651
41.8		0.0593651
41.9		0.0593651
42		0.0593651
42.1		0.0617301
42.2		0.0617301
42.3		0.0617301
42.4		0.0617301
42.5		0.0617301
42.6		0.0617301
42.7		0.0617301
42.8		0.0617301
42.9		0.0617301
43		0.0617301
43.1		0.0621926
43.2		0.0621926
43.3		0.0621926
43.4		0.0621926
43.5		0.0621926
43.6		0.0621926
43.7		0.0621926
43.8		0.0621926
43.9		0.0621926
44		0.0621926
44.1		0.0659029
44.2		0.0659029
44.3		0.0659029
44.4		0.0659029
44.5		0.0659029
44.6		0.0659029
44.7		0.0659029
44.8		0.0659029
44.9		0.0659029
45		0.0659029
45.1		0.0686252
45.2		0.0686252
45.3		0.0686252
45.4		0.0686252
45.5		0.0686252
45.6		0.0686252
45.7		0.0686252
45.8		0.0686252
45.9		0.0686252
46		0.0686252
46.1		0.0699601
46.2		0.0699601
46.3		0.0699601
46.4		0.0699601
46.5		0.0699601
46.6		0.0699601
46.7		0.0699601
46.8		0.0699601
46.9		0.0699601
47		0.0699601
47.1		0.0703279
47.2		0.0703279
47.3		0.0703279
47.4		0.0703279
47.5		0.0703279
47.6		0.0703279
47.7		0.0703279
47.8		0.0703279
47.9		0.0703279
48		0.0703279
48.1		0.0749317
48.2		0.0749317
48.3		0.0749317
48.4		0.0749317
48.5		0.0749317
48.6		0.0749317
48.7		0.0749317
48.8		0.0749317
48.9		0.0749317
49		0.0749317
49.1		0.0792832
49.2		0.0792832
49.3		0.0792832
49.4		0.0792832
49.5		0.0792832
49.6		0.0792832
49.7		0.0792832
49.8		0.0792832
49.9		0.0792832
50		0.0792832
50.1		0.0796616
50.2		0.0796616
50.3		0.0796616
50.4		0.0796616
50.5		0.0796616
50.6		0.0796616
50.7		0.0796616
50.8		0.0796616
50.9		0.0796616
51		0.0796616
51.1		0.0810595
51.2		0.0810595
51.3		0.0810595
51.4		0.0810595
51.5		0.0810595
51.6		0.0810595
51.7		0.0810595
51.8		0.0810595
51.9		0.0810595
52		0.0810595
52.1		0.0828989
52.2		0.0828989
52.3		0.0828989
52.4		0.0828989
52.5		0.0828989
52.6		0.0828989
52.7		0.0828989
52.8		0.0828989
52.9		0.0828989
53		0.0828989
53.1		0.0832247
53.2		0.0832247
53.3		0.0832247
53.4		0.0832247
53.5		0.0832247
53.6		0.0832247
53.7		0.0832247
53.8		0.0832247
53.9		0.0832247
54		0.0832247
54.1		0.0888901
54.2		0.0888901
54.3		0.0888901
54.4		0.0888901
54.5		0.0888901
54.6		0.0888901
54.7		0.0888901
54.8		0.0888901
54.9		0.0888901
55		0.0888901
55.1		0.090782
55.2		0.090782
55.3		0.090782
55.4		0.090782
55.5		0.090782
55.6		0.090782
55.7		0.090782
55.8		0.090782
55.9		0.090782
56		0.090782
56.1		0.0909292
56.2		0.0909292
56.3		0.0909292
56.4		0.0909292
56.5		0.0909292
56.6		0.0909292
56.7		0.0909292
56.8		0.0909292
56.9		0.0909292
57		0.0909292
57.1		0.0943662
57.2		0.0943662
57.3		0.0943662
57.4		0.0943662
57.5		0.0943662
57.6		0.0943662
57.7		0.0943662
57.8		0.0943662
57.9		0.0943662
58		0.0943662
58.1		0.0975194
58.2		0.0975194
58.3		0.0975194
58.4		0.0975194
58.5		0.0975194
58.6		0.0975194
58.7		0.0975194
58.8		0.0975194
58.9		0.0975194
59		0.0975194
59.1		0.0976246
59.2		0.0976246
59.3		0.0976246
59.4		0.0976246
59.5		0.0976246
59.6		0.0976246
59.7		0.0976246
59.8		0.0976246
59.9		0.0976246
60		0.0976246
60.1		0.0992748
60.2		0.0992748
60.3		0.0992748
60.4		0.0992748
60.5		0.0992748
60.6		0.0992748
60.7		0.0992748
60.8		0.0992748
60.9		0.0992748
61		0.0992748
61.1		0.101041
61.2		0.101041
61.3		0.101041
61.4		0.101041
61.5		0.101041
61.6		0.101041
61.7		0.101041
61.8		0.101041
61.9		0.101041
62		0.101041
62.1		0.105676
62.2		0.105676
62.3		0.105676
62.4		0.105676
62.5		0.105676
62.6		0.105676
62.7		0.105676
62.8		0.105676
62.9		0.105676
63		0.105676
63.1		0.106433
63.2		0.106433
63.3		0.106433
63.4		0.106433
63.5		0.106433
63.6		0.106433
63.7		0.106433
63.8		0.106433
63.9		0.106433
64		0.106433
64.1		0.110952
64.2		0.110952
64.3		0.110952
64.4		0.110952
64.5		0.110952
64.6		0.110952
64.7		0.110952
64.8		0.110952
64.9		0.110952
65		0.110952
65.1		0.111099
65.2		0.111099
65.3		0.111099
65.4		0.111099
65.5		0.111099
65.6		0.111099
65.7		0.111099
65.8		0.111099
65.9		0.111099
66		0.111099
66.1		0.114358
66.2		0.114358
66.3		0.114358
66.4		0.114358
66.5		0.114358
66.6		0.114358
66.7		0.114358
66.8		0.114358
66.9		0.114358
67		0.114358
67.1		0.115451
67.2		0.115451
67.3		0.115451
67.4		0.115451
67.5		0.115451
67.6		0.115451
67.7		0.115451
67.8		0.115451
67.9		0.115451
68		0.115451
68.1		0.115735
68.2		0.115735
68.3		0.115735
68.4		0.115735
68.5		0.115735
68.6		0.115735
68.7		0.115735
68.8		0.115735
68.9		0.115735
69		0.115735
69.1		0.116418
69.2		0.116418
69.3		0.116418
69.4		0.116418
69.5		0.116418
69.6		0.116418
69.7		0.116418
69.8		0.116418
69.9		0.116418
70		0.116418
70.1		0.124312
70.2		0.124312
70.3		0.124312
70.4		0.124312
70.5		0.124312
70.6		0.124312
70.7		0.124312
70.8		0.124312
70.9		0.124312
71		0.124312
71.1		0.124721
71.2		0.124721
71.3		0.124721
71.4		0.124721
71.5		0.124721
71.6		0.124721
71.7		0.124721
71.8		0.124721
71.9		0.124721
72		0.124721
72.1		0.125415
72.2		0.125415
72.3		0.125415
72.4		0.125415
72.5		0.125415
72.6		0.125415
72.7		0.125415
72.8		0.125415
72.9		0.125415
73		0.125415
73.1		0.126666
73.2		0.126666
73.3		0.126666
73.4		0.126666
73.5		0.126666
73.6		0.126666
73.7		0.126666
73.8		0.126666
73.9		0.126666
74		0.126666
74.1		0.131501
74.2		0.131501
74.3		0.131501
74.4		0.131501
74.5		0.131501
74.6		0.131501
74.7		0.131501
74.8		0.131501
74.9		0.131501
75		0.131501
75.1		0.132741
75.2		0.132741
75.3		0.132741
75.4		0.132741
75.5		0.132741
75.6		0.132741
75.7		0.132741
75.8		0.132741
75.9		0.132741
76		0.132741
76.1		0.134623
76.2		0.134623
76.3		0.134623
76.4		0.134623
76.5		0.134623
76.6		0.134623
76.7		0.134623
76.8		0.134623
76.9		0.134623
77		0.134623
77.1		0.137187
77.2		0.137187
77.3		0.137187
77.4		0.137187
77.5		0.137187
77.6		0.137187
77.7		0.137187
77.8		0.137187
77.9		0.137187
78		0.137187
78.1		0.141738
78.2		0.141738
78.3		0.141738
78.4		0.141738
78.5		0.141738
78.6		0.141738
78.7		0.141738
78.8		0.141738
78.9		0.141738
79		0.141738
79.1		0.142558
79.2		0.142558
79.3		0.142558
79.4		0.142558
79.5		0.142558
79.6		0.142558
79.7		0.142558
79.8		0.142558
79.9		0.142558
80		0.142558
80.1		0.143399
80.2		0.143399
80.3		0.143399
80.4		0.143399
80.5		0.143399
80.6		0.143399
80.7		0.143399
80.8		0.143399
80.9		0.143399
81		0.143399
81.1		0.144818
81.2		0.144818
81.3		0.144818
81.4		0.144818
81.5		0.144818
81.6		0.144818
81.7		0.144818
81.8		0.144818
81.9		0.144818
82		0.144818
82.1		0.147982
82.2		0.147982
82.3		0.147982
82.4		0.147982
82.5		0.147982
82.6		0.147982
82.7		0.147982
82.8		0.147982
82.9		0.147982
83		0.147982
83.1		0.152008
83.2		0.152008
83.3		0.152008
83.4		0.152008
83.5		0.152008
83.6		0.152008
83.7		0.152008
83.8		0.152008
83.9		0.152008
84		0.152008
84.1		0.153574
84.2		0.153574
84.3		0.153574
84.4		0.153574
84.5		0.153574
84.6		0.153574
84.7		0.153574
84.8		0.153574
84.9		0.153574
85		0.153574
85.1		0.154078
85.2		0.154078
85.3		0.154078
85.4		0.154078
85.5		0.154078
85.6		0.154078
85.7		0.154078
85.8		0.154078
85.9		0.154078
86		0.154078
86.1		0.155445
86.2		0.155445
86.3		0.155445
86.4		0.155445
86.5		0.155445
86.6		0.155445
86.7		0.155445
86.8		0.155445
86.9		0.155445
87		0.155445
87.1		0.160206
87.2		0.160206
87.3		0.160206
87.4		0.160206
87.5		0.160206
87.6		0.160206
87.7		0.160206
87.8		0.160206
87.9		0.160206
88		0.160206
88.1		0.161026
88.2		0.161026
88.3		0.161026
88.4		0.161026
88.5		0.161026
88.6		0.161026
88.7		0.161026
88.8		0.161026
88.9		0.161026
89		0.161026
89.1		0.163286
89.2		0.163286
89.3		0.163286
89.4		0.163286
89.5		0.163286
89.6		0.163286
89.7		0.163286
89.8		0.163286
89.9		0.163286
90		0.163286
90.1		0.165829
90.2		0.165829
90.3		0.165829
90.4		0.165829
90.5		0.165829
90.6		0.165829
90.7		0.165829
90.8		0.165829
90.9		0.165829
91		0.165829
91.1		0.16769
91.2		0.16769
91.3		0.16769
91.4		0.16769
91.5		0.16769
91.6		0.16769
91.7		0.16769
91.8		0.16769
91.9		0.16769
92		0.16769
92.1		0.169729
92.2		0.169729
92.3		0.169729
92.4		0.169729
92.5		0.169729
92.6		0.169729
92.7		0.169729
92.8		0.169729
92.9		0.169729
93		0.169729
93.1		0.170832
93.2		0.170832
93.3		0.170832
93.4		0.170832
93.5		0.170832
93.6		0.170832
93.7		0.170832
93.8		0.170832
93.9		0.170832
94		0.170832
94.1		0.174532
94.2		0.174532
94.3		0.174532
94.4		0.174532
94.5		0.174532
94.6		0.174532
94.7		0.174532
94.8		0.174532
94.9		0.174532
95		0.174532
95.1		0.177538
95.2		0.177538
95.3		0.177538
95.4		0.177538
95.5		0.177538
95.6		0.177538
95.7		0.177538
95.8		0.177538
95.9		0.177538
96		0.177538
96.1		0.180324
96.2		0.180324
96.3		0.180324
96.4		0.180324
96.5		0.180324
96.6		0.180324
96.7		0.180324
96.8		0.180324
96.9		0.180324
97		0.180324
97.1		0.181028
97.2		0.181028
97.3		0.181028
97.4		0.181028
97.5		0.181028
97.6		0.181028
97.7		0.181028
97.8		0.181028
97.9		0.181028
98		0.181028
98.1		0.182531
98.2		0.182531
98.3		0.182531
98.4		0.182531
98.5		0.182531
98.6		0.182531
98.7		0.182531
98.8		0.182531
98.9		0.182531
99		0.182531
99.1		0.184381
99.2		0.184381
99.3		0.184381
99.4		0.184381
99.5		0.184381
99.6		0.184381
99.7		0.184381
99.8		0.184381
99.9		0.184381
100		0.184381
100.1		0.187608
100.2		0.187608
100.3		0.187608
100.4		0.187608
100.5		0.187608
100.6		0.187608
100.7		0.187608
100.8		0.187608
100.9		0.187608
101		0.187608
101.1		0.190235
101.2		0.190235
101.3		0.190235
101.4		0.190235
101.5		0.190235
101.6		0.190235
101.7		0.190235
101.8		0.190235
101.9		0.190235
102		0.190235
102.1		0.192926
102.2		0.192926
102.3		0.192926
102.4		0.192926
102.5		0.192926
102.6		0.192926
102.7		0.192926
102.8		0.192926
102.9		0.192926
103		0.192926
103.1		0.193609
103.2		0.193609
103.3		0.193609
103.4		0.193609
103.5		0.193609
103.6		0.193609
103.7		0.193609
103.8		0.193609
103.9		0.193609
104		0.193609
104.1		0.195859
104.2		0.195859
104.3		0.195859
104.4		0.195859
104.5		0.195859
104.6		0.195859
104.7		0.195859
104.8		0.195859
104.9		0.195859
105		0.195859
105.1		0.19917
105.2		0.19917
105.3		0.19917
105.4		0.19917
105.5		0.19917
105.6		0.19917
105.7		0.19917
105.8		0.19917
105.9		0.19917
106		0.19917
106.1		0.199653
106.2		0.199653
106.3		0.199653
106.4		0.199653
106.5		0.199653
106.6		0.199653
106.7		0.199653
106.8		0.199653
106.9		0.199653
107		0.199653
107.1		0.202081
107.2		0.202081
107.3		0.202081
107.4		0.202081
107.5		0.202081
107.6		0.202081
107.7		0.202081
107.8		0.202081
107.9		0.202081
108		0.202081
108.1		0.204993
108.2		0.204993
108.3		0.204993
108.4		0.204993
108.5		0.204993
108.6		0.204993
108.7		0.204993
108.8		0.204993
108.9		0.204993
109		0.204993
109.1		0.205791
109.2		0.205791
109.3		0.205791
109.4		0.205791
109.5		0.205791
109.6		0.205791
109.7		0.205791
109.8		0.205791
109.9		0.205791
110		0.205791
110.1		0.209102
110.2		0.209102
110.3		0.209102
110.4		0.209102
110.5		0.209102
110.6		0.209102
110.7		0.209102
110.8		0.209102
110.9		0.209102
111		0.209102
111.1		0.210196
111.2		0.210196
111.3		0.210196
111.4		0.210196
111.5		0.210196
111.6		0.210196
111.7		0.210196
111.8		0.210196
111.9		0.210196
112		0.210196
112.1		0.213443
112.2		0.213443
112.3		0.213443
112.4		0.213443
112.5		0.213443
112.6		0.213443
112.7		0.213443
112.8		0.213443
112.9		0.213443
113		0.213443
113.1		0.214358
113.2		0.214358
113.3		0.214358
113.4		0.214358
113.5		0.214358
113.6		0.214358
113.7		0.214358
113.8		0.214358
113.9		0.214358
114		0.214358
114.1		0.21625
114.2		0.21625
114.3		0.21625
114.4		0.21625
114.5		0.21625
114.6		0.21625
114.7		0.21625
114.8		0.21625
114.9		0.21625
115		0.21625
115.1		0.219634
115.2		0.219634
115.3		0.219634
115.4		0.219634
115.5		0.219634
115.6		0.219634
115.7		0.219634
115.8		0.219634
115.9		0.219634
116		0.219634
116.1		0.221863
116.2		0.221863
116.3		0.221863
116.4		0.221863
116.5		0.221863
116.6		0.221863
116.7		0.221863
116.8		0.221863
116.9		0.221863
117		0.221863
117.1		0.223229
117.2		0.223229
117.3		0.223229
117.4		0.223229
117.5		0.223229
117.6		0.223229
117.7		0.223229
117.8		0.223229
117.9		0.223229
118		0.223229
118.1		0.225226
118.2		0.225226
118.3		0.225226
118.4		0.225226
118.5		0.225226
118.6		0.225226
118.7		0.225226
118.8		0.225226
118.9		0.225226
119		0.225226
119.1		0.227444
119.2		0.227444
119.3		0.227444
119.4		0.227444
119.5		0.227444
119.6		0.227444
119.7		0.227444
119.8		0.227444
119.9		0.227444
120		0.227444
120.1		0.228926
120.2		0.228926
120.3		0.228926
120.4		0.228926
120.5		0.228926
120.6		0.228926
120.7		0.228926
120.8		0.228926
120.9		0.228926
121		0.228926
121.1		0.233361
121.2		0.233361
121.3		0.233361
121.4		0.233361
121.5		0.233361
121.6		0.233361
121.7		0.233361
121.8		0.233361
121.9		0.233361
122		0.233361
122.1		0.236105
122.2		0.236105
122.3		0.236105
122.4		0.236105
122.5		0.236105
122.6		0.236105
122.7		0.236105
122.8		0.236105
122.9		0.236105
123		0.236105
123.1		0.236956
123.2		0.236956
123.3		0.236956
123.4		0.236956
123.5		0.236956
123.6		0.236956
123.7		0.236956
123.8		0.236956
123.9		0.236956
124		0.236956
124.1		0.238217
124.2		0.238217
124.3		0.238217
124.4		0.238217
124.5		0.238217
124.6		0.238217
124.7		0.238217
124.8		0.238217
124.9		0.238217
125		0.238217
125.1		0.238606
125.2		0.238606
125.3		0.238606
125.4		0.238606
125.5		0.238606
125.6		0.238606
125.7		0.238606
125.8		0.238606
125.9		0.238606
126		0.238606
126.1		0.242821
126.2		0.242821
126.3		0.242821
126.4		0.242821
126.5		0.242821
126.6		0.242821
126.7		0.242821
126.8		0.242821
126.9		0.242821
127		0.242821
127.1		0.24363
127.2		0.24363
127.3		0.24363
127.4		0.24363
127.5		0.24363
127.6		0.24363
127.7		0.24363
127.8		0.24363
127.9		0.24363
128		0.24363
128.1		0.245943
128.2		0.245943
128.3		0.245943
128.4		0.245943
128.5		0.245943
128.6		0.245943
128.7		0.245943
128.8		0.245943
128.9		0.245943
129		0.245943
129.1		0.246994
129.2		0.246994
129.3		0.246994
129.4		0.246994
129.5		0.246994
129.6		0.246994
129.7		0.246994
129.8		0.246994
129.9		0.246994
130		0.246994
130.1		0.251608
130.2		0.251608
130.3		0.251608
130.4		0.251608
130.5		0.251608
130.6		0.251608
130.7		0.251608
130.8		0.251608
130.9		0.251608
131		0.251608
131.1		0.252628
131.2		0.252628
131.3		0.252628
131.4		0.252628
131.5		0.252628
131.6		0.252628
131.7		0.252628
131.8		0.252628
131.9		0.252628
132		0.252628
132.1		0.254856
132.2		0.254856
132.3		0.254856
132.4		0.254856
132.5		0.254856
132.6		0.254856
132.7		0.254856
132.8		0.254856
132.9		0.254856
133		0.254856
133.1		0.25515
133.2		0.25515
133.3		0.25515
133.4		0.25515
133.5		0.25515
133.6		0.25515
133.7		0.25515
133.8		0.25515
133.9		0.25515
134		0.25515
134.1		0.25946
134.2		0.25946
134.3		0.25946
134.4		0.25946
134.5		0.25946
134.6		0.25946
134.7		0.25946
134.8		0.25946
134.9		0.25946
135		0.25946
135.1		0.261678
135.2		0.261678
135.3		0.261678
135.4		0.261678
135.5		0.261678
135.6		0.261678
135.7		0.261678
135.8		0.261678
135.9		0.261678
136		0.261678
136.1		0.262098
136.2		0.262098
136.3		0.262098
136.4		0.262098
136.5		0.262098
136.6		0.262098
136.7		0.262098
136.8		0.262098
136.9		0.262098
137		0.262098
137.1		0.263454
137.2		0.263454
137.3		0.263454
137.4		0.263454
137.5		0.263454
137.6		0.263454
137.7		0.263454
137.8		0.263454
137.9		0.263454
138		0.263454
138.1		0.267501
138.2		0.267501
138.3		0.267501
138.4		0.267501
138.5		0.267501
138.6		0.267501
138.7		0.267501
138.8		0.267501
138.9		0.267501
139		0.267501
139.1		0.269613
139.2		0.269613
139.3		0.269613
139.4		0.269613
139.5		0.269613
139.6		0.269613
139.7		0.269613
139.8		0.269613
139.9		0.269613
140		0.269613
140.1		0.270675
140.2		0.270675
140.3		0.270675
140.4		0.270675
140.5		0.270675
140.6		0.270675
140.7		0.270675
140.8		0.270675
140.9		0.270675
141		0.270675
141.1		0.27346
141.2		0.27346
141.3		0.27346
141.4		0.27346
141.5		0.27346
141.6		0.27346
141.7		0.27346
141.8		0.27346
141.9		0.27346
142		0.27346
142.1		0.275615
142.2		0.275615
142.3		0.275615
142.4		0.275615
142.5		0.275615
142.6		0.275615
142.7		0.275615
142.8		0.275615
142.9		0.275615
143		0.275615
143.1		0.280681
143.2		0.280681
143.3		0.280681
143.4		0.280681
143.5		0.280681
143.6		0.280681
143.7		0.280681
143.8		0.280681
143.9		0.280681
144		0.280681
144.1		0.280839
144.2		0.280839
144.3		0.280839
144.4		0.280839
144.5		0.280839
144.6		0.280839
144.7		0.280839
144.8		0.280839
144.9		0.280839
145		0.280839
145.1		0.282941
145.2		0.282941
145.3		0.282941
145.4		0.282941
145.5		0.282941
145.6		0.282941
145.7		0.282941
145.8		0.282941
145.9		0.282941
146		0.282941
146.1		0.283193
146.2		0.283193
146.3		0.283193
146.4		0.283193
146.5		0.283193
146.6		0.283193
146.7		0.283193
146.8		0.283193
146.9		0.283193
147		0.283193
147.1		0.285464
147.2		0.285464
147.3		0.285464
147.4		0.285464
147.5		0.285464
147.6		0.285464
147.7		0.285464
147.8		0.285464
147.9		0.285464
148		0.285464
148.1		0.290919
148.2		0.290919
148.3		0.290919
148.4		0.290919
148.5		0.290919
148.6		0.290919
148.7		0.290919
148.8		0.290919
148.9		0.290919
149		0.290919
149.1		0.292054
149.2		0.292054
149.3		0.292054
149.4		0.292054
149.5		0.292054
149.6		0.292054
149.7		0.292054
149.8		0.292054
149.9		0.292054
150		0.292054
150.1		0.292527
150.2		0.292527
150.3		0.292527
150.4		0.292527
150.5		0.292527
150.6		0.292527
150.7		0.292527
150.8		0.292527
150.9		0.292527
151		0.292527
151.1		0.295091
151.2		0.295091
151.3		0.295091
151.4		0.295091
151.5		0.295091
151.6		0.295091
151.7		0.295091
151.8		0.295091
151.9		0.295091
152		0.295091
152.1		0.299138
152.2		0.299138
152.3		0.299138
152.4		0.299138
152.5		0.299138
152.6		0.299138
152.7		0.299138
152.8		0.299138
152.9		0.299138
153		0.299138
153.1		0.299664
153.2		0.299664
153.3		0.299664
153.4		0.299664
153.5		0.299664
153.6		0.299664
153.7		0.299664
153.8		0.299664
153.9		0.299664
154		0.299664
154.1		0.300641
154.2		0.300641
154.3		0.300641
154.4		0.300641
154.5		0.300641
154.6		0.300641
154.7		0.300641
154.8		0.300641
154.9		0.300641
155		0.300641
155.1		0.30349
155.2		0.30349
155.3		0.30349
155.4		0.30349
155.5		0.30349
155.6		0.30349
155.7		0.30349
155.8		0.30349
155.9		0.30349
156		0.30349
156.1		0.305129
156.2		0.305129
156.3		0.305129
156.4		0.305129
156.5		0.305129
156.6		0.305129
156.7		0.305129
156.8		0.305129
156.9		0.305129
157		0.305129
157.1		0.306359
157.2		0.306359
157.3		0.306359
157.4		0.306359
157.5		0.306359
157.6		0.306359
157.7		0.306359
157.8		0.306359
157.9		0.306359
158		0.306359
158.1		0.309081
158.2		0.309081
158.3		0.309081
158.4		0.309081
158.5		0.309081
158.6		0.309081
158.7		0.309081
158.8		0.309081
158.9		0.309081
159		0.309081
159.1		0.309817
159.2		0.309817
159.3		0.309817
159.4		0.309817
159.5		0.309817
159.6		0.309817
159.7		0.309817
159.8		0.309817
159.9		0.309817
160		0.309817
160.1		0.316628
160.2		0.316628
160.3		0.316628
160.4		0.316628
160.5		0.316628
160.6		0.316628
160.7		0.316628
160.8		0.316628
160.9		0.316628
161		0.316628
161.1		0.318005
161.2		0.318005
161.3		0.318005
161.4		0.318005
161.5		0.318005
161.6		0.318005
161.7		0.318005
161.8		0.318005
161.9		0.318005
162		0.318005
162.1		0.318194
162.2		0.318194
162.3		0.318194
162.4		0.318194
162.5		0.318194
162.6		0.318194
162.7		0.318194
162.8		0.318194
162.9		0.318194
163		0.318194
163.1		0.318573
163.2		0.318573
163.3		0.318573
163.4		0.318573
163.5		0.318573
163.6		0.318573
163.7		0.318573
163.8		0.318573
163.9		0.318573
164		0.318573
164.1		0.324007
164.2		0.324007
164.3		0.324007
164.4		0.324007
164.5		0.324007
164.6		0.324007
164.7		0.324007
164.8		0.324007
164.9		0.324007
165		0.324007
165.1		0.324932
165.2		0.324932
165.3		0.324932
165.4		0.324932
165.5		0.324932
165.6		0.324932
165.7		0.324932
165.8		0.324932
165.9		0.324932
166		0.324932
166.1		0.327065
166.2		0.327065
166.3		0.327065
166.4		0.327065
166.5		0.327065
166.6		0.327065
166.7		0.327065
166.8		0.327065
166.9		0.327065
167		0.327065
167.1		0.327234
167.2		0.327234
167.3		0.327234
167.4		0.327234
167.5		0.327234
167.6		0.327234
167.7		0.327234
167.8		0.327234
167.9		0.327234
168		0.327234
168.1		0.33333
168.2		0.33333
168.3		0.33333
168.4		0.33333
168.5		0.33333
168.6		0.33333
168.7		0.33333
168.8		0.33333
168.9		0.33333
169		0.33333
169.1		0.333845
169.2		0.333845
169.3		0.333845
169.4		0.333845
169.5		0.333845
169.6		0.333845
169.7		0.333845
169.8		0.333845
169.9		0.333845
170		0.333845
170.1		0.334591
170.2		0.334591
170.3		0.334591
170.4		0.334591
170.5		0.334591
170.6		0.334591
170.7		0.334591
170.8		0.334591
170.9		0.334591
171		0.334591
171.1		0.335337
171.2		0.335337
171.3		0.335337
171.4		0.335337
171.5		0.335337
171.6		0.335337
171.7		0.335337
171.8		0.335337
171.9		0.335337
172		0.335337
172.1		0.34013
172.2		0.34013
172.3		0.34013
172.4		0.34013
172.5		0.34013
172.6		0.34013
172.7		0.34013
172.8		0.34013
172.9		0.34013
173		0.34013
173.1		0.343189
173.2		0.343189
173.3		0.343189
173.4		0.343189
173.5		0.343189
173.6		0.343189
173.7		0.343189
173.8		0.343189
173.9		0.343189
174		0.343189
174.1		0.343778
174.2		0.343778
174.3		0.343778
174.4		0.343778
174.5		0.343778
174.6		0.343778
174.7		0.343778
174.8		0.343778
174.9		0.343778
175		0.343778
175.1		0.34507
175.2		0.34507
175.3		0.34507
175.4		0.34507
175.5		0.34507
175.6		0.34507
175.7		0.34507
175.8		0.34507
175.9		0.34507
176		0.34507
176.1		0.347362
176.2		0.347362
176.3		0.347362
176.4		0.347362
176.5		0.347362
176.6		0.347362
176.7		0.347362
176.8		0.347362
176.9		0.347362
177		0.347362
177.1		0.349874
177.2		0.349874
177.3		0.349874
177.4		0.349874
177.5		0.349874
177.6		0.349874
177.7		0.349874
177.8		0.349874
177.9		0.349874
178		0.349874
178.1		0.351818
178.2		0.351818
178.3		0.351818
178.4		0.351818
178.5		0.351818
178.6		0.351818
178.7		0.351818
178.8		0.351818
178.9		0.351818
179		0.351818
179.1		0.354309
179.2		0.354309
179.3		0.354309
179.4		0.354309
179.5		0.354309
179.6		0.354309
179.7		0.354309
179.8		0.354309
179.9		0.354309
180		0.354309
180.1		0.356117
180.2		0.356117
180.3		0.356117
180.4		0.356117
180.5		0.356117
180.6		0.356117
180.7		0.356117
180.8		0.356117
180.9		0.356117
181		0.356117
181.1		0.357988
181.2		0.357988
181.3		0.357988
181.4		0.357988
181.5		0.357988
181.6		0.357988
181.7		0.357988
181.8		0.357988
181.9		0.357988
182		0.357988
182.1		0.360469
182.2		0.360469
182.3		0.360469
182.4		0.360469
182.5		0.360469
182.6		0.360469
182.7		0.360469
182.8		0.360469
182.9		0.360469
183		0.360469
183.1		0.360605
183.2		0.360605
183.3		0.360605
183.4		0.360605
183.5		0.360605
183.6		0.360605
183.7		0.360605
183.8		0.360605
183.9		0.360605
184		0.360605
184.1		0.361846
184.2		0.361846
184.3		0.361846
184.4		0.361846
184.5		0.361846
184.6		0.361846
184.7		0.361846
184.8		0.361846
184.9		0.361846
185		0.361846
185.1		0.365861
185.2		0.365861
185.3		0.365861
185.4		0.365861
185.5		0.365861
185.6		0.365861
185.7		0.365861
185.8		0.365861
185.9		0.365861
186		0.365861
186.1		0.370076
186.2		0.370076
186.3		0.370076
186.4		0.370076
186.5		0.370076
186.6		0.370076
186.7		0.370076
186.8		0.370076
186.9		0.370076
187		0.370076
187.1		0.371158
187.2		0.371158
187.3		0.371158
187.4		0.371158
187.5		0.371158
187.6		0.371158
187.7		0.371158
187.8		0.371158
187.9		0.371158
188		0.371158
188.1		0.371484
188.2		0.371484
188.3		0.371484
188.4		0.371484
188.5		0.371484
188.6		0.371484
188.7		0.371484
188.8		0.371484
188.9		0.371484
189		0.371484
189.1		0.372062
189.2		0.372062
189.3		0.372062
189.4		0.372062
189.5		0.372062
189.6		0.372062
189.7		0.372062
189.8		0.372062
189.9		0.372062
190		0.372062
190.1		0.37736
190.2		0.37736
190.3		0.37736
190.4		0.37736
190.5		0.37736
190.6		0.37736
190.7		0.37736
190.8		0.37736
190.9		0.37736
191		0.37736
191.1		0.378957
191.2		0.378957
191.3		0.378957
191.4		0.378957
191.5		0.378957
191.6		0.378957
191.7		0.378957
191.8		0.378957
191.9		0.378957
192		0.378957
192.1		0.379956
192.2		0.379956
192.3		0.379956
192.4		0.379956
192.5		0.379956
192.6		0.379956
192.7		0.379956
192.8		0.379956
192.9		0.379956
193		0.379956
193.1		0.381448
193.2		0.381448
193.3		0.381448
193.4		0.381448
193.5		0.381448
193.6		0.381448
193.7		0.381448
193.8		0.381448
193.9		0.381448
194		0.381448
194.1		0.385632
194.2		0.385632
194.3		0.385632
194.4		0.385632
194.5		0.385632
194.6		0.385632
194.7		0.385632
194.8		0.385632
194.9		0.385632
195		0.385632
195.1		0.385884
195.2		0.385884
195.3		0.385884
195.4		0.385884
195.5		0.385884
195.6		0.385884
195.7		0.385884
195.8		0.385884
195.9		0.385884
196		0.385884
196.1		0.388091
196.2		0.388091
196.3		0.388091
196.4		0.388091
196.5		0.388091
196.6		0.388091
196.7		0.388091
196.8		0.388091
196.9		0.388091
197		0.388091
197.1		0.388407
197.2		0.388407
197.3		0.388407
197.4		0.388407
197.5		0.388407
197.6		0.388407
197.7		0.388407
197.8		0.388407
197.9		0.388407
198		0.388407
198.1		0.39383
198.2		0.39383
198.3		0.39383
198.4		0.39383
198.5		0.39383
198.6		0.39383
198.7		0.39383
198.8		0.39383
198.9		0.39383
199		0.39383
199.1		0.396468
199.2		0.396468
199.3		0.396468
199.4		0.396468
199.5		0.396468
199.6		0.396468
199.7		0.396468
199.8		0.396468
199.9		0.396468
200		0.396468
200.1		0.397372
200.2		0.397372
200.3		0.397372
200.4		0.397372
200.5		0.397372
200.6		0.397372
200.7		0.397372
200.8		0.397372
200.9		0.397372
201		0.397372
201.1		0.399842
201.2		0.399842
201.3		0.399842
201.4		0.399842
201.5		0.399842
201.6		0.399842
201.7		0.399842
201.8		0.399842
201.9		0.399842
202		0.399842
202.1		0.402785
202.2		0.402785
202.3		0.402785
202.4		0.402785
202.5		0.402785
202.6		0.402785
202.7		0.402785
202.8		0.402785
202.9		0.402785
203		0.402785
203.1		0.406191
203.2		0.406191
203.3		0.406191
203.4		0.406191
203.5		0.406191
203.6		0.406191
203.7		0.406191
203.8		0.406191
203.9		0.406191
204		0.406191
204.1		0.408125
204.2		0.408125
204.3		0.408125
204.4		0.408125
204.5		0.408125
204.6		0.408125
204.7		0.408125
204.8		0.408125
204.9		0.408125
205		0.408125
205.1		0.412045
205.2		0.412045
205.3		0.412045
205.4		0.412045
205.5		0.412045
205.6		0.412045
205.7		0.412045
205.8		0.412045
205.9		0.412045
206		0.412045
206.1		0.413065
206.2		0.413065
206.3		0.413065
206.4		0.413065
206.5		0.413065
206.6		0.413065
206.7		0.413065
206.8		0.413065
206.9		0.413065
207		0.413065
207.1		0.4142
207.2		0.4142
207.3		0.4142
207.4		0.4142
207.5		0.4142
207.6		0.4142
207.7		0.4142
207.8		0.4142
207.9		0.4142
208		0.4142
208.1		0.418362
208.2		0.418362
208.3		0.418362
208.4		0.418362
208.5		0.418362
208.6		0.418362
208.7		0.418362
208.8		0.418362
208.9		0.418362
209		0.418362
209.1		0.418615
209.2		0.418615
209.3		0.418615
209.4		0.418615
209.5		0.418615
209.6		0.418615
209.7		0.418615
209.8		0.418615
209.9		0.418615
210		0.418615
210.1		0.419477
210.2		0.419477
210.3		0.419477
210.4		0.419477
210.5		0.419477
210.6		0.419477
210.7		0.419477
210.8		0.419477
210.9		0.419477
211		0.419477
211.1		0.42428
211.2		0.42428
211.3		0.42428
211.4		0.42428
211.5		0.42428
211.6		0.42428
211.7		0.42428
211.8		0.42428
211.9		0.42428
212		0.42428
212.1		0.426414
212.2		0.426414
212.3		0.426414
212.4		0.426414
212.5		0.426414
212.6		0.426414
212.7		0.426414
212.8		0.426414
212.9		0.426414
213		0.426414
213.1		0.42901
213.2		0.42901
213.3		0.42901
213.4		0.42901
213.5		0.42901
213.6		0.42901
213.7		0.42901
213.8		0.42901
213.9		0.42901
214		0.42901
214.1		0.429168
214.2		0.429168
214.3		0.429168
214.4		0.429168
214.5		0.429168
214.6		0.429168
214.7		0.429168
214.8		0.429168
214.9		0.429168
215		0.429168
215.1		0.430082
215.2		0.430082
215.3		0.430082
215.4		0.430082
215.5		0.430082
215.6		0.430082
215.7		0.430082
215.8		0.430082
215.9		0.430082
216		0.430082
216.1		0.434454
216.2		0.434454
216.3		0.434454
216.4		0.434454
216.5		0.434454
216.6		0.434454
216.7		0.434454
216.8		0.434454
216.9		0.434454
217		0.434454
217.1		0.437755
217.2		0.437755
217.3		0.437755
217.4		0.437755
217.5		0.437755
217.6		0.437755
217.7		0.437755
217.8		0.437755
217.9		0.437755
218		0.437755
218.1		0.438743
218.2		0.438743
218.3		0.438743
218.4		0.438743
218.5		0.438743
218.6		0.438743
218.7		0.438743
218.8		0.438743
218.9		0.438743
219		0.438743
219.1		0.439552
219.2		0.439552
219.3		0.439552
219.4		0.439552
219.5		0.439552
219.6		0.439552
219.7		0.439552
219.8		0.439552
219.9		0.439552
220		0.439552
220.1		0.444135
220.2		0.444135
220.3		0.444135
220.4		0.444135
220.5		0.444135
220.6		0.444135
220.7		0.444135
220.8		0.444135
220.9		0.444135
221		0.444135
221.1		0.444314
221.2		0.444314
221.3		0.444314
221.4		0.444314
221.5		0.444314
221.6		0.444314
221.7		0.444314
221.8		0.444314
221.9		0.444314
222		0.444314
222.1		0.445133
222.2		0.445133
222.3		0.445133
222.4		0.445133
222.5		0.445133
222.6		0.445133
222.7		0.445133
222.8		0.445133
222.9		0.445133
223		0.445133
223.1		0.448339
223.2		0.448339
223.3		0.448339
223.4		0.448339
223.5		0.448339
223.6		0.448339
223.7		0.448339
223.8		0.448339
223.9		0.448339
224		0.448339
224.1		0.452207
224.2		0.452207
224.3		0.452207
224.4		0.452207
224.5		0.452207
224.6		0.452207
224.7		0.452207
224.8		0.452207
224.9		0.452207
225		0.452207
225.1		0.452407
225.2		0.452407
225.3		0.452407
225.4		0.452407
225.5		0.452407
225.6		0.452407
225.7		0.452407
225.8		0.452407
225.9		0.452407
226		0.452407
226.1		0.454078
226.2		0.454078
226.3		0.454078
226.4		0.454078
226.5		0.454078
226.6		0.454078
226.7		0.454078
226.8		0.454078
226.9		0.454078
227		0.454078
227.1		0.455045
227.2		0.455045
227.3		0.455045
227.4		0.455045
227.5		0.455045
227.6		0.455045
227.7		0.455045
227.8		0.455045
227.9		0.455045
228		0.455045
228.1		0.4605
228.2		0.4605
228.3		0.4605
228.4		0.4605
228.5		0.4605
228.6		0.4605
228.7		0.4605
228.8		0.4605
228.9		0.4605
229		0.4605
229.1		0.461888
229.2		0.461888
229.3		0.461888
229.4		0.461888
229.5		0.461888
229.6		0.461888
229.7		0.461888
229.8		0.461888
229.9		0.461888
230		0.461888
230.1		0.463054
230.2		0.463054
230.3		0.463054
230.4		0.463054
230.5		0.463054
230.6		0.463054
230.7		0.463054
230.8		0.463054
230.9		0.463054
231		0.463054
231.1		0.463906
231.2		0.463906
231.3		0.463906
231.4		0.463906
231.5		0.463906
231.6		0.463906
231.7		0.463906
231.8		0.463906
231.9		0.463906
232		0.463906
232.1		0.469477
232.2		0.469477
232.3		0.469477
232.4		0.469477
232.5		0.469477
232.6		0.469477
232.7		0.469477
232.8		0.469477
232.9		0.469477
233		0.469477
233.1		0.469729
233.2		0.469729
233.3		0.469729
233.4		0.469729
233.5		0.469729
233.6		0.469729
233.7		0.469729
233.8		0.469729
233.9		0.469729
234		0.469729
234.1		0.470296
234.2		0.470296
234.3		0.470296
234.4		0.470296
234.5		0.470296
234.6		0.470296
234.7		0.470296
234.8		0.470296
234.9		0.470296
235		0.470296
235.1		0.472146
235.2		0.472146
235.3		0.472146
235.4		0.472146
235.5		0.472146
235.6		0.472146
235.7		0.472146
235.8		0.472146
235.9		0.472146
236		0.472146
236.1		0.47717
236.2		0.47717
236.3		0.47717
236.4		0.47717
236.5		0.47717
236.6		0.47717
236.7		0.47717
236.8		0.47717
236.9		0.47717
237		0.47717
237.1		0.479882
237.2		0.479882
237.3		0.479882
237.4		0.479882
237.5		0.479882
237.6		0.479882
237.7		0.479882
237.8		0.479882
237.9		0.479882
238		0.479882
238.1		0.480439
238.2		0.480439
238.3		0.480439
238.4		0.480439
238.5		0.480439
238.6		0.480439
238.7		0.480439
238.8		0.480439
238.9		0.480439
239		0.480439
239.1		0.481785
239.2		0.481785
239.3		0.481785
239.4		0.481785
239.5		0.481785
239.6		0.481785
239.7		0.481785
239.8		0.481785
239.9		0.481785
240		0.481785
240.1		0.485958
240.2		0.485958
240.3		0.485958
240.4		0.485958
240.5		0.485958
240.6		0.485958
240.7		0.485958
240.8		0.485958
240.9		0.485958
241		0.485958
241.1		0.488018
241.2		0.488018
241.3		0.488018
241.4		0.488018
241.5		0.488018
241.6		0.488018
241.7		0.488018
241.8		0.488018
241.9		0.488018
242		0.488018
242.1		0.488375
242.2		0.488375
242.3		0.488375
242.4		0.488375
242.5		0.488375
242.6		0.488375
242.7		0.488375
242.8		0.488375
242.9		0.488375
243		0.488375
243.1		0.489479
243.2		0.489479
243.3		0.489479
243.4		0.489479
243.5		0.489479
243.6		0.489479
243.7		0.489479
243.8		0.489479
243.9		0.489479
244		0.489479
244.1		0.492653
244.2		0.492653
244.3		0.492653
244.4		0.492653
244.5		0.492653
244.6		0.492653
244.7		0.492653
244.8		0.492653
244.9		0.492653
245		0.492653
245.1		0.495932
245.2		0.495932
245.3		0.495932
245.4		0.495932
245.5		0.495932
245.6		0.495932
245.7		0.495932
245.8		0.495932
245.9		0.495932
246		0.495932
246.1		0.496216
246.2		0.496216
246.3		0.496216
246.4		0.496216
246.5		0.496216
246.6		0.496216
246.7		0.496216
246.8		0.496216
246.9		0.496216
247		0.496216
247.1		0.499338
247.2		0.499338
247.3		0.499338
247.4		0.499338
247.5		0.499338
247.6		0.499338
247.7		0.499338
247.8		0.499338
247.9		0.499338
248		0.499338
248.1		0.499548
248.2		0.499548
248.3		0.499548
248.4		0.499548
248.5		0.499548
248.6		0.499548
248.7		0.499548
248.8		0.499548
248.9		0.499548
249		0.499548
249.1		0.499622
249.2		0.499622
249.3		0.499622
249.4		0.499622
249.5		0.499622
249.6		0.499622
249.7		0.499622
249.8		0.499622
249.9		0.499622
250		0.499622
250.1		0.509113
250.2		0.509113
250.3		0.509113
250.4		0.509113
250.5		0.509113
250.6		0.509113
250.7		0.509113
250.8		0.509113
250.9		0.509113
251		0.509113
251.1		0.509302
251.2		0.509302
251.3		0.509302
251.4		0.509302
251.5		0.509302
251.6		0.509302
251.7		0.509302
251.8		0.509302
251.9		0.509302
252		0.509302
252.1		0.509481
252.2		0.509481
252.3		0.509481
252.4		0.509481
252.5		0.509481
252.6		0.509481
252.7		0.509481
252.8		0.509481
252.9		0.509481
253		0.509481
253.1		0.511467
253.2		0.511467
253.3		0.511467
253.4		0.511467
253.5		0.511467
253.6		0.511467
253.7		0.511467
253.8		0.511467
253.9		0.511467
254		0.511467
254.1		0.516082
254.2		0.516082
254.3		0.516082
254.4		0.516082
254.5		0.516082
254.6		0.516082
254.7		0.516082
254.8		0.516082
254.9		0.516082
255		0.516082
255.1		0.516691
255.2		0.516691
255.3		0.516691
255.4		0.516691
255.5		0.516691
255.6		0.516691
255.7		0.516691
255.8		0.516691
255.9		0.516691
256		0.516691
256.1		0.520086
256.2		0.520086
256.3		0.520086
256.4		0.520086
256.5		0.520086
256.6		0.520086
256.7		0.520086
256.8		0.520086
256.9		0.520086
257		0.520086
257.1		0.521757
257.2		0.521757
257.3		0.521757
257.4		0.521757
257.5		0.521757
257.6		0.521757
257.7		0.521757
257.8		0.521757
257.9		0.521757
258		0.521757
258.1		0.522661
258.2		0.522661
258.3		0.522661
258.4		0.522661
258.5		0.522661
258.6		0.522661
258.7		0.522661
258.8		0.522661
258.9		0.522661
259		0.522661
259.1		0.525962
259.2		0.525962
259.3		0.525962
259.4		0.525962
259.5		0.525962
259.6		0.525962
259.7		0.525962
259.8		0.525962
259.9		0.525962
260		0.525962
260.1		0.527696
260.2		0.527696
260.3		0.527696
260.4		0.527696
260.5		0.527696
260.6		0.527696
260.7		0.527696
260.8		0.527696
260.9		0.527696
261		0.527696
261.1		0.528306
261.2		0.528306
261.3		0.528306
261.4		0.528306
261.5		0.528306
261.6		0.528306
261.7		0.528306
261.8		0.528306
261.9		0.528306
262		0.528306
262.1		0.532594
262.2		0.532594
262.3		0.532594
262.4		0.532594
262.5		0.532594
262.6		0.532594
262.7		0.532594
262.8		0.532594
262.9		0.532594
263		0.532594
263.1		0.533645
263.2		0.533645
263.3		0.533645
263.4		0.533645
263.5		0.533645
263.6		0.533645
263.7		0.533645
263.8		0.533645
263.9		0.533645
264		0.533645
264.1		0.535632
264.2		0.535632
264.3		0.535632
264.4		0.535632
264.5		0.535632
264.6		0.535632
264.7		0.535632
264.8		0.535632
264.9		0.535632
265		0.535632
265.1		0.535852
265.2		0.535852
265.3		0.535852
265.4		0.535852
265.5		0.535852
265.6		0.535852
265.7		0.535852
265.8		0.535852
265.9		0.535852
266		0.535852
266.1		0.538827
266.2		0.538827
266.3		0.538827
266.4		0.538827
266.5		0.538827
266.6		0.538827
266.7		0.538827
266.8		0.538827
266.9		0.538827
267		0.538827
267.1		0.543263
267.2		0.543263
267.3		0.543263
267.4		0.543263
267.5		0.543263
267.6		0.543263
267.7		0.543263
267.8		0.543263
267.9		0.543263
268		0.543263
268.1		0.545207
268.2		0.545207
268.3		0.545207
268.4		0.545207
268.5		0.545207
268.6		0.545207
268.7		0.545207
268.8		0.545207
268.9		0.545207
269		0.545207
269.1		0.545365
269.2		0.545365
269.3		0.545365
269.4		0.545365
269.5		0.545365
269.6		0.545365
269.7		0.545365
269.8		0.545365
269.9		0.545365
270		0.545365
270.1		0.548129
270.2		0.548129
270.3		0.548129
270.4		0.548129
270.5		0.548129
270.6		0.548129
270.7		0.548129
270.8		0.548129
270.9		0.548129
271		0.548129
271.1		0.548938
271.2		0.548938
271.3		0.548938
271.4		0.548938
271.5		0.548938
271.6		0.548938
271.7		0.548938
271.8		0.548938
271.9		0.548938
272		0.548938
272.1		0.555844
272.2		0.555844
272.3		0.555844
272.4		0.555844
272.5		0.555844
272.6		0.555844
272.7		0.555844
272.8		0.555844
272.9		0.555844
273		0.555844
273.1		0.556002
273.2		0.556002
273.3		0.556002
273.4		0.556002
273.5		0.556002
273.6		0.556002
273.7		0.556002
273.8		0.556002
273.9		0.556002
274		0.556002
274.1		0.557389
274.2		0.557389
274.3		0.557389
274.4		0.557389
274.5		0.557389
274.6		0.557389
274.7		0.557389
274.8		0.557389
274.9		0.557389
275		0.557389
275.1		0.558398
275.2		0.558398
275.3		0.558398
275.4		0.558398
275.5		0.558398
275.6		0.558398
275.7		0.558398
275.8		0.558398
275.9		0.558398
276		0.558398
276.1		0.564242
276.2		0.564242
276.3		0.564242
276.4		0.564242
276.5		0.564242
276.6		0.564242
276.7		0.564242
276.8		0.564242
276.9		0.564242
277		0.564242
277.1		0.564463
277.2		0.564463
277.3		0.564463
277.4		0.564463
277.5		0.564463
277.6		0.564463
277.7		0.564463
277.8		0.564463
277.9		0.564463
278		0.564463
278.1		0.566145
278.2		0.566145
278.3		0.566145
278.4		0.566145
278.5		0.566145
278.6		0.566145
278.7		0.566145
278.8		0.566145
278.9		0.566145
279		0.566145
279.1		0.568993
279.2		0.568993
279.3		0.568993
279.4		0.568993
279.5		0.568993
279.6		0.568993
279.7		0.568993
279.8		0.568993
279.9		0.568993
280		0.568993
280.1		0.571179
280.2		0.571179
280.3		0.571179
280.4		0.571179
280.5		0.571179
280.6		0.571179
280.7		0.571179
280.8		0.571179
280.9		0.571179
281		0.571179
281.1		0.573071
281.2		0.573071
281.3		0.573071
281.4		0.573071
281.5		0.573071
281.6		0.573071
281.7		0.573071
281.8		0.573071
281.9		0.573071
282		0.573071
282.1		0.575867
282.2		0.575867
282.3		0.575867
282.4		0.575867
282.5		0.575867
282.6		0.575867
282.7		0.575867
282.8		0.575867
282.9		0.575867
283		0.575867
283.1		0.576056
283.2		0.576056
283.3		0.576056
283.4		0.576056
283.5		0.576056
283.6		0.576056
283.7		0.576056
283.8		0.576056
283.9		0.576056
284		0.576056
284.1		0.581806
284.2		0.581806
284.3		0.581806
284.4		0.581806
284.5		0.581806
284.6		0.581806
284.7		0.581806
284.8		0.581806
284.9		0.581806
285		0.581806
285.1		0.583992
285.2		0.583992
285.3		0.583992
285.4		0.583992
285.5		0.583992
285.6		0.583992
285.7		0.583992
285.8		0.583992
285.9		0.583992
286		0.583992
286.1		0.584497
286.2		0.584497
286.3		0.584497
286.4		0.584497
286.5		0.584497
286.6		0.584497
286.7		0.584497
286.8		0.584497
286.9		0.584497
287		0.584497
287.1		0.588974
287.2		0.588974
287.3		0.588974
287.4		0.588974
287.5		0.588974
287.6		0.588974
287.7		0.588974
287.8		0.588974
287.9		0.588974
288		0.588974
288.1		0.593357
288.2		0.593357
288.3		0.593357
288.4		0.593357
288.5		0.593357
288.6		0.593357
288.7		0.593357
288.8		0.593357
288.9		0.593357
289		0.593357
289.1		0.593609
289.2		0.593609
289.3		0.593609
289.4		0.593609
289.5		0.593609
289.6		0.593609
289.7		0.593609
289.8		0.593609
289.9		0.593609
290		0.593609
290.1		0.595239
290.2		0.595239
290.3		0.595239
290.4		0.595239
290.5		0.595239
290.6		0.595239
290.7		0.595239
290.8		0.595239
290.9		0.595239
291		0.595239
291.1		0.598665
291.2		0.598665
291.3		0.598665
291.4		0.598665
291.5		0.598665
291.6		0.598665
291.7		0.598665
291.8		0.598665
291.9		0.598665
292		0.598665
292.1		0.600725
292.2		0.600725
292.3		0.600725
292.4		0.600725
292.5		0.600725
292.6		0.600725
292.7		0.600725
292.8		0.600725
292.9		0.600725
293		0.600725
293.1		0.600725
293.2		0.600725
293.3		0.600725
293.4		0.600725
293.5		0.600725
293.6		0.600725
293.7		0.600725
293.8		0.600725
293.9		0.600725
294		0.600725
294.1		0.600725
294.2		0.600725
294.3		0.600725
294.4		0.600725
294.5		0.600725
294.6		0.600725
294.7		0.600725
294.8		0.600725
294.9		0.600725
295		0.600725
295.1		0.600725
295.2		0.600725
295.3		0.600725
295.4		0.600725
295.5		0.600725
295.6		0.600725
295.7		0.600725
295.8		0.600725
295.9		0.600725
296		0.600725
296.1		0.605161
296.2		0.605161
296.3		0.605161
296.4		0.605161
296.5		0.605161
296.6		0.605161
296.7		0.605161
296.8		0.605161
296.9		0.605161
297		0.605161
297.1		0.607242
297.2		0.607242
297.3		0.607242
297.4		0.607242
297.5		0.607242
297.6		0.607242
297.7		0.607242
297.8		0.607242
297.9		0.607242
298		0.607242
298.1		0.608482
298.2		0.608482
298.3		0.608482
298.4		0.608482
298.5		0.608482
298.6		0.608482
298.7		0.608482
298.8		0.608482
298.9		0.608482
299		0.608482
299.1		0.60884
299.2		0.60884
299.3		0.60884
299.4		0.60884
299.5		0.60884
299.6		0.60884
299.7		0.60884
299.8		0.60884
299.9		0.60884
300		0.60884
300.1		0.609975
300.2		0.609975
300.3		0.609975
300.4		0.609975
300.5		0.609975
300.6		0.609975
300.7		0.609975
300.8		0.609975
300.9		0.609975
301		0.609975
301.1		0.612918
301.2		0.612918
301.3		0.612918
301.4		0.612918
301.5		0.612918
301.6		0.612918
301.7		0.612918
301.8		0.612918
301.9		0.612918
302		0.612918
302.1		0.615661
302.2		0.615661
302.3		0.615661
302.4		0.615661
302.5		0.615661
302.6		0.615661
302.7		0.615661
302.8		0.615661
302.9		0.615661
303		0.615661
303.1		0.616271
303.2		0.616271
303.3		0.616271
303.4		0.616271
303.5		0.616271
303.6		0.616271
303.7		0.616271
303.8		0.616271
303.9		0.616271
304		0.616271
304.1		0.620486
304.2		0.620486
304.3		0.620486
304.4		0.620486
304.5		0.620486
304.6		0.620486
304.7		0.620486
304.8		0.620486
304.9		0.620486
305		0.620486
305.1		0.62078
305.2		0.62078
305.3		0.62078
305.4		0.62078
305.5		0.62078
305.6		0.62078
305.7		0.62078
305.8		0.62078
305.9		0.62078
306		0.62078
306.1		0.624164
306.2		0.624164
306.3		0.624164
306.4		0.624164
306.5		0.624164
306.6		0.624164
306.7		0.624164
306.8		0.624164
306.9		0.624164
307		0.624164
307.1		0.625541
307.2		0.625541
307.3		0.625541
307.4		0.625541
307.5		0.625541
307.6		0.625541
307.7		0.625541
307.8		0.625541
307.9		0.625541
308		0.625541
308.1		0.629462
308.2		0.629462
308.3		0.629462
308.4		0.629462
308.5		0.629462
308.6		0.629462
308.7		0.629462
308.8		0.629462
308.9		0.629462
309		0.629462
309.1		0.629746
309.2		0.629746
309.3		0.629746
309.4		0.629746
309.5		0.629746
309.6		0.629746
309.7		0.629746
309.8		0.629746
309.9		0.629746
310		0.629746
310.1		0.632773
310.2		0.632773
310.3		0.632773
310.4		0.632773
310.5		0.632773
310.6		0.632773
310.7		0.632773
310.8		0.632773
310.9		0.632773
311		0.632773
311.1		0.634948
311.2		0.634948
311.3		0.634948
311.4		0.634948
311.5		0.634948
311.6		0.634948
311.7		0.634948
311.8		0.634948
311.9		0.634948
312		0.634948
312.1		0.636115
312.2		0.636115
312.3		0.636115
312.4		0.636115
312.5		0.636115
312.6		0.636115
312.7		0.636115
312.8		0.636115
312.9		0.636115
313		0.636115
313.1		0.638533
313.2		0.638533
313.3		0.638533
313.4		0.638533
313.5		0.638533
313.6		0.638533
313.7		0.638533
313.8		0.638533
313.9		0.638533
314		0.638533
314.1		0.640025
314.2		0.640025
314.3		0.640025
314.4		0.640025
314.5		0.640025
314.6		0.640025
314.7		0.640025
314.8		0.640025
314.9		0.640025
315		0.640025
315.1		0.640761
315.2		0.640761
315.3		0.640761
315.4		0.640761
315.5		0.640761
315.6		0.640761
315.7		0.640761
315.8		0.640761
315.9		0.640761
316		0.640761
316.1		0.647067
316.2		0.647067
316.3		0.647067
316.4		0.647067
316.5		0.647067
316.6		0.647067
316.7		0.647067
316.8		0.647067
316.9		0.647067
317		0.647067
317.1		0.647604
317.2		0.647604
317.3		0.647604
317.4		0.647604
317.5		0.647604
317.6		0.647604
317.7		0.647604
317.8		0.647604
317.9		0.647604
318		0.647604
318.1		0.648655
318.2		0.648655
318.3		0.648655
318.4		0.648655
318.5		0.648655
318.6		0.648655
318.7		0.648655
318.8		0.648655
318.9		0.648655
319		0.648655
319.1		0.649926
319.2		0.649926
319.3		0.649926
319.4		0.649926
319.5		0.649926
319.6		0.649926
319.7		0.649926
319.8		0.649926
319.9		0.649926
320		0.649926
320.1		0.65391
320.2		0.65391
320.3		0.65391
320.4		0.65391
320.5		0.65391
320.6		0.65391
320.7		0.65391
320.8		0.65391
320.9		0.65391
321		0.65391
321.1		0.654309
321.2		0.654309
321.3		0.654309
321.4		0.654309
321.5		0.654309
321.6		0.654309
321.7		0.654309
321.8		0.654309
321.9		0.654309
322		0.654309
322.1		0.658062
322.2		0.658062
322.3		0.658062
322.4		0.658062
322.5		0.658062
322.6		0.658062
322.7		0.658062
322.8		0.658062
322.9		0.658062
323		0.658062
323.1		0.658671
323.2		0.658671
323.3		0.658671
323.4		0.658671
323.5		0.658671
323.6		0.658671
323.7		0.658671
323.8		0.658671
323.9		0.658671
324		0.658671
324.1		0.66235
324.2		0.66235
324.3		0.66235
324.4		0.66235
324.5		0.66235
324.6		0.66235
324.7		0.66235
324.8		0.66235
324.9		0.66235
325		0.66235
325.1		0.663254
325.2		0.663254
325.3		0.663254
325.4		0.663254
325.5		0.663254
325.6		0.663254
325.7		0.663254
325.8		0.663254
325.9		0.663254
326		0.663254
326.1		0.663506
326.2		0.663506
326.3		0.663506
326.4		0.663506
326.5		0.663506
326.6		0.663506
326.7		0.663506
326.8		0.663506
326.9		0.663506
327		0.663506
327.1		0.665304
327.2		0.665304
327.3		0.665304
327.4		0.665304
327.5		0.665304
327.6		0.665304
327.7		0.665304
327.8		0.665304
327.9		0.665304
328		0.665304
328.1		0.672808
328.2		0.672808
328.3		0.672808
328.4		0.672808
328.5		0.672808
328.6		0.672808
328.7		0.672808
328.8		0.672808
328.9		0.672808
329		0.672808
329.1		0.673492
329.2		0.673492
329.3		0.673492
329.4		0.673492
329.5		0.673492
329.6		0.673492
329.7		0.673492
329.8		0.673492
329.9		0.673492
330		0.673492
330.1		0.673986
330.2		0.673986
330.3		0.673986
330.4		0.673986
330.5		0.673986
330.6		0.673986
330.7		0.673986
330.8		0.673986
330.9		0.673986
331		0.673986
331.1		0.677213
331.2		0.677213
331.3		0.677213
331.4		0.677213
331.5		0.677213
331.6		0.677213
331.7		0.677213
331.8		0.677213
331.9		0.677213
332		0.677213
332.1		0.677528
332.2		0.677528
332.3		0.677528
332.4		0.677528
332.5		0.677528
332.6		0.677528
332.7		0.677528
332.8		0.677528
332.9		0.677528
333		0.677528
333.1		0.682678
333.2		0.682678
333.3		0.682678
333.4		0.682678
333.5		0.682678
333.6		0.682678
333.7		0.682678
333.8		0.682678
333.9		0.682678
334		0.682678
334.1		0.684244
334.2		0.684244
334.3		0.684244
334.4		0.684244
334.5		0.684244
334.6		0.684244
334.7		0.684244
334.8		0.684244
334.9		0.684244
335		0.684244
335.1		0.689069
335.2		0.689069
335.3		0.689069
335.4		0.689069
335.5		0.689069
335.6		0.689069
335.7		0.689069
335.8		0.689069
335.9		0.689069
336		0.689069
336.1		0.689353
336.2		0.689353
336.3		0.689353
336.4		0.689353
336.5		0.689353
336.6		0.689353
336.7		0.689353
336.8		0.689353
336.9		0.689353
337		0.689353
337.1		0.690204
337.2		0.690204
337.3		0.690204
337.4		0.690204
337.5		0.690204
337.6		0.690204
337.7		0.690204
337.8		0.690204
337.9		0.690204
338		0.690204
338.1		0.691518
338.2		0.691518
338.3		0.691518
338.4		0.691518
338.5		0.691518
338.6		0.691518
338.7		0.691518
338.8		0.691518
338.9		0.691518
339		0.691518
339.1		0.693546
339.2		0.693546
339.3		0.693546
339.4		0.693546
339.5		0.693546
339.6		0.693546
339.7		0.693546
339.8		0.693546
339.9		0.693546
340		0.693546
340.1		0.697614
340.2		0.697614
340.3		0.697614
340.4		0.697614
340.5		0.697614
340.6		0.697614
340.7		0.697614
340.8		0.697614
340.9		0.697614
341		0.697614
341.1		0.699296
341.2		0.699296
341.3		0.699296
341.4		0.699296
341.5		0.699296
341.6		0.699296
341.7		0.699296
341.8		0.699296
341.9		0.699296
342		0.699296
342.1		0.703416
342.2		0.703416
342.3		0.703416
342.4		0.703416
342.5		0.703416
342.6		0.703416
342.7		0.703416
342.8		0.703416
342.9		0.703416
343		0.703416
343.1		0.704835
343.2		0.704835
343.3		0.704835
343.4		0.704835
343.5		0.704835
343.6		0.704835
343.7		0.704835
343.8		0.704835
343.9		0.704835
344		0.704835
344.1		0.707032
344.2		0.707032
344.3		0.707032
344.4		0.707032
344.5		0.707032
344.6		0.707032
344.7		0.707032
344.8		0.707032
344.9		0.707032
345		0.707032
345.1		0.711709
345.2		0.711709
345.3		0.711709
345.4		0.711709
345.5		0.711709
345.6		0.711709
345.7		0.711709
345.8		0.711709
345.9		0.711709
346		0.711709
346.1		0.714211
346.2		0.714211
346.3		0.714211
346.4		0.714211
346.5		0.714211
346.6		0.714211
346.7		0.714211
346.8		0.714211
346.9		0.714211
347		0.714211
347.1		0.715094
347.2		0.715094
347.3		0.715094
347.4		0.715094
347.5		0.715094
347.6		0.715094
347.7		0.715094
347.8		0.715094
347.9		0.715094
348		0.715094
348.1		0.718615
348.2		0.718615
348.3		0.718615
348.4		0.718615
348.5		0.718615
348.6		0.718615
348.7		0.718615
348.8		0.718615
348.9		0.718615
349		0.718615
349.1		0.721127
349.2		0.721127
349.3		0.721127
349.4		0.721127
349.5		0.721127
349.6		0.721127
349.7		0.721127
349.8		0.721127
349.9		0.721127
350		0.721127
350.1		0.722808
350.2		0.722808
350.3		0.722808
350.4		0.722808
350.5		0.722808
350.6		0.722808
350.7		0.722808
350.8		0.722808
350.9		0.722808
351		0.722808
351.1		0.726456
351.2		0.726456
351.3		0.726456
351.4		0.726456
351.5		0.726456
351.6		0.726456
351.7		0.726456
351.8		0.726456
351.9		0.726456
352		0.726456
352.1		0.726456
352.2		0.726456
352.3		0.726456
352.4		0.726456
352.5		0.726456
352.6		0.726456
352.7		0.726456
352.8		0.726456
352.9		0.726456
353		0.726456
353.1		0.72778
353.2		0.72778
353.3		0.72778
353.4		0.72778
353.5		0.72778
353.6		0.72778
353.7		0.72778
353.8		0.72778
353.9		0.72778
354		0.72778
354.1		0.72778
354.2		0.72778
354.3		0.72778
354.4		0.72778
354.5		0.72778
354.6		0.72778
354.7		0.72778
354.8		0.72778
354.9		0.72778
355		0.72778
355.1		0.728505
355.2		0.728505
355.3		0.728505
355.4		0.728505
355.5		0.728505
355.6		0.728505
355.7		0.728505
355.8		0.728505
355.9		0.728505
356		0.728505
356.1		0.731133
356.2		0.731133
356.3		0.731133
356.4		0.731133
356.5		0.731133
356.6		0.731133
356.7		0.731133
356.8		0.731133
356.9		0.731133
357		0.731133
357.1		0.733435
357.2		0.733435
357.3		0.733435
357.4		0.733435
357.5		0.733435
357.6		0.733435
357.7		0.733435
357.8		0.733435
357.9		0.733435
358		0.733435
358.1		0.733435
358.2		0.733435
358.3		0.733435
358.4		0.733435
358.5		0.733435
358.6		0.733435
358.7		0.733435
358.8		0.733435
358.9		0.733435
359		0.733435
359.1		0.736136
359.2		0.736136
359.3		0.736136
359.4		0.736136
359.5		0.736136
359.6		0.736136
359.7		0.736136
359.8		0.736136
359.9		0.736136
360		0.736136
360.1		0.738291
360.2		0.738291
360.3		0.738291
360.4		0.738291
360.5		0.738291
360.6		0.738291
360.7		0.738291
360.8		0.738291
360.9		0.738291
361		0.738291
361.1		0.738606
361.2		0.738606
361.3		0.738606
361.4		0.738606
361.5		0.738606
361.6		0.738606
361.7		0.738606
361.8		0.738606
361.9		0.738606
362		0.738606
362.1		0.742926
362.2		0.742926
362.3		0.742926
362.4		0.742926
362.5		0.742926
362.6		0.742926
362.7		0.742926
362.8		0.742926
362.9		0.742926
363		0.742926
363.1		0.744082
363.2		0.744082
363.3		0.744082
363.4		0.744082
363.5		0.744082
363.6		0.744082
363.7		0.744082
363.8		0.744082
363.9		0.744082
364		0.744082
364.1		0.744587
364.2		0.744587
364.3		0.744587
364.4		0.744587
364.5		0.744587
364.6		0.744587
364.7		0.744587
364.8		0.744587
364.9		0.744587
365		0.744587
365.1		0.746321
365.2		0.746321
365.3		0.746321
365.4		0.746321
365.5		0.746321
365.6		0.746321
365.7		0.746321
365.8		0.746321
365.9		0.746321
366		0.746321
366.1		0.750168
366.2		0.750168
366.3		0.750168
366.4		0.750168
366.5		0.750168
366.6		0.750168
366.7		0.750168
366.8		0.750168
366.9		0.750168
367		0.750168
367.1		0.752102
367.2		0.752102
367.3		0.752102
367.4		0.752102
367.5		0.752102
367.6		0.752102
367.7		0.752102
367.8		0.752102
367.9		0.752102
368		0.752102
368.1		0.754394
368.2		0.754394
368.3		0.754394
368.4		0.754394
368.5		0.754394
368.6		0.754394
368.7		0.754394
368.8		0.754394
368.9		0.754394
369		0.754394
369.1		0.755014
369.2		0.755014
369.3		0.755014
369.4		0.755014
369.5		0.755014
369.6		0.755014
369.7		0.755014
369.8		0.755014
369.9		0.755014
370		0.755014
370.1		0.760416
370.2		0.760416
370.3		0.760416
370.4		0.760416
370.5		0.760416
370.6		0.760416
370.7		0.760416
370.8		0.760416
370.9		0.760416
371		0.760416
371.1		0.760679
371.2		0.760679
371.3		0.760679
371.4		0.760679
371.5		0.760679
371.6		0.760679
371.7		0.760679
371.8		0.760679
371.9		0.760679
372		0.760679
372.1		0.76111
372.2		0.76111
372.3		0.76111
372.4		0.76111
372.5		0.76111
372.6		0.76111
372.7		0.76111
372.8		0.76111
372.9		0.76111
373		0.76111
373.1		0.763906
373.2		0.763906
373.3		0.763906
373.4		0.763906
373.5		0.763906
373.6		0.763906
373.7		0.763906
373.8		0.763906
373.9		0.763906
374		0.763906
374.1		0.769844
374.2		0.769844
374.3		0.769844
374.4		0.769844
374.5		0.769844
374.6		0.769844
374.7		0.769844
374.8		0.769844
374.9		0.769844
375		0.769844
375.1		0.769939
375.2		0.769939
375.3		0.769939
375.4		0.769939
375.5		0.769939
375.6		0.769939
375.7		0.769939
375.8		0.769939
375.9		0.769939
376		0.769939
376.1		0.771421
376.2		0.771421
376.3		0.771421
376.4		0.771421
376.5		0.771421
376.6		0.771421
376.7		0.771421
376.8		0.771421
376.9		0.771421
377		0.771421
377.1		0.772577
377.2		0.772577
377.3		0.772577
377.4		0.772577
377.5		0.772577
377.6		0.772577
377.7		0.772577
377.8		0.772577
377.9		0.772577
378		0.772577
378.1		0.775594
378.2		0.775594
378.3		0.775594
378.4		0.775594
378.5		0.775594
378.6		0.775594
378.7		0.775594
378.8		0.775594
378.9		0.775594
379		0.775594
379.1		0.77819
379.2		0.77819
379.3		0.77819
379.4		0.77819
379.5		0.77819
379.6		0.77819
379.7		0.77819
379.8		0.77819
379.9		0.77819
380		0.77819
380.1		0.782342
380.2		0.782342
380.3		0.782342
380.4		0.782342
380.5		0.782342
380.6		0.782342
380.7		0.782342
380.8		0.782342
380.9		0.782342
381		0.782342
381.1		0.783015
381.2		0.783015
381.3		0.783015
381.4		0.783015
381.5		0.783015
381.6		0.783015
381.7		0.783015
381.8		0.783015
381.9		0.783015
382		0.783015
382.1		0.783267
382.2		0.783267
382.3		0.783267
382.4		0.783267
382.5		0.783267
382.6		0.783267
382.7		0.783267
382.8		0.783267
382.9		0.783267
383		0.783267
383.1		0.785222
383.2		0.785222
383.3		0.785222
383.4		0.785222
383.5		0.785222
383.6		0.785222
383.7		0.785222
383.8		0.785222
383.9		0.785222
384		0.785222
384.1		0.789584
384.2		0.789584
384.3		0.789584
384.4		0.789584
384.5		0.789584
384.6		0.789584
384.7		0.789584
384.8		0.789584
384.9		0.789584
385		0.789584
385.1		0.790551
385.2		0.790551
385.3		0.790551
385.4		0.790551
385.5		0.790551
385.6		0.790551
385.7		0.790551
385.8		0.790551
385.9		0.790551
386		0.790551
386.1		0.792926
386.2		0.792926
386.3		0.792926
386.4		0.792926
386.5		0.792926
386.6		0.792926
386.7		0.792926
386.8		0.792926
386.9		0.792926
387		0.792926
387.1		0.793546
387.2		0.793546
387.3		0.793546
387.4		0.793546
387.5		0.793546
387.6		0.793546
387.7		0.793546
387.8		0.793546
387.9		0.793546
388		0.793546
388.1		0.79712
388.2		0.79712
388.3		0.79712
388.4		0.79712
388.5		0.79712
388.6		0.79712
388.7		0.79712
388.8		0.79712
388.9		0.79712
389		0.79712
389.1		0.797709
389.2		0.797709
389.3		0.797709
389.4		0.797709
389.5		0.797709
389.6		0.797709
389.7		0.797709
389.8		0.797709
389.9		0.797709
390		0.797709
390.1		0.799117
390.2		0.799117
390.3		0.799117
390.4		0.799117
390.5		0.799117
390.6		0.799117
390.7		0.799117
390.8		0.799117
390.9		0.799117
391		0.799117
391.1		0.800872
391.2		0.800872
391.3		0.800872
391.4		0.800872
391.5		0.800872
391.6		0.800872
391.7		0.800872
391.8		0.800872
391.9		0.800872
392		0.800872
392.1		0.804478
392.2		0.804478
392.3		0.804478
392.4		0.804478
392.5		0.804478
392.6		0.804478
392.7		0.804478
392.8		0.804478
392.9		0.804478
393		0.804478
393.1		0.805339
393.2		0.805339
393.3		0.805339
393.4		0.805339
393.5		0.805339
393.6		0.805339
393.7		0.805339
393.8		0.805339
393.9		0.805339
394		0.805339
394.1		0.809323
394.2		0.809323
394.3		0.809323
394.4		0.809323
394.5		0.809323
394.6		0.809323
394.7		0.809323
394.8		0.809323
394.9		0.809323
395		0.809323
395.1		0.810343
395.2		0.810343
395.3		0.810343
395.4		0.810343
395.5		0.810343
395.6		0.810343
395.7		0.810343
395.8		0.810343
395.9		0.810343
396		0.810343
396.1		0.812214
396.2		0.812214
396.3		0.812214
396.4		0.812214
396.5		0.812214
396.6		0.812214
396.7		0.812214
396.8		0.812214
396.9		0.812214
397		0.812214
397.1		0.815598
397.2		0.815598
397.3		0.815598
397.4		0.815598
397.5		0.815598
397.6		0.815598
397.7		0.815598
397.8		0.815598
397.9		0.815598
398		0.815598
398.1		0.816428
398.2		0.816428
398.3		0.816428
398.4		0.816428
398.5		0.816428
398.6		0.816428
398.7		0.816428
398.8		0.816428
398.9		0.816428
399		0.816428
399.1		0.819098
399.2		0.819098
399.3		0.819098
399.4		0.819098
399.5		0.819098
399.6		0.819098
399.7		0.819098
399.8		0.819098
399.9		0.819098
400		0.819098
400.1		0.819361
400.2		0.819361
400.3		0.819361
400.4		0.819361
400.5		0.819361
400.6		0.819361
400.7		0.819361
400.8		0.819361
400.9		0.819361
401		0.819361
401.1		0.823828
401.2		0.823828
401.3		0.823828
401.4		0.823828
401.5		0.823828
401.6		0.823828
401.7		0.823828
401.8		0.823828
401.9		0.823828
402		0.823828
402.1		0.824806
402.2		0.824806
402.3		0.824806
402.4		0.824806
402.5		0.824806
402.6		0.824806
402.7		0.824806
402.8		0.824806
402.9		0.824806
403		0.824806
403.1		0.826908
403.2		0.826908
403.3		0.826908
403.4		0.826908
403.5		0.826908
403.6		0.826908
403.7		0.826908
403.8		0.826908
403.9		0.826908
404		0.826908
404.1		0.829725
404.2		0.829725
404.3		0.829725
404.4		0.829725
404.5		0.829725
404.6		0.829725
404.7		0.829725
404.8		0.829725
404.9		0.829725
405		0.829725
405.1		0.831659
405.2		0.831659
405.3		0.831659
405.4		0.831659
405.5		0.831659
405.6		0.831659
405.7		0.831659
405.8		0.831659
405.9		0.831659
406		0.831659
406.1		0.835663
406.2		0.835663
406.3		0.835663
406.4		0.835663
406.5		0.835663
406.6		0.835663
406.7		0.835663
406.8		0.835663
406.9		0.835663
407		0.835663
407.1		0.83745
407.2		0.83745
407.3		0.83745
407.4		0.83745
407.5		0.83745
407.6		0.83745
407.7		0.83745
407.8		0.83745
407.9		0.83745
408		0.83745
408.1		0.838018
408.2		0.838018
408.3		0.838018
408.4		0.838018
408.5		0.838018
408.6		0.838018
408.7		0.838018
408.8		0.838018
408.9		0.838018
409		0.838018
409.1		0.841287
409.2		0.841287
409.3		0.841287
409.4		0.841287
409.5		0.841287
409.6		0.841287
409.7		0.841287
409.8		0.841287
409.9		0.841287
410		0.841287
410.1		0.843567
410.2		0.843567
410.3		0.843567
410.4		0.843567
410.5		0.843567
410.6		0.843567
410.7		0.843567
410.8		0.843567
410.9		0.843567
411		0.843567
411.1		0.846952
411.2		0.846952
411.3		0.846952
411.4		0.846952
411.5		0.846952
411.6		0.846952
411.7		0.846952
411.8		0.846952
411.9		0.846952
412		0.846952
412.1		0.847572
412.2		0.847572
412.3		0.847572
412.4		0.847572
412.5		0.847572
412.6		0.847572
412.7		0.847572
412.8		0.847572
412.9		0.847572
413		0.847572
413.1		0.847877
413.2		0.847877
413.3		0.847877
413.4		0.847877
413.5		0.847877
413.6		0.847877
413.7		0.847877
413.8		0.847877
413.9		0.847877
414		0.847877
414.1		0.853448
414.2		0.853448
414.3		0.853448
414.4		0.853448
414.5		0.853448
414.6		0.853448
414.7		0.853448
414.8		0.853448
414.9		0.853448
415		0.853448
415.1		0.854047
415.2		0.854047
415.3		0.854047
415.4		0.854047
415.5		0.854047
415.6		0.854047
415.7		0.854047
415.8		0.854047
415.9		0.854047
416		0.854047
416.1		0.85453
416.2		0.85453
416.3		0.85453
416.4		0.85453
416.5		0.85453
416.6		0.85453
416.7		0.85453
416.8		0.85453
416.9		0.85453
417		0.85453
417.1		0.857084
417.2		0.857084
417.3		0.857084
417.4		0.857084
417.5		0.857084
417.6		0.857084
417.7		0.857084
417.8		0.857084
417.9		0.857084
418		0.857084
418.1		0.860532
418.2		0.860532
418.3		0.860532
418.4		0.860532
418.5		0.860532
418.6		0.860532
418.7		0.860532
418.8		0.860532
418.9		0.860532
419		0.860532
419.1		0.861972
419.2		0.861972
419.3		0.861972
419.4		0.861972
419.5		0.861972
419.6		0.861972
419.7		0.861972
419.8		0.861972
419.9		0.861972
420		0.861972
420.1		0.863927
420.2		0.863927
420.3		0.863927
420.4		0.863927
420.5		0.863927
420.6		0.863927
420.7		0.863927
420.8		0.863927
420.9		0.863927
421		0.863927
421.1		0.86522
421.2		0.86522
421.3		0.86522
421.4		0.86522
421.5		0.86522
421.6		0.86522
421.7		0.86522
421.8		0.86522
421.9		0.86522
422		0.86522
422.1		0.871463
422.2		0.871463
422.3		0.871463
422.4		0.871463
422.5		0.871463
422.6		0.871463
422.7		0.871463
422.8		0.871463
422.9		0.871463
423		0.871463
423.1		0.871715
423.2		0.871715
423.3		0.871715
423.4		0.871715
423.5		0.871715
423.6		0.871715
423.7		0.871715
423.8		0.871715
423.9		0.871715
424		0.871715
424.1		0.871905
424.2		0.871905
424.3		0.871905
424.4		0.871905
424.5		0.871905
424.6		0.871905
424.7		0.871905
424.8		0.871905
424.9		0.871905
425		0.871905
425.1		0.873208
425.2		0.873208
425.3		0.873208
425.4		0.873208
425.5		0.873208
425.6		0.873208
425.7		0.873208
425.8		0.873208
425.9		0.873208
426		0.873208
426.1		0.876666
426.2		0.876666
426.3		0.876666
426.4		0.876666
426.5		0.876666
426.6		0.876666
426.7		0.876666
426.8		0.876666
426.9		0.876666
427		0.876666
427.1		0.879546
427.2		0.879546
427.3		0.879546
427.4		0.879546
427.5		0.879546
427.6		0.879546
427.7		0.879546
427.8		0.879546
427.9		0.879546
428		0.879546
428.1		0.880008
428.2		0.880008
428.3		0.880008
428.4		0.880008
428.5		0.880008
428.6		0.880008
428.7		0.880008
428.8		0.880008
428.9		0.880008
429		0.880008
429.1		0.881312
429.2		0.881312
429.3		0.881312
429.4		0.881312
429.5		0.881312
429.6		0.881312
429.7		0.881312
429.8		0.881312
429.9		0.881312
430		0.881312
430.1		0.886094
430.2		0.886094
430.3		0.886094
430.4		0.886094
430.5		0.886094
430.6		0.886094
430.7		0.886094
430.8		0.886094
430.9		0.886094
431		0.886094
431.1		0.888144
431.2		0.888144
431.3		0.888144
431.4		0.888144
431.5		0.888144
431.6		0.888144
431.7		0.888144
431.8		0.888144
431.9		0.888144
432		0.888144
432.1		0.888995
432.2		0.888995
432.3		0.888995
432.4		0.888995
432.5		0.888995
432.6		0.888995
432.7		0.888995
432.8		0.888995
432.9		0.888995
433		0.888995
433.1		0.891455
433.2		0.891455
433.3		0.891455
433.4		0.891455
433.5		0.891455
433.6		0.891455
433.7		0.891455
433.8		0.891455
433.9		0.891455
434		0.891455
434.1		0.891812
434.2		0.891812
434.3		0.891812
434.4		0.891812
434.5		0.891812
434.6		0.891812
434.7		0.891812
434.8		0.891812
434.9		0.891812
435		0.891812
435.1		0.896374
435.2		0.896374
435.3		0.896374
435.4		0.896374
435.5		0.896374
435.6		0.896374
435.7		0.896374
435.8		0.896374
435.9		0.896374
436		0.896374
436.1		0.896721
436.2		0.896721
436.3		0.896721
436.4		0.896721
436.5		0.896721
436.6		0.896721
436.7		0.896721
436.8		0.896721
436.9		0.896721
437		0.896721
437.1		0.900904
437.2		0.900904
437.3		0.900904
437.4		0.900904
437.5		0.900904
437.6		0.900904
437.7		0.900904
437.8		0.900904
437.9		0.900904
438		0.900904
438.1		0.903101
438.2		0.903101
438.3		0.903101
438.4		0.903101
438.5		0.903101
438.6		0.903101
438.7		0.903101
438.8		0.903101
438.9		0.903101
439		0.903101
439.1		0.903805
439.2		0.903805
439.3		0.903805
439.4		0.903805
439.5		0.903805
439.6		0.903805
439.7		0.903805
439.8		0.903805
439.9		0.903805
440		0.903805
440.1		0.905371
440.2		0.905371
440.3		0.905371
440.4		0.905371
440.5		0.905371
440.6		0.905371
440.7		0.905371
440.8		0.905371
440.9		0.905371
441		0.905371
441.1		0.908167
441.2		0.908167
441.3		0.908167
441.4		0.908167
441.5		0.908167
441.6		0.908167
441.7		0.908167
441.8		0.908167
441.9		0.908167
442		0.908167
442.1		0.90988
442.2		0.90988
442.3		0.90988
442.4		0.90988
442.5		0.90988
442.6		0.90988
442.7		0.90988
442.8		0.90988
442.9		0.90988
443		0.90988
443.1		0.912592
443.2		0.912592
443.3		0.912592
443.4		0.912592
443.5		0.912592
443.6		0.912592
443.7		0.912592
443.8		0.912592
443.9		0.912592
444		0.912592
444.1		0.917322
444.2		0.917322
444.3		0.917322
444.4		0.917322
444.5		0.917322
444.6		0.917322
444.7		0.917322
444.8		0.917322
444.9		0.917322
445		0.917322
445.1		0.918005
445.2		0.918005
445.3		0.918005
445.4		0.918005
445.5		0.918005
445.6		0.918005
445.7		0.918005
445.8		0.918005
445.9		0.918005
446		0.918005
446.1		0.918341
446.2		0.918341
446.3		0.918341
446.4		0.918341
446.5		0.918341
446.6		0.918341
446.7		0.918341
446.8		0.918341
446.9		0.918341
447		0.918341
447.1		0.921453
447.2		0.921453
447.3		0.921453
447.4		0.921453
447.5		0.921453
447.6		0.921453
447.7		0.921453
447.8		0.921453
447.9		0.921453
448		0.921453
448.1		0.924343
448.2		0.924343
448.3		0.924343
448.4		0.924343
448.5		0.924343
448.6		0.924343
448.7		0.924343
448.8		0.924343
448.9		0.924343
449		0.924343
449.1		0.927864
449.2		0.927864
449.3		0.927864
449.4		0.927864
449.5		0.927864
449.6		0.927864
449.7		0.927864
449.8		0.927864
449.9		0.927864
450		0.927864
450.1		0.928116
450.2		0.928116
450.3		0.928116
450.4		0.928116
450.5		0.928116
450.6		0.928116
450.7		0.928116
450.8		0.928116
450.9		0.928116
451		0.928116
451.1		0.929851
451.2		0.929851
451.3		0.929851
451.4		0.929851
451.5		0.929851
451.6		0.929851
451.7		0.929851
451.8		0.929851
451.9		0.929851
452		0.929851
452.1		0.934307
452.2		0.934307
452.3		0.934307
452.4		0.934307
452.5		0.934307
452.6		0.934307
452.7		0.934307
452.8		0.934307
452.9		0.934307
453		0.934307
453.1		0.935169
453.2		0.935169
453.3		0.935169
453.4		0.935169
453.5		0.935169
453.6		0.935169
453.7		0.935169
453.8		0.935169
453.9		0.935169
454		0.935169
454.1		0.936147
454.2		0.936147
454.3		0.936147
454.4		0.936147
454.5		0.936147
454.6		0.936147
454.7		0.936147
454.8		0.936147
454.9		0.936147
455		0.936147
455.1		0.93642
455.2		0.93642
455.3		0.93642
455.4		0.93642
455.5		0.93642
455.6		0.93642
455.7		0.93642
455.8		0.93642
455.9		0.93642
456		0.93642
456.1		0.942758
456.2		0.942758
456.3		0.942758
456.4		0.942758
456.5		0.942758
456.6		0.942758
456.7		0.942758
456.8		0.942758
456.9		0.942758
457		0.942758
457.1		0.94526
457.2		0.94526
457.3		0.94526
457.4		0.94526
457.5		0.94526
457.6		0.94526
457.7		0.94526
457.8		0.94526
457.9		0.94526
458		0.94526
458.1		0.946594
458.2		0.946594
458.3		0.946594
458.4		0.946594
458.5		0.946594
458.6		0.946594
458.7		0.946594
458.8		0.946594
458.9		0.946594
459		0.946594
459.1		0.946815
459.2		0.946815
459.3		0.946815
459.4		0.946815
459.5		0.946815
459.6		0.946815
459.7		0.946815
459.8		0.946815
459.9		0.946815
460		0.946815
460.1		0.950914
460.2		0.950914
460.3		0.950914
460.4		0.950914
460.5		0.950914
460.6		0.950914
460.7		0.950914
460.8		0.950914
460.9		0.950914
461		0.950914
461.1		0.951324
461.2		0.951324
461.3		0.951324
461.4		0.951324
461.5		0.951324
461.6		0.951324
461.7		0.951324
461.8		0.951324
461.9		0.951324
462		0.951324
462.1		0.955024
462.2		0.955024
462.3		0.955024
462.4		0.955024
462.5		0.955024
462.6		0.955024
462.7		0.955024
462.8		0.955024
462.9		0.955024
463		0.955024
463.1		0.955812
463.2		0.955812
463.3		0.955812
463.4		0.955812
463.5		0.955812
463.6		0.955812
463.7		0.955812
463.8		0.955812
463.9		0.955812
464		0.955812
464.1		0.959323
464.2		0.959323
464.3		0.959323
464.4		0.959323
464.5		0.959323
464.6		0.959323
464.7		0.959323
464.8		0.959323
464.9		0.959323
465		0.959323
465.1		0.960174
465.2		0.960174
465.3		0.960174
465.4		0.960174
465.5		0.960174
465.6		0.960174
465.7		0.960174
465.8		0.960174
465.9		0.960174
466		0.960174
466.1		0.960963
466.2		0.960963
466.3		0.960963
466.4		0.960963
466.5		0.960963
466.6		0.960963
466.7		0.960963
466.8		0.960963
466.9		0.960963
467		0.960963
467.1		0.963359
467.2		0.963359
467.3		0.963359
467.4		0.963359
467.5		0.963359
467.6		0.963359
467.7		0.963359
467.8		0.963359
467.9		0.963359
468		0.963359
468.1		0.965829
468.2		0.965829
468.3		0.965829
468.4		0.965829
468.5		0.965829
468.6		0.965829
468.7		0.965829
468.8		0.965829
468.9		0.965829
469		0.965829
469.1		0.970402
469.2		0.970402
469.3		0.970402
469.4		0.970402
469.5		0.970402
469.6		0.970402
469.7		0.970402
469.8		0.970402
469.9		0.970402
470		0.970402
470.1		0.971106
470.2		0.971106
470.3		0.971106
470.4		0.971106
470.5		0.971106
470.6		0.971106
470.7		0.971106
470.8		0.971106
470.9		0.971106
471		0.971106
471.1		0.972619
471.2		0.972619
471.3		0.972619
471.4		0.972619
471.5		0.972619
471.6		0.972619
471.7		0.972619
471.8		0.972619
471.9		0.972619
472		0.972619
472.1		0.972798
472.2		0.972798
472.3		0.972798
472.4		0.972798
472.5		0.972798
472.6		0.972798
472.7		0.972798
472.8		0.972798
472.9		0.972798
473		0.972798
473.1		0.977244
473.2		0.977244
473.3		0.977244
473.4		0.977244
473.5		0.977244
473.6		0.977244
473.7		0.977244
473.8		0.977244
473.9		0.977244
474		0.977244
474.1		0.978726
474.2		0.978726
474.3		0.978726
474.4		0.978726
474.5		0.978726
474.6		0.978726
474.7		0.978726
474.8		0.978726
474.9		0.978726
475		0.978726
475.1		0.980818
475.2		0.980818
475.3		0.980818
475.4		0.980818
475.5		0.980818
475.6		0.980818
475.7		0.980818
475.8		0.980818
475.9		0.980818
476		0.980818
476.1		0.981469
476.2		0.981469
476.3		0.981469
476.4		0.981469
476.5		0.981469
476.6		0.981469
476.7		0.981469
476.8		0.981469
476.9		0.981469
477		0.981469
477.1		0.982783
477.2		0.982783
477.3		0.982783
477.4		0.982783
477.5		0.982783
477.6		0.982783
477.7		0.982783
477.8		0.982783
477.9		0.982783
478		0.982783
478.1		0.989205
478.2		0.989205
478.3		0.989205
478.4		0.989205
478.5		0.989205
478.6		0.989205
478.7		0.989205
478.8		0.989205
478.9		0.989205
479		0.989205
479.1		0.990435
479.2		0.990435
479.3		0.990435
479.4		0.990435
479.5		0.990435
479.6		0.990435
479.7		0.990435
479.8		0.990435
479.9		0.990435
480		0.990435
480.1		0.990656
480.2		0.990656
480.3		0.990656
480.4		0.990656
480.5		0.990656
480.6		0.990656
480.7		0.990656
480.8		0.990656
480.9		0.990656
481		0.990656
481.1		0.993546
481.2		0.993546
481.3		0.993546
481.4		0.993546
481.5		0.993546
481.6		0.993546
481.7		0.993546
481.8		0.993546
481.9		0.993546
482		0.993546
482.1		0.999275
482.2		0.999275
482.3		0.999275
482.4		0.999275
482.5		0.999275
482.6		0.999275
482.7		0.999275
482.8		0.999275
482.9		0.999275
483		0.999275
483.1		0.999453
483.2		0.999453
483.3		0.999453
483.4		0.999453
483.5		0.999453
483.6		0.999453
483.7		0.999453
483.8		0.999453
483.9		0.999453
484		0.999453
484.1		0.999611
484.2		0.999611
484.3		0.999611
484.4		0.999611
484.5		0.999611
484.6		0.999611
484.7		0.999611
484.8		0.999611
484.9		0.999611
485		0.999611
485.1		0.999863
485.2		0.999863
485.3		0.999863
485.4		0.999863
485.5		0.999863
485.6		0.999863
485.7		0.999863
485.8		0.999863
485.9		0.999863
486		0.999863
486.1		1
486.2		1
486.3		1
486.4		1
486.5		1
486.6		1
486.7		1
486.8		1
486.9		1
487		1
487.1		1
487.2		1
487.3		1
487.4		1
487.5		1
487.6		1
487.7		1
487.8		1
487.9		1
488		1
488.1		1
488.2		1
488.3		1
488.4		1
488.5		1
488.6		1
488.7		1
488.8		1
488.9		1
489		1
489.1		1
489.2		1
489.3		1
489.4		1
489.5		1
489.6		1
489.7		1
489.8		1
489.9		1
490		1
490.1		1
490.2		1
490.3		1
490.4		1
490.5		1
490.6		1
490.7		1
490.8		1
490.9		1
491		1
491.1		1
491.2		1
491.3		1
491.4		1
491.5		1
491.6		1
491.7		1
491.8		1
491.9		1
492		1
492.1		1
492.2		1
492.3		1
492.4		1
492.5		1
492.6		1
492.7		1
492.8		1
492.9		1
493		1
493.1		1
493.2		1
493.3		1
493.4		1
493.5		1
493.6		1
493.7		1
493.8		1
493.9		1
494		1
494.1		1
494.2		1
494.3		1
494.4		1
494.5		1
494.6		1
494.7		1
494.8		1
494.9		1
495		1
495.1		1
495.2		1
495.3		1
495.4		1
495.5		1
495.6		1
495.7		1
495.8		1
495.9		1
496		1
496.1		1
496.2		1
496.3		1
496.4		1
496.5		1
496.6		1
496.7		1
496.8		1
496.9		1
497		1
497.1		1
497.2		1
497.3		1
497.4		1
497.5		1
497.6		1
497.7		1
497.8		1
497.9		1
498		1
498.1		1
498.2		1
498.3		1
498.4		1
498.5		1
498.6		1
498.7		1
498.8		1
498.9		1
499		1
499.1		1
499.2		1
499.3		1
499.4		1
499.5		1
499.6		1
499.7		1
499.8		1
499.9		1
500		1
500.1		1
500.2		1
500.3		1
500.4		1
500.5		1
500.6		1
500.7		1
500.8		1
500.9		1
501		1
501.1		1
501.2		1
501.3		1
501.4		1
501.5		1
501.6		1
501.7		1
501.8		1
501.9		1
502		1
502.1		1
502.2		1
502.3		1
502.4		1
502.5		1
502.6		1
502.7		1
502.8		1
502.9		1
503		1
503.1		1
503.2		1
503.3		1
503.4		1
503.5		1
503.6		1
503.7		1
503.8		1
503.9		1
504		1
504.1		1
504.2		1
504.3		1
504.4		1
504.5		1
504.6		1
504.7		1
504.8		1
504.9		1
505		1
505.1		1
505.2		1
505.3		1
505.4		1
505.5		1
505.6		1
505.7		1
505.8		1
505.9		1
506		1
506.1		1
506.2		1
506.3		1
506.4		1
506.5		1
506.6		1
506.7		1
506.8		1
506.9		1
507		1
507.1		1
507.2		1
507.3		1
507.4		1
507.5		1
507.6		1
507.7		1
507.8		1
507.9		1
508		1
508.1		1
508.2		1
508.3		1
508.4		1
508.5		1
508.6		1
508.7		1
508.8		1
508.9		1
509		1
509.1		1
509.2		1
509.3		1
509.4		1
509.5		1
509.6		1
509.7		1
509.8		1
509.9		1
510		1
510.1		1
510.2		1
510.3		1
510.4		1
510.5		1
510.6		1
510.7		1
510.8		1
510.9		1
511		1
511.1		1
511.2		1
511.3		1
511.4		1
511.5		1
511.6		1
511.7		1
511.8		1
511.9		1
512		1
512.1		1
512.2		1
512.3		1
512.4		1
512.5		1
512.6		1
512.7		1
512.8		1
512.9		1
513		1
513.1		1
513.2		1
513.3		1
513.4		1
513.5		1
513.6		1
513.7		1
513.8		1
513.9		1
514		1
514.1		1
514.2		1
514.3		1
514.4		1
514.5		1
514.6		1
514.7		1
514.8		1
514.9		1
515		1
515.1		1
515.2		1
515.3		1
515.4		1
515.5		1
515.6		1
515.7		1
515.8		1
515.9		1
516		1
516.1		1
516.2		1
516.3		1
516.4		1
516.5		1
516.6		1
516.7		1
516.8		1
516.9		1
517		1
517.1		1
517.2		1
517.3		1
517.4		1
517.5		1
517.6		1
517.7		1
517.8		1
517.9		1
518		1
518.1		1
518.2		1
518.3		1
518.4		1
518.5		1
518.6		1
518.7		1
518.8		1
518.9		1
519		1
519.1		1
519.2		1
519.3		1
519.4		1
519.5		1
519.6		1
519.7		1
519.8		1
519.9		1
520		1
520.1		1
520.2		1
520.3		1
520.4		1
520.5		1
520.6		1
520.7		1
520.8		1
520.9		1
521		1
521.1		1
521.2		1
521.3		1
521.4		1
521.5		1
521.6		1
521.7		1
521.8		1
521.9		1
522		1
522.1		1
522.2		1
522.3		1
522.4		1
522.5		1
522.6		1
522.7		1
522.8		1
522.9		1
523		1
523.1		1
523.2		1
523.3		1
523.4		1
523.5		1
523.6		1
523.7		1
523.8		1
523.9		1
524		1
524.1		1
524.2		1
524.3		1
524.4		1
524.5		1
524.6		1
524.7		1
524.8		1
524.9		1
525		1
525.1		1
525.2		1
525.3		1
525.4		1
525.5		1
525.6		1
525.7		1
525.8		1
525.9		1
526		1
526.1		1
526.2		1
526.3		1
526.4		1
526.5		1
526.6		1
526.7		1
526.8		1
526.9		1
527		1
527.1		1
527.2		1
527.3		1
527.4		1
527.5		1
527.6		1
527.7		1
527.8		1
527.9		1
528		1
528.1		1
528.2		1
528.3		1
528.4		1
528.5		1
528.6		1
528.7		1
528.8		1
528.9		1
529		1
529.1		1
529.2		1
529.3		1
529.4		1
529.5		1
529.6		1
529.7		1
529.8		1
529.9		1
530		1
530.1		1
530.2		1
530.3		1
530.4		1
530.5		1
530.6		1
530.7		1
530.8		1
530.9		1
531		1
531.1		1
531.2		1
531.3		1
531.4		1
531.5		1
531.6		1
531.7		1
531.8		1
531.9		1
532		1
532.1		1
532.2		1
532.3		1
532.4		1
532.5		1
532.6		1
532.7		1
532.8		1
532.9		1
533		1
533.1		1
533.2		1
533.3		1
533.4		1
533.5		1
533.6		1
533.7		1
533.8		1
533.9		1
534		1
534.1		1
534.2		1
534.3		1
534.4		1
534.5		1
534.6		1
534.7		1
534.8		1
534.9		1
535		1
535.1		1
535.2		1
535.3		1
535.4		1
535.5		1
535.6		1
535.7		1
535.8		1
535.9		1
536		1
536.1		1
536.2		1
536.3		1
536.4		1
536.5		1
536.6		1
536.7		1
536.8		1
536.9		1
537		1
537.1		1
537.2		1
537.3		1
537.4		1
537.5		1
537.6		1
537.7		1
537.8		1
537.9		1
538		1
538.1		1
538.2		1
538.3		1
538.4		1
538.5		1
538.6		1
538.7		1
538.8		1
538.9		1
539		1
539.1		1
539.2		1
539.3		1
539.4		1
539.5		1
539.6		1
539.7		1
539.8		1
539.9		1
540		1
540.1		1
540.2		1
540.3		1
540.4		1
540.5		1
540.6		1
540.7		1
540.8		1
540.9		1
541		1
541.1		1
541.2		1
541.3		1
541.4		1
541.5		1
541.6		1
541.7		1
541.8		1
541.9		1
542		1
542.1		1
542.2		1
542.3		1
542.4		1
542.5		1
542.6		1
542.7		1
542.8		1
542.9		1
543		1
543.1		1
543.2		1
543.3		1
543.4		1
543.5		1
543.6		1
543.7		1
543.8		1
543.9		1
544		1
544.1		1
544.2		1
544.3		1
544.4		1
544.5		1
544.6		1
544.7		1
544.8		1
544.9		1
545		1
545.1		1
545.2		1
545.3		1
545.4		1
545.5		1
545.6		1
545.7		1
545.8		1
545.9		1
546		1
546.1		1
546.2		1
546.3		1
546.4		1
546.5		1
546.6		1
546.7		1
546.8		1
546.9		1
547		1
547.1		1
547.2		1
547.3		1
547.4		1
547.5		1
547.6		1
547.7		1
547.8		1
547.9		1
548		1
548.1		1
548.2		1
548.3		1
548.4		1
548.5		1
548.6		1
548.7		1
548.8		1
548.9		1
549		1
549.1		1
549.2		1
549.3		1
549.4		1
549.5		1
549.6		1
549.7		1
549.8		1
549.9		1
550		1
550.1		1
550.2		1
550.3		1
550.4		1
550.5		1
550.6		1
550.7		1
550.8		1
550.9		1
551		1
551.1		1
551.2		1
551.3		1
551.4		1
551.5		1
551.6		1
551.7		1
551.8		1
551.9		1
552		1
552.1		1
552.2		1
552.3		1
552.4		1
552.5		1
552.6		1
552.7		1
552.8		1
552.9		1
553		1
553.1		1
553.2		1
553.3		1
553.4		1
553.5		1
553.6		1
553.7		1
553.8		1
553.9		1
554		1
554.1		1
554.2		1
554.3		1
554.4		1
554.5		1
554.6		1
554.7		1
554.8		1
554.9		1
555		1
555.1		1
555.2		1
555.3		1
555.4		1
555.5		1
555.6		1
555.7		1
555.8		1
555.9		1
556		1
556.1		1
556.2		1
556.3		1
556.4		1
556.5		1
556.6		1
556.7		1
556.8		1
556.9		1
557		1
557.1		1
557.2		1
557.3		1
557.4		1
557.5		1
557.6		1
557.7		1
557.8		1
557.9		1
558		1
558.1		1
558.2		1
558.3		1
558.4		1
558.5		1
558.6		1
558.7		1
558.8		1
558.9		1
559		1
559.1		1
559.2		1
559.3		1
559.4		1
559.5		1
559.6		1
559.7		1
559.8		1
559.9		1
560		1
560.1		1
560.2		1
560.3		1
560.4		1
560.5		1
560.6		1
560.7		1
560.8		1
560.9		1
561		1
561.1		1
561.2		1
561.3		1
561.4		1
561.5		1
561.6		1
561.7		1
561.8		1
561.9		1
562		1
562.1		1
562.2		1
562.3		1
562.4		1
562.5		1
562.6		1
562.7		1
562.8		1
562.9		1
563		1
563.1		1
563.2		1
563.3		1
563.4		1
563.5		1
563.6		1
563.7		1
563.8		1
563.9		1
564		1
564.1		1
564.2		1
564.3		1
564.4		1
564.5		1
564.6		1
564.7		1
564.8		1
564.9		1
565		1
565.1		1
565.2		1
565.3		1
565.4		1
565.5		1
565.6		1
565.7		1
565.8		1
565.9		1
566		1
566.1		1
566.2		1
566.3		1
566.4		1
566.5		1
566.6		1
566.7		1
566.8		1
566.9		1
567		1
567.1		1
567.2		1
567.3		1
567.4		1
567.5		1
567.6		1
567.7		1
567.8		1
567.9		1
568		1
568.1		1
568.2		1
568.3		1
568.4		1
568.5		1
568.6		1
568.7		1
568.8		1
568.9		1
569		1
569.1		1
569.2		1
569.3		1
569.4		1
569.5		1
569.6		1
569.7		1
569.8		1
569.9		1
570		1
570.1		1
570.2		1
570.3		1
570.4		1
570.5		1
570.6		1
570.7		1
570.8		1
570.9		1
571		1
571.1		1
571.2		1
571.3		1
571.4		1
571.5		1
571.6		1
571.7		1
571.8		1
571.9		1
572		1
572.1		1
572.2		1
572.3		1
572.4		1
572.5		1
572.6		1
572.7		1
572.8		1
572.9		1
573		1
573.1		1
573.2		1
573.3		1
573.4		1
573.5		1
573.6		1
573.7		1
573.8		1
573.9		1
574		1
574.1		1
574.2		1
574.3		1
574.4		1
574.5		1
574.6		1
574.7		1
574.8		1
574.9		1
575		1
575.1		1
575.2		1
575.3		1
575.4		1
575.5		1
575.6		1
575.7		1
575.8		1
575.9		1
576		1
576.1		1
576.2		1
576.3		1
576.4		1
576.5		1
576.6		1
576.7		1
576.8		1
576.9		1
577		1
577.1		1
577.2		1
577.3		1
577.4		1
577.5		1
577.6		1
577.7		1
577.8		1
577.9		1
578		1
578.1		1
578.2		1
578.3		1
578.4		1
578.5		1
578.6		1
578.7		1
578.8		1
578.9		1
579		1
579.1		1
579.2		1
579.3		1
579.4		1
579.5		1
579.6		1
579.7		1
579.8		1
579.9		1
580		1
580.1		1
580.2		1
580.3		1
580.4		1
580.5		1
580.6		1
580.7		1
580.8		1
580.9		1
581		1
581.1		1
581.2		1
581.3		1
581.4		1
581.5		1
581.6		1
581.7		1
581.8		1
581.9		1
582		1
582.1		1
582.2		1
582.3		1
582.4		1
582.5		1
582.6		1
582.7		1
582.8		1
582.9		1
583		1
583.1		1
583.2		1
583.3		1
583.4		1
583.5		1
583.6		1
583.7		1
583.8		1
583.9		1
584		1
584.1		1
584.2		1
584.3		1
584.4		1
584.5		1
584.6		1
584.7		1
584.8		1
584.9		1
585		1
585.1		1
585.2		1
585.3		1
585.4		1
585.5		1
585.6		1
585.7		1
585.8		1
585.9		1
586		1
586.1		1
586.2		1
586.3		1
586.4		1
586.5		1
586.6		1
586.7		1
586.8		1
586.9		1
587		1
587.1		1
587.2		1
587.3		1
587.4		1
587.5		1
587.6		1
587.7		1
587.8		1
587.9		1
588		1
588.1		1
588.2		1
588.3		1
588.4		1
588.5		1
588.6		1
588.7		1
588.8		1
588.9		1
589		1
589.1		1
589.2		1
589.3		1
589.4		1
589.5		1
589.6		1
589.7		1
589.8		1
589.9		1
590		1
590.1		1
590.2		1
590.3		1
590.4		1
590.5		1
590.6		1
590.7		1
590.8		1
590.9		1
591		1
591.1		1
591.2		1
591.3		1
591.4		1
591.5		1
591.6		1
591.7		1
591.8		1
591.9		1
592		1
592.1		1
592.2		1
592.3		1
592.4		1
592.5		1
592.6		1
592.7		1
592.8		1
592.9		1
593		1
593.1		1
593.2		1
593.3		1
593.4		1
593.5		1
593.6		1
593.7		1
593.8		1
593.9		1
594		1
594.1		1
594.2		1
594.3		1
594.4		1
594.5		1
594.6		1
594.7		1
594.8		1
594.9		1
595		1
595.1		1
595.2		1
595.3		1
595.4		1
595.5		1
595.6		1
595.7		1
595.8		1
595.9		1
596		1
596.1		1
596.2		1
596.3		1
596.4		1
596.5		1
596.6		1
596.7		1
596.8		1
596.9		1
597		1
597.1		1
597.2		1
597.3		1
597.4		1
597.5		1
597.6		1
597.7		1
597.8		1
597.9		1
598		1
598.1		1
598.2		1
598.3		1
598.4		1
598.5		1
598.6		1
598.7		1
598.8		1
598.9		1
599		1
599.1		1
599.2		1
599.3		1
599.4		1
599.5		1
599.6		1
599.7		1
599.8		1
599.9		1
600		1
