# Calibration file of tamex_id 1 @ channel 42
# fine_T bin		 Calibration value
0.1		0
0.2		0
0.3		0
0.4		0
0.5		0
0.6		0
0.7		0
0.8		0
0.9		0
1		0
1.1		0
1.2		0
1.3		0
1.4		0
1.5		0
1.6		0
1.7		0
1.8		0
1.9		0
2		0
2.1		0
2.2		0
2.3		0
2.4		0
2.5		0
2.6		0
2.7		0
2.8		0
2.9		0
3		0
3.1		0
3.2		0
3.3		0
3.4		0
3.5		0
3.6		0
3.7		0
3.8		0
3.9		0
4		0
4.1		0
4.2		0
4.3		0
4.4		0
4.5		0
4.6		0
4.7		0
4.8		0
4.9		0
5		0
5.1		0
5.2		0
5.3		0
5.4		0
5.5		0
5.6		0
5.7		0
5.8		0
5.9		0
6		0
6.1		0
6.2		0
6.3		0
6.4		0
6.5		0
6.6		0
6.7		0
6.8		0
6.9		0
7		0
7.1		0
7.2		0
7.3		0
7.4		0
7.5		0
7.6		0
7.7		0
7.8		0
7.9		0
8		0
8.1		0
8.2		0
8.3		0
8.4		0
8.5		0
8.6		0
8.7		0
8.8		0
8.9		0
9		0
9.1		0
9.2		0
9.3		0
9.4		0
9.5		0
9.6		0
9.7		0
9.8		0
9.9		0
10		0
10.1		0
10.2		0
10.3		0
10.4		0
10.5		0
10.6		0
10.7		0
10.8		0
10.9		0
11		0
11.1		0
11.2		0
11.3		0
11.4		0
11.5		0
11.6		0
11.7		0
11.8		0
11.9		0
12		0
12.1		0
12.2		0
12.3		0
12.4		0
12.5		0
12.6		0
12.7		0
12.8		0
12.9		0
13		0
13.1		0
13.2		0
13.3		0
13.4		0
13.5		0
13.6		0
13.7		0
13.8		0
13.9		0
14		0
14.1		0
14.2		0
14.3		0
14.4		0
14.5		0
14.6		0
14.7		0
14.8		0
14.9		0
15		0
15.1		0
15.2		0
15.3		0
15.4		0
15.5		0
15.6		0
15.7		0
15.8		0
15.9		0
16		0
16.1		0.000277493
16.2		0.000277493
16.3		0.000277493
16.4		0.000277493
16.5		0.000277493
16.6		0.000277493
16.7		0.000277493
16.8		0.000277493
16.9		0.000277493
17		0.000277493
17.1		0.00437585
17.2		0.00437585
17.3		0.00437585
17.4		0.00437585
17.5		0.00437585
17.6		0.00437585
17.7		0.00437585
17.8		0.00437585
17.9		0.00437585
18		0.00437585
18.1		0.00830345
18.2		0.00830345
18.3		0.00830345
18.4		0.00830345
18.5		0.00830345
18.6		0.00830345
18.7		0.00830345
18.8		0.00830345
18.9		0.00830345
19		0.00830345
19.1		0.00971226
19.2		0.00971226
19.3		0.00971226
19.4		0.00971226
19.5		0.00971226
19.6		0.00971226
19.7		0.00971226
19.8		0.00971226
19.9		0.00971226
20		0.00971226
20.1		0.0136399
20.2		0.0136399
20.3		0.0136399
20.4		0.0136399
20.5		0.0136399
20.6		0.0136399
20.7		0.0136399
20.8		0.0136399
20.9		0.0136399
21		0.0136399
21.1		0.0154969
21.2		0.0154969
21.3		0.0154969
21.4		0.0154969
21.5		0.0154969
21.6		0.0154969
21.7		0.0154969
21.8		0.0154969
21.9		0.0154969
22		0.0154969
22.1		0.0180371
22.2		0.0180371
22.3		0.0180371
22.4		0.0180371
22.5		0.0180371
22.6		0.0180371
22.7		0.0180371
22.8		0.0180371
22.9		0.0180371
23		0.0180371
23.1		0.0183572
23.2		0.0183572
23.3		0.0183572
23.4		0.0183572
23.5		0.0183572
23.6		0.0183572
23.7		0.0183572
23.8		0.0183572
23.9		0.0183572
24		0.0183572
24.1		0.0210681
24.2		0.0210681
24.3		0.0210681
24.4		0.0210681
24.5		0.0210681
24.6		0.0210681
24.7		0.0210681
24.8		0.0210681
24.9		0.0210681
25		0.0210681
25.1		0.0244834
25.2		0.0244834
25.3		0.0244834
25.4		0.0244834
25.5		0.0244834
25.6		0.0244834
25.7		0.0244834
25.8		0.0244834
25.9		0.0244834
26		0.0244834
26.1		0.0258069
26.2		0.0258069
26.3		0.0258069
26.4		0.0258069
26.5		0.0258069
26.6		0.0258069
26.7		0.0258069
26.8		0.0258069
26.9		0.0258069
27		0.0258069
27.1		0.0268528
27.2		0.0268528
27.3		0.0268528
27.4		0.0268528
27.5		0.0268528
27.6		0.0268528
27.7		0.0268528
27.8		0.0268528
27.9		0.0268528
28		0.0268528
28.1		0.0280482
28.2		0.0280482
28.3		0.0280482
28.4		0.0280482
28.5		0.0280482
28.6		0.0280482
28.7		0.0280482
28.8		0.0280482
28.9		0.0280482
29		0.0280482
29.1		0.030012
29.2		0.030012
29.3		0.030012
29.4		0.030012
29.5		0.030012
29.6		0.030012
29.7		0.030012
29.8		0.030012
29.9		0.030012
30		0.030012
30.1		0.0337261
30.2		0.0337261
30.3		0.0337261
30.4		0.0337261
30.5		0.0337261
30.6		0.0337261
30.7		0.0337261
30.8		0.0337261
30.9		0.0337261
31		0.0337261
31.1		0.0352416
31.2		0.0352416
31.3		0.0352416
31.4		0.0352416
31.5		0.0352416
31.6		0.0352416
31.7		0.0352416
31.8		0.0352416
31.9		0.0352416
32		0.0352416
32.1		0.0360101
32.2		0.0360101
32.3		0.0360101
32.4		0.0360101
32.5		0.0360101
32.6		0.0360101
32.7		0.0360101
32.8		0.0360101
32.9		0.0360101
33		0.0360101
33.1		0.0380593
33.2		0.0380593
33.3		0.0380593
33.4		0.0380593
33.5		0.0380593
33.6		0.0380593
33.7		0.0380593
33.8		0.0380593
33.9		0.0380593
34		0.0380593
34.1		0.0414105
34.2		0.0414105
34.3		0.0414105
34.4		0.0414105
34.5		0.0414105
34.6		0.0414105
34.7		0.0414105
34.8		0.0414105
34.9		0.0414105
35		0.0414105
35.1		0.0452741
35.2		0.0452741
35.3		0.0452741
35.4		0.0452741
35.5		0.0452741
35.6		0.0452741
35.7		0.0452741
35.8		0.0452741
35.9		0.0452741
36		0.0452741
36.1		0.045765
36.2		0.045765
36.3		0.045765
36.4		0.045765
36.5		0.045765
36.6		0.045765
36.7		0.045765
36.8		0.045765
36.9		0.045765
37		0.045765
37.1		0.0465975
37.2		0.0465975
37.3		0.0465975
37.4		0.0465975
37.5		0.0465975
37.6		0.0465975
37.7		0.0465975
37.8		0.0465975
37.9		0.0465975
38		0.0465975
38.1		0.0499488
38.2		0.0499488
38.3		0.0499488
38.4		0.0499488
38.5		0.0499488
38.6		0.0499488
38.7		0.0499488
38.8		0.0499488
38.9		0.0499488
39		0.0499488
39.1		0.0503757
39.2		0.0503757
39.3		0.0503757
39.4		0.0503757
39.5		0.0503757
39.6		0.0503757
39.7		0.0503757
39.8		0.0503757
39.9		0.0503757
40		0.0503757
40.1		0.0526383
40.2		0.0526383
40.3		0.0526383
40.4		0.0526383
40.5		0.0526383
40.6		0.0526383
40.7		0.0526383
40.8		0.0526383
40.9		0.0526383
41		0.0526383
41.1		0.0544314
41.2		0.0544314
41.3		0.0544314
41.4		0.0544314
41.5		0.0544314
41.6		0.0544314
41.7		0.0544314
41.8		0.0544314
41.9		0.0544314
42		0.0544314
42.1		0.0572703
42.2		0.0572703
42.3		0.0572703
42.4		0.0572703
42.5		0.0572703
42.6		0.0572703
42.7		0.0572703
42.8		0.0572703
42.9		0.0572703
43		0.0572703
43.1		0.0590634
43.2		0.0590634
43.3		0.0590634
43.4		0.0590634
43.5		0.0590634
43.6		0.0590634
43.7		0.0590634
43.8		0.0590634
43.9		0.0590634
44		0.0590634
44.1		0.0592128
44.2		0.0592128
44.3		0.0592128
44.4		0.0592128
44.5		0.0592128
44.6		0.0592128
44.7		0.0592128
44.8		0.0592128
44.9		0.0592128
45		0.0592128
45.1		0.0605789
45.2		0.0605789
45.3		0.0605789
45.4		0.0605789
45.5		0.0605789
45.6		0.0605789
45.7		0.0605789
45.8		0.0605789
45.9		0.0605789
46		0.0605789
46.1		0.0648907
46.2		0.0648907
46.3		0.0648907
46.4		0.0648907
46.5		0.0648907
46.6		0.0648907
46.7		0.0648907
46.8		0.0648907
46.9		0.0648907
47		0.0648907
47.1		0.0673241
47.2		0.0673241
47.3		0.0673241
47.4		0.0673241
47.5		0.0673241
47.6		0.0673241
47.7		0.0673241
47.8		0.0673241
47.9		0.0673241
48		0.0673241
48.1		0.0702698
48.2		0.0702698
48.3		0.0702698
48.4		0.0702698
48.5		0.0702698
48.6		0.0702698
48.7		0.0702698
48.8		0.0702698
48.9		0.0702698
49		0.0702698
49.1		0.0711877
49.2		0.0711877
49.3		0.0711877
49.4		0.0711877
49.5		0.0711877
49.6		0.0711877
49.7		0.0711877
49.8		0.0711877
49.9		0.0711877
50		0.0711877
50.1		0.0728953
50.2		0.0728953
50.3		0.0728953
50.4		0.0728953
50.5		0.0728953
50.6		0.0728953
50.7		0.0728953
50.8		0.0728953
50.9		0.0728953
51		0.0728953
51.1		0.0763106
51.2		0.0763106
51.3		0.0763106
51.4		0.0763106
51.5		0.0763106
51.6		0.0763106
51.7		0.0763106
51.8		0.0763106
51.9		0.0763106
52		0.0763106
52.1		0.0773352
52.2		0.0773352
52.3		0.0773352
52.4		0.0773352
52.5		0.0773352
52.6		0.0773352
52.7		0.0773352
52.8		0.0773352
52.9		0.0773352
53		0.0773352
53.1		0.0808145
53.2		0.0808145
53.3		0.0808145
53.4		0.0808145
53.5		0.0808145
53.6		0.0808145
53.7		0.0808145
53.8		0.0808145
53.9		0.0808145
54		0.0808145
54.1		0.0814549
54.2		0.0814549
54.3		0.0814549
54.4		0.0814549
54.5		0.0814549
54.6		0.0814549
54.7		0.0814549
54.8		0.0814549
54.9		0.0814549
55		0.0814549
55.1		0.0842085
55.2		0.0842085
55.3		0.0842085
55.4		0.0842085
55.5		0.0842085
55.6		0.0842085
55.7		0.0842085
55.8		0.0842085
55.9		0.0842085
56		0.0842085
56.1		0.0846354
56.2		0.0846354
56.3		0.0846354
56.4		0.0846354
56.5		0.0846354
56.6		0.0846354
56.7		0.0846354
56.8		0.0846354
56.9		0.0846354
57		0.0846354
57.1		0.0878586
57.2		0.0878586
57.3		0.0878586
57.4		0.0878586
57.5		0.0878586
57.6		0.0878586
57.7		0.0878586
57.8		0.0878586
57.9		0.0878586
58		0.0878586
58.1		0.0901639
58.2		0.0901639
58.3		0.0901639
58.4		0.0901639
58.5		0.0901639
58.6		0.0901639
58.7		0.0901639
58.8		0.0901639
58.9		0.0901639
59		0.0901639
59.1		0.0907616
59.2		0.0907616
59.3		0.0907616
59.4		0.0907616
59.5		0.0907616
59.6		0.0907616
59.7		0.0907616
59.8		0.0907616
59.9		0.0907616
60		0.0907616
60.1		0.0935152
60.2		0.0935152
60.3		0.0935152
60.4		0.0935152
60.5		0.0935152
60.6		0.0935152
60.7		0.0935152
60.8		0.0935152
60.9		0.0935152
61		0.0935152
61.1		0.0974428
61.2		0.0974428
61.3		0.0974428
61.4		0.0974428
61.5		0.0974428
61.6		0.0974428
61.7		0.0974428
61.8		0.0974428
61.9		0.0974428
62		0.0974428
62.1		0.0987022
62.2		0.0987022
62.3		0.0987022
62.4		0.0987022
62.5		0.0987022
62.6		0.0987022
62.7		0.0987022
62.8		0.0987022
62.9		0.0987022
63		0.0987022
63.1		0.100068
63.2		0.100068
63.3		0.100068
63.4		0.100068
63.5		0.100068
63.6		0.100068
63.7		0.100068
63.8		0.100068
63.9		0.100068
64		0.100068
64.1		0.101648
64.2		0.101648
64.3		0.101648
64.4		0.101648
64.5		0.101648
64.6		0.101648
64.7		0.101648
64.8		0.101648
64.9		0.101648
65		0.101648
65.1		0.103377
65.2		0.103377
65.3		0.103377
65.4		0.103377
65.5		0.103377
65.6		0.103377
65.7		0.103377
65.8		0.103377
65.9		0.103377
66		0.103377
66.1		0.105575
66.2		0.105575
66.3		0.105575
66.4		0.105575
66.5		0.105575
66.6		0.105575
66.7		0.105575
66.8		0.105575
66.9		0.105575
67		0.105575
67.1		0.107134
67.2		0.107134
67.3		0.107134
67.4		0.107134
67.5		0.107134
67.6		0.107134
67.7		0.107134
67.8		0.107134
67.9		0.107134
68		0.107134
68.1		0.110037
68.2		0.110037
68.3		0.110037
68.4		0.110037
68.5		0.110037
68.6		0.110037
68.7		0.110037
68.8		0.110037
68.9		0.110037
69		0.110037
69.1		0.11072
69.2		0.11072
69.3		0.11072
69.4		0.11072
69.5		0.11072
69.6		0.11072
69.7		0.11072
69.8		0.11072
69.9		0.11072
70		0.11072
70.1		0.11326
70.2		0.11326
70.3		0.11326
70.4		0.11326
70.5		0.11326
70.6		0.11326
70.7		0.11326
70.8		0.11326
70.9		0.11326
71		0.11326
71.1		0.117166
71.2		0.117166
71.3		0.117166
71.4		0.117166
71.5		0.117166
71.6		0.117166
71.7		0.117166
71.8		0.117166
71.9		0.117166
72		0.117166
72.1		0.121286
72.2		0.121286
72.3		0.121286
72.4		0.121286
72.5		0.121286
72.6		0.121286
72.7		0.121286
72.8		0.121286
72.9		0.121286
73		0.121286
73.1		0.121755
73.2		0.121755
73.3		0.121755
73.4		0.121755
73.5		0.121755
73.6		0.121755
73.7		0.121755
73.8		0.121755
73.9		0.121755
74		0.121755
74.1		0.121948
74.2		0.121948
74.3		0.121948
74.4		0.121948
74.5		0.121948
74.6		0.121948
74.7		0.121948
74.8		0.121948
74.9		0.121948
75		0.121948
75.1		0.122844
75.2		0.122844
75.3		0.122844
75.4		0.122844
75.5		0.122844
75.6		0.122844
75.7		0.122844
75.8		0.122844
75.9		0.122844
76		0.122844
76.1		0.12675
76.2		0.12675
76.3		0.12675
76.4		0.12675
76.5		0.12675
76.6		0.12675
76.7		0.12675
76.8		0.12675
76.9		0.12675
77		0.12675
77.1		0.128757
77.2		0.128757
77.3		0.128757
77.4		0.128757
77.5		0.128757
77.6		0.128757
77.7		0.128757
77.8		0.128757
77.9		0.128757
78		0.128757
78.1		0.130657
78.2		0.130657
78.3		0.130657
78.4		0.130657
78.5		0.130657
78.6		0.130657
78.7		0.130657
78.8		0.130657
78.9		0.130657
79		0.130657
79.1		0.131553
79.2		0.131553
79.3		0.131553
79.4		0.131553
79.5		0.131553
79.6		0.131553
79.7		0.131553
79.8		0.131553
79.9		0.131553
80		0.131553
80.1		0.135075
80.2		0.135075
80.3		0.135075
80.4		0.135075
80.5		0.135075
80.6		0.135075
80.7		0.135075
80.8		0.135075
80.9		0.135075
81		0.135075
81.1		0.136014
81.2		0.136014
81.3		0.136014
81.4		0.136014
81.5		0.136014
81.6		0.136014
81.7		0.136014
81.8		0.136014
81.9		0.136014
82		0.136014
82.1		0.137188
82.2		0.137188
82.3		0.137188
82.4		0.137188
82.5		0.137188
82.6		0.137188
82.7		0.137188
82.8		0.137188
82.9		0.137188
83		0.137188
83.1		0.139622
83.2		0.139622
83.3		0.139622
83.4		0.139622
83.5		0.139622
83.6		0.139622
83.7		0.139622
83.8		0.139622
83.9		0.139622
84		0.139622
84.1		0.142439
84.2		0.142439
84.3		0.142439
84.4		0.142439
84.5		0.142439
84.6		0.142439
84.7		0.142439
84.8		0.142439
84.9		0.142439
85		0.142439
85.1		0.145108
85.2		0.145108
85.3		0.145108
85.4		0.145108
85.5		0.145108
85.6		0.145108
85.7		0.145108
85.8		0.145108
85.9		0.145108
86		0.145108
86.1		0.146516
86.2		0.146516
86.3		0.146516
86.4		0.146516
86.5		0.146516
86.6		0.146516
86.7		0.146516
86.8		0.146516
86.9		0.146516
87		0.146516
87.1		0.147904
87.2		0.147904
87.3		0.147904
87.4		0.147904
87.5		0.147904
87.6		0.147904
87.7		0.147904
87.8		0.147904
87.9		0.147904
88		0.147904
88.1		0.150295
88.2		0.150295
88.3		0.150295
88.4		0.150295
88.5		0.150295
88.6		0.150295
88.7		0.150295
88.8		0.150295
88.9		0.150295
89		0.150295
89.1		0.152472
89.2		0.152472
89.3		0.152472
89.4		0.152472
89.5		0.152472
89.6		0.152472
89.7		0.152472
89.8		0.152472
89.9		0.152472
90		0.152472
90.1		0.154777
90.2		0.154777
90.3		0.154777
90.4		0.154777
90.5		0.154777
90.6		0.154777
90.7		0.154777
90.8		0.154777
90.9		0.154777
91		0.154777
91.1		0.156954
91.2		0.156954
91.3		0.156954
91.4		0.156954
91.5		0.156954
91.6		0.156954
91.7		0.156954
91.8		0.156954
91.9		0.156954
92		0.156954
92.1		0.157915
92.2		0.157915
92.3		0.157915
92.4		0.157915
92.5		0.157915
92.6		0.157915
92.7		0.157915
92.8		0.157915
92.9		0.157915
93		0.157915
93.1		0.158726
93.2		0.158726
93.3		0.158726
93.4		0.158726
93.5		0.158726
93.6		0.158726
93.7		0.158726
93.8		0.158726
93.9		0.158726
94		0.158726
94.1		0.165087
94.2		0.165087
94.3		0.165087
94.4		0.165087
94.5		0.165087
94.6		0.165087
94.7		0.165087
94.8		0.165087
94.9		0.165087
95		0.165087
95.1		0.166304
95.2		0.166304
95.3		0.166304
95.4		0.166304
95.5		0.166304
95.6		0.166304
95.7		0.166304
95.8		0.166304
95.9		0.166304
96		0.166304
96.1		0.167627
96.2		0.167627
96.3		0.167627
96.4		0.167627
96.5		0.167627
96.6		0.167627
96.7		0.167627
96.8		0.167627
96.9		0.167627
97		0.167627
97.1		0.170103
97.2		0.170103
97.3		0.170103
97.4		0.170103
97.5		0.170103
97.6		0.170103
97.7		0.170103
97.8		0.170103
97.9		0.170103
98		0.170103
98.1		0.172281
98.2		0.172281
98.3		0.172281
98.4		0.172281
98.5		0.172281
98.6		0.172281
98.7		0.172281
98.8		0.172281
98.9		0.172281
99		0.172281
99.1		0.172942
99.2		0.172942
99.3		0.172942
99.4		0.172942
99.5		0.172942
99.6		0.172942
99.7		0.172942
99.8		0.172942
99.9		0.172942
100		0.172942
100.1		0.176187
100.2		0.176187
100.3		0.176187
100.4		0.176187
100.5		0.176187
100.6		0.176187
100.7		0.176187
100.8		0.176187
100.9		0.176187
101		0.176187
101.1		0.177809
101.2		0.177809
101.3		0.177809
101.4		0.177809
101.5		0.177809
101.6		0.177809
101.7		0.177809
101.8		0.177809
101.9		0.177809
102		0.177809
102.1		0.181566
102.2		0.181566
102.3		0.181566
102.4		0.181566
102.5		0.181566
102.6		0.181566
102.7		0.181566
102.8		0.181566
102.9		0.181566
103		0.181566
103.1		0.183743
103.2		0.183743
103.3		0.183743
103.4		0.183743
103.5		0.183743
103.6		0.183743
103.7		0.183743
103.8		0.183743
103.9		0.183743
104		0.183743
104.1		0.184512
104.2		0.184512
104.3		0.184512
104.4		0.184512
104.5		0.184512
104.6		0.184512
104.7		0.184512
104.8		0.184512
104.9		0.184512
105		0.184512
105.1		0.185515
105.2		0.185515
105.3		0.185515
105.4		0.185515
105.5		0.185515
105.6		0.185515
105.7		0.185515
105.8		0.185515
105.9		0.185515
106		0.185515
106.1		0.189314
106.2		0.189314
106.3		0.189314
106.4		0.189314
106.5		0.189314
106.6		0.189314
106.7		0.189314
106.8		0.189314
106.9		0.189314
107		0.189314
107.1		0.189464
107.2		0.189464
107.3		0.189464
107.4		0.189464
107.5		0.189464
107.6		0.189464
107.7		0.189464
107.8		0.189464
107.9		0.189464
108		0.189464
108.1		0.192089
108.2		0.192089
108.3		0.192089
108.4		0.192089
108.5		0.192089
108.6		0.192089
108.7		0.192089
108.8		0.192089
108.9		0.192089
109		0.192089
109.1		0.195547
109.2		0.195547
109.3		0.195547
109.4		0.195547
109.5		0.195547
109.6		0.195547
109.7		0.195547
109.8		0.195547
109.9		0.195547
110		0.195547
110.1		0.196615
110.2		0.196615
110.3		0.196615
110.4		0.196615
110.5		0.196615
110.6		0.196615
110.7		0.196615
110.8		0.196615
110.9		0.196615
111		0.196615
111.1		0.199816
111.2		0.199816
111.3		0.199816
111.4		0.199816
111.5		0.199816
111.6		0.199816
111.7		0.199816
111.8		0.199816
111.9		0.199816
112		0.199816
112.1		0.200585
112.2		0.200585
112.3		0.200585
112.4		0.200585
112.5		0.200585
112.6		0.200585
112.7		0.200585
112.8		0.200585
112.9		0.200585
113		0.200585
113.1		0.200777
113.2		0.200777
113.3		0.200777
113.4		0.200777
113.5		0.200777
113.6		0.200777
113.7		0.200777
113.8		0.200777
113.9		0.200777
114		0.200777
114.1		0.204811
114.2		0.204811
114.3		0.204811
114.4		0.204811
114.5		0.204811
114.6		0.204811
114.7		0.204811
114.8		0.204811
114.9		0.204811
115		0.204811
115.1		0.208077
115.2		0.208077
115.3		0.208077
115.4		0.208077
115.5		0.208077
115.6		0.208077
115.7		0.208077
115.8		0.208077
115.9		0.208077
116		0.208077
116.1		0.208696
116.2		0.208696
116.3		0.208696
116.4		0.208696
116.5		0.208696
116.6		0.208696
116.7		0.208696
116.8		0.208696
116.9		0.208696
117		0.208696
117.1		0.212859
117.2		0.212859
117.3		0.212859
117.4		0.212859
117.5		0.212859
117.6		0.212859
117.7		0.212859
117.8		0.212859
117.9		0.212859
118		0.212859
118.1		0.212923
118.2		0.212923
118.3		0.212923
118.4		0.212923
118.5		0.212923
118.6		0.212923
118.7		0.212923
118.8		0.212923
118.9		0.212923
119		0.212923
119.1		0.215719
119.2		0.215719
119.3		0.215719
119.4		0.215719
119.5		0.215719
119.6		0.215719
119.7		0.215719
119.8		0.215719
119.9		0.215719
120		0.215719
120.1		0.219049
120.2		0.219049
120.3		0.219049
120.4		0.219049
120.5		0.219049
120.6		0.219049
120.7		0.219049
120.8		0.219049
120.9		0.219049
121		0.219049
121.1		0.220073
121.2		0.220073
121.3		0.220073
121.4		0.220073
121.5		0.220073
121.6		0.220073
121.7		0.220073
121.8		0.220073
121.9		0.220073
122		0.220073
122.1		0.220436
122.2		0.220436
122.3		0.220436
122.4		0.220436
122.5		0.220436
122.6		0.220436
122.7		0.220436
122.8		0.220436
122.9		0.220436
123		0.220436
123.1		0.223382
123.2		0.223382
123.3		0.223382
123.4		0.223382
123.5		0.223382
123.6		0.223382
123.7		0.223382
123.8		0.223382
123.9		0.223382
124		0.223382
124.1		0.228227
124.2		0.228227
124.3		0.228227
124.4		0.228227
124.5		0.228227
124.6		0.228227
124.7		0.228227
124.8		0.228227
124.9		0.228227
125		0.228227
125.1		0.229231
125.2		0.229231
125.3		0.229231
125.4		0.229231
125.5		0.229231
125.6		0.229231
125.7		0.229231
125.8		0.229231
125.9		0.229231
126		0.229231
126.1		0.230405
126.2		0.230405
126.3		0.230405
126.4		0.230405
126.5		0.230405
126.6		0.230405
126.7		0.230405
126.8		0.230405
126.9		0.230405
127		0.230405
127.1		0.230874
127.2		0.230874
127.3		0.230874
127.4		0.230874
127.5		0.230874
127.6		0.230874
127.7		0.230874
127.8		0.230874
127.9		0.230874
128		0.230874
128.1		0.234183
128.2		0.234183
128.3		0.234183
128.4		0.234183
128.5		0.234183
128.6		0.234183
128.7		0.234183
128.8		0.234183
128.9		0.234183
129		0.234183
129.1		0.235165
129.2		0.235165
129.3		0.235165
129.4		0.235165
129.5		0.235165
129.6		0.235165
129.7		0.235165
129.8		0.235165
129.9		0.235165
130		0.235165
130.1		0.236061
130.2		0.236061
130.3		0.236061
130.4		0.236061
130.5		0.236061
130.6		0.236061
130.7		0.236061
130.8		0.236061
130.9		0.236061
131		0.236061
131.1		0.24159
131.2		0.24159
131.3		0.24159
131.4		0.24159
131.5		0.24159
131.6		0.24159
131.7		0.24159
131.8		0.24159
131.9		0.24159
132		0.24159
132.1		0.243127
132.2		0.243127
132.3		0.243127
132.4		0.243127
132.5		0.243127
132.6		0.243127
132.7		0.243127
132.8		0.243127
132.9		0.243127
133		0.243127
133.1		0.243682
133.2		0.243682
133.3		0.243682
133.4		0.243682
133.5		0.243682
133.6		0.243682
133.7		0.243682
133.8		0.243682
133.9		0.243682
134		0.243682
134.1		0.244834
134.2		0.244834
134.3		0.244834
134.4		0.244834
134.5		0.244834
134.6		0.244834
134.7		0.244834
134.8		0.244834
134.9		0.244834
135		0.244834
135.1		0.246307
135.2		0.246307
135.3		0.246307
135.4		0.246307
135.5		0.246307
135.6		0.246307
135.7		0.246307
135.8		0.246307
135.9		0.246307
136		0.246307
136.1		0.251964
136.2		0.251964
136.3		0.251964
136.4		0.251964
136.5		0.251964
136.6		0.251964
136.7		0.251964
136.8		0.251964
136.9		0.251964
137		0.251964
137.1		0.252113
137.2		0.252113
137.3		0.252113
137.4		0.252113
137.5		0.252113
137.6		0.252113
137.7		0.252113
137.8		0.252113
137.9		0.252113
138		0.252113
138.1		0.252391
138.2		0.252391
138.3		0.252391
138.4		0.252391
138.5		0.252391
138.6		0.252391
138.7		0.252391
138.8		0.252391
138.9		0.252391
139		0.252391
139.1		0.254909
139.2		0.254909
139.3		0.254909
139.4		0.254909
139.5		0.254909
139.6		0.254909
139.7		0.254909
139.8		0.254909
139.9		0.254909
140		0.254909
140.1		0.259072
140.2		0.259072
140.3		0.259072
140.4		0.259072
140.5		0.259072
140.6		0.259072
140.7		0.259072
140.8		0.259072
140.9		0.259072
141		0.259072
141.1		0.260844
141.2		0.260844
141.3		0.260844
141.4		0.260844
141.5		0.260844
141.6		0.260844
141.7		0.260844
141.8		0.260844
141.9		0.260844
142		0.260844
142.1		0.262274
142.2		0.262274
142.3		0.262274
142.4		0.262274
142.5		0.262274
142.6		0.262274
142.7		0.262274
142.8		0.262274
142.9		0.262274
143		0.262274
143.1		0.263853
143.2		0.263853
143.3		0.263853
143.4		0.263853
143.5		0.263853
143.6		0.263853
143.7		0.263853
143.8		0.263853
143.9		0.263853
144		0.263853
144.1		0.264814
144.2		0.264814
144.3		0.264814
144.4		0.264814
144.5		0.264814
144.6		0.264814
144.7		0.264814
144.8		0.264814
144.9		0.264814
145		0.264814
145.1		0.266863
145.2		0.266863
145.3		0.266863
145.4		0.266863
145.5		0.266863
145.6		0.266863
145.7		0.266863
145.8		0.266863
145.9		0.266863
146		0.266863
146.1		0.268058
146.2		0.268058
146.3		0.268058
146.4		0.268058
146.5		0.268058
146.6		0.268058
146.7		0.268058
146.8		0.268058
146.9		0.268058
147		0.268058
147.1		0.27284
147.2		0.27284
147.3		0.27284
147.4		0.27284
147.5		0.27284
147.6		0.27284
147.7		0.27284
147.8		0.27284
147.9		0.27284
148		0.27284
148.1		0.273373
148.2		0.273373
148.3		0.273373
148.4		0.273373
148.5		0.273373
148.6		0.273373
148.7		0.273373
148.8		0.273373
148.9		0.273373
149		0.273373
149.1		0.276938
149.2		0.276938
149.3		0.276938
149.4		0.276938
149.5		0.276938
149.6		0.276938
149.7		0.276938
149.8		0.276938
149.9		0.276938
150		0.276938
150.1		0.279777
150.2		0.279777
150.3		0.279777
150.4		0.279777
150.5		0.279777
150.6		0.279777
150.7		0.279777
150.8		0.279777
150.9		0.279777
151		0.279777
151.1		0.280055
151.2		0.280055
151.3		0.280055
151.4		0.280055
151.5		0.280055
151.6		0.280055
151.7		0.280055
151.8		0.280055
151.9		0.280055
152		0.280055
152.1		0.280332
152.2		0.280332
152.3		0.280332
152.4		0.280332
152.5		0.280332
152.6		0.280332
152.7		0.280332
152.8		0.280332
152.9		0.280332
153		0.280332
153.1		0.284623
153.2		0.284623
153.3		0.284623
153.4		0.284623
153.5		0.284623
153.6		0.284623
153.7		0.284623
153.8		0.284623
153.9		0.284623
154		0.284623
154.1		0.289404
154.2		0.289404
154.3		0.289404
154.4		0.289404
154.5		0.289404
154.6		0.289404
154.7		0.289404
154.8		0.289404
154.9		0.289404
155		0.289404
155.1		0.289724
155.2		0.289724
155.3		0.289724
155.4		0.289724
155.5		0.289724
155.6		0.289724
155.7		0.289724
155.8		0.289724
155.9		0.289724
156		0.289724
156.1		0.290301
156.2		0.290301
156.3		0.290301
156.4		0.290301
156.5		0.290301
156.6		0.290301
156.7		0.290301
156.8		0.290301
156.9		0.290301
157		0.290301
157.1		0.290599
157.2		0.290599
157.3		0.290599
157.4		0.290599
157.5		0.290599
157.6		0.290599
157.7		0.290599
157.8		0.290599
157.9		0.290599
158		0.290599
158.1		0.296704
158.2		0.296704
158.3		0.296704
158.4		0.296704
158.5		0.296704
158.6		0.296704
158.7		0.296704
158.8		0.296704
158.9		0.296704
159		0.296704
159.1		0.298625
159.2		0.298625
159.3		0.298625
159.4		0.298625
159.5		0.298625
159.6		0.298625
159.7		0.298625
159.8		0.298625
159.9		0.298625
160		0.298625
160.1		0.299415
160.2		0.299415
160.3		0.299415
160.4		0.299415
160.5		0.299415
160.6		0.299415
160.7		0.299415
160.8		0.299415
160.9		0.299415
161		0.299415
161.1		0.299629
161.2		0.299629
161.3		0.299629
161.4		0.299629
161.5		0.299629
161.6		0.299629
161.7		0.299629
161.8		0.299629
161.9		0.299629
162		0.299629
162.1		0.304666
162.2		0.304666
162.3		0.304666
162.4		0.304666
162.5		0.304666
162.6		0.304666
162.7		0.304666
162.8		0.304666
162.9		0.304666
163		0.304666
163.1		0.305733
163.2		0.305733
163.3		0.305733
163.4		0.305733
163.5		0.305733
163.6		0.305733
163.7		0.305733
163.8		0.305733
163.9		0.305733
164		0.305733
164.1		0.305819
164.2		0.305819
164.3		0.305819
164.4		0.305819
164.5		0.305819
164.6		0.305819
164.7		0.305819
164.8		0.305819
164.9		0.305819
165		0.305819
165.1		0.309127
165.2		0.309127
165.3		0.309127
165.4		0.309127
165.5		0.309127
165.6		0.309127
165.7		0.309127
165.8		0.309127
165.9		0.309127
166		0.309127
166.1		0.312543
166.2		0.312543
166.3		0.312543
166.4		0.312543
166.5		0.312543
166.6		0.312543
166.7		0.312543
166.8		0.312543
166.9		0.312543
167		0.312543
167.1		0.313631
167.2		0.313631
167.3		0.313631
167.4		0.313631
167.5		0.313631
167.6		0.313631
167.7		0.313631
167.8		0.313631
167.9		0.313631
168		0.313631
168.1		0.314144
168.2		0.314144
168.3		0.314144
168.4		0.314144
168.5		0.314144
168.6		0.314144
168.7		0.314144
168.8		0.314144
168.9		0.314144
169		0.314144
169.1		0.316748
169.2		0.316748
169.3		0.316748
169.4		0.316748
169.5		0.316748
169.6		0.316748
169.7		0.316748
169.8		0.316748
169.9		0.316748
170		0.316748
170.1		0.31995
170.2		0.31995
170.3		0.31995
170.4		0.31995
170.5		0.31995
170.6		0.31995
170.7		0.31995
170.8		0.31995
170.9		0.31995
171		0.31995
171.1		0.323664
171.2		0.323664
171.3		0.323664
171.4		0.323664
171.5		0.323664
171.6		0.323664
171.7		0.323664
171.8		0.323664
171.9		0.323664
172		0.323664
172.1		0.324688
172.2		0.324688
172.3		0.324688
172.4		0.324688
172.5		0.324688
172.6		0.324688
172.7		0.324688
172.8		0.324688
172.9		0.324688
173		0.324688
173.1		0.324987
173.2		0.324987
173.3		0.324987
173.4		0.324987
173.5		0.324987
173.6		0.324987
173.7		0.324987
173.8		0.324987
173.9		0.324987
174		0.324987
174.1		0.326225
174.2		0.326225
174.3		0.326225
174.4		0.326225
174.5		0.326225
174.6		0.326225
174.7		0.326225
174.8		0.326225
174.9		0.326225
175		0.326225
175.1		0.329577
175.2		0.329577
175.3		0.329577
175.4		0.329577
175.5		0.329577
175.6		0.329577
175.7		0.329577
175.8		0.329577
175.9		0.329577
176		0.329577
176.1		0.332757
176.2		0.332757
176.3		0.332757
176.4		0.332757
176.5		0.332757
176.6		0.332757
176.7		0.332757
176.8		0.332757
176.9		0.332757
177		0.332757
177.1		0.334144
177.2		0.334144
177.3		0.334144
177.4		0.334144
177.5		0.334144
177.6		0.334144
177.7		0.334144
177.8		0.334144
177.9		0.334144
178		0.334144
178.1		0.335511
178.2		0.335511
178.3		0.335511
178.4		0.335511
178.5		0.335511
178.6		0.335511
178.7		0.335511
178.8		0.335511
178.9		0.335511
179		0.335511
179.1		0.336663
179.2		0.336663
179.3		0.336663
179.4		0.336663
179.5		0.336663
179.6		0.336663
179.7		0.336663
179.8		0.336663
179.9		0.336663
180		0.336663
180.1		0.341124
180.2		0.341124
180.3		0.341124
180.4		0.341124
180.5		0.341124
180.6		0.341124
180.7		0.341124
180.8		0.341124
180.9		0.341124
181		0.341124
181.1		0.343537
181.2		0.343537
181.3		0.343537
181.4		0.343537
181.5		0.343537
181.6		0.343537
181.7		0.343537
181.8		0.343537
181.9		0.343537
182		0.343537
182.1		0.344092
182.2		0.344092
182.3		0.344092
182.4		0.344092
182.5		0.344092
182.6		0.344092
182.7		0.344092
182.8		0.344092
182.9		0.344092
183		0.344092
183.1		0.345458
183.2		0.345458
183.3		0.345458
183.4		0.345458
183.5		0.345458
183.6		0.345458
183.7		0.345458
183.8		0.345458
183.9		0.345458
184		0.345458
184.1		0.34898
184.2		0.34898
184.3		0.34898
184.4		0.34898
184.5		0.34898
184.6		0.34898
184.7		0.34898
184.8		0.34898
184.9		0.34898
185		0.34898
185.1		0.349727
185.2		0.349727
185.3		0.349727
185.4		0.349727
185.5		0.349727
185.6		0.349727
185.7		0.349727
185.8		0.349727
185.9		0.349727
186		0.349727
186.1		0.350068
186.2		0.350068
186.3		0.350068
186.4		0.350068
186.5		0.350068
186.6		0.350068
186.7		0.350068
186.8		0.350068
186.9		0.350068
187		0.350068
187.1		0.352779
187.2		0.352779
187.3		0.352779
187.4		0.352779
187.5		0.352779
187.6		0.352779
187.7		0.352779
187.8		0.352779
187.9		0.352779
188		0.352779
188.1		0.357411
188.2		0.357411
188.3		0.357411
188.4		0.357411
188.5		0.357411
188.6		0.357411
188.7		0.357411
188.8		0.357411
188.9		0.357411
189		0.357411
189.1		0.357731
189.2		0.357731
189.3		0.357731
189.4		0.357731
189.5		0.357731
189.6		0.357731
189.7		0.357731
189.8		0.357731
189.9		0.357731
190		0.357731
190.1		0.359332
190.2		0.359332
190.3		0.359332
190.4		0.359332
190.5		0.359332
190.6		0.359332
190.7		0.359332
190.8		0.359332
190.9		0.359332
191		0.359332
191.1		0.359439
191.2		0.359439
191.3		0.359439
191.4		0.359439
191.5		0.359439
191.6		0.359439
191.7		0.359439
191.8		0.359439
191.9		0.359439
192		0.359439
192.1		0.364669
192.2		0.364669
192.3		0.364669
192.4		0.364669
192.5		0.364669
192.6		0.364669
192.7		0.364669
192.8		0.364669
192.9		0.364669
193		0.364669
193.1		0.366078
193.2		0.366078
193.3		0.366078
193.4		0.366078
193.5		0.366078
193.6		0.366078
193.7		0.366078
193.8		0.366078
193.9		0.366078
194		0.366078
194.1		0.367422
194.2		0.367422
194.3		0.367422
194.4		0.367422
194.5		0.367422
194.6		0.367422
194.7		0.367422
194.8		0.367422
194.9		0.367422
195		0.367422
195.1		0.367999
195.2		0.367999
195.3		0.367999
195.4		0.367999
195.5		0.367999
195.6		0.367999
195.7		0.367999
195.8		0.367999
195.9		0.367999
196		0.367999
196.1		0.372929
196.2		0.372929
196.3		0.372929
196.4		0.372929
196.5		0.372929
196.6		0.372929
196.7		0.372929
196.8		0.372929
196.9		0.372929
197		0.372929
197.1		0.374915
197.2		0.374915
197.3		0.374915
197.4		0.374915
197.5		0.374915
197.6		0.374915
197.7		0.374915
197.8		0.374915
197.9		0.374915
198		0.374915
198.1		0.37579
198.2		0.37579
198.3		0.37579
198.4		0.37579
198.5		0.37579
198.6		0.37579
198.7		0.37579
198.8		0.37579
198.9		0.37579
199		0.37579
199.1		0.37769
199.2		0.37769
199.3		0.37769
199.4		0.37769
199.5		0.37769
199.6		0.37769
199.7		0.37769
199.8		0.37769
199.9		0.37769
200		0.37769
200.1		0.38055
200.2		0.38055
200.3		0.38055
200.4		0.38055
200.5		0.38055
200.6		0.38055
200.7		0.38055
200.8		0.38055
200.9		0.38055
201		0.38055
201.1		0.385182
201.2		0.385182
201.3		0.385182
201.4		0.385182
201.5		0.385182
201.6		0.385182
201.7		0.385182
201.8		0.385182
201.9		0.385182
202		0.385182
202.1		0.385267
202.2		0.385267
202.3		0.385267
202.4		0.385267
202.5		0.385267
202.6		0.385267
202.7		0.385267
202.8		0.385267
202.9		0.385267
203		0.385267
203.1		0.385737
203.2		0.385737
203.3		0.385737
203.4		0.385737
203.5		0.385737
203.6		0.385737
203.7		0.385737
203.8		0.385737
203.9		0.385737
204		0.385737
204.1		0.389857
204.2		0.389857
204.3		0.389857
204.4		0.389857
204.5		0.389857
204.6		0.389857
204.7		0.389857
204.8		0.389857
204.9		0.389857
205		0.389857
205.1		0.391415
205.2		0.391415
205.3		0.391415
205.4		0.391415
205.5		0.391415
205.6		0.391415
205.7		0.391415
205.8		0.391415
205.9		0.391415
206		0.391415
206.1		0.391671
206.2		0.391671
206.3		0.391671
206.4		0.391671
206.5		0.391671
206.6		0.391671
206.7		0.391671
206.8		0.391671
206.9		0.391671
207		0.391671
207.1		0.395044
207.2		0.395044
207.3		0.395044
207.4		0.395044
207.5		0.395044
207.6		0.395044
207.7		0.395044
207.8		0.395044
207.9		0.395044
208		0.395044
208.1		0.398224
208.2		0.398224
208.3		0.398224
208.4		0.398224
208.5		0.398224
208.6		0.398224
208.7		0.398224
208.8		0.398224
208.9		0.398224
209		0.398224
209.1		0.401234
209.2		0.401234
209.3		0.401234
209.4		0.401234
209.5		0.401234
209.6		0.401234
209.7		0.401234
209.8		0.401234
209.9		0.401234
210		0.401234
210.1		0.401469
210.2		0.401469
210.3		0.401469
210.4		0.401469
210.5		0.401469
210.6		0.401469
210.7		0.401469
210.8		0.401469
210.9		0.401469
211		0.401469
211.1		0.401554
211.2		0.401554
211.3		0.401554
211.4		0.401554
211.5		0.401554
211.6		0.401554
211.7		0.401554
211.8		0.401554
211.9		0.401554
212		0.401554
212.1		0.404179
212.2		0.404179
212.3		0.404179
212.4		0.404179
212.5		0.404179
212.6		0.404179
212.7		0.404179
212.8		0.404179
212.9		0.404179
213		0.404179
213.1		0.408171
213.2		0.408171
213.3		0.408171
213.4		0.408171
213.5		0.408171
213.6		0.408171
213.7		0.408171
213.8		0.408171
213.9		0.408171
214		0.408171
214.1		0.408961
214.2		0.408961
214.3		0.408961
214.4		0.408961
214.5		0.408961
214.6		0.408961
214.7		0.408961
214.8		0.408961
214.9		0.408961
215		0.408961
215.1		0.411117
215.2		0.411117
215.3		0.411117
215.4		0.411117
215.5		0.411117
215.6		0.411117
215.7		0.411117
215.8		0.411117
215.9		0.411117
216		0.411117
216.1		0.412931
216.2		0.412931
216.3		0.412931
216.4		0.412931
216.5		0.412931
216.6		0.412931
216.7		0.412931
216.8		0.412931
216.9		0.412931
217		0.412931
217.1		0.413956
217.2		0.413956
217.3		0.413956
217.4		0.413956
217.5		0.413956
217.6		0.413956
217.7		0.413956
217.8		0.413956
217.9		0.413956
218		0.413956
218.1		0.416261
218.2		0.416261
218.3		0.416261
218.4		0.416261
218.5		0.416261
218.6		0.416261
218.7		0.416261
218.8		0.416261
218.9		0.416261
219		0.416261
219.1		0.417819
219.2		0.417819
219.3		0.417819
219.4		0.417819
219.5		0.417819
219.6		0.417819
219.7		0.417819
219.8		0.417819
219.9		0.417819
220		0.417819
220.1		0.420338
220.2		0.420338
220.3		0.420338
220.4		0.420338
220.5		0.420338
220.6		0.420338
220.7		0.420338
220.8		0.420338
220.9		0.420338
221		0.420338
221.1		0.423967
221.2		0.423967
221.3		0.423967
221.4		0.423967
221.5		0.423967
221.6		0.423967
221.7		0.423967
221.8		0.423967
221.9		0.423967
222		0.423967
222.1		0.425205
222.2		0.425205
222.3		0.425205
222.4		0.425205
222.5		0.425205
222.6		0.425205
222.7		0.425205
222.8		0.425205
222.9		0.425205
223		0.425205
223.1		0.426486
223.2		0.426486
223.3		0.426486
223.4		0.426486
223.5		0.426486
223.6		0.426486
223.7		0.426486
223.8		0.426486
223.9		0.426486
224		0.426486
224.1		0.426763
224.2		0.426763
224.3		0.426763
224.4		0.426763
224.5		0.426763
224.6		0.426763
224.7		0.426763
224.8		0.426763
224.9		0.426763
225		0.426763
225.1		0.428428
225.2		0.428428
225.3		0.428428
225.4		0.428428
225.5		0.428428
225.6		0.428428
225.7		0.428428
225.8		0.428428
225.9		0.428428
226		0.428428
226.1		0.433615
226.2		0.433615
226.3		0.433615
226.4		0.433615
226.5		0.433615
226.6		0.433615
226.7		0.433615
226.8		0.433615
226.9		0.433615
227		0.433615
227.1		0.435899
227.2		0.435899
227.3		0.435899
227.4		0.435899
227.5		0.435899
227.6		0.435899
227.7		0.435899
227.8		0.435899
227.9		0.435899
228		0.435899
228.1		0.437372
228.2		0.437372
228.3		0.437372
228.4		0.437372
228.5		0.437372
228.6		0.437372
228.7		0.437372
228.8		0.437372
228.9		0.437372
229		0.437372
229.1		0.437906
229.2		0.437906
229.3		0.437906
229.4		0.437906
229.5		0.437906
229.6		0.437906
229.7		0.437906
229.8		0.437906
229.9		0.437906
230		0.437906
230.1		0.440766
230.2		0.440766
230.3		0.440766
230.4		0.440766
230.5		0.440766
230.6		0.440766
230.7		0.440766
230.8		0.440766
230.9		0.440766
231		0.440766
231.1		0.443135
231.2		0.443135
231.3		0.443135
231.4		0.443135
231.5		0.443135
231.6		0.443135
231.7		0.443135
231.8		0.443135
231.9		0.443135
232		0.443135
232.1		0.443733
232.2		0.443733
232.3		0.443733
232.4		0.443733
232.5		0.443733
232.6		0.443733
232.7		0.443733
232.8		0.443733
232.9		0.443733
233		0.443733
233.1		0.446807
233.2		0.446807
233.3		0.446807
233.4		0.446807
233.5		0.446807
233.6		0.446807
233.7		0.446807
233.8		0.446807
233.9		0.446807
234		0.446807
234.1		0.449112
234.2		0.449112
234.3		0.449112
234.4		0.449112
234.5		0.449112
234.6		0.449112
234.7		0.449112
234.8		0.449112
234.9		0.449112
235		0.449112
235.1		0.450521
235.2		0.450521
235.3		0.450521
235.4		0.450521
235.5		0.450521
235.6		0.450521
235.7		0.450521
235.8		0.450521
235.9		0.450521
236		0.450521
236.1		0.453018
236.2		0.453018
236.3		0.453018
236.4		0.453018
236.5		0.453018
236.6		0.453018
236.7		0.453018
236.8		0.453018
236.9		0.453018
237		0.453018
237.1		0.453808
237.2		0.453808
237.3		0.453808
237.4		0.453808
237.5		0.453808
237.6		0.453808
237.7		0.453808
237.8		0.453808
237.9		0.453808
238		0.453808
238.1		0.45622
238.2		0.45622
238.3		0.45622
238.4		0.45622
238.5		0.45622
238.6		0.45622
238.7		0.45622
238.8		0.45622
238.9		0.45622
239		0.45622
239.1		0.460404
239.2		0.460404
239.3		0.460404
239.4		0.460404
239.5		0.460404
239.6		0.460404
239.7		0.460404
239.8		0.460404
239.9		0.460404
240		0.460404
240.1		0.462901
240.2		0.462901
240.3		0.462901
240.4		0.462901
240.5		0.462901
240.6		0.462901
240.7		0.462901
240.8		0.462901
240.9		0.462901
241		0.462901
241.1		0.463371
241.2		0.463371
241.3		0.463371
241.4		0.463371
241.5		0.463371
241.6		0.463371
241.7		0.463371
241.8		0.463371
241.9		0.463371
242		0.463371
242.1		0.465292
242.2		0.465292
242.3		0.465292
242.4		0.465292
242.5		0.465292
242.6		0.465292
242.7		0.465292
242.8		0.465292
242.9		0.465292
243		0.465292
243.1		0.46732
243.2		0.46732
243.3		0.46732
243.4		0.46732
243.5		0.46732
243.6		0.46732
243.7		0.46732
243.8		0.46732
243.9		0.46732
244		0.46732
244.1		0.470756
244.2		0.470756
244.3		0.470756
244.4		0.470756
244.5		0.470756
244.6		0.470756
244.7		0.470756
244.8		0.470756
244.9		0.470756
245		0.470756
245.1		0.472955
245.2		0.472955
245.3		0.472955
245.4		0.472955
245.5		0.472955
245.6		0.472955
245.7		0.472955
245.8		0.472955
245.9		0.472955
246		0.472955
246.1		0.47383
246.2		0.47383
246.3		0.47383
246.4		0.47383
246.5		0.47383
246.6		0.47383
246.7		0.47383
246.8		0.47383
246.9		0.47383
247		0.47383
247.1		0.474641
247.2		0.474641
247.3		0.474641
247.4		0.474641
247.5		0.474641
247.6		0.474641
247.7		0.474641
247.8		0.474641
247.9		0.474641
248		0.474641
248.1		0.478932
248.2		0.478932
248.3		0.478932
248.4		0.478932
248.5		0.478932
248.6		0.478932
248.7		0.478932
248.8		0.478932
248.9		0.478932
249		0.478932
249.1		0.479722
249.2		0.479722
249.3		0.479722
249.4		0.479722
249.5		0.479722
249.6		0.479722
249.7		0.479722
249.8		0.479722
249.9		0.479722
250		0.479722
250.1		0.480746
250.2		0.480746
250.3		0.480746
250.4		0.480746
250.5		0.480746
250.6		0.480746
250.7		0.480746
250.8		0.480746
250.9		0.480746
251		0.480746
251.1		0.484204
251.2		0.484204
251.3		0.484204
251.4		0.484204
251.5		0.484204
251.6		0.484204
251.7		0.484204
251.8		0.484204
251.9		0.484204
252		0.484204
252.1		0.485357
252.2		0.485357
252.3		0.485357
252.4		0.485357
252.5		0.485357
252.6		0.485357
252.7		0.485357
252.8		0.485357
252.9		0.485357
253		0.485357
253.1		0.489028
253.2		0.489028
253.3		0.489028
253.4		0.489028
253.5		0.489028
253.6		0.489028
253.7		0.489028
253.8		0.489028
253.9		0.489028
254		0.489028
254.1		0.489156
254.2		0.489156
254.3		0.489156
254.4		0.489156
254.5		0.489156
254.6		0.489156
254.7		0.489156
254.8		0.489156
254.9		0.489156
255		0.489156
255.1		0.491398
255.2		0.491398
255.3		0.491398
255.4		0.491398
255.5		0.491398
255.6		0.491398
255.7		0.491398
255.8		0.491398
255.9		0.491398
256		0.491398
256.1		0.493468
256.2		0.493468
256.3		0.493468
256.4		0.493468
256.5		0.493468
256.6		0.493468
256.7		0.493468
256.8		0.493468
256.9		0.493468
257		0.493468
257.1		0.494792
257.2		0.494792
257.3		0.494792
257.4		0.494792
257.5		0.494792
257.6		0.494792
257.7		0.494792
257.8		0.494792
257.9		0.494792
258		0.494792
258.1		0.497204
258.2		0.497204
258.3		0.497204
258.4		0.497204
258.5		0.497204
258.6		0.497204
258.7		0.497204
258.8		0.497204
258.9		0.497204
259		0.497204
259.1		0.499125
259.2		0.499125
259.3		0.499125
259.4		0.499125
259.5		0.499125
259.6		0.499125
259.7		0.499125
259.8		0.499125
259.9		0.499125
260		0.499125
260.1		0.501174
260.2		0.501174
260.3		0.501174
260.4		0.501174
260.5		0.501174
260.6		0.501174
260.7		0.501174
260.8		0.501174
260.9		0.501174
261		0.501174
261.1		0.504803
261.2		0.504803
261.3		0.504803
261.4		0.504803
261.5		0.504803
261.6		0.504803
261.7		0.504803
261.8		0.504803
261.9		0.504803
262		0.504803
262.1		0.506212
262.2		0.506212
262.3		0.506212
262.4		0.506212
262.5		0.506212
262.6		0.506212
262.7		0.506212
262.8		0.506212
262.9		0.506212
263		0.506212
263.1		0.506959
263.2		0.506959
263.3		0.506959
263.4		0.506959
263.5		0.506959
263.6		0.506959
263.7		0.506959
263.8		0.506959
263.9		0.506959
264		0.506959
264.1		0.509712
264.2		0.509712
264.3		0.509712
264.4		0.509712
264.5		0.509712
264.6		0.509712
264.7		0.509712
264.8		0.509712
264.9		0.509712
265		0.509712
265.1		0.512188
265.2		0.512188
265.3		0.512188
265.4		0.512188
265.5		0.512188
265.6		0.512188
265.7		0.512188
265.8		0.512188
265.9		0.512188
266		0.512188
266.1		0.51554
266.2		0.51554
266.3		0.51554
266.4		0.51554
266.5		0.51554
266.6		0.51554
266.7		0.51554
266.8		0.51554
266.9		0.51554
267		0.51554
267.1		0.515753
267.2		0.515753
267.3		0.515753
267.4		0.515753
267.5		0.515753
267.6		0.515753
267.7		0.515753
267.8		0.515753
267.9		0.515753
268		0.515753
268.1		0.516223
268.2		0.516223
268.3		0.516223
268.4		0.516223
268.5		0.516223
268.6		0.516223
268.7		0.516223
268.8		0.516223
268.9		0.516223
269		0.516223
269.1		0.517824
269.2		0.517824
269.3		0.517824
269.4		0.517824
269.5		0.517824
269.6		0.517824
269.7		0.517824
269.8		0.517824
269.9		0.517824
270		0.517824
270.1		0.523502
270.2		0.523502
270.3		0.523502
270.4		0.523502
270.5		0.523502
270.6		0.523502
270.7		0.523502
270.8		0.523502
270.9		0.523502
271		0.523502
271.1		0.526319
271.2		0.526319
271.3		0.526319
271.4		0.526319
271.5		0.526319
271.6		0.526319
271.7		0.526319
271.8		0.526319
271.9		0.526319
272		0.526319
272.1		0.527685
272.2		0.527685
272.3		0.527685
272.4		0.527685
272.5		0.527685
272.6		0.527685
272.7		0.527685
272.8		0.527685
272.9		0.527685
273		0.527685
273.1		0.529329
273.2		0.529329
273.3		0.529329
273.4		0.529329
273.5		0.529329
273.6		0.529329
273.7		0.529329
273.8		0.529329
273.9		0.529329
274		0.529329
274.1		0.531869
274.2		0.531869
274.3		0.531869
274.4		0.531869
274.5		0.531869
274.6		0.531869
274.7		0.531869
274.8		0.531869
274.9		0.531869
275		0.531869
275.1		0.532381
275.2		0.532381
275.3		0.532381
275.4		0.532381
275.5		0.532381
275.6		0.532381
275.7		0.532381
275.8		0.532381
275.9		0.532381
276		0.532381
276.1		0.53411
276.2		0.53411
276.3		0.53411
276.4		0.53411
276.5		0.53411
276.6		0.53411
276.7		0.53411
276.8		0.53411
276.9		0.53411
277		0.53411
277.1		0.538401
277.2		0.538401
277.3		0.538401
277.4		0.538401
277.5		0.538401
277.6		0.538401
277.7		0.538401
277.8		0.538401
277.9		0.538401
278		0.538401
278.1		0.541752
278.2		0.541752
278.3		0.541752
278.4		0.541752
278.5		0.541752
278.6		0.541752
278.7		0.541752
278.8		0.541752
278.9		0.541752
279		0.541752
279.1		0.54235
279.2		0.54235
279.3		0.54235
279.4		0.54235
279.5		0.54235
279.6		0.54235
279.7		0.54235
279.8		0.54235
279.9		0.54235
280		0.54235
280.1		0.54252
280.2		0.54252
280.3		0.54252
280.4		0.54252
280.5		0.54252
280.6		0.54252
280.7		0.54252
280.8		0.54252
280.9		0.54252
281		0.54252
281.1		0.542649
281.2		0.542649
281.3		0.542649
281.4		0.542649
281.5		0.542649
281.6		0.542649
281.7		0.542649
281.8		0.542649
281.9		0.542649
282		0.542649
282.1		0.551251
282.2		0.551251
282.3		0.551251
282.4		0.551251
282.5		0.551251
282.6		0.551251
282.7		0.551251
282.8		0.551251
282.9		0.551251
283		0.551251
283.1		0.551507
283.2		0.551507
283.3		0.551507
283.4		0.551507
283.5		0.551507
283.6		0.551507
283.7		0.551507
283.8		0.551507
283.9		0.551507
284		0.551507
284.1		0.554068
284.2		0.554068
284.3		0.554068
284.4		0.554068
284.5		0.554068
284.6		0.554068
284.7		0.554068
284.8		0.554068
284.9		0.554068
285		0.554068
285.1		0.556971
285.2		0.556971
285.3		0.556971
285.4		0.556971
285.5		0.556971
285.6		0.556971
285.7		0.556971
285.8		0.556971
285.9		0.556971
286		0.556971
286.1		0.560686
286.2		0.560686
286.3		0.560686
286.4		0.560686
286.5		0.560686
286.6		0.560686
286.7		0.560686
286.8		0.560686
286.9		0.560686
287		0.560686
287.1		0.56139
287.2		0.56139
287.3		0.56139
287.4		0.56139
287.5		0.56139
287.6		0.56139
287.7		0.56139
287.8		0.56139
287.9		0.56139
288		0.56139
288.1		0.565019
288.2		0.565019
288.3		0.565019
288.4		0.565019
288.5		0.565019
288.6		0.565019
288.7		0.565019
288.8		0.565019
288.9		0.565019
289		0.565019
289.1		0.570184
289.2		0.570184
289.3		0.570184
289.4		0.570184
289.5		0.570184
289.6		0.570184
289.7		0.570184
289.8		0.570184
289.9		0.570184
290		0.570184
290.1		0.572127
290.2		0.572127
290.3		0.572127
290.4		0.572127
290.5		0.572127
290.6		0.572127
290.7		0.572127
290.8		0.572127
290.9		0.572127
291		0.572127
291.1		0.572874
291.2		0.572874
291.3		0.572874
291.4		0.572874
291.5		0.572874
291.6		0.572874
291.7		0.572874
291.8		0.572874
291.9		0.572874
292		0.572874
292.1		0.574069
292.2		0.574069
292.3		0.574069
292.4		0.574069
292.5		0.574069
292.6		0.574069
292.7		0.574069
292.8		0.574069
292.9		0.574069
293		0.574069
293.1		0.57582
293.2		0.57582
293.3		0.57582
293.4		0.57582
293.5		0.57582
293.6		0.57582
293.7		0.57582
293.8		0.57582
293.9		0.57582
294		0.57582
294.1		0.578317
294.2		0.578317
294.3		0.578317
294.4		0.578317
294.5		0.578317
294.6		0.578317
294.7		0.578317
294.8		0.578317
294.9		0.578317
295		0.578317
295.1		0.58122
295.2		0.58122
295.3		0.58122
295.4		0.58122
295.5		0.58122
295.6		0.58122
295.7		0.58122
295.8		0.58122
295.9		0.58122
296		0.58122
296.1		0.583718
296.2		0.583718
296.3		0.583718
296.4		0.583718
296.5		0.583718
296.6		0.583718
296.7		0.583718
296.8		0.583718
296.9		0.583718
297		0.583718
297.1		0.587069
297.2		0.587069
297.3		0.587069
297.4		0.587069
297.5		0.587069
297.6		0.587069
297.7		0.587069
297.8		0.587069
297.9		0.587069
298		0.587069
298.1		0.589054
298.2		0.589054
298.3		0.589054
298.4		0.589054
298.5		0.589054
298.6		0.589054
298.7		0.589054
298.8		0.589054
298.9		0.589054
299		0.589054
299.1		0.592192
299.2		0.592192
299.3		0.592192
299.4		0.592192
299.5		0.592192
299.6		0.592192
299.7		0.592192
299.8		0.592192
299.9		0.592192
300		0.592192
300.1		0.596802
300.2		0.596802
300.3		0.596802
300.4		0.596802
300.5		0.596802
300.6		0.596802
300.7		0.596802
300.8		0.596802
300.9		0.596802
301		0.596802
301.1		0.597934
301.2		0.597934
301.3		0.597934
301.4		0.597934
301.5		0.597934
301.6		0.597934
301.7		0.597934
301.8		0.597934
301.9		0.597934
302		0.597934
302.1		0.599172
302.2		0.599172
302.3		0.599172
302.4		0.599172
302.5		0.599172
302.6		0.599172
302.7		0.599172
302.8		0.599172
302.9		0.599172
303		0.599172
303.1		0.602822
303.2		0.602822
303.3		0.602822
303.4		0.602822
303.5		0.602822
303.6		0.602822
303.7		0.602822
303.8		0.602822
303.9		0.602822
304		0.602822
304.1		0.605277
304.2		0.605277
304.3		0.605277
304.4		0.605277
304.5		0.605277
304.6		0.605277
304.7		0.605277
304.8		0.605277
304.9		0.605277
305		0.605277
305.1		0.606984
305.2		0.606984
305.3		0.606984
305.4		0.606984
305.5		0.606984
305.6		0.606984
305.7		0.606984
305.8		0.606984
305.9		0.606984
306		0.606984
306.1		0.607027
306.2		0.607027
306.3		0.607027
306.4		0.607027
306.5		0.607027
306.6		0.607027
306.7		0.607027
306.8		0.607027
306.9		0.607027
307		0.607027
307.1		0.608777
307.2		0.608777
307.3		0.608777
307.4		0.608777
307.5		0.608777
307.6		0.608777
307.7		0.608777
307.8		0.608777
307.9		0.608777
308		0.608777
308.1		0.612748
308.2		0.612748
308.3		0.612748
308.4		0.612748
308.5		0.612748
308.6		0.612748
308.7		0.612748
308.8		0.612748
308.9		0.612748
309		0.612748
309.1		0.613665
309.2		0.613665
309.3		0.613665
309.4		0.613665
309.5		0.613665
309.6		0.613665
309.7		0.613665
309.8		0.613665
309.9		0.613665
310		0.613665
310.1		0.616291
310.2		0.616291
310.3		0.616291
310.4		0.616291
310.5		0.616291
310.6		0.616291
310.7		0.616291
310.8		0.616291
310.9		0.616291
311		0.616291
311.1		0.617486
311.2		0.617486
311.3		0.617486
311.4		0.617486
311.5		0.617486
311.6		0.617486
311.7		0.617486
311.8		0.617486
311.9		0.617486
312		0.617486
312.1		0.62071
312.2		0.62071
312.3		0.62071
312.4		0.62071
312.5		0.62071
312.6		0.62071
312.7		0.62071
312.8		0.62071
312.9		0.62071
313		0.62071
313.1		0.621393
313.2		0.621393
313.3		0.621393
313.4		0.621393
313.5		0.621393
313.6		0.621393
313.7		0.621393
313.8		0.621393
313.9		0.621393
314		0.621393
314.1		0.624232
314.2		0.624232
314.3		0.624232
314.4		0.624232
314.5		0.624232
314.6		0.624232
314.7		0.624232
314.8		0.624232
314.9		0.624232
315		0.624232
315.1		0.627626
315.2		0.627626
315.3		0.627626
315.4		0.627626
315.5		0.627626
315.6		0.627626
315.7		0.627626
315.8		0.627626
315.9		0.627626
316		0.627626
316.1		0.629739
316.2		0.629739
316.3		0.629739
316.4		0.629739
316.5		0.629739
316.6		0.629739
316.7		0.629739
316.8		0.629739
316.9		0.629739
317		0.629739
317.1		0.630891
317.2		0.630891
317.3		0.630891
317.4		0.630891
317.5		0.630891
317.6		0.630891
317.7		0.630891
317.8		0.630891
317.9		0.630891
318		0.630891
318.1		0.63119
318.2		0.63119
318.3		0.63119
318.4		0.63119
318.5		0.63119
318.6		0.63119
318.7		0.63119
318.8		0.63119
318.9		0.63119
319		0.63119
319.1		0.632727
319.2		0.632727
319.3		0.632727
319.4		0.632727
319.5		0.632727
319.6		0.632727
319.7		0.632727
319.8		0.632727
319.9		0.632727
320		0.632727
320.1		0.636655
320.2		0.636655
320.3		0.636655
320.4		0.636655
320.5		0.636655
320.6		0.636655
320.7		0.636655
320.8		0.636655
320.9		0.636655
321		0.636655
321.1		0.639387
321.2		0.639387
321.3		0.639387
321.4		0.639387
321.5		0.639387
321.6		0.639387
321.7		0.639387
321.8		0.639387
321.9		0.639387
322		0.639387
322.1		0.640326
322.2		0.640326
322.3		0.640326
322.4		0.640326
322.5		0.640326
322.6		0.640326
322.7		0.640326
322.8		0.640326
322.9		0.640326
323		0.640326
323.1		0.642653
323.2		0.642653
323.3		0.642653
323.4		0.642653
323.5		0.642653
323.6		0.642653
323.7		0.642653
323.8		0.642653
323.9		0.642653
324		0.642653
324.1		0.643016
324.2		0.643016
324.3		0.643016
324.4		0.643016
324.5		0.643016
324.6		0.643016
324.7		0.643016
324.8		0.643016
324.9		0.643016
325		0.643016
325.1		0.648224
325.2		0.648224
325.3		0.648224
325.4		0.648224
325.5		0.648224
325.6		0.648224
325.7		0.648224
325.8		0.648224
325.9		0.648224
326		0.648224
326.1		0.650081
326.2		0.650081
326.3		0.650081
326.4		0.650081
326.5		0.650081
326.6		0.650081
326.7		0.650081
326.8		0.650081
326.9		0.650081
327		0.650081
327.1		0.650316
327.2		0.650316
327.3		0.650316
327.4		0.650316
327.5		0.650316
327.6		0.650316
327.7		0.650316
327.8		0.650316
327.9		0.650316
328		0.650316
328.1		0.651575
328.2		0.651575
328.3		0.651575
328.4		0.651575
328.5		0.651575
328.6		0.651575
328.7		0.651575
328.8		0.651575
328.9		0.651575
329		0.651575
329.1		0.654094
329.2		0.654094
329.3		0.654094
329.4		0.654094
329.5		0.654094
329.6		0.654094
329.7		0.654094
329.8		0.654094
329.9		0.654094
330		0.654094
330.1		0.656527
330.2		0.656527
330.3		0.656527
330.4		0.656527
330.5		0.656527
330.6		0.656527
330.7		0.656527
330.8		0.656527
330.9		0.656527
331		0.656527
331.1		0.661352
331.2		0.661352
331.3		0.661352
331.4		0.661352
331.5		0.661352
331.6		0.661352
331.7		0.661352
331.8		0.661352
331.9		0.661352
332		0.661352
332.1		0.662248
332.2		0.662248
332.3		0.662248
332.4		0.662248
332.5		0.662248
332.6		0.662248
332.7		0.662248
332.8		0.662248
332.9		0.662248
333		0.662248
333.1		0.663209
333.2		0.663209
333.3		0.663209
333.4		0.663209
333.5		0.663209
333.6		0.663209
333.7		0.663209
333.8		0.663209
333.9		0.663209
334		0.663209
334.1		0.667158
334.2		0.667158
334.3		0.667158
334.4		0.667158
334.5		0.667158
334.6		0.667158
334.7		0.667158
334.8		0.667158
334.9		0.667158
335		0.667158
335.1		0.667328
335.2		0.667328
335.3		0.667328
335.4		0.667328
335.5		0.667328
335.6		0.667328
335.7		0.667328
335.8		0.667328
335.9		0.667328
336		0.667328
336.1		0.670552
336.2		0.670552
336.3		0.670552
336.4		0.670552
336.5		0.670552
336.6		0.670552
336.7		0.670552
336.8		0.670552
336.9		0.670552
337		0.670552
337.1		0.671768
337.2		0.671768
337.3		0.671768
337.4		0.671768
337.5		0.671768
337.6		0.671768
337.7		0.671768
337.8		0.671768
337.9		0.671768
338		0.671768
338.1		0.676635
338.2		0.676635
338.3		0.676635
338.4		0.676635
338.5		0.676635
338.6		0.676635
338.7		0.676635
338.8		0.676635
338.9		0.676635
339		0.676635
339.1		0.677169
339.2		0.677169
339.3		0.677169
339.4		0.677169
339.5		0.677169
339.6		0.677169
339.7		0.677169
339.8		0.677169
339.9		0.677169
340		0.677169
340.1		0.678727
340.2		0.678727
340.3		0.678727
340.4		0.678727
340.5		0.678727
340.6		0.678727
340.7		0.678727
340.8		0.678727
340.9		0.678727
341		0.678727
341.1		0.683594
341.2		0.683594
341.3		0.683594
341.4		0.683594
341.5		0.683594
341.6		0.683594
341.7		0.683594
341.8		0.683594
341.9		0.683594
342		0.683594
342.1		0.68703
342.2		0.68703
342.3		0.68703
342.4		0.68703
342.5		0.68703
342.6		0.68703
342.7		0.68703
342.8		0.68703
342.9		0.68703
343		0.68703
343.1		0.68893
343.2		0.68893
343.3		0.68893
343.4		0.68893
343.5		0.68893
343.6		0.68893
343.7		0.68893
343.8		0.68893
343.9		0.68893
344		0.68893
344.1		0.68925
344.2		0.68925
344.3		0.68925
344.4		0.68925
344.5		0.68925
344.6		0.68925
344.7		0.68925
344.8		0.68925
344.9		0.68925
345		0.68925
345.1		0.692794
345.2		0.692794
345.3		0.692794
345.4		0.692794
345.5		0.692794
345.6		0.692794
345.7		0.692794
345.8		0.692794
345.9		0.692794
346		0.692794
346.1		0.693733
346.2		0.693733
346.3		0.693733
346.4		0.693733
346.5		0.693733
346.6		0.693733
346.7		0.693733
346.8		0.693733
346.9		0.693733
347		0.693733
347.1		0.698194
347.2		0.698194
347.3		0.698194
347.4		0.698194
347.5		0.698194
347.6		0.698194
347.7		0.698194
347.8		0.698194
347.9		0.698194
348		0.698194
348.1		0.699176
348.2		0.699176
348.3		0.699176
348.4		0.699176
348.5		0.699176
348.6		0.699176
348.7		0.699176
348.8		0.699176
348.9		0.699176
349		0.699176
349.1		0.700862
349.2		0.700862
349.3		0.700862
349.4		0.700862
349.5		0.700862
349.6		0.700862
349.7		0.700862
349.8		0.700862
349.9		0.700862
350		0.700862
350.1		0.701396
350.2		0.701396
350.3		0.701396
350.4		0.701396
350.5		0.701396
350.6		0.701396
350.7		0.701396
350.8		0.701396
350.9		0.701396
351		0.701396
351.1		0.704363
351.2		0.704363
351.3		0.704363
351.4		0.704363
351.5		0.704363
351.6		0.704363
351.7		0.704363
351.8		0.704363
351.9		0.704363
352		0.704363
352.1		0.708077
352.2		0.708077
352.3		0.708077
352.4		0.708077
352.5		0.708077
352.6		0.708077
352.7		0.708077
352.8		0.708077
352.9		0.708077
353		0.708077
353.1		0.708504
353.2		0.708504
353.3		0.708504
353.4		0.708504
353.5		0.708504
353.6		0.708504
353.7		0.708504
353.8		0.708504
353.9		0.708504
354		0.708504
354.1		0.712368
354.2		0.712368
354.3		0.712368
354.4		0.712368
354.5		0.712368
354.6		0.712368
354.7		0.712368
354.8		0.712368
354.9		0.712368
355		0.712368
355.1		0.713179
355.2		0.713179
355.3		0.713179
355.4		0.713179
355.5		0.713179
355.6		0.713179
355.7		0.713179
355.8		0.713179
355.9		0.713179
356		0.713179
356.1		0.71828
356.2		0.71828
356.3		0.71828
356.4		0.71828
356.5		0.71828
356.6		0.71828
356.7		0.71828
356.8		0.71828
356.9		0.71828
357		0.71828
357.1		0.721269
357.2		0.721269
357.3		0.721269
357.4		0.721269
357.5		0.721269
357.6		0.721269
357.7		0.721269
357.8		0.721269
357.9		0.721269
358		0.721269
358.1		0.722123
358.2		0.722123
358.3		0.722123
358.4		0.722123
358.5		0.722123
358.6		0.722123
358.7		0.722123
358.8		0.722123
358.9		0.722123
359		0.722123
359.1		0.724044
359.2		0.724044
359.3		0.724044
359.4		0.724044
359.5		0.724044
359.6		0.724044
359.7		0.724044
359.8		0.724044
359.9		0.724044
360		0.724044
360.1		0.727737
360.2		0.727737
360.3		0.727737
360.4		0.727737
360.5		0.727737
360.6		0.727737
360.7		0.727737
360.8		0.727737
360.9		0.727737
361		0.727737
361.1		0.730234
361.2		0.730234
361.3		0.730234
361.4		0.730234
361.5		0.730234
361.6		0.730234
361.7		0.730234
361.8		0.730234
361.9		0.730234
362		0.730234
362.1		0.733436
362.2		0.733436
362.3		0.733436
362.4		0.733436
362.5		0.733436
362.6		0.733436
362.7		0.733436
362.8		0.733436
362.9		0.733436
363		0.733436
363.1		0.734204
363.2		0.734204
363.3		0.734204
363.4		0.734204
363.5		0.734204
363.6		0.734204
363.7		0.734204
363.8		0.734204
363.9		0.734204
364		0.734204
364.1		0.735784
364.2		0.735784
364.3		0.735784
364.4		0.735784
364.5		0.735784
364.6		0.735784
364.7		0.735784
364.8		0.735784
364.9		0.735784
365		0.735784
365.1		0.739092
365.2		0.739092
365.3		0.739092
365.4		0.739092
365.5		0.739092
365.6		0.739092
365.7		0.739092
365.8		0.739092
365.9		0.739092
366		0.739092
366.1		0.739605
366.2		0.739605
366.3		0.739605
366.4		0.739605
366.5		0.739605
366.6		0.739605
366.7		0.739605
366.8		0.739605
366.9		0.739605
367		0.739605
367.1		0.740309
367.2		0.740309
367.3		0.740309
367.4		0.740309
367.5		0.740309
367.6		0.740309
367.7		0.740309
367.8		0.740309
367.9		0.740309
368		0.740309
368.1		0.743746
368.2		0.743746
368.3		0.743746
368.4		0.743746
368.5		0.743746
368.6		0.743746
368.7		0.743746
368.8		0.743746
368.9		0.743746
369		0.743746
369.1		0.746286
369.2		0.746286
369.3		0.746286
369.4		0.746286
369.5		0.746286
369.6		0.746286
369.7		0.746286
369.8		0.746286
369.9		0.746286
370		0.746286
370.1		0.750619
370.2		0.750619
370.3		0.750619
370.4		0.750619
370.5		0.750619
370.6		0.750619
370.7		0.750619
370.8		0.750619
370.9		0.750619
371		0.750619
371.1		0.751323
371.2		0.751323
371.3		0.751323
371.4		0.751323
371.5		0.751323
371.6		0.751323
371.7		0.751323
371.8		0.751323
371.9		0.751323
372		0.751323
372.1		0.752071
372.2		0.752071
372.3		0.752071
372.4		0.752071
372.5		0.752071
372.6		0.752071
372.7		0.752071
372.8		0.752071
372.9		0.752071
373		0.752071
373.1		0.753202
373.2		0.753202
373.3		0.753202
373.4		0.753202
373.5		0.753202
373.6		0.753202
373.7		0.753202
373.8		0.753202
373.9		0.753202
374		0.753202
374.1		0.757215
374.2		0.757215
374.3		0.757215
374.4		0.757215
374.5		0.757215
374.6		0.757215
374.7		0.757215
374.8		0.757215
374.9		0.757215
375		0.757215
375.1		0.758688
375.2		0.758688
375.3		0.758688
375.4		0.758688
375.5		0.758688
375.6		0.758688
375.7		0.758688
375.8		0.758688
375.9		0.758688
376		0.758688
376.1		0.762295
376.2		0.762295
376.3		0.762295
376.4		0.762295
376.5		0.762295
376.6		0.762295
376.7		0.762295
376.8		0.762295
376.9		0.762295
377		0.762295
377.1		0.763405
377.2		0.763405
377.3		0.763405
377.4		0.763405
377.5		0.763405
377.6		0.763405
377.7		0.763405
377.8		0.763405
377.9		0.763405
378		0.763405
378.1		0.767909
378.2		0.767909
378.3		0.767909
378.4		0.767909
378.5		0.767909
378.6		0.767909
378.7		0.767909
378.8		0.767909
378.9		0.767909
379		0.767909
379.1		0.768272
379.2		0.768272
379.3		0.768272
379.4		0.768272
379.5		0.768272
379.6		0.768272
379.7		0.768272
379.8		0.768272
379.9		0.768272
380		0.768272
380.1		0.768763
380.2		0.768763
380.3		0.768763
380.4		0.768763
380.5		0.768763
380.6		0.768763
380.7		0.768763
380.8		0.768763
380.9		0.768763
381		0.768763
381.1		0.769553
381.2		0.769553
381.3		0.769553
381.4		0.769553
381.5		0.769553
381.6		0.769553
381.7		0.769553
381.8		0.769553
381.9		0.769553
382		0.769553
382.1		0.773096
382.2		0.773096
382.3		0.773096
382.4		0.773096
382.5		0.773096
382.6		0.773096
382.7		0.773096
382.8		0.773096
382.9		0.773096
383		0.773096
383.1		0.777045
383.2		0.777045
383.3		0.777045
383.4		0.777045
383.5		0.777045
383.6		0.777045
383.7		0.777045
383.8		0.777045
383.9		0.777045
384		0.777045
384.1		0.778795
384.2		0.778795
384.3		0.778795
384.4		0.778795
384.5		0.778795
384.6		0.778795
384.7		0.778795
384.8		0.778795
384.9		0.778795
385		0.778795
385.1		0.778923
385.2		0.778923
385.3		0.778923
385.4		0.778923
385.5		0.778923
385.6		0.778923
385.7		0.778923
385.8		0.778923
385.9		0.778923
386		0.778923
386.1		0.78046
386.2		0.78046
386.3		0.78046
386.4		0.78046
386.5		0.78046
386.6		0.78046
386.7		0.78046
386.8		0.78046
386.9		0.78046
387		0.78046
387.1		0.782232
387.2		0.782232
387.3		0.782232
387.4		0.782232
387.5		0.782232
387.6		0.782232
387.7		0.782232
387.8		0.782232
387.9		0.782232
388		0.782232
388.1		0.784004
388.2		0.784004
388.3		0.784004
388.4		0.784004
388.5		0.784004
388.6		0.784004
388.7		0.784004
388.8		0.784004
388.9		0.784004
389		0.784004
389.1		0.786416
389.2		0.786416
389.3		0.786416
389.4		0.786416
389.5		0.786416
389.6		0.786416
389.7		0.786416
389.8		0.786416
389.9		0.786416
390		0.786416
390.1		0.790002
390.2		0.790002
390.3		0.790002
390.4		0.790002
390.5		0.790002
390.6		0.790002
390.7		0.790002
390.8		0.790002
390.9		0.790002
391		0.790002
391.1		0.791667
391.2		0.791667
391.3		0.791667
391.4		0.791667
391.5		0.791667
391.6		0.791667
391.7		0.791667
391.8		0.791667
391.9		0.791667
392		0.791667
392.1		0.791837
392.2		0.791837
392.3		0.791837
392.4		0.791837
392.5		0.791837
392.6		0.791837
392.7		0.791837
392.8		0.791837
392.9		0.791837
393		0.791837
393.1		0.793289
393.2		0.793289
393.3		0.793289
393.4		0.793289
393.5		0.793289
393.6		0.793289
393.7		0.793289
393.8		0.793289
393.9		0.793289
394		0.793289
394.1		0.79521
394.2		0.79521
394.3		0.79521
394.4		0.79521
394.5		0.79521
394.6		0.79521
394.7		0.79521
394.8		0.79521
394.9		0.79521
395		0.79521
395.1		0.800461
395.2		0.800461
395.3		0.800461
395.4		0.800461
395.5		0.800461
395.6		0.800461
395.7		0.800461
395.8		0.800461
395.9		0.800461
396		0.800461
396.1		0.802702
396.2		0.802702
396.3		0.802702
396.4		0.802702
396.5		0.802702
396.6		0.802702
396.7		0.802702
396.8		0.802702
396.9		0.802702
397		0.802702
397.1		0.803087
397.2		0.803087
397.3		0.803087
397.4		0.803087
397.5		0.803087
397.6		0.803087
397.7		0.803087
397.8		0.803087
397.9		0.803087
398		0.803087
398.1		0.805093
398.2		0.805093
398.3		0.805093
398.4		0.805093
398.5		0.805093
398.6		0.805093
398.7		0.805093
398.8		0.805093
398.9		0.805093
399		0.805093
399.1		0.805456
399.2		0.805456
399.3		0.805456
399.4		0.805456
399.5		0.805456
399.6		0.805456
399.7		0.805456
399.8		0.805456
399.9		0.805456
400		0.805456
400.1		0.810899
400.2		0.810899
400.3		0.810899
400.4		0.810899
400.5		0.810899
400.6		0.810899
400.7		0.810899
400.8		0.810899
400.9		0.810899
401		0.810899
401.1		0.811924
401.2		0.811924
401.3		0.811924
401.4		0.811924
401.5		0.811924
401.6		0.811924
401.7		0.811924
401.8		0.811924
401.9		0.811924
402		0.811924
402.1		0.813887
402.2		0.813887
402.3		0.813887
402.4		0.813887
402.5		0.813887
402.6		0.813887
402.7		0.813887
402.8		0.813887
402.9		0.813887
403		0.813887
403.1		0.814122
403.2		0.814122
403.3		0.814122
403.4		0.814122
403.5		0.814122
403.6		0.814122
403.7		0.814122
403.8		0.814122
403.9		0.814122
404		0.814122
404.1		0.819736
404.2		0.819736
404.3		0.819736
404.4		0.819736
404.5		0.819736
404.6		0.819736
404.7		0.819736
404.8		0.819736
404.9		0.819736
405		0.819736
405.1		0.820099
405.2		0.820099
405.3		0.820099
405.4		0.820099
405.5		0.820099
405.6		0.820099
405.7		0.820099
405.8		0.820099
405.9		0.820099
406		0.820099
406.1		0.822383
406.2		0.822383
406.3		0.822383
406.4		0.822383
406.5		0.822383
406.6		0.822383
406.7		0.822383
406.8		0.822383
406.9		0.822383
407		0.822383
407.1		0.82281
407.2		0.82281
407.3		0.82281
407.4		0.82281
407.5		0.82281
407.6		0.82281
407.7		0.82281
407.8		0.82281
407.9		0.82281
408		0.82281
408.1		0.827058
408.2		0.827058
408.3		0.827058
408.4		0.827058
408.5		0.827058
408.6		0.827058
408.7		0.827058
408.8		0.827058
408.9		0.827058
409		0.827058
409.1		0.827997
409.2		0.827997
409.3		0.827997
409.4		0.827997
409.5		0.827997
409.6		0.827997
409.7		0.827997
409.8		0.827997
409.9		0.827997
410		0.827997
410.1		0.830943
410.2		0.830943
410.3		0.830943
410.4		0.830943
410.5		0.830943
410.6		0.830943
410.7		0.830943
410.8		0.830943
410.9		0.830943
411		0.830943
411.1		0.831156
411.2		0.831156
411.3		0.831156
411.4		0.831156
411.5		0.831156
411.6		0.831156
411.7		0.831156
411.8		0.831156
411.9		0.831156
412		0.831156
412.1		0.835126
412.2		0.835126
412.3		0.835126
412.4		0.835126
412.5		0.835126
412.6		0.835126
412.7		0.835126
412.8		0.835126
412.9		0.835126
413		0.835126
413.1		0.836428
413.2		0.836428
413.3		0.836428
413.4		0.836428
413.5		0.836428
413.6		0.836428
413.7		0.836428
413.8		0.836428
413.9		0.836428
414		0.836428
414.1		0.83724
414.2		0.83724
414.3		0.83724
414.4		0.83724
414.5		0.83724
414.6		0.83724
414.7		0.83724
414.8		0.83724
414.9		0.83724
415		0.83724
415.1		0.839182
415.2		0.839182
415.3		0.839182
415.4		0.839182
415.5		0.839182
415.6		0.839182
415.7		0.839182
415.8		0.839182
415.9		0.839182
416		0.839182
416.1		0.842064
416.2		0.842064
416.3		0.842064
416.4		0.842064
416.5		0.842064
416.6		0.842064
416.7		0.842064
416.8		0.842064
416.9		0.842064
417		0.842064
417.1		0.842277
417.2		0.842277
417.3		0.842277
417.4		0.842277
417.5		0.842277
417.6		0.842277
417.7		0.842277
417.8		0.842277
417.9		0.842277
418		0.842277
418.1		0.843387
418.2		0.843387
418.3		0.843387
418.4		0.843387
418.5		0.843387
418.6		0.843387
418.7		0.843387
418.8		0.843387
418.9		0.843387
419		0.843387
419.1		0.846546
419.2		0.846546
419.3		0.846546
419.4		0.846546
419.5		0.846546
419.6		0.846546
419.7		0.846546
419.8		0.846546
419.9		0.846546
420		0.846546
420.1		0.848894
420.2		0.848894
420.3		0.848894
420.4		0.848894
420.5		0.848894
420.6		0.848894
420.7		0.848894
420.8		0.848894
420.9		0.848894
421		0.848894
421.1		0.851861
421.2		0.851861
421.3		0.851861
421.4		0.851861
421.5		0.851861
421.6		0.851861
421.7		0.851861
421.8		0.851861
421.9		0.851861
422		0.851861
422.1		0.852779
422.2		0.852779
422.3		0.852779
422.4		0.852779
422.5		0.852779
422.6		0.852779
422.7		0.852779
422.8		0.852779
422.9		0.852779
423		0.852779
423.1		0.854658
423.2		0.854658
423.3		0.854658
423.4		0.854658
423.5		0.854658
423.6		0.854658
423.7		0.854658
423.8		0.854658
423.9		0.854658
424		0.854658
424.1		0.859076
424.2		0.859076
424.3		0.859076
424.4		0.859076
424.5		0.859076
424.6		0.859076
424.7		0.859076
424.8		0.859076
424.9		0.859076
425		0.859076
425.1		0.859717
425.2		0.859717
425.3		0.859717
425.4		0.859717
425.5		0.859717
425.6		0.859717
425.7		0.859717
425.8		0.859717
425.9		0.859717
426		0.859717
426.1		0.861787
426.2		0.861787
426.3		0.861787
426.4		0.861787
426.5		0.861787
426.6		0.861787
426.7		0.861787
426.8		0.861787
426.9		0.861787
427		0.861787
427.1		0.864349
427.2		0.864349
427.3		0.864349
427.4		0.864349
427.5		0.864349
427.6		0.864349
427.7		0.864349
427.8		0.864349
427.9		0.864349
428		0.864349
428.1		0.867294
428.2		0.867294
428.3		0.867294
428.4		0.867294
428.5		0.867294
428.6		0.867294
428.7		0.867294
428.8		0.867294
428.9		0.867294
429		0.867294
429.1		0.869343
429.2		0.869343
429.3		0.869343
429.4		0.869343
429.5		0.869343
429.6		0.869343
429.7		0.869343
429.8		0.869343
429.9		0.869343
430		0.869343
430.1		0.870389
430.2		0.870389
430.3		0.870389
430.4		0.870389
430.5		0.870389
430.6		0.870389
430.7		0.870389
430.8		0.870389
430.9		0.870389
431		0.870389
431.1		0.870539
431.2		0.870539
431.3		0.870539
431.4		0.870539
431.5		0.870539
431.6		0.870539
431.7		0.870539
431.8		0.870539
431.9		0.870539
432		0.870539
432.1		0.872353
432.2		0.872353
432.3		0.872353
432.4		0.872353
432.5		0.872353
432.6		0.872353
432.7		0.872353
432.8		0.872353
432.9		0.872353
433		0.872353
433.1		0.876921
433.2		0.876921
433.3		0.876921
433.4		0.876921
433.5		0.876921
433.6		0.876921
433.7		0.876921
433.8		0.876921
433.9		0.876921
434		0.876921
434.1		0.879611
434.2		0.879611
434.3		0.879611
434.4		0.879611
434.5		0.879611
434.6		0.879611
434.7		0.879611
434.8		0.879611
434.9		0.879611
435		0.879611
435.1		0.879931
435.2		0.879931
435.3		0.879931
435.4		0.879931
435.5		0.879931
435.6		0.879931
435.7		0.879931
435.8		0.879931
435.9		0.879931
436		0.879931
436.1		0.881852
436.2		0.881852
436.3		0.881852
436.4		0.881852
436.5		0.881852
436.6		0.881852
436.7		0.881852
436.8		0.881852
436.9		0.881852
437		0.881852
437.1		0.882663
437.2		0.882663
437.3		0.882663
437.4		0.882663
437.5		0.882663
437.6		0.882663
437.7		0.882663
437.8		0.882663
437.9		0.882663
438		0.882663
438.1		0.888533
438.2		0.888533
438.3		0.888533
438.4		0.888533
438.5		0.888533
438.6		0.888533
438.7		0.888533
438.8		0.888533
438.9		0.888533
439		0.888533
439.1		0.889515
439.2		0.889515
439.3		0.889515
439.4		0.889515
439.5		0.889515
439.6		0.889515
439.7		0.889515
439.8		0.889515
439.9		0.889515
440		0.889515
440.1		0.891244
440.2		0.891244
440.3		0.891244
440.4		0.891244
440.5		0.891244
440.6		0.891244
440.7		0.891244
440.8		0.891244
440.9		0.891244
441		0.891244
441.1		0.891543
441.2		0.891543
441.3		0.891543
441.4		0.891543
441.5		0.891543
441.6		0.891543
441.7		0.891543
441.8		0.891543
441.9		0.891543
442		0.891543
442.1		0.895833
442.2		0.895833
442.3		0.895833
442.4		0.895833
442.5		0.895833
442.6		0.895833
442.7		0.895833
442.8		0.895833
442.9		0.895833
443		0.895833
443.1		0.896602
443.2		0.896602
443.3		0.896602
443.4		0.896602
443.5		0.896602
443.6		0.896602
443.7		0.896602
443.8		0.896602
443.9		0.896602
444		0.896602
444.1		0.897626
444.2		0.897626
444.3		0.897626
444.4		0.897626
444.5		0.897626
444.6		0.897626
444.7		0.897626
444.8		0.897626
444.9		0.897626
445		0.897626
445.1		0.900273
445.2		0.900273
445.3		0.900273
445.4		0.900273
445.5		0.900273
445.6		0.900273
445.7		0.900273
445.8		0.900273
445.9		0.900273
446		0.900273
446.1		0.903027
446.2		0.903027
446.3		0.903027
446.4		0.903027
446.5		0.903027
446.6		0.903027
446.7		0.903027
446.8		0.903027
446.9		0.903027
447		0.903027
447.1		0.905674
447.2		0.905674
447.3		0.905674
447.4		0.905674
447.5		0.905674
447.6		0.905674
447.7		0.905674
447.8		0.905674
447.9		0.905674
448		0.905674
448.1		0.906634
448.2		0.906634
448.3		0.906634
448.4		0.906634
448.5		0.906634
448.6		0.906634
448.7		0.906634
448.8		0.906634
448.9		0.906634
449		0.906634
449.1		0.907936
449.2		0.907936
449.3		0.907936
449.4		0.907936
449.5		0.907936
449.6		0.907936
449.7		0.907936
449.8		0.907936
449.9		0.907936
450		0.907936
450.1		0.911565
450.2		0.911565
450.3		0.911565
450.4		0.911565
450.5		0.911565
450.6		0.911565
450.7		0.911565
450.8		0.911565
450.9		0.911565
451		0.911565
451.1		0.911693
451.2		0.911693
451.3		0.911693
451.4		0.911693
451.5		0.911693
451.6		0.911693
451.7		0.911693
451.8		0.911693
451.9		0.911693
452		0.911693
452.1		0.915301
452.2		0.915301
452.3		0.915301
452.4		0.915301
452.5		0.915301
452.6		0.915301
452.7		0.915301
452.8		0.915301
452.9		0.915301
453		0.915301
453.1		0.91831
453.2		0.91831
453.3		0.91831
453.4		0.91831
453.5		0.91831
453.6		0.91831
453.7		0.91831
453.8		0.91831
453.9		0.91831
454		0.91831
454.1		0.919121
454.2		0.919121
454.3		0.919121
454.4		0.919121
454.5		0.919121
454.6		0.919121
454.7		0.919121
454.8		0.919121
454.9		0.919121
455		0.919121
455.1		0.919271
455.2		0.919271
455.3		0.919271
455.4		0.919271
455.5		0.919271
455.6		0.919271
455.7		0.919271
455.8		0.919271
455.9		0.919271
456		0.919271
456.1		0.924693
456.2		0.924693
456.3		0.924693
456.4		0.924693
456.5		0.924693
456.6		0.924693
456.7		0.924693
456.8		0.924693
456.9		0.924693
457		0.924693
457.1		0.926464
457.2		0.926464
457.3		0.926464
457.4		0.926464
457.5		0.926464
457.6		0.926464
457.7		0.926464
457.8		0.926464
457.9		0.926464
458		0.926464
458.1		0.927596
458.2		0.927596
458.3		0.927596
458.4		0.927596
458.5		0.927596
458.6		0.927596
458.7		0.927596
458.8		0.927596
458.9		0.927596
459		0.927596
459.1		0.929816
459.2		0.929816
459.3		0.929816
459.4		0.929816
459.5		0.929816
459.6		0.929816
459.7		0.929816
459.8		0.929816
459.9		0.929816
460		0.929816
460.1		0.930968
460.2		0.930968
460.3		0.930968
460.4		0.930968
460.5		0.930968
460.6		0.930968
460.7		0.930968
460.8		0.930968
460.9		0.930968
461		0.930968
461.1		0.934725
461.2		0.934725
461.3		0.934725
461.4		0.934725
461.5		0.934725
461.6		0.934725
461.7		0.934725
461.8		0.934725
461.9		0.934725
462		0.934725
462.1		0.93528
462.2		0.93528
462.3		0.93528
462.4		0.93528
462.5		0.93528
462.6		0.93528
462.7		0.93528
462.8		0.93528
462.9		0.93528
463		0.93528
463.1		0.936753
463.2		0.936753
463.3		0.936753
463.4		0.936753
463.5		0.936753
463.6		0.936753
463.7		0.936753
463.8		0.936753
463.9		0.936753
464		0.936753
464.1		0.93814
464.2		0.93814
464.3		0.93814
464.4		0.93814
464.5		0.93814
464.6		0.93814
464.7		0.93814
464.8		0.93814
464.9		0.93814
465		0.93814
465.1		0.939528
465.2		0.939528
465.3		0.939528
465.4		0.939528
465.5		0.939528
465.6		0.939528
465.7		0.939528
465.8		0.939528
465.9		0.939528
466		0.939528
466.1		0.941406
466.2		0.941406
466.3		0.941406
466.4		0.941406
466.5		0.941406
466.6		0.941406
466.7		0.941406
466.8		0.941406
466.9		0.941406
467		0.941406
467.1		0.948514
467.2		0.948514
467.3		0.948514
467.4		0.948514
467.5		0.948514
467.6		0.948514
467.7		0.948514
467.8		0.948514
467.9		0.948514
468		0.948514
468.1		0.948792
468.2		0.948792
468.3		0.948792
468.4		0.948792
468.5		0.948792
468.6		0.948792
468.7		0.948792
468.8		0.948792
468.9		0.948792
469		0.948792
469.1		0.949048
469.2		0.949048
469.3		0.949048
469.4		0.949048
469.5		0.949048
469.6		0.949048
469.7		0.949048
469.8		0.949048
469.9		0.949048
470		0.949048
470.1		0.95082
470.2		0.95082
470.3		0.95082
470.4		0.95082
470.5		0.95082
470.6		0.95082
470.7		0.95082
470.8		0.95082
470.9		0.95082
471		0.95082
471.1		0.951567
471.2		0.951567
471.3		0.951567
471.4		0.951567
471.5		0.951567
471.6		0.951567
471.7		0.951567
471.8		0.951567
471.9		0.951567
472		0.951567
472.1		0.956391
472.2		0.956391
472.3		0.956391
472.4		0.956391
472.5		0.956391
472.6		0.956391
472.7		0.956391
472.8		0.956391
472.9		0.956391
473		0.956391
473.1		0.957053
473.2		0.957053
473.3		0.957053
473.4		0.957053
473.5		0.957053
473.6		0.957053
473.7		0.957053
473.8		0.957053
473.9		0.957053
474		0.957053
474.1		0.96034
474.2		0.96034
474.3		0.96034
474.4		0.96034
474.5		0.96034
474.6		0.96034
474.7		0.96034
474.8		0.96034
474.9		0.96034
475		0.96034
475.1		0.960639
475.2		0.960639
475.3		0.960639
475.4		0.960639
475.5		0.960639
475.6		0.960639
475.7		0.960639
475.8		0.960639
475.9		0.960639
476		0.960639
476.1		0.962901
476.2		0.962901
476.3		0.962901
476.4		0.962901
476.5		0.962901
476.6		0.962901
476.7		0.962901
476.8		0.962901
476.9		0.962901
477		0.962901
477.1		0.967363
477.2		0.967363
477.3		0.967363
477.4		0.967363
477.5		0.967363
477.6		0.967363
477.7		0.967363
477.8		0.967363
477.9		0.967363
478		0.967363
478.1		0.969348
478.2		0.969348
478.3		0.969348
478.4		0.969348
478.5		0.969348
478.6		0.969348
478.7		0.969348
478.8		0.969348
478.9		0.969348
479		0.969348
479.1		0.969582
479.2		0.969582
479.3		0.969582
479.4		0.969582
479.5		0.969582
479.6		0.969582
479.7		0.969582
479.8		0.969582
479.9		0.969582
480		0.969582
480.1		0.973894
480.2		0.973894
480.3		0.973894
480.4		0.973894
480.5		0.973894
480.6		0.973894
480.7		0.973894
480.8		0.973894
480.9		0.973894
481		0.973894
481.1		0.974599
481.2		0.974599
481.3		0.974599
481.4		0.974599
481.5		0.974599
481.6		0.974599
481.7		0.974599
481.8		0.974599
481.9		0.974599
482		0.974599
482.1		0.974898
482.2		0.974898
482.3		0.974898
482.4		0.974898
482.5		0.974898
482.6		0.974898
482.7		0.974898
482.8		0.974898
482.9		0.974898
483		0.974898
483.1		0.977843
483.2		0.977843
483.3		0.977843
483.4		0.977843
483.5		0.977843
483.6		0.977843
483.7		0.977843
483.8		0.977843
483.9		0.977843
484		0.977843
484.1		0.978761
484.2		0.978761
484.3		0.978761
484.4		0.978761
484.5		0.978761
484.6		0.978761
484.7		0.978761
484.8		0.978761
484.9		0.978761
485		0.978761
485.1		0.982923
485.2		0.982923
485.3		0.982923
485.4		0.982923
485.5		0.982923
485.6		0.982923
485.7		0.982923
485.8		0.982923
485.9		0.982923
486		0.982923
486.1		0.986446
486.2		0.986446
486.3		0.986446
486.4		0.986446
486.5		0.986446
486.6		0.986446
486.7		0.986446
486.8		0.986446
486.9		0.986446
487		0.986446
487.1		0.986638
487.2		0.986638
487.3		0.986638
487.4		0.986638
487.5		0.986638
487.6		0.986638
487.7		0.986638
487.8		0.986638
487.9		0.986638
488		0.986638
488.1		0.986979
488.2		0.986979
488.3		0.986979
488.4		0.986979
488.5		0.986979
488.6		0.986979
488.7		0.986979
488.8		0.986979
488.9		0.986979
489		0.986979
489.1		0.990437
489.2		0.990437
489.3		0.990437
489.4		0.990437
489.5		0.990437
489.6		0.990437
489.7		0.990437
489.8		0.990437
489.9		0.990437
490		0.990437
490.1		0.993468
490.2		0.993468
490.3		0.993468
490.4		0.993468
490.5		0.993468
490.6		0.993468
490.7		0.993468
490.8		0.993468
490.9		0.993468
491		0.993468
491.1		0.995453
491.2		0.995453
491.3		0.995453
491.4		0.995453
491.5		0.995453
491.6		0.995453
491.7		0.995453
491.8		0.995453
491.9		0.995453
492		0.995453
492.1		0.995923
492.2		0.995923
492.3		0.995923
492.4		0.995923
492.5		0.995923
492.6		0.995923
492.7		0.995923
492.8		0.995923
492.9		0.995923
493		0.995923
493.1		0.997588
493.2		0.997588
493.3		0.997588
493.4		0.997588
493.5		0.997588
493.6		0.997588
493.7		0.997588
493.8		0.997588
493.9		0.997588
494		0.997588
494.1		1
494.2		1
494.3		1
494.4		1
494.5		1
494.6		1
494.7		1
494.8		1
494.9		1
495		1
495.1		1
495.2		1
495.3		1
495.4		1
495.5		1
495.6		1
495.7		1
495.8		1
495.9		1
496		1
496.1		1
496.2		1
496.3		1
496.4		1
496.5		1
496.6		1
496.7		1
496.8		1
496.9		1
497		1
497.1		1
497.2		1
497.3		1
497.4		1
497.5		1
497.6		1
497.7		1
497.8		1
497.9		1
498		1
498.1		1
498.2		1
498.3		1
498.4		1
498.5		1
498.6		1
498.7		1
498.8		1
498.9		1
499		1
499.1		1
499.2		1
499.3		1
499.4		1
499.5		1
499.6		1
499.7		1
499.8		1
499.9		1
500		1
500.1		1
500.2		1
500.3		1
500.4		1
500.5		1
500.6		1
500.7		1
500.8		1
500.9		1
501		1
501.1		1
501.2		1
501.3		1
501.4		1
501.5		1
501.6		1
501.7		1
501.8		1
501.9		1
502		1
502.1		1
502.2		1
502.3		1
502.4		1
502.5		1
502.6		1
502.7		1
502.8		1
502.9		1
503		1
503.1		1
503.2		1
503.3		1
503.4		1
503.5		1
503.6		1
503.7		1
503.8		1
503.9		1
504		1
504.1		1
504.2		1
504.3		1
504.4		1
504.5		1
504.6		1
504.7		1
504.8		1
504.9		1
505		1
505.1		1
505.2		1
505.3		1
505.4		1
505.5		1
505.6		1
505.7		1
505.8		1
505.9		1
506		1
506.1		1
506.2		1
506.3		1
506.4		1
506.5		1
506.6		1
506.7		1
506.8		1
506.9		1
507		1
507.1		1
507.2		1
507.3		1
507.4		1
507.5		1
507.6		1
507.7		1
507.8		1
507.9		1
508		1
508.1		1
508.2		1
508.3		1
508.4		1
508.5		1
508.6		1
508.7		1
508.8		1
508.9		1
509		1
509.1		1
509.2		1
509.3		1
509.4		1
509.5		1
509.6		1
509.7		1
509.8		1
509.9		1
510		1
510.1		1
510.2		1
510.3		1
510.4		1
510.5		1
510.6		1
510.7		1
510.8		1
510.9		1
511		1
511.1		1
511.2		1
511.3		1
511.4		1
511.5		1
511.6		1
511.7		1
511.8		1
511.9		1
512		1
512.1		1
512.2		1
512.3		1
512.4		1
512.5		1
512.6		1
512.7		1
512.8		1
512.9		1
513		1
513.1		1
513.2		1
513.3		1
513.4		1
513.5		1
513.6		1
513.7		1
513.8		1
513.9		1
514		1
514.1		1
514.2		1
514.3		1
514.4		1
514.5		1
514.6		1
514.7		1
514.8		1
514.9		1
515		1
515.1		1
515.2		1
515.3		1
515.4		1
515.5		1
515.6		1
515.7		1
515.8		1
515.9		1
516		1
516.1		1
516.2		1
516.3		1
516.4		1
516.5		1
516.6		1
516.7		1
516.8		1
516.9		1
517		1
517.1		1
517.2		1
517.3		1
517.4		1
517.5		1
517.6		1
517.7		1
517.8		1
517.9		1
518		1
518.1		1
518.2		1
518.3		1
518.4		1
518.5		1
518.6		1
518.7		1
518.8		1
518.9		1
519		1
519.1		1
519.2		1
519.3		1
519.4		1
519.5		1
519.6		1
519.7		1
519.8		1
519.9		1
520		1
520.1		1
520.2		1
520.3		1
520.4		1
520.5		1
520.6		1
520.7		1
520.8		1
520.9		1
521		1
521.1		1
521.2		1
521.3		1
521.4		1
521.5		1
521.6		1
521.7		1
521.8		1
521.9		1
522		1
522.1		1
522.2		1
522.3		1
522.4		1
522.5		1
522.6		1
522.7		1
522.8		1
522.9		1
523		1
523.1		1
523.2		1
523.3		1
523.4		1
523.5		1
523.6		1
523.7		1
523.8		1
523.9		1
524		1
524.1		1
524.2		1
524.3		1
524.4		1
524.5		1
524.6		1
524.7		1
524.8		1
524.9		1
525		1
525.1		1
525.2		1
525.3		1
525.4		1
525.5		1
525.6		1
525.7		1
525.8		1
525.9		1
526		1
526.1		1
526.2		1
526.3		1
526.4		1
526.5		1
526.6		1
526.7		1
526.8		1
526.9		1
527		1
527.1		1
527.2		1
527.3		1
527.4		1
527.5		1
527.6		1
527.7		1
527.8		1
527.9		1
528		1
528.1		1
528.2		1
528.3		1
528.4		1
528.5		1
528.6		1
528.7		1
528.8		1
528.9		1
529		1
529.1		1
529.2		1
529.3		1
529.4		1
529.5		1
529.6		1
529.7		1
529.8		1
529.9		1
530		1
530.1		1
530.2		1
530.3		1
530.4		1
530.5		1
530.6		1
530.7		1
530.8		1
530.9		1
531		1
531.1		1
531.2		1
531.3		1
531.4		1
531.5		1
531.6		1
531.7		1
531.8		1
531.9		1
532		1
532.1		1
532.2		1
532.3		1
532.4		1
532.5		1
532.6		1
532.7		1
532.8		1
532.9		1
533		1
533.1		1
533.2		1
533.3		1
533.4		1
533.5		1
533.6		1
533.7		1
533.8		1
533.9		1
534		1
534.1		1
534.2		1
534.3		1
534.4		1
534.5		1
534.6		1
534.7		1
534.8		1
534.9		1
535		1
535.1		1
535.2		1
535.3		1
535.4		1
535.5		1
535.6		1
535.7		1
535.8		1
535.9		1
536		1
536.1		1
536.2		1
536.3		1
536.4		1
536.5		1
536.6		1
536.7		1
536.8		1
536.9		1
537		1
537.1		1
537.2		1
537.3		1
537.4		1
537.5		1
537.6		1
537.7		1
537.8		1
537.9		1
538		1
538.1		1
538.2		1
538.3		1
538.4		1
538.5		1
538.6		1
538.7		1
538.8		1
538.9		1
539		1
539.1		1
539.2		1
539.3		1
539.4		1
539.5		1
539.6		1
539.7		1
539.8		1
539.9		1
540		1
540.1		1
540.2		1
540.3		1
540.4		1
540.5		1
540.6		1
540.7		1
540.8		1
540.9		1
541		1
541.1		1
541.2		1
541.3		1
541.4		1
541.5		1
541.6		1
541.7		1
541.8		1
541.9		1
542		1
542.1		1
542.2		1
542.3		1
542.4		1
542.5		1
542.6		1
542.7		1
542.8		1
542.9		1
543		1
543.1		1
543.2		1
543.3		1
543.4		1
543.5		1
543.6		1
543.7		1
543.8		1
543.9		1
544		1
544.1		1
544.2		1
544.3		1
544.4		1
544.5		1
544.6		1
544.7		1
544.8		1
544.9		1
545		1
545.1		1
545.2		1
545.3		1
545.4		1
545.5		1
545.6		1
545.7		1
545.8		1
545.9		1
546		1
546.1		1
546.2		1
546.3		1
546.4		1
546.5		1
546.6		1
546.7		1
546.8		1
546.9		1
547		1
547.1		1
547.2		1
547.3		1
547.4		1
547.5		1
547.6		1
547.7		1
547.8		1
547.9		1
548		1
548.1		1
548.2		1
548.3		1
548.4		1
548.5		1
548.6		1
548.7		1
548.8		1
548.9		1
549		1
549.1		1
549.2		1
549.3		1
549.4		1
549.5		1
549.6		1
549.7		1
549.8		1
549.9		1
550		1
550.1		1
550.2		1
550.3		1
550.4		1
550.5		1
550.6		1
550.7		1
550.8		1
550.9		1
551		1
551.1		1
551.2		1
551.3		1
551.4		1
551.5		1
551.6		1
551.7		1
551.8		1
551.9		1
552		1
552.1		1
552.2		1
552.3		1
552.4		1
552.5		1
552.6		1
552.7		1
552.8		1
552.9		1
553		1
553.1		1
553.2		1
553.3		1
553.4		1
553.5		1
553.6		1
553.7		1
553.8		1
553.9		1
554		1
554.1		1
554.2		1
554.3		1
554.4		1
554.5		1
554.6		1
554.7		1
554.8		1
554.9		1
555		1
555.1		1
555.2		1
555.3		1
555.4		1
555.5		1
555.6		1
555.7		1
555.8		1
555.9		1
556		1
556.1		1
556.2		1
556.3		1
556.4		1
556.5		1
556.6		1
556.7		1
556.8		1
556.9		1
557		1
557.1		1
557.2		1
557.3		1
557.4		1
557.5		1
557.6		1
557.7		1
557.8		1
557.9		1
558		1
558.1		1
558.2		1
558.3		1
558.4		1
558.5		1
558.6		1
558.7		1
558.8		1
558.9		1
559		1
559.1		1
559.2		1
559.3		1
559.4		1
559.5		1
559.6		1
559.7		1
559.8		1
559.9		1
560		1
560.1		1
560.2		1
560.3		1
560.4		1
560.5		1
560.6		1
560.7		1
560.8		1
560.9		1
561		1
561.1		1
561.2		1
561.3		1
561.4		1
561.5		1
561.6		1
561.7		1
561.8		1
561.9		1
562		1
562.1		1
562.2		1
562.3		1
562.4		1
562.5		1
562.6		1
562.7		1
562.8		1
562.9		1
563		1
563.1		1
563.2		1
563.3		1
563.4		1
563.5		1
563.6		1
563.7		1
563.8		1
563.9		1
564		1
564.1		1
564.2		1
564.3		1
564.4		1
564.5		1
564.6		1
564.7		1
564.8		1
564.9		1
565		1
565.1		1
565.2		1
565.3		1
565.4		1
565.5		1
565.6		1
565.7		1
565.8		1
565.9		1
566		1
566.1		1
566.2		1
566.3		1
566.4		1
566.5		1
566.6		1
566.7		1
566.8		1
566.9		1
567		1
567.1		1
567.2		1
567.3		1
567.4		1
567.5		1
567.6		1
567.7		1
567.8		1
567.9		1
568		1
568.1		1
568.2		1
568.3		1
568.4		1
568.5		1
568.6		1
568.7		1
568.8		1
568.9		1
569		1
569.1		1
569.2		1
569.3		1
569.4		1
569.5		1
569.6		1
569.7		1
569.8		1
569.9		1
570		1
570.1		1
570.2		1
570.3		1
570.4		1
570.5		1
570.6		1
570.7		1
570.8		1
570.9		1
571		1
571.1		1
571.2		1
571.3		1
571.4		1
571.5		1
571.6		1
571.7		1
571.8		1
571.9		1
572		1
572.1		1
572.2		1
572.3		1
572.4		1
572.5		1
572.6		1
572.7		1
572.8		1
572.9		1
573		1
573.1		1
573.2		1
573.3		1
573.4		1
573.5		1
573.6		1
573.7		1
573.8		1
573.9		1
574		1
574.1		1
574.2		1
574.3		1
574.4		1
574.5		1
574.6		1
574.7		1
574.8		1
574.9		1
575		1
575.1		1
575.2		1
575.3		1
575.4		1
575.5		1
575.6		1
575.7		1
575.8		1
575.9		1
576		1
576.1		1
576.2		1
576.3		1
576.4		1
576.5		1
576.6		1
576.7		1
576.8		1
576.9		1
577		1
577.1		1
577.2		1
577.3		1
577.4		1
577.5		1
577.6		1
577.7		1
577.8		1
577.9		1
578		1
578.1		1
578.2		1
578.3		1
578.4		1
578.5		1
578.6		1
578.7		1
578.8		1
578.9		1
579		1
579.1		1
579.2		1
579.3		1
579.4		1
579.5		1
579.6		1
579.7		1
579.8		1
579.9		1
580		1
580.1		1
580.2		1
580.3		1
580.4		1
580.5		1
580.6		1
580.7		1
580.8		1
580.9		1
581		1
581.1		1
581.2		1
581.3		1
581.4		1
581.5		1
581.6		1
581.7		1
581.8		1
581.9		1
582		1
582.1		1
582.2		1
582.3		1
582.4		1
582.5		1
582.6		1
582.7		1
582.8		1
582.9		1
583		1
583.1		1
583.2		1
583.3		1
583.4		1
583.5		1
583.6		1
583.7		1
583.8		1
583.9		1
584		1
584.1		1
584.2		1
584.3		1
584.4		1
584.5		1
584.6		1
584.7		1
584.8		1
584.9		1
585		1
585.1		1
585.2		1
585.3		1
585.4		1
585.5		1
585.6		1
585.7		1
585.8		1
585.9		1
586		1
586.1		1
586.2		1
586.3		1
586.4		1
586.5		1
586.6		1
586.7		1
586.8		1
586.9		1
587		1
587.1		1
587.2		1
587.3		1
587.4		1
587.5		1
587.6		1
587.7		1
587.8		1
587.9		1
588		1
588.1		1
588.2		1
588.3		1
588.4		1
588.5		1
588.6		1
588.7		1
588.8		1
588.9		1
589		1
589.1		1
589.2		1
589.3		1
589.4		1
589.5		1
589.6		1
589.7		1
589.8		1
589.9		1
590		1
590.1		1
590.2		1
590.3		1
590.4		1
590.5		1
590.6		1
590.7		1
590.8		1
590.9		1
591		1
591.1		1
591.2		1
591.3		1
591.4		1
591.5		1
591.6		1
591.7		1
591.8		1
591.9		1
592		1
592.1		1
592.2		1
592.3		1
592.4		1
592.5		1
592.6		1
592.7		1
592.8		1
592.9		1
593		1
593.1		1
593.2		1
593.3		1
593.4		1
593.5		1
593.6		1
593.7		1
593.8		1
593.9		1
594		1
594.1		1
594.2		1
594.3		1
594.4		1
594.5		1
594.6		1
594.7		1
594.8		1
594.9		1
595		1
595.1		1
595.2		1
595.3		1
595.4		1
595.5		1
595.6		1
595.7		1
595.8		1
595.9		1
596		1
596.1		1
596.2		1
596.3		1
596.4		1
596.5		1
596.6		1
596.7		1
596.8		1
596.9		1
597		1
597.1		1
597.2		1
597.3		1
597.4		1
597.5		1
597.6		1
597.7		1
597.8		1
597.9		1
598		1
598.1		1
598.2		1
598.3		1
598.4		1
598.5		1
598.6		1
598.7		1
598.8		1
598.9		1
599		1
599.1		1
599.2		1
599.3		1
599.4		1
599.5		1
599.6		1
599.7		1
599.8		1
599.9		1
600		1
