# Calibration file of tamex_id 0 @ channel 47
# fine_T bin		 Calibration value
0.1		0
0.2		0
0.3		0
0.4		0
0.5		0
0.6		0
0.7		0
0.8		0
0.9		0
1		0
1.1		0
1.2		0
1.3		0
1.4		0
1.5		0
1.6		0
1.7		0
1.8		0
1.9		0
2		0
2.1		0
2.2		0
2.3		0
2.4		0
2.5		0
2.6		0
2.7		0
2.8		0
2.9		0
3		0
3.1		0
3.2		0
3.3		0
3.4		0
3.5		0
3.6		0
3.7		0
3.8		0
3.9		0
4		0
4.1		0
4.2		0
4.3		0
4.4		0
4.5		0
4.6		0
4.7		0
4.8		0
4.9		0
5		0
5.1		0
5.2		0
5.3		0
5.4		0
5.5		0
5.6		0
5.7		0
5.8		0
5.9		0
6		0
6.1		0
6.2		0
6.3		0
6.4		0
6.5		0
6.6		0
6.7		0
6.8		0
6.9		0
7		0
7.1		0
7.2		0
7.3		0
7.4		0
7.5		0
7.6		0
7.7		0
7.8		0
7.9		0
8		0
8.1		0
8.2		0
8.3		0
8.4		0
8.5		0
8.6		0
8.7		0
8.8		0
8.9		0
9		0
9.1		0
9.2		0
9.3		0
9.4		0
9.5		0
9.6		0
9.7		0
9.8		0
9.9		0
10		0
10.1		0
10.2		0
10.3		0
10.4		0
10.5		0
10.6		0
10.7		0
10.8		0
10.9		0
11		0
11.1		0
11.2		0
11.3		0
11.4		0
11.5		0
11.6		0
11.7		0
11.8		0
11.9		0
12		0
12.1		0
12.2		0
12.3		0
12.4		0
12.5		0
12.6		0
12.7		0
12.8		0
12.9		0
13		0
13.1		0
13.2		0
13.3		0
13.4		0
13.5		0
13.6		0
13.7		0
13.8		0
13.9		0
14		0
14.1		0
14.2		0
14.3		0
14.4		0
14.5		0
14.6		0
14.7		0
14.8		0
14.9		0
15		0
15.1		0
15.2		0
15.3		0
15.4		0
15.5		0
15.6		0
15.7		0
15.8		0
15.9		0
16		0
16.1		0.00849452
16.2		0.00849452
16.3		0.00849452
16.4		0.00849452
16.5		0.00849452
16.6		0.00849452
16.7		0.00849452
16.8		0.00849452
16.9		0.00849452
17		0.00849452
17.1		0.0125542
17.2		0.0125542
17.3		0.0125542
17.4		0.0125542
17.5		0.0125542
17.6		0.0125542
17.7		0.0125542
17.8		0.0125542
17.9		0.0125542
18		0.0125542
18.1		0.0127588
18.2		0.0127588
18.3		0.0127588
18.4		0.0127588
18.5		0.0127588
18.6		0.0127588
18.7		0.0127588
18.8		0.0127588
18.9		0.0127588
19		0.0127588
19.1		0.0174325
19.2		0.0174325
19.3		0.0174325
19.4		0.0174325
19.5		0.0174325
19.6		0.0174325
19.7		0.0174325
19.8		0.0174325
19.9		0.0174325
20		0.0174325
20.1		0.0194794
20.2		0.0194794
20.3		0.0194794
20.4		0.0194794
20.5		0.0194794
20.6		0.0194794
20.7		0.0194794
20.8		0.0194794
20.9		0.0194794
21		0.0194794
21.1		0.0209805
21.2		0.0209805
21.3		0.0209805
21.4		0.0209805
21.5		0.0209805
21.6		0.0209805
21.7		0.0209805
21.8		0.0209805
21.9		0.0209805
22		0.0209805
22.1		0.022038
22.2		0.022038
22.3		0.022038
22.4		0.022038
22.5		0.022038
22.6		0.022038
22.7		0.022038
22.8		0.022038
22.9		0.022038
23		0.022038
23.1		0.0258929
23.2		0.0258929
23.3		0.0258929
23.4		0.0258929
23.5		0.0258929
23.6		0.0258929
23.7		0.0258929
23.8		0.0258929
23.9		0.0258929
24		0.0258929
24.1		0.0264729
24.2		0.0264729
24.3		0.0264729
24.4		0.0264729
24.5		0.0264729
24.6		0.0264729
24.7		0.0264729
24.8		0.0264729
24.9		0.0264729
25		0.0264729
25.1		0.0304984
25.2		0.0304984
25.3		0.0304984
25.4		0.0304984
25.5		0.0304984
25.6		0.0304984
25.7		0.0304984
25.8		0.0304984
25.9		0.0304984
26		0.0304984
26.1		0.0329888
26.2		0.0329888
26.3		0.0329888
26.4		0.0329888
26.5		0.0329888
26.6		0.0329888
26.7		0.0329888
26.8		0.0329888
26.9		0.0329888
27		0.0329888
27.1		0.0331593
27.2		0.0331593
27.3		0.0331593
27.4		0.0331593
27.5		0.0331593
27.6		0.0331593
27.7		0.0331593
27.8		0.0331593
27.9		0.0331593
28		0.0331593
28.1		0.0339781
28.2		0.0339781
28.3		0.0339781
28.4		0.0339781
28.5		0.0339781
28.6		0.0339781
28.7		0.0339781
28.8		0.0339781
28.9		0.0339781
29		0.0339781
29.1		0.0365708
29.2		0.0365708
29.3		0.0365708
29.4		0.0365708
29.5		0.0365708
29.6		0.0365708
29.7		0.0365708
29.8		0.0365708
29.9		0.0365708
30		0.0365708
30.1		0.0370484
30.2		0.0370484
30.3		0.0370484
30.4		0.0370484
30.5		0.0370484
30.6		0.0370484
30.7		0.0370484
30.8		0.0370484
30.9		0.0370484
31		0.0370484
31.1		0.0389588
31.2		0.0389588
31.3		0.0389588
31.4		0.0389588
31.5		0.0389588
31.6		0.0389588
31.7		0.0389588
31.8		0.0389588
31.9		0.0389588
32		0.0389588
32.1		0.0394023
32.2		0.0394023
32.3		0.0394023
32.4		0.0394023
32.5		0.0394023
32.6		0.0394023
32.7		0.0394023
32.8		0.0394023
32.9		0.0394023
33		0.0394023
33.1		0.0455088
33.2		0.0455088
33.3		0.0455088
33.4		0.0455088
33.5		0.0455088
33.6		0.0455088
33.7		0.0455088
33.8		0.0455088
33.9		0.0455088
34		0.0455088
34.1		0.0458841
34.2		0.0458841
34.3		0.0458841
34.4		0.0458841
34.5		0.0458841
34.6		0.0458841
34.7		0.0458841
34.8		0.0458841
34.9		0.0458841
35		0.0458841
35.1		0.048238
35.2		0.048238
35.3		0.048238
35.4		0.048238
35.5		0.048238
35.6		0.048238
35.7		0.048238
35.8		0.048238
35.9		0.048238
36		0.048238
36.1		0.0505237
36.2		0.0505237
36.3		0.0505237
36.4		0.0505237
36.5		0.0505237
36.6		0.0505237
36.7		0.0505237
36.8		0.0505237
36.9		0.0505237
37		0.0505237
37.1		0.0529458
37.2		0.0529458
37.3		0.0529458
37.4		0.0529458
37.5		0.0529458
37.6		0.0529458
37.7		0.0529458
37.8		0.0529458
37.9		0.0529458
38		0.0529458
38.1		0.0532187
38.2		0.0532187
38.3		0.0532187
38.4		0.0532187
38.5		0.0532187
38.6		0.0532187
38.7		0.0532187
38.8		0.0532187
38.9		0.0532187
39		0.0532187
39.1		0.0565619
39.2		0.0565619
39.3		0.0565619
39.4		0.0565619
39.5		0.0565619
39.6		0.0565619
39.7		0.0565619
39.8		0.0565619
39.9		0.0565619
40		0.0565619
40.1		0.0569031
40.2		0.0569031
40.3		0.0569031
40.4		0.0569031
40.5		0.0569031
40.6		0.0569031
40.7		0.0569031
40.8		0.0569031
40.9		0.0569031
41		0.0569031
41.1		0.0600416
41.2		0.0600416
41.3		0.0600416
41.4		0.0600416
41.5		0.0600416
41.6		0.0600416
41.7		0.0600416
41.8		0.0600416
41.9		0.0600416
42		0.0600416
42.1		0.0613039
42.2		0.0613039
42.3		0.0613039
42.4		0.0613039
42.5		0.0613039
42.6		0.0613039
42.7		0.0613039
42.8		0.0613039
42.9		0.0613039
43		0.0613039
43.1		0.0636578
43.2		0.0636578
43.3		0.0636578
43.4		0.0636578
43.5		0.0636578
43.6		0.0636578
43.7		0.0636578
43.8		0.0636578
43.9		0.0636578
44		0.0636578
44.1		0.0638966
44.2		0.0638966
44.3		0.0638966
44.4		0.0638966
44.5		0.0638966
44.6		0.0638966
44.7		0.0638966
44.8		0.0638966
44.9		0.0638966
45		0.0638966
45.1		0.0676833
45.2		0.0676833
45.3		0.0676833
45.4		0.0676833
45.5		0.0676833
45.6		0.0676833
45.7		0.0676833
45.8		0.0676833
45.9		0.0676833
46		0.0676833
46.1		0.0686044
46.2		0.0686044
46.3		0.0686044
46.4		0.0686044
46.5		0.0686044
46.6		0.0686044
46.7		0.0686044
46.8		0.0686044
46.9		0.0686044
47		0.0686044
47.1		0.0709583
47.2		0.0709583
47.3		0.0709583
47.4		0.0709583
47.5		0.0709583
47.6		0.0709583
47.7		0.0709583
47.8		0.0709583
47.9		0.0709583
48		0.0709583
48.1		0.0760413
48.2		0.0760413
48.3		0.0760413
48.4		0.0760413
48.5		0.0760413
48.6		0.0760413
48.7		0.0760413
48.8		0.0760413
48.9		0.0760413
49		0.0760413
49.1		0.0761778
49.2		0.0761778
49.3		0.0761778
49.4		0.0761778
49.5		0.0761778
49.6		0.0761778
49.7		0.0761778
49.8		0.0761778
49.9		0.0761778
50		0.0761778
50.1		0.0764848
50.2		0.0764848
50.3		0.0764848
50.4		0.0764848
50.5		0.0764848
50.6		0.0764848
50.7		0.0764848
50.8		0.0764848
50.9		0.0764848
51		0.0764848
51.1		0.0803057
51.2		0.0803057
51.3		0.0803057
51.4		0.0803057
51.5		0.0803057
51.6		0.0803057
51.7		0.0803057
51.8		0.0803057
51.9		0.0803057
52		0.0803057
52.1		0.080988
52.2		0.080988
52.3		0.080988
52.4		0.080988
52.5		0.080988
52.6		0.080988
52.7		0.080988
52.8		0.080988
52.9		0.080988
53		0.080988
53.1		0.0834101
53.2		0.0834101
53.3		0.0834101
53.4		0.0834101
53.5		0.0834101
53.6		0.0834101
53.7		0.0834101
53.8		0.0834101
53.9		0.0834101
54		0.0834101
54.1		0.086071
54.2		0.086071
54.3		0.086071
54.4		0.086071
54.5		0.086071
54.6		0.086071
54.7		0.086071
54.8		0.086071
54.9		0.086071
55		0.086071
55.1		0.0863781
55.2		0.0863781
55.3		0.0863781
55.4		0.0863781
55.5		0.0863781
55.6		0.0863781
55.7		0.0863781
55.8		0.0863781
55.9		0.0863781
56		0.0863781
56.1		0.0873333
56.2		0.0873333
56.3		0.0873333
56.4		0.0873333
56.5		0.0873333
56.6		0.0873333
56.7		0.0873333
56.8		0.0873333
56.9		0.0873333
57		0.0873333
57.1		0.0925869
57.2		0.0925869
57.3		0.0925869
57.4		0.0925869
57.5		0.0925869
57.6		0.0925869
57.7		0.0925869
57.8		0.0925869
57.9		0.0925869
58		0.0925869
58.1		0.0953502
58.2		0.0953502
58.3		0.0953502
58.4		0.0953502
58.5		0.0953502
58.6		0.0953502
58.7		0.0953502
58.8		0.0953502
58.9		0.0953502
59		0.0953502
59.1		0.0954525
59.2		0.0954525
59.3		0.0954525
59.4		0.0954525
59.5		0.0954525
59.6		0.0954525
59.7		0.0954525
59.8		0.0954525
59.9		0.0954525
60		0.0954525
60.1		0.0955208
60.2		0.0955208
60.3		0.0955208
60.4		0.0955208
60.5		0.0955208
60.6		0.0955208
60.7		0.0955208
60.8		0.0955208
60.9		0.0955208
61		0.0955208
61.1		0.0980111
61.2		0.0980111
61.3		0.0980111
61.4		0.0980111
61.5		0.0980111
61.6		0.0980111
61.7		0.0980111
61.8		0.0980111
61.9		0.0980111
62		0.0980111
62.1		0.10074
62.2		0.10074
62.3		0.10074
62.4		0.10074
62.5		0.10074
62.6		0.10074
62.7		0.10074
62.8		0.10074
62.9		0.10074
63		0.10074
63.1		0.102821
63.2		0.102821
63.3		0.102821
63.4		0.102821
63.5		0.102821
63.6		0.102821
63.7		0.102821
63.8		0.102821
63.9		0.102821
64		0.102821
64.1		0.105482
64.2		0.105482
64.3		0.105482
64.4		0.105482
64.5		0.105482
64.6		0.105482
64.7		0.105482
64.8		0.105482
64.9		0.105482
65		0.105482
65.1		0.105789
65.2		0.105789
65.3		0.105789
65.4		0.105789
65.5		0.105789
65.6		0.105789
65.7		0.105789
65.8		0.105789
65.9		0.105789
66		0.105789
66.1		0.105789
66.2		0.105789
66.3		0.105789
66.4		0.105789
66.5		0.105789
66.6		0.105789
66.7		0.105789
66.8		0.105789
66.9		0.105789
67		0.105789
67.1		0.109917
67.2		0.109917
67.3		0.109917
67.4		0.109917
67.5		0.109917
67.6		0.109917
67.7		0.109917
67.8		0.109917
67.9		0.109917
68		0.109917
68.1		0.112851
68.2		0.112851
68.3		0.112851
68.4		0.112851
68.5		0.112851
68.6		0.112851
68.7		0.112851
68.8		0.112851
68.9		0.112851
69		0.112851
69.1		0.115444
69.2		0.115444
69.3		0.115444
69.4		0.115444
69.5		0.115444
69.6		0.115444
69.7		0.115444
69.8		0.115444
69.9		0.115444
70		0.115444
70.1		0.116808
70.2		0.116808
70.3		0.116808
70.4		0.116808
70.5		0.116808
70.6		0.116808
70.7		0.116808
70.8		0.116808
70.9		0.116808
71		0.116808
71.1		0.117286
71.2		0.117286
71.3		0.117286
71.4		0.117286
71.5		0.117286
71.6		0.117286
71.7		0.117286
71.8		0.117286
71.9		0.117286
72		0.117286
72.1		0.121073
72.2		0.121073
72.3		0.121073
72.4		0.121073
72.5		0.121073
72.6		0.121073
72.7		0.121073
72.8		0.121073
72.9		0.121073
73		0.121073
73.1		0.121755
73.2		0.121755
73.3		0.121755
73.4		0.121755
73.5		0.121755
73.6		0.121755
73.7		0.121755
73.8		0.121755
73.9		0.121755
74		0.121755
74.1		0.12213
74.2		0.12213
74.3		0.12213
74.4		0.12213
74.5		0.12213
74.6		0.12213
74.7		0.12213
74.8		0.12213
74.9		0.12213
75		0.12213
75.1		0.125985
75.2		0.125985
75.3		0.125985
75.4		0.125985
75.5		0.125985
75.6		0.125985
75.7		0.125985
75.8		0.125985
75.9		0.125985
76		0.125985
76.1		0.126667
76.2		0.126667
76.3		0.126667
76.4		0.126667
76.5		0.126667
76.6		0.126667
76.7		0.126667
76.8		0.126667
76.9		0.126667
77		0.126667
77.1		0.128851
77.2		0.128851
77.3		0.128851
77.4		0.128851
77.5		0.128851
77.6		0.128851
77.7		0.128851
77.8		0.128851
77.9		0.128851
78		0.128851
78.1		0.131136
78.2		0.131136
78.3		0.131136
78.4		0.131136
78.5		0.131136
78.6		0.131136
78.7		0.131136
78.8		0.131136
78.9		0.131136
79		0.131136
79.1		0.131614
79.2		0.131614
79.3		0.131614
79.4		0.131614
79.5		0.131614
79.6		0.131614
79.7		0.131614
79.8		0.131614
79.9		0.131614
80		0.131614
80.1		0.134207
80.2		0.134207
80.3		0.134207
80.4		0.134207
80.5		0.134207
80.6		0.134207
80.7		0.134207
80.8		0.134207
80.9		0.134207
81		0.134207
81.1		0.137686
81.2		0.137686
81.3		0.137686
81.4		0.137686
81.5		0.137686
81.6		0.137686
81.7		0.137686
81.8		0.137686
81.9		0.137686
82		0.137686
82.1		0.138232
82.2		0.138232
82.3		0.138232
82.4		0.138232
82.5		0.138232
82.6		0.138232
82.7		0.138232
82.8		0.138232
82.9		0.138232
83		0.138232
83.1		0.140074
83.2		0.140074
83.3		0.140074
83.4		0.140074
83.5		0.140074
83.6		0.140074
83.7		0.140074
83.8		0.140074
83.9		0.140074
84		0.140074
84.1		0.142804
84.2		0.142804
84.3		0.142804
84.4		0.142804
84.5		0.142804
84.6		0.142804
84.7		0.142804
84.8		0.142804
84.9		0.142804
85		0.142804
85.1		0.144543
85.2		0.144543
85.3		0.144543
85.4		0.144543
85.5		0.144543
85.6		0.144543
85.7		0.144543
85.8		0.144543
85.9		0.144543
86		0.144543
86.1		0.144714
86.2		0.144714
86.3		0.144714
86.4		0.144714
86.5		0.144714
86.6		0.144714
86.7		0.144714
86.8		0.144714
86.9		0.144714
87		0.144714
87.1		0.148978
87.2		0.148978
87.3		0.148978
87.4		0.148978
87.5		0.148978
87.6		0.148978
87.7		0.148978
87.8		0.148978
87.9		0.148978
88		0.148978
88.1		0.150343
88.2		0.150343
88.3		0.150343
88.4		0.150343
88.5		0.150343
88.6		0.150343
88.7		0.150343
88.8		0.150343
88.9		0.150343
89		0.150343
89.1		0.151776
89.2		0.151776
89.3		0.151776
89.4		0.151776
89.5		0.151776
89.6		0.151776
89.7		0.151776
89.8		0.151776
89.9		0.151776
90		0.151776
90.1		0.154437
90.2		0.154437
90.3		0.154437
90.4		0.154437
90.5		0.154437
90.6		0.154437
90.7		0.154437
90.8		0.154437
90.9		0.154437
91		0.154437
91.1		0.154812
91.2		0.154812
91.3		0.154812
91.4		0.154812
91.5		0.154812
91.6		0.154812
91.7		0.154812
91.8		0.154812
91.9		0.154812
92		0.154812
92.1		0.155426
92.2		0.155426
92.3		0.155426
92.4		0.155426
92.5		0.155426
92.6		0.155426
92.7		0.155426
92.8		0.155426
92.9		0.155426
93		0.155426
93.1		0.159963
93.2		0.159963
93.3		0.159963
93.4		0.159963
93.5		0.159963
93.6		0.159963
93.7		0.159963
93.8		0.159963
93.9		0.159963
94		0.159963
94.1		0.160987
94.2		0.160987
94.3		0.160987
94.4		0.160987
94.5		0.160987
94.6		0.160987
94.7		0.160987
94.8		0.160987
94.9		0.160987
95		0.160987
95.1		0.16392
95.2		0.16392
95.3		0.16392
95.4		0.16392
95.5		0.16392
95.6		0.16392
95.7		0.16392
95.8		0.16392
95.9		0.16392
96		0.16392
96.1		0.164125
96.2		0.164125
96.3		0.164125
96.4		0.164125
96.5		0.164125
96.6		0.164125
96.7		0.164125
96.8		0.164125
96.9		0.164125
97		0.164125
97.1		0.166513
97.2		0.166513
97.3		0.166513
97.4		0.166513
97.5		0.166513
97.6		0.166513
97.7		0.166513
97.8		0.166513
97.9		0.166513
98		0.166513
98.1		0.168151
98.2		0.168151
98.3		0.168151
98.4		0.168151
98.5		0.168151
98.6		0.168151
98.7		0.168151
98.8		0.168151
98.9		0.168151
99		0.168151
99.1		0.170539
99.2		0.170539
99.3		0.170539
99.4		0.170539
99.5		0.170539
99.6		0.170539
99.7		0.170539
99.8		0.170539
99.9		0.170539
100		0.170539
100.1		0.171596
100.2		0.171596
100.3		0.171596
100.4		0.171596
100.5		0.171596
100.6		0.171596
100.7		0.171596
100.8		0.171596
100.9		0.171596
101		0.171596
101.1		0.172347
101.2		0.172347
101.3		0.172347
101.4		0.172347
101.5		0.172347
101.6		0.172347
101.7		0.172347
101.8		0.172347
101.9		0.172347
102		0.172347
102.1		0.174701
102.2		0.174701
102.3		0.174701
102.4		0.174701
102.5		0.174701
102.6		0.174701
102.7		0.174701
102.8		0.174701
102.9		0.174701
103		0.174701
103.1		0.178521
103.2		0.178521
103.3		0.178521
103.4		0.178521
103.5		0.178521
103.6		0.178521
103.7		0.178521
103.8		0.178521
103.9		0.178521
104		0.178521
104.1		0.180909
104.2		0.180909
104.3		0.180909
104.4		0.180909
104.5		0.180909
104.6		0.180909
104.7		0.180909
104.8		0.180909
104.9		0.180909
105		0.180909
105.1		0.182172
105.2		0.182172
105.3		0.182172
105.4		0.182172
105.5		0.182172
105.6		0.182172
105.7		0.182172
105.8		0.182172
105.9		0.182172
106		0.182172
106.1		0.183434
106.2		0.183434
106.3		0.183434
106.4		0.183434
106.5		0.183434
106.6		0.183434
106.7		0.183434
106.8		0.183434
106.9		0.183434
107		0.183434
107.1		0.185379
107.2		0.185379
107.3		0.185379
107.4		0.185379
107.5		0.185379
107.6		0.185379
107.7		0.185379
107.8		0.185379
107.9		0.185379
108		0.185379
108.1		0.189609
108.2		0.189609
108.3		0.189609
108.4		0.189609
108.5		0.189609
108.6		0.189609
108.7		0.189609
108.8		0.189609
108.9		0.189609
109		0.189609
109.1		0.191963
109.2		0.191963
109.3		0.191963
109.4		0.191963
109.5		0.191963
109.6		0.191963
109.7		0.191963
109.8		0.191963
109.9		0.191963
110		0.191963
110.1		0.192645
110.2		0.192645
110.3		0.192645
110.4		0.192645
110.5		0.192645
110.6		0.192645
110.7		0.192645
110.8		0.192645
110.9		0.192645
111		0.192645
111.1		0.19534
111.2		0.19534
111.3		0.19534
111.4		0.19534
111.5		0.19534
111.6		0.19534
111.7		0.19534
111.8		0.19534
111.9		0.19534
112		0.19534
112.1		0.195579
112.2		0.195579
112.3		0.195579
112.4		0.195579
112.5		0.195579
112.6		0.195579
112.7		0.195579
112.8		0.195579
112.9		0.195579
113		0.195579
113.1		0.199741
113.2		0.199741
113.3		0.199741
113.4		0.199741
113.5		0.199741
113.6		0.199741
113.7		0.199741
113.8		0.199741
113.9		0.199741
114		0.199741
114.1		0.202606
114.2		0.202606
114.3		0.202606
114.4		0.202606
114.5		0.202606
114.6		0.202606
114.7		0.202606
114.8		0.202606
114.9		0.202606
115		0.202606
115.1		0.203357
115.2		0.203357
115.3		0.203357
115.4		0.203357
115.5		0.203357
115.6		0.203357
115.7		0.203357
115.8		0.203357
115.9		0.203357
116		0.203357
116.1		0.204585
116.2		0.204585
116.3		0.204585
116.4		0.204585
116.5		0.204585
116.6		0.204585
116.7		0.204585
116.8		0.204585
116.9		0.204585
117		0.204585
117.1		0.206632
117.2		0.206632
117.3		0.206632
117.4		0.206632
117.5		0.206632
117.6		0.206632
117.7		0.206632
117.8		0.206632
117.9		0.206632
118		0.206632
118.1		0.209873
118.2		0.209873
118.3		0.209873
118.4		0.209873
118.5		0.209873
118.6		0.209873
118.7		0.209873
118.8		0.209873
118.9		0.209873
119		0.209873
119.1		0.210453
119.2		0.210453
119.3		0.210453
119.4		0.210453
119.5		0.210453
119.6		0.210453
119.7		0.210453
119.8		0.210453
119.9		0.210453
120		0.210453
120.1		0.212943
120.2		0.212943
120.3		0.212943
120.4		0.212943
120.5		0.212943
120.6		0.212943
120.7		0.212943
120.8		0.212943
120.9		0.212943
121		0.212943
121.1		0.217719
121.2		0.217719
121.3		0.217719
121.4		0.217719
121.5		0.217719
121.6		0.217719
121.7		0.217719
121.8		0.217719
121.9		0.217719
122		0.217719
122.1		0.218606
122.2		0.218606
122.3		0.218606
122.4		0.218606
122.5		0.218606
122.6		0.218606
122.7		0.218606
122.8		0.218606
122.9		0.218606
123		0.218606
123.1		0.221301
123.2		0.221301
123.3		0.221301
123.4		0.221301
123.5		0.221301
123.6		0.221301
123.7		0.221301
123.8		0.221301
123.9		0.221301
124		0.221301
124.1		0.222154
124.2		0.222154
124.3		0.222154
124.4		0.222154
124.5		0.222154
124.6		0.222154
124.7		0.222154
124.8		0.222154
124.9		0.222154
125		0.222154
125.1		0.222393
125.2		0.222393
125.3		0.222393
125.4		0.222393
125.5		0.222393
125.6		0.222393
125.7		0.222393
125.8		0.222393
125.9		0.222393
126		0.222393
126.1		0.227101
126.2		0.227101
126.3		0.227101
126.4		0.227101
126.5		0.227101
126.6		0.227101
126.7		0.227101
126.8		0.227101
126.9		0.227101
127		0.227101
127.1		0.228124
127.2		0.228124
127.3		0.228124
127.4		0.228124
127.5		0.228124
127.6		0.228124
127.7		0.228124
127.8		0.228124
127.9		0.228124
128		0.228124
128.1		0.228977
128.2		0.228977
128.3		0.228977
128.4		0.228977
128.5		0.228977
128.6		0.228977
128.7		0.228977
128.8		0.228977
128.9		0.228977
129		0.228977
129.1		0.232695
129.2		0.232695
129.3		0.232695
129.4		0.232695
129.5		0.232695
129.6		0.232695
129.7		0.232695
129.8		0.232695
129.9		0.232695
130		0.232695
130.1		0.235322
130.2		0.235322
130.3		0.235322
130.4		0.235322
130.5		0.235322
130.6		0.235322
130.7		0.235322
130.8		0.235322
130.9		0.235322
131		0.235322
131.1		0.236005
131.2		0.236005
131.3		0.236005
131.4		0.236005
131.5		0.236005
131.6		0.236005
131.7		0.236005
131.8		0.236005
131.9		0.236005
132		0.236005
132.1		0.238836
132.2		0.238836
132.3		0.238836
132.4		0.238836
132.5		0.238836
132.6		0.238836
132.7		0.238836
132.8		0.238836
132.9		0.238836
133		0.238836
133.1		0.23928
133.2		0.23928
133.3		0.23928
133.4		0.23928
133.5		0.23928
133.6		0.23928
133.7		0.23928
133.8		0.23928
133.9		0.23928
134		0.23928
134.1		0.243169
134.2		0.243169
134.3		0.243169
134.4		0.243169
134.5		0.243169
134.6		0.243169
134.7		0.243169
134.8		0.243169
134.9		0.243169
135		0.243169
135.1		0.246921
135.2		0.246921
135.3		0.246921
135.4		0.246921
135.5		0.246921
135.6		0.246921
135.7		0.246921
135.8		0.246921
135.9		0.246921
136		0.246921
136.1		0.247092
136.2		0.247092
136.3		0.247092
136.4		0.247092
136.5		0.247092
136.6		0.247092
136.7		0.247092
136.8		0.247092
136.9		0.247092
137		0.247092
137.1		0.247501
137.2		0.247501
137.3		0.247501
137.4		0.247501
137.5		0.247501
137.6		0.247501
137.7		0.247501
137.8		0.247501
137.9		0.247501
138		0.247501
138.1		0.251185
138.2		0.251185
138.3		0.251185
138.4		0.251185
138.5		0.251185
138.6		0.251185
138.7		0.251185
138.8		0.251185
138.9		0.251185
139		0.251185
139.1		0.254119
139.2		0.254119
139.3		0.254119
139.4		0.254119
139.5		0.254119
139.6		0.254119
139.7		0.254119
139.8		0.254119
139.9		0.254119
140		0.254119
140.1		0.254802
140.2		0.254802
140.3		0.254802
140.4		0.254802
140.5		0.254802
140.6		0.254802
140.7		0.254802
140.8		0.254802
140.9		0.254802
141		0.254802
141.1		0.258895
141.2		0.258895
141.3		0.258895
141.4		0.258895
141.5		0.258895
141.6		0.258895
141.7		0.258895
141.8		0.258895
141.9		0.258895
142		0.258895
142.1		0.258998
142.2		0.258998
142.3		0.258998
142.4		0.258998
142.5		0.258998
142.6		0.258998
142.7		0.258998
142.8		0.258998
142.9		0.258998
143		0.258998
143.1		0.259578
143.2		0.259578
143.3		0.259578
143.4		0.259578
143.5		0.259578
143.6		0.259578
143.7		0.259578
143.8		0.259578
143.9		0.259578
144		0.259578
144.1		0.261488
144.2		0.261488
144.3		0.261488
144.4		0.261488
144.5		0.261488
144.6		0.261488
144.7		0.261488
144.8		0.261488
144.9		0.261488
145		0.261488
145.1		0.266605
145.2		0.266605
145.3		0.266605
145.4		0.266605
145.5		0.266605
145.6		0.266605
145.7		0.266605
145.8		0.266605
145.9		0.266605
146		0.266605
146.1		0.268345
146.2		0.268345
146.3		0.268345
146.4		0.268345
146.5		0.268345
146.6		0.268345
146.7		0.268345
146.8		0.268345
146.9		0.268345
147		0.268345
147.1		0.269471
147.2		0.269471
147.3		0.269471
147.4		0.269471
147.5		0.269471
147.6		0.269471
147.7		0.269471
147.8		0.269471
147.9		0.269471
148		0.269471
148.1		0.272132
148.2		0.272132
148.3		0.272132
148.4		0.272132
148.5		0.272132
148.6		0.272132
148.7		0.272132
148.8		0.272132
148.9		0.272132
149		0.272132
149.1		0.274145
149.2		0.274145
149.3		0.274145
149.4		0.274145
149.5		0.274145
149.6		0.274145
149.7		0.274145
149.8		0.274145
149.9		0.274145
150		0.274145
150.1		0.275612
150.2		0.275612
150.3		0.275612
150.4		0.275612
150.5		0.275612
150.6		0.275612
150.7		0.275612
150.8		0.275612
150.9		0.275612
151		0.275612
151.1		0.275919
151.2		0.275919
151.3		0.275919
151.4		0.275919
151.5		0.275919
151.6		0.275919
151.7		0.275919
151.8		0.275919
151.9		0.275919
152		0.275919
152.1		0.279842
152.2		0.279842
152.3		0.279842
152.4		0.279842
152.5		0.279842
152.6		0.279842
152.7		0.279842
152.8		0.279842
152.9		0.279842
153		0.279842
153.1		0.280422
153.2		0.280422
153.3		0.280422
153.4		0.280422
153.5		0.280422
153.6		0.280422
153.7		0.280422
153.8		0.280422
153.9		0.280422
154		0.280422
154.1		0.286733
154.2		0.286733
154.3		0.286733
154.4		0.286733
154.5		0.286733
154.6		0.286733
154.7		0.286733
154.8		0.286733
154.9		0.286733
155		0.286733
155.1		0.287142
155.2		0.287142
155.3		0.287142
155.4		0.287142
155.5		0.287142
155.6		0.287142
155.7		0.287142
155.8		0.287142
155.9		0.287142
156		0.287142
156.1		0.28837
156.2		0.28837
156.3		0.28837
156.4		0.28837
156.5		0.28837
156.6		0.28837
156.7		0.28837
156.8		0.28837
156.9		0.28837
157		0.28837
157.1		0.288541
157.2		0.288541
157.3		0.288541
157.4		0.288541
157.5		0.288541
157.6		0.288541
157.7		0.288541
157.8		0.288541
157.9		0.288541
158		0.288541
158.1		0.288984
158.2		0.288984
158.3		0.288984
158.4		0.288984
158.5		0.288984
158.6		0.288984
158.7		0.288984
158.8		0.288984
158.9		0.288984
159		0.288984
159.1		0.292157
159.2		0.292157
159.3		0.292157
159.4		0.292157
159.5		0.292157
159.6		0.292157
159.7		0.292157
159.8		0.292157
159.9		0.292157
160		0.292157
160.1		0.297957
160.2		0.297957
160.3		0.297957
160.4		0.297957
160.5		0.297957
160.6		0.297957
160.7		0.297957
160.8		0.297957
160.9		0.297957
161		0.297957
161.1		0.298536
161.2		0.298536
161.3		0.298536
161.4		0.298536
161.5		0.298536
161.6		0.298536
161.7		0.298536
161.8		0.298536
161.9		0.298536
162		0.298536
162.1		0.298673
162.2		0.298673
162.3		0.298673
162.4		0.298673
162.5		0.298673
162.6		0.298673
162.7		0.298673
162.8		0.298673
162.9		0.298673
163		0.298673
163.1		0.298809
163.2		0.298809
163.3		0.298809
163.4		0.298809
163.5		0.298809
163.6		0.298809
163.7		0.298809
163.8		0.298809
163.9		0.298809
164		0.298809
164.1		0.30304
164.2		0.30304
164.3		0.30304
164.4		0.30304
164.5		0.30304
164.6		0.30304
164.7		0.30304
164.8		0.30304
164.9		0.30304
165		0.30304
165.1		0.307474
165.2		0.307474
165.3		0.307474
165.4		0.307474
165.5		0.307474
165.6		0.307474
165.7		0.307474
165.8		0.307474
165.9		0.307474
166		0.307474
166.1		0.307747
166.2		0.307747
166.3		0.307747
166.4		0.307747
166.5		0.307747
166.6		0.307747
166.7		0.307747
166.8		0.307747
166.9		0.307747
167		0.307747
167.1		0.308396
167.2		0.308396
167.3		0.308396
167.4		0.308396
167.5		0.308396
167.6		0.308396
167.7		0.308396
167.8		0.308396
167.9		0.308396
168		0.308396
168.1		0.310306
168.2		0.310306
168.3		0.310306
168.4		0.310306
168.5		0.310306
168.6		0.310306
168.7		0.310306
168.8		0.310306
168.9		0.310306
169		0.310306
169.1		0.31266
169.2		0.31266
169.3		0.31266
169.4		0.31266
169.5		0.31266
169.6		0.31266
169.7		0.31266
169.8		0.31266
169.9		0.31266
170		0.31266
170.1		0.315082
170.2		0.315082
170.3		0.315082
170.4		0.315082
170.5		0.315082
170.6		0.315082
170.7		0.315082
170.8		0.315082
170.9		0.315082
171		0.315082
171.1		0.31805
171.2		0.31805
171.3		0.31805
171.4		0.31805
171.5		0.31805
171.6		0.31805
171.7		0.31805
171.8		0.31805
171.9		0.31805
172		0.31805
172.1		0.31863
172.2		0.31863
172.3		0.31863
172.4		0.31863
172.5		0.31863
172.6		0.31863
172.7		0.31863
172.8		0.31863
172.9		0.31863
173		0.31863
173.1		0.320131
173.2		0.320131
173.3		0.320131
173.4		0.320131
173.5		0.320131
173.6		0.320131
173.7		0.320131
173.8		0.320131
173.9		0.320131
174		0.320131
174.1		0.323201
174.2		0.323201
174.3		0.323201
174.4		0.323201
174.5		0.323201
174.6		0.323201
174.7		0.323201
174.8		0.323201
174.9		0.323201
175		0.323201
175.1		0.326272
175.2		0.326272
175.3		0.326272
175.4		0.326272
175.5		0.326272
175.6		0.326272
175.7		0.326272
175.8		0.326272
175.9		0.326272
176		0.326272
176.1		0.326476
176.2		0.326476
176.3		0.326476
176.4		0.326476
176.5		0.326476
176.6		0.326476
176.7		0.326476
176.8		0.326476
176.9		0.326476
177		0.326476
177.1		0.33057
177.2		0.33057
177.3		0.33057
177.4		0.33057
177.5		0.33057
177.6		0.33057
177.7		0.33057
177.8		0.33057
177.9		0.33057
178		0.33057
178.1		0.330843
178.2		0.330843
178.3		0.330843
178.4		0.330843
178.5		0.330843
178.6		0.330843
178.7		0.330843
178.8		0.330843
178.9		0.330843
179		0.330843
179.1		0.335346
179.2		0.335346
179.3		0.335346
179.4		0.335346
179.5		0.335346
179.6		0.335346
179.7		0.335346
179.8		0.335346
179.9		0.335346
180		0.335346
180.1		0.336062
180.2		0.336062
180.3		0.336062
180.4		0.336062
180.5		0.336062
180.6		0.336062
180.7		0.336062
180.8		0.336062
180.9		0.336062
181		0.336062
181.1		0.338416
181.2		0.338416
181.3		0.338416
181.4		0.338416
181.5		0.338416
181.6		0.338416
181.7		0.338416
181.8		0.338416
181.9		0.338416
182		0.338416
182.1		0.340361
182.2		0.340361
182.3		0.340361
182.4		0.340361
182.5		0.340361
182.6		0.340361
182.7		0.340361
182.8		0.340361
182.9		0.340361
183		0.340361
183.1		0.342135
183.2		0.342135
183.3		0.342135
183.4		0.342135
183.5		0.342135
183.6		0.342135
183.7		0.342135
183.8		0.342135
183.9		0.342135
184		0.342135
184.1		0.343534
184.2		0.343534
184.3		0.343534
184.4		0.343534
184.5		0.343534
184.6		0.343534
184.7		0.343534
184.8		0.343534
184.9		0.343534
185		0.343534
185.1		0.345137
185.2		0.345137
185.3		0.345137
185.4		0.345137
185.5		0.345137
185.6		0.345137
185.7		0.345137
185.8		0.345137
185.9		0.345137
186		0.345137
186.1		0.346433
186.2		0.346433
186.3		0.346433
186.4		0.346433
186.5		0.346433
186.6		0.346433
186.7		0.346433
186.8		0.346433
186.9		0.346433
187		0.346433
187.1		0.350868
187.2		0.350868
187.3		0.350868
187.4		0.350868
187.5		0.350868
187.6		0.350868
187.7		0.350868
187.8		0.350868
187.9		0.350868
188		0.350868
188.1		0.351243
188.2		0.351243
188.3		0.351243
188.4		0.351243
188.5		0.351243
188.6		0.351243
188.7		0.351243
188.8		0.351243
188.9		0.351243
189		0.351243
189.1		0.351482
189.2		0.351482
189.3		0.351482
189.4		0.351482
189.5		0.351482
189.6		0.351482
189.7		0.351482
189.8		0.351482
189.9		0.351482
190		0.351482
190.1		0.354075
190.2		0.354075
190.3		0.354075
190.4		0.354075
190.5		0.354075
190.6		0.354075
190.7		0.354075
190.8		0.354075
190.9		0.354075
191		0.354075
191.1		0.355337
191.2		0.355337
191.3		0.355337
191.4		0.355337
191.5		0.355337
191.6		0.355337
191.7		0.355337
191.8		0.355337
191.9		0.355337
192		0.355337
192.1		0.355849
192.2		0.355849
192.3		0.355849
192.4		0.355849
192.5		0.355849
192.6		0.355849
192.7		0.355849
192.8		0.355849
192.9		0.355849
193		0.355849
193.1		0.362706
193.2		0.362706
193.3		0.362706
193.4		0.362706
193.5		0.362706
193.6		0.362706
193.7		0.362706
193.8		0.362706
193.9		0.362706
194		0.362706
194.1		0.363286
194.2		0.363286
194.3		0.363286
194.4		0.363286
194.5		0.363286
194.6		0.363286
194.7		0.363286
194.8		0.363286
194.9		0.363286
195		0.363286
195.1		0.364343
195.2		0.364343
195.3		0.364343
195.4		0.364343
195.5		0.364343
195.6		0.364343
195.7		0.364343
195.8		0.364343
195.9		0.364343
196		0.364343
196.1		0.364548
196.2		0.364548
196.3		0.364548
196.4		0.364548
196.5		0.364548
196.6		0.364548
196.7		0.364548
196.8		0.364548
196.9		0.364548
197		0.364548
197.1		0.365299
197.2		0.365299
197.3		0.365299
197.4		0.365299
197.5		0.365299
197.6		0.365299
197.7		0.365299
197.8		0.365299
197.9		0.365299
198		0.365299
198.1		0.368505
198.2		0.368505
198.3		0.368505
198.4		0.368505
198.5		0.368505
198.6		0.368505
198.7		0.368505
198.8		0.368505
198.9		0.368505
199		0.368505
199.1		0.373077
199.2		0.373077
199.3		0.373077
199.4		0.373077
199.5		0.373077
199.6		0.373077
199.7		0.373077
199.8		0.373077
199.9		0.373077
200		0.373077
200.1		0.373623
200.2		0.373623
200.3		0.373623
200.4		0.373623
200.5		0.373623
200.6		0.373623
200.7		0.373623
200.8		0.373623
200.9		0.373623
201		0.373623
201.1		0.375362
201.2		0.375362
201.3		0.375362
201.4		0.375362
201.5		0.375362
201.6		0.375362
201.7		0.375362
201.8		0.375362
201.9		0.375362
202		0.375362
202.1		0.377136
202.2		0.377136
202.3		0.377136
202.4		0.377136
202.5		0.377136
202.6		0.377136
202.7		0.377136
202.8		0.377136
202.9		0.377136
203		0.377136
203.1		0.378944
203.2		0.378944
203.3		0.378944
203.4		0.378944
203.5		0.378944
203.6		0.378944
203.7		0.378944
203.8		0.378944
203.9		0.378944
204		0.378944
204.1		0.382663
204.2		0.382663
204.3		0.382663
204.4		0.382663
204.5		0.382663
204.6		0.382663
204.7		0.382663
204.8		0.382663
204.9		0.382663
205		0.382663
205.1		0.385017
205.2		0.385017
205.3		0.385017
205.4		0.385017
205.5		0.385017
205.6		0.385017
205.7		0.385017
205.8		0.385017
205.9		0.385017
206		0.385017
206.1		0.386586
206.2		0.386586
206.3		0.386586
206.4		0.386586
206.5		0.386586
206.6		0.386586
206.7		0.386586
206.8		0.386586
206.9		0.386586
207		0.386586
207.1		0.387303
207.2		0.387303
207.3		0.387303
207.4		0.387303
207.5		0.387303
207.6		0.387303
207.7		0.387303
207.8		0.387303
207.9		0.387303
208		0.387303
208.1		0.388326
208.2		0.388326
208.3		0.388326
208.4		0.388326
208.5		0.388326
208.6		0.388326
208.7		0.388326
208.8		0.388326
208.9		0.388326
209		0.388326
209.1		0.391567
209.2		0.391567
209.3		0.391567
209.4		0.391567
209.5		0.391567
209.6		0.391567
209.7		0.391567
209.8		0.391567
209.9		0.391567
210		0.391567
210.1		0.39184
210.2		0.39184
210.3		0.39184
210.4		0.39184
210.5		0.39184
210.6		0.39184
210.7		0.39184
210.8		0.39184
210.9		0.39184
211		0.39184
211.1		0.396036
211.2		0.396036
211.3		0.396036
211.4		0.396036
211.5		0.396036
211.6		0.396036
211.7		0.396036
211.8		0.396036
211.9		0.396036
212		0.396036
212.1		0.396821
212.2		0.396821
212.3		0.396821
212.4		0.396821
212.5		0.396821
212.6		0.396821
212.7		0.396821
212.8		0.396821
212.9		0.396821
213		0.396821
213.1		0.397878
213.2		0.397878
213.3		0.397878
213.4		0.397878
213.5		0.397878
213.6		0.397878
213.7		0.397878
213.8		0.397878
213.9		0.397878
214		0.397878
214.1		0.399823
214.2		0.399823
214.3		0.399823
214.4		0.399823
214.5		0.399823
214.6		0.399823
214.7		0.399823
214.8		0.399823
214.9		0.399823
215		0.399823
215.1		0.400641
215.2		0.400641
215.3		0.400641
215.4		0.400641
215.5		0.400641
215.6		0.400641
215.7		0.400641
215.8		0.400641
215.9		0.400641
216		0.400641
216.1		0.40511
216.2		0.40511
216.3		0.40511
216.4		0.40511
216.5		0.40511
216.6		0.40511
216.7		0.40511
216.8		0.40511
216.9		0.40511
217		0.40511
217.1		0.406373
217.2		0.406373
217.3		0.406373
217.4		0.406373
217.5		0.406373
217.6		0.406373
217.7		0.406373
217.8		0.406373
217.9		0.406373
218		0.406373
218.1		0.407737
218.2		0.407737
218.3		0.407737
218.4		0.407737
218.5		0.407737
218.6		0.407737
218.7		0.407737
218.8		0.407737
218.9		0.407737
219		0.407737
219.1		0.411115
219.2		0.411115
219.3		0.411115
219.4		0.411115
219.5		0.411115
219.6		0.411115
219.7		0.411115
219.8		0.411115
219.9		0.411115
220		0.411115
220.1		0.411353
220.2		0.411353
220.3		0.411353
220.4		0.411353
220.5		0.411353
220.6		0.411353
220.7		0.411353
220.8		0.411353
220.9		0.411353
221		0.411353
221.1		0.412991
221.2		0.412991
221.3		0.412991
221.4		0.412991
221.5		0.412991
221.6		0.412991
221.7		0.412991
221.8		0.412991
221.9		0.412991
222		0.412991
222.1		0.415788
222.2		0.415788
222.3		0.415788
222.4		0.415788
222.5		0.415788
222.6		0.415788
222.7		0.415788
222.8		0.415788
222.9		0.415788
223		0.415788
223.1		0.419131
223.2		0.419131
223.3		0.419131
223.4		0.419131
223.5		0.419131
223.6		0.419131
223.7		0.419131
223.8		0.419131
223.9		0.419131
224		0.419131
224.1		0.419507
224.2		0.419507
224.3		0.419507
224.4		0.419507
224.5		0.419507
224.6		0.419507
224.7		0.419507
224.8		0.419507
224.9		0.419507
225		0.419507
225.1		0.422168
225.2		0.422168
225.3		0.422168
225.4		0.422168
225.5		0.422168
225.6		0.422168
225.7		0.422168
225.8		0.422168
225.9		0.422168
226		0.422168
226.1		0.425306
226.2		0.425306
226.3		0.425306
226.4		0.425306
226.5		0.425306
226.6		0.425306
226.7		0.425306
226.8		0.425306
226.9		0.425306
227		0.425306
227.1		0.426159
227.2		0.426159
227.3		0.426159
227.4		0.426159
227.5		0.426159
227.6		0.426159
227.7		0.426159
227.8		0.426159
227.9		0.426159
228		0.426159
228.1		0.427353
228.2		0.427353
228.3		0.427353
228.4		0.427353
228.5		0.427353
228.6		0.427353
228.7		0.427353
228.8		0.427353
228.9		0.427353
229		0.427353
229.1		0.428069
229.2		0.428069
229.3		0.428069
229.4		0.428069
229.5		0.428069
229.6		0.428069
229.7		0.428069
229.8		0.428069
229.9		0.428069
230		0.428069
230.1		0.43056
230.2		0.43056
230.3		0.43056
230.4		0.43056
230.5		0.43056
230.6		0.43056
230.7		0.43056
230.8		0.43056
230.9		0.43056
231		0.43056
231.1		0.431003
231.2		0.431003
231.3		0.431003
231.4		0.431003
231.5		0.431003
231.6		0.431003
231.7		0.431003
231.8		0.431003
231.9		0.431003
232		0.431003
232.1		0.436018
232.2		0.436018
232.3		0.436018
232.4		0.436018
232.5		0.436018
232.6		0.436018
232.7		0.436018
232.8		0.436018
232.9		0.436018
233		0.436018
233.1		0.437929
233.2		0.437929
233.3		0.437929
233.4		0.437929
233.5		0.437929
233.6		0.437929
233.7		0.437929
233.8		0.437929
233.9		0.437929
234		0.437929
234.1		0.43844
234.2		0.43844
234.3		0.43844
234.4		0.43844
234.5		0.43844
234.6		0.43844
234.7		0.43844
234.8		0.43844
234.9		0.43844
235		0.43844
235.1		0.440555
235.2		0.440555
235.3		0.440555
235.4		0.440555
235.5		0.440555
235.6		0.440555
235.7		0.440555
235.8		0.440555
235.9		0.440555
236		0.440555
236.1		0.44076
236.2		0.44076
236.3		0.44076
236.4		0.44076
236.5		0.44076
236.6		0.44076
236.7		0.44076
236.8		0.44076
236.9		0.44076
237		0.44076
237.1		0.441238
237.2		0.441238
237.3		0.441238
237.4		0.441238
237.5		0.441238
237.6		0.441238
237.7		0.441238
237.8		0.441238
237.9		0.441238
238		0.441238
238.1		0.44905
238.2		0.44905
238.3		0.44905
238.4		0.44905
238.5		0.44905
238.6		0.44905
238.7		0.44905
238.8		0.44905
238.9		0.44905
239		0.44905
239.1		0.449289
239.2		0.449289
239.3		0.449289
239.4		0.449289
239.5		0.449289
239.6		0.449289
239.7		0.449289
239.8		0.449289
239.9		0.449289
240		0.449289
240.1		0.449698
240.2		0.449698
240.3		0.449698
240.4		0.449698
240.5		0.449698
240.6		0.449698
240.7		0.449698
240.8		0.449698
240.9		0.449698
241		0.449698
241.1		0.451779
241.2		0.451779
241.3		0.451779
241.4		0.451779
241.5		0.451779
241.6		0.451779
241.7		0.451779
241.8		0.451779
241.9		0.451779
242		0.451779
242.1		0.453758
242.2		0.453758
242.3		0.453758
242.4		0.453758
242.5		0.453758
242.6		0.453758
242.7		0.453758
242.8		0.453758
242.9		0.453758
243		0.453758
243.1		0.455225
243.2		0.455225
243.3		0.455225
243.4		0.455225
243.5		0.455225
243.6		0.455225
243.7		0.455225
243.8		0.455225
243.9		0.455225
244		0.455225
244.1		0.458158
244.2		0.458158
244.3		0.458158
244.4		0.458158
244.5		0.458158
244.6		0.458158
244.7		0.458158
244.8		0.458158
244.9		0.458158
245		0.458158
245.1		0.459694
245.2		0.459694
245.3		0.459694
245.4		0.459694
245.5		0.459694
245.6		0.459694
245.7		0.459694
245.8		0.459694
245.9		0.459694
246		0.459694
246.1		0.460717
246.2		0.460717
246.3		0.460717
246.4		0.460717
246.5		0.460717
246.6		0.460717
246.7		0.460717
246.8		0.460717
246.9		0.460717
247		0.460717
247.1		0.461229
247.2		0.461229
247.3		0.461229
247.4		0.461229
247.5		0.461229
247.6		0.461229
247.7		0.461229
247.8		0.461229
247.9		0.461229
248		0.461229
248.1		0.464026
248.2		0.464026
248.3		0.464026
248.4		0.464026
248.5		0.464026
248.6		0.464026
248.7		0.464026
248.8		0.464026
248.9		0.464026
249		0.464026
249.1		0.465186
249.2		0.465186
249.3		0.465186
249.4		0.465186
249.5		0.465186
249.6		0.465186
249.7		0.465186
249.8		0.465186
249.9		0.465186
250		0.465186
250.1		0.47235
250.2		0.47235
250.3		0.47235
250.4		0.47235
250.5		0.47235
250.6		0.47235
250.7		0.47235
250.8		0.47235
250.9		0.47235
251		0.47235
251.1		0.472623
251.2		0.472623
251.3		0.472623
251.4		0.472623
251.5		0.472623
251.6		0.472623
251.7		0.472623
251.8		0.472623
251.9		0.472623
252		0.472623
252.1		0.473339
252.2		0.473339
252.3		0.473339
252.4		0.473339
252.5		0.473339
252.6		0.473339
252.7		0.473339
252.8		0.473339
252.9		0.473339
253		0.473339
253.1		0.475113
253.2		0.475113
253.3		0.475113
253.4		0.475113
253.5		0.475113
253.6		0.475113
253.7		0.475113
253.8		0.475113
253.9		0.475113
254		0.475113
254.1		0.476205
254.2		0.476205
254.3		0.476205
254.4		0.476205
254.5		0.476205
254.6		0.476205
254.7		0.476205
254.8		0.476205
254.9		0.476205
255		0.476205
255.1		0.479617
255.2		0.479617
255.3		0.479617
255.4		0.479617
255.5		0.479617
255.6		0.479617
255.7		0.479617
255.8		0.479617
255.9		0.479617
256		0.479617
256.1		0.480367
256.2		0.480367
256.3		0.480367
256.4		0.480367
256.5		0.480367
256.6		0.480367
256.7		0.480367
256.8		0.480367
256.9		0.480367
257		0.480367
257.1		0.481732
257.2		0.481732
257.3		0.481732
257.4		0.481732
257.5		0.481732
257.6		0.481732
257.7		0.481732
257.8		0.481732
257.9		0.481732
258		0.481732
258.1		0.48487
258.2		0.48487
258.3		0.48487
258.4		0.48487
258.5		0.48487
258.6		0.48487
258.7		0.48487
258.8		0.48487
258.9		0.48487
259		0.48487
259.1		0.485757
259.2		0.485757
259.3		0.485757
259.4		0.485757
259.5		0.485757
259.6		0.485757
259.7		0.485757
259.8		0.485757
259.9		0.485757
260		0.485757
260.1		0.488827
260.2		0.488827
260.3		0.488827
260.4		0.488827
260.5		0.488827
260.6		0.488827
260.7		0.488827
260.8		0.488827
260.9		0.488827
261		0.488827
261.1		0.491011
261.2		0.491011
261.3		0.491011
261.4		0.491011
261.5		0.491011
261.6		0.491011
261.7		0.491011
261.8		0.491011
261.9		0.491011
262		0.491011
262.1		0.491454
262.2		0.491454
262.3		0.491454
262.4		0.491454
262.5		0.491454
262.6		0.491454
262.7		0.491454
262.8		0.491454
262.9		0.491454
263		0.491454
263.1		0.492205
263.2		0.492205
263.3		0.492205
263.4		0.492205
263.5		0.492205
263.6		0.492205
263.7		0.492205
263.8		0.492205
263.9		0.492205
264		0.492205
264.1		0.496708
264.2		0.496708
264.3		0.496708
264.4		0.496708
264.5		0.496708
264.6		0.496708
264.7		0.496708
264.8		0.496708
264.9		0.496708
265		0.496708
265.1		0.497083
265.2		0.497083
265.3		0.497083
265.4		0.497083
265.5		0.497083
265.6		0.497083
265.7		0.497083
265.8		0.497083
265.9		0.497083
266		0.497083
266.1		0.498687
266.2		0.498687
266.3		0.498687
266.4		0.498687
266.5		0.498687
266.6		0.498687
266.7		0.498687
266.8		0.498687
266.9		0.498687
267		0.498687
267.1		0.502303
267.2		0.502303
267.3		0.502303
267.4		0.502303
267.5		0.502303
267.6		0.502303
267.7		0.502303
267.8		0.502303
267.9		0.502303
268		0.502303
268.1		0.502917
268.2		0.502917
268.3		0.502917
268.4		0.502917
268.5		0.502917
268.6		0.502917
268.7		0.502917
268.8		0.502917
268.9		0.502917
269		0.502917
269.1		0.504793
269.2		0.504793
269.3		0.504793
269.4		0.504793
269.5		0.504793
269.6		0.504793
269.7		0.504793
269.8		0.504793
269.9		0.504793
270		0.504793
270.1		0.507386
270.2		0.507386
270.3		0.507386
270.4		0.507386
270.5		0.507386
270.6		0.507386
270.7		0.507386
270.8		0.507386
270.9		0.507386
271		0.507386
271.1		0.508273
271.2		0.508273
271.3		0.508273
271.4		0.508273
271.5		0.508273
271.6		0.508273
271.7		0.508273
271.8		0.508273
271.9		0.508273
272		0.508273
272.1		0.512776
272.2		0.512776
272.3		0.512776
272.4		0.512776
272.5		0.512776
272.6		0.512776
272.7		0.512776
272.8		0.512776
272.9		0.512776
273		0.512776
273.1		0.513185
273.2		0.513185
273.3		0.513185
273.4		0.513185
273.5		0.513185
273.6		0.513185
273.7		0.513185
273.8		0.513185
273.9		0.513185
274		0.513185
274.1		0.51455
274.2		0.51455
274.3		0.51455
274.4		0.51455
274.5		0.51455
274.6		0.51455
274.7		0.51455
274.8		0.51455
274.9		0.51455
275		0.51455
275.1		0.515573
275.2		0.515573
275.3		0.515573
275.4		0.515573
275.5		0.515573
275.6		0.515573
275.7		0.515573
275.8		0.515573
275.9		0.515573
276		0.515573
276.1		0.517347
276.2		0.517347
276.3		0.517347
276.4		0.517347
276.5		0.517347
276.6		0.517347
276.7		0.517347
276.8		0.517347
276.9		0.517347
277		0.517347
277.1		0.521168
277.2		0.521168
277.3		0.521168
277.4		0.521168
277.5		0.521168
277.6		0.521168
277.7		0.521168
277.8		0.521168
277.9		0.521168
278		0.521168
278.1		0.522669
278.2		0.522669
278.3		0.522669
278.4		0.522669
278.5		0.522669
278.6		0.522669
278.7		0.522669
278.8		0.522669
278.9		0.522669
279		0.522669
279.1		0.523931
279.2		0.523931
279.3		0.523931
279.4		0.523931
279.5		0.523931
279.6		0.523931
279.7		0.523931
279.8		0.523931
279.9		0.523931
280		0.523931
280.1		0.524375
280.2		0.524375
280.3		0.524375
280.4		0.524375
280.5		0.524375
280.6		0.524375
280.7		0.524375
280.8		0.524375
280.9		0.524375
281		0.524375
281.1		0.527343
281.2		0.527343
281.3		0.527343
281.4		0.527343
281.5		0.527343
281.6		0.527343
281.7		0.527343
281.8		0.527343
281.9		0.527343
282		0.527343
282.1		0.529287
282.2		0.529287
282.3		0.529287
282.4		0.529287
282.5		0.529287
282.6		0.529287
282.7		0.529287
282.8		0.529287
282.9		0.529287
283		0.529287
283.1		0.532631
283.2		0.532631
283.3		0.532631
283.4		0.532631
283.5		0.532631
283.6		0.532631
283.7		0.532631
283.8		0.532631
283.9		0.532631
284		0.532631
284.1		0.535803
284.2		0.535803
284.3		0.535803
284.4		0.535803
284.5		0.535803
284.6		0.535803
284.7		0.535803
284.8		0.535803
284.9		0.535803
285		0.535803
285.1		0.53843
285.2		0.53843
285.3		0.53843
285.4		0.53843
285.5		0.53843
285.6		0.53843
285.7		0.53843
285.8		0.53843
285.9		0.53843
286		0.53843
286.1		0.538635
286.2		0.538635
286.3		0.538635
286.4		0.538635
286.5		0.538635
286.6		0.538635
286.7		0.538635
286.8		0.538635
286.9		0.538635
287		0.538635
287.1		0.543377
287.2		0.543377
287.3		0.543377
287.4		0.543377
287.5		0.543377
287.6		0.543377
287.7		0.543377
287.8		0.543377
287.9		0.543377
288		0.543377
288.1		0.546993
288.2		0.546993
288.3		0.546993
288.4		0.546993
288.5		0.546993
288.6		0.546993
288.7		0.546993
288.8		0.546993
288.9		0.546993
289		0.546993
289.1		0.54904
289.2		0.54904
289.3		0.54904
289.4		0.54904
289.5		0.54904
289.6		0.54904
289.7		0.54904
289.8		0.54904
289.9		0.54904
290		0.54904
290.1		0.551121
290.2		0.551121
290.3		0.551121
290.4		0.551121
290.5		0.551121
290.6		0.551121
290.7		0.551121
290.8		0.551121
290.9		0.551121
291		0.551121
291.1		0.554771
291.2		0.554771
291.3		0.554771
291.4		0.554771
291.5		0.554771
291.6		0.554771
291.7		0.554771
291.8		0.554771
291.9		0.554771
292		0.554771
292.1		0.554771
292.2		0.554771
292.3		0.554771
292.4		0.554771
292.5		0.554771
292.6		0.554771
292.7		0.554771
292.8		0.554771
292.9		0.554771
293		0.554771
293.1		0.556033
293.2		0.556033
293.3		0.556033
293.4		0.556033
293.5		0.556033
293.6		0.556033
293.7		0.556033
293.8		0.556033
293.9		0.556033
294		0.556033
294.1		0.557193
294.2		0.557193
294.3		0.557193
294.4		0.557193
294.5		0.557193
294.6		0.557193
294.7		0.557193
294.8		0.557193
294.9		0.557193
295		0.557193
295.1		0.560707
295.2		0.560707
295.3		0.560707
295.4		0.560707
295.5		0.560707
295.6		0.560707
295.7		0.560707
295.8		0.560707
295.9		0.560707
296		0.560707
296.1		0.564732
296.2		0.564732
296.3		0.564732
296.4		0.564732
296.5		0.564732
296.6		0.564732
296.7		0.564732
296.8		0.564732
296.9		0.564732
297		0.564732
297.1		0.566199
297.2		0.566199
297.3		0.566199
297.4		0.566199
297.5		0.566199
297.6		0.566199
297.7		0.566199
297.8		0.566199
297.9		0.566199
298		0.566199
298.1		0.568349
298.2		0.568349
298.3		0.568349
298.4		0.568349
298.5		0.568349
298.6		0.568349
298.7		0.568349
298.8		0.568349
298.9		0.568349
299		0.568349
299.1		0.578617
299.2		0.578617
299.3		0.578617
299.4		0.578617
299.5		0.578617
299.6		0.578617
299.7		0.578617
299.8		0.578617
299.9		0.578617
300		0.578617
300.1		0.578822
300.2		0.578822
300.3		0.578822
300.4		0.578822
300.5		0.578822
300.6		0.578822
300.7		0.578822
300.8		0.578822
300.9		0.578822
301		0.578822
301.1		0.579129
301.2		0.579129
301.3		0.579129
301.4		0.579129
301.5		0.579129
301.6		0.579129
301.7		0.579129
301.8		0.579129
301.9		0.579129
302		0.579129
302.1		0.583427
302.2		0.583427
302.3		0.583427
302.4		0.583427
302.5		0.583427
302.6		0.583427
302.7		0.583427
302.8		0.583427
302.9		0.583427
303		0.583427
303.1		0.583837
303.2		0.583837
303.3		0.583837
303.4		0.583837
303.5		0.583837
303.6		0.583837
303.7		0.583837
303.8		0.583837
303.9		0.583837
304		0.583837
304.1		0.587214
304.2		0.587214
304.3		0.587214
304.4		0.587214
304.5		0.587214
304.6		0.587214
304.7		0.587214
304.8		0.587214
304.9		0.587214
305		0.587214
305.1		0.58793
305.2		0.58793
305.3		0.58793
305.4		0.58793
305.5		0.58793
305.6		0.58793
305.7		0.58793
305.8		0.58793
305.9		0.58793
306		0.58793
306.1		0.588237
306.2		0.588237
306.3		0.588237
306.4		0.588237
306.5		0.588237
306.6		0.588237
306.7		0.588237
306.8		0.588237
306.9		0.588237
307		0.588237
307.1		0.5895
307.2		0.5895
307.3		0.5895
307.4		0.5895
307.5		0.5895
307.6		0.5895
307.7		0.5895
307.8		0.5895
307.9		0.5895
308		0.5895
308.1		0.594276
308.2		0.594276
308.3		0.594276
308.4		0.594276
308.5		0.594276
308.6		0.594276
308.7		0.594276
308.8		0.594276
308.9		0.594276
309		0.594276
309.1		0.595981
309.2		0.595981
309.3		0.595981
309.4		0.595981
309.5		0.595981
309.6		0.595981
309.7		0.595981
309.8		0.595981
309.9		0.595981
310		0.595981
310.1		0.60028
310.2		0.60028
310.3		0.60028
310.4		0.60028
310.5		0.60028
310.6		0.60028
310.7		0.60028
310.8		0.60028
310.9		0.60028
311		0.60028
311.1		0.601337
311.2		0.601337
311.3		0.601337
311.4		0.601337
311.5		0.601337
311.6		0.601337
311.7		0.601337
311.8		0.601337
311.9		0.601337
312		0.601337
312.1		0.601883
312.2		0.601883
312.3		0.601883
312.4		0.601883
312.5		0.601883
312.6		0.601883
312.7		0.601883
312.8		0.601883
312.9		0.601883
313		0.601883
313.1		0.602975
313.2		0.602975
313.3		0.602975
313.4		0.602975
313.5		0.602975
313.6		0.602975
313.7		0.602975
313.8		0.602975
313.9		0.602975
314		0.602975
314.1		0.605465
314.2		0.605465
314.3		0.605465
314.4		0.605465
314.5		0.605465
314.6		0.605465
314.7		0.605465
314.8		0.605465
314.9		0.605465
315		0.605465
315.1		0.609457
315.2		0.609457
315.3		0.609457
315.4		0.609457
315.5		0.609457
315.6		0.609457
315.7		0.609457
315.8		0.609457
315.9		0.609457
316		0.609457
316.1		0.612766
316.2		0.612766
316.3		0.612766
316.4		0.612766
316.5		0.612766
316.6		0.612766
316.7		0.612766
316.8		0.612766
316.9		0.612766
317		0.612766
317.1		0.612868
317.2		0.612868
317.3		0.612868
317.4		0.612868
317.5		0.612868
317.6		0.612868
317.7		0.612868
317.8		0.612868
317.9		0.612868
318		0.612868
318.1		0.614028
318.2		0.614028
318.3		0.614028
318.4		0.614028
318.5		0.614028
318.6		0.614028
318.7		0.614028
318.8		0.614028
318.9		0.614028
319		0.614028
319.1		0.615529
319.2		0.615529
319.3		0.615529
319.4		0.615529
319.5		0.615529
319.6		0.615529
319.7		0.615529
319.8		0.615529
319.9		0.615529
320		0.615529
320.1		0.616586
320.2		0.616586
320.3		0.616586
320.4		0.616586
320.5		0.616586
320.6		0.616586
320.7		0.616586
320.8		0.616586
320.9		0.616586
321		0.616586
321.1		0.619691
321.2		0.619691
321.3		0.619691
321.4		0.619691
321.5		0.619691
321.6		0.619691
321.7		0.619691
321.8		0.619691
321.9		0.619691
322		0.619691
322.1		0.622761
322.2		0.622761
322.3		0.622761
322.4		0.622761
322.5		0.622761
322.6		0.622761
322.7		0.622761
322.8		0.622761
322.9		0.622761
323		0.622761
323.1		0.623171
323.2		0.623171
323.3		0.623171
323.4		0.623171
323.5		0.623171
323.6		0.623171
323.7		0.623171
323.8		0.623171
323.9		0.623171
324		0.623171
324.1		0.626446
324.2		0.626446
324.3		0.626446
324.4		0.626446
324.5		0.626446
324.6		0.626446
324.7		0.626446
324.8		0.626446
324.9		0.626446
325		0.626446
325.1		0.62665
325.2		0.62665
325.3		0.62665
325.4		0.62665
325.5		0.62665
325.6		0.62665
325.7		0.62665
325.8		0.62665
325.9		0.62665
326		0.62665
326.1		0.627401
326.2		0.627401
326.3		0.627401
326.4		0.627401
326.5		0.627401
326.6		0.627401
326.7		0.627401
326.8		0.627401
326.9		0.627401
327		0.627401
327.1		0.631358
327.2		0.631358
327.3		0.631358
327.4		0.631358
327.5		0.631358
327.6		0.631358
327.7		0.631358
327.8		0.631358
327.9		0.631358
328		0.631358
328.1		0.633541
328.2		0.633541
328.3		0.633541
328.4		0.633541
328.5		0.633541
328.6		0.633541
328.7		0.633541
328.8		0.633541
328.9		0.633541
329		0.633541
329.1		0.633541
329.2		0.633541
329.3		0.633541
329.4		0.633541
329.5		0.633541
329.6		0.633541
329.7		0.633541
329.8		0.633541
329.9		0.633541
330		0.633541
330.1		0.635657
330.2		0.635657
330.3		0.635657
330.4		0.635657
330.5		0.635657
330.6		0.635657
330.7		0.635657
330.8		0.635657
330.9		0.635657
331		0.635657
331.1		0.637533
331.2		0.637533
331.3		0.637533
331.4		0.637533
331.5		0.637533
331.6		0.637533
331.7		0.637533
331.8		0.637533
331.9		0.637533
332		0.637533
332.1		0.640842
332.2		0.640842
332.3		0.640842
332.4		0.640842
332.5		0.640842
332.6		0.640842
332.7		0.640842
332.8		0.640842
332.9		0.640842
333		0.640842
333.1		0.642172
333.2		0.642172
333.3		0.642172
333.4		0.642172
333.5		0.642172
333.6		0.642172
333.7		0.642172
333.8		0.642172
333.9		0.642172
334		0.642172
334.1		0.644322
334.2		0.644322
334.3		0.644322
334.4		0.644322
334.5		0.644322
334.6		0.644322
334.7		0.644322
334.8		0.644322
334.9		0.644322
335		0.644322
335.1		0.644799
335.2		0.644799
335.3		0.644799
335.4		0.644799
335.5		0.644799
335.6		0.644799
335.7		0.644799
335.8		0.644799
335.9		0.644799
336		0.644799
336.1		0.645686
336.2		0.645686
336.3		0.645686
336.4		0.645686
336.5		0.645686
336.6		0.645686
336.7		0.645686
336.8		0.645686
336.9		0.645686
337		0.645686
337.1		0.650667
337.2		0.650667
337.3		0.650667
337.4		0.650667
337.5		0.650667
337.6		0.650667
337.7		0.650667
337.8		0.650667
337.9		0.650667
338		0.650667
338.1		0.653533
338.2		0.653533
338.3		0.653533
338.4		0.653533
338.5		0.653533
338.6		0.653533
338.7		0.653533
338.8		0.653533
338.9		0.653533
339		0.653533
339.1		0.653533
339.2		0.653533
339.3		0.653533
339.4		0.653533
339.5		0.653533
339.6		0.653533
339.7		0.653533
339.8		0.653533
339.9		0.653533
340		0.653533
340.1		0.656432
340.2		0.656432
340.3		0.656432
340.4		0.656432
340.5		0.656432
340.6		0.656432
340.7		0.656432
340.8		0.656432
340.9		0.656432
341		0.656432
341.1		0.661208
341.2		0.661208
341.3		0.661208
341.4		0.661208
341.5		0.661208
341.6		0.661208
341.7		0.661208
341.8		0.661208
341.9		0.661208
342		0.661208
342.1		0.661993
342.2		0.661993
342.3		0.661993
342.4		0.661993
342.5		0.661993
342.6		0.661993
342.7		0.661993
342.8		0.661993
342.9		0.661993
343		0.661993
343.1		0.663835
343.2		0.663835
343.3		0.663835
343.4		0.663835
343.5		0.663835
343.6		0.663835
343.7		0.663835
343.8		0.663835
343.9		0.663835
344		0.663835
344.1		0.665473
344.2		0.665473
344.3		0.665473
344.4		0.665473
344.5		0.665473
344.6		0.665473
344.7		0.665473
344.8		0.665473
344.9		0.665473
345		0.665473
345.1		0.667417
345.2		0.667417
345.3		0.667417
345.4		0.667417
345.5		0.667417
345.6		0.667417
345.7		0.667417
345.8		0.667417
345.9		0.667417
346		0.667417
346.1		0.671716
346.2		0.671716
346.3		0.671716
346.4		0.671716
346.5		0.671716
346.6		0.671716
346.7		0.671716
346.8		0.671716
346.9		0.671716
347		0.671716
347.1		0.671954
347.2		0.671954
347.3		0.671954
347.4		0.671954
347.5		0.671954
347.6		0.671954
347.7		0.671954
347.8		0.671954
347.9		0.671954
348		0.671954
348.1		0.671954
348.2		0.671954
348.3		0.671954
348.4		0.671954
348.5		0.671954
348.6		0.671954
348.7		0.671954
348.8		0.671954
348.9		0.671954
349		0.671954
349.1		0.672432
349.2		0.672432
349.3		0.672432
349.4		0.672432
349.5		0.672432
349.6		0.672432
349.7		0.672432
349.8		0.672432
349.9		0.672432
350		0.672432
350.1		0.673865
350.2		0.673865
350.3		0.673865
350.4		0.673865
350.5		0.673865
350.6		0.673865
350.7		0.673865
350.8		0.673865
350.9		0.673865
351		0.673865
351.1		0.677788
351.2		0.677788
351.3		0.677788
351.4		0.677788
351.5		0.677788
351.6		0.677788
351.7		0.677788
351.8		0.677788
351.9		0.677788
352		0.677788
352.1		0.682939
352.2		0.682939
352.3		0.682939
352.4		0.682939
352.5		0.682939
352.6		0.682939
352.7		0.682939
352.8		0.682939
352.9		0.682939
353		0.682939
353.1		0.6856
353.2		0.6856
353.3		0.6856
353.4		0.6856
353.5		0.6856
353.6		0.6856
353.7		0.6856
353.8		0.6856
353.9		0.6856
354		0.6856
354.1		0.68659
354.2		0.68659
354.3		0.68659
354.4		0.68659
354.5		0.68659
354.6		0.68659
354.7		0.68659
354.8		0.68659
354.9		0.68659
355		0.68659
355.1		0.691536
355.2		0.691536
355.3		0.691536
355.4		0.691536
355.5		0.691536
355.6		0.691536
355.7		0.691536
355.8		0.691536
355.9		0.691536
356		0.691536
356.1		0.695323
356.2		0.695323
356.3		0.695323
356.4		0.695323
356.5		0.695323
356.6		0.695323
356.7		0.695323
356.8		0.695323
356.9		0.695323
357		0.695323
357.1		0.696073
357.2		0.696073
357.3		0.696073
357.4		0.696073
357.5		0.696073
357.6		0.696073
357.7		0.696073
357.8		0.696073
357.9		0.696073
358		0.696073
358.1		0.699212
358.2		0.699212
358.3		0.699212
358.4		0.699212
358.5		0.699212
358.6		0.699212
358.7		0.699212
358.8		0.699212
358.9		0.699212
359		0.699212
359.1		0.701361
359.2		0.701361
359.3		0.701361
359.4		0.701361
359.5		0.701361
359.6		0.701361
359.7		0.701361
359.8		0.701361
359.9		0.701361
360		0.701361
360.1		0.701771
360.2		0.701771
360.3		0.701771
360.4		0.701771
360.5		0.701771
360.6		0.701771
360.7		0.701771
360.8		0.701771
360.9		0.701771
361		0.701771
361.1		0.705046
361.2		0.705046
361.3		0.705046
361.4		0.705046
361.5		0.705046
361.6		0.705046
361.7		0.705046
361.8		0.705046
361.9		0.705046
362		0.705046
362.1		0.706888
362.2		0.706888
362.3		0.706888
362.4		0.706888
362.5		0.706888
362.6		0.706888
362.7		0.706888
362.8		0.706888
362.9		0.706888
363		0.706888
363.1		0.707365
363.2		0.707365
363.3		0.707365
363.4		0.707365
363.5		0.707365
363.6		0.707365
363.7		0.707365
363.8		0.707365
363.9		0.707365
364		0.707365
364.1		0.707775
364.2		0.707775
364.3		0.707775
364.4		0.707775
364.5		0.707775
364.6		0.707775
364.7		0.707775
364.8		0.707775
364.9		0.707775
365		0.707775
365.1		0.708662
365.2		0.708662
365.3		0.708662
365.4		0.708662
365.5		0.708662
365.6		0.708662
365.7		0.708662
365.8		0.708662
365.9		0.708662
366		0.708662
366.1		0.711732
366.2		0.711732
366.3		0.711732
366.4		0.711732
366.5		0.711732
366.6		0.711732
366.7		0.711732
366.8		0.711732
366.9		0.711732
367		0.711732
367.1		0.715621
367.2		0.715621
367.3		0.715621
367.4		0.715621
367.5		0.715621
367.6		0.715621
367.7		0.715621
367.8		0.715621
367.9		0.715621
368		0.715621
368.1		0.718214
368.2		0.718214
368.3		0.718214
368.4		0.718214
368.5		0.718214
368.6		0.718214
368.7		0.718214
368.8		0.718214
368.9		0.718214
369		0.718214
369.1		0.719033
369.2		0.719033
369.3		0.719033
369.4		0.719033
369.5		0.719033
369.6		0.719033
369.7		0.719033
369.8		0.719033
369.9		0.719033
370		0.719033
370.1		0.720022
370.2		0.720022
370.3		0.720022
370.4		0.720022
370.5		0.720022
370.6		0.720022
370.7		0.720022
370.8		0.720022
370.9		0.720022
371		0.720022
371.1		0.720192
371.2		0.720192
371.3		0.720192
371.4		0.720192
371.5		0.720192
371.6		0.720192
371.7		0.720192
371.8		0.720192
371.9		0.720192
372		0.720192
372.1		0.726265
372.2		0.726265
372.3		0.726265
372.4		0.726265
372.5		0.726265
372.6		0.726265
372.7		0.726265
372.8		0.726265
372.9		0.726265
373		0.726265
373.1		0.727084
373.2		0.727084
373.3		0.727084
373.4		0.727084
373.5		0.727084
373.6		0.727084
373.7		0.727084
373.8		0.727084
373.9		0.727084
374		0.727084
374.1		0.728482
374.2		0.728482
374.3		0.728482
374.4		0.728482
374.5		0.728482
374.6		0.728482
374.7		0.728482
374.8		0.728482
374.9		0.728482
375		0.728482
375.1		0.731109
375.2		0.731109
375.3		0.731109
375.4		0.731109
375.5		0.731109
375.6		0.731109
375.7		0.731109
375.8		0.731109
375.9		0.731109
376		0.731109
376.1		0.734077
376.2		0.734077
376.3		0.734077
376.4		0.734077
376.5		0.734077
376.6		0.734077
376.7		0.734077
376.8		0.734077
376.9		0.734077
377		0.734077
377.1		0.734725
377.2		0.734725
377.3		0.734725
377.4		0.734725
377.5		0.734725
377.6		0.734725
377.7		0.734725
377.8		0.734725
377.9		0.734725
378		0.734725
378.1		0.73858
378.2		0.73858
378.3		0.73858
378.4		0.73858
378.5		0.73858
378.6		0.73858
378.7		0.73858
378.8		0.73858
378.9		0.73858
379		0.73858
379.1		0.73916
379.2		0.73916
379.3		0.73916
379.4		0.73916
379.5		0.73916
379.6		0.73916
379.7		0.73916
379.8		0.73916
379.9		0.73916
380		0.73916
380.1		0.740047
380.2		0.740047
380.3		0.740047
380.4		0.740047
380.5		0.740047
380.6		0.740047
380.7		0.740047
380.8		0.740047
380.9		0.740047
381		0.740047
381.1		0.744584
381.2		0.744584
381.3		0.744584
381.4		0.744584
381.5		0.744584
381.6		0.744584
381.7		0.744584
381.8		0.744584
381.9		0.744584
382		0.744584
382.1		0.746222
382.2		0.746222
382.3		0.746222
382.4		0.746222
382.5		0.746222
382.6		0.746222
382.7		0.746222
382.8		0.746222
382.9		0.746222
383		0.746222
383.1		0.74629
383.2		0.74629
383.3		0.74629
383.4		0.74629
383.5		0.74629
383.6		0.74629
383.7		0.74629
383.8		0.74629
383.9		0.74629
384		0.74629
384.1		0.748507
384.2		0.748507
384.3		0.748507
384.4		0.748507
384.5		0.748507
384.6		0.748507
384.7		0.748507
384.8		0.748507
384.9		0.748507
385		0.748507
385.1		0.751748
385.2		0.751748
385.3		0.751748
385.4		0.751748
385.5		0.751748
385.6		0.751748
385.7		0.751748
385.8		0.751748
385.9		0.751748
386		0.751748
386.1		0.752635
386.2		0.752635
386.3		0.752635
386.4		0.752635
386.5		0.752635
386.6		0.752635
386.7		0.752635
386.8		0.752635
386.9		0.752635
387		0.752635
387.1		0.756729
387.2		0.756729
387.3		0.756729
387.4		0.756729
387.5		0.756729
387.6		0.756729
387.7		0.756729
387.8		0.756729
387.9		0.756729
388		0.756729
388.1		0.759151
388.2		0.759151
388.3		0.759151
388.4		0.759151
388.5		0.759151
388.6		0.759151
388.7		0.759151
388.8		0.759151
388.9		0.759151
389		0.759151
389.1		0.760141
389.2		0.760141
389.3		0.760141
389.4		0.760141
389.5		0.760141
389.6		0.760141
389.7		0.760141
389.8		0.760141
389.9		0.760141
390		0.760141
390.1		0.760448
390.2		0.760448
390.3		0.760448
390.4		0.760448
390.5		0.760448
390.6		0.760448
390.7		0.760448
390.8		0.760448
390.9		0.760448
391		0.760448
391.1		0.760857
391.2		0.760857
391.3		0.760857
391.4		0.760857
391.5		0.760857
391.6		0.760857
391.7		0.760857
391.8		0.760857
391.9		0.760857
392		0.760857
392.1		0.763313
392.2		0.763313
392.3		0.763313
392.4		0.763313
392.5		0.763313
392.6		0.763313
392.7		0.763313
392.8		0.763313
392.9		0.763313
393		0.763313
393.1		0.766895
393.2		0.766895
393.3		0.766895
393.4		0.766895
393.5		0.766895
393.6		0.766895
393.7		0.766895
393.8		0.766895
393.9		0.766895
394		0.766895
394.1		0.770443
394.2		0.770443
394.3		0.770443
394.4		0.770443
394.5		0.770443
394.6		0.770443
394.7		0.770443
394.8		0.770443
394.9		0.770443
395		0.770443
395.1		0.770955
395.2		0.770955
395.3		0.770955
395.4		0.770955
395.5		0.770955
395.6		0.770955
395.7		0.770955
395.8		0.770955
395.9		0.770955
396		0.770955
396.1		0.771296
396.2		0.771296
396.3		0.771296
396.4		0.771296
396.5		0.771296
396.6		0.771296
396.7		0.771296
396.8		0.771296
396.9		0.771296
397		0.771296
397.1		0.773138
397.2		0.773138
397.3		0.773138
397.4		0.773138
397.5		0.773138
397.6		0.773138
397.7		0.773138
397.8		0.773138
397.9		0.773138
398		0.773138
398.1		0.775697
398.2		0.775697
398.3		0.775697
398.4		0.775697
398.5		0.775697
398.6		0.775697
398.7		0.775697
398.8		0.775697
398.9		0.775697
399		0.775697
399.1		0.776243
399.2		0.776243
399.3		0.776243
399.4		0.776243
399.5		0.776243
399.6		0.776243
399.7		0.776243
399.8		0.776243
399.9		0.776243
400		0.776243
400.1		0.783475
400.2		0.783475
400.3		0.783475
400.4		0.783475
400.5		0.783475
400.6		0.783475
400.7		0.783475
400.8		0.783475
400.9		0.783475
401		0.783475
401.1		0.783816
401.2		0.783816
401.3		0.783816
401.4		0.783816
401.5		0.783816
401.6		0.783816
401.7		0.783816
401.8		0.783816
401.9		0.783816
402		0.783816
402.1		0.784328
402.2		0.784328
402.3		0.784328
402.4		0.784328
402.5		0.784328
402.6		0.784328
402.7		0.784328
402.8		0.784328
402.9		0.784328
403		0.784328
403.1		0.784532
403.2		0.784532
403.3		0.784532
403.4		0.784532
403.5		0.784532
403.6		0.784532
403.7		0.784532
403.8		0.784532
403.9		0.784532
404		0.784532
404.1		0.785931
404.2		0.785931
404.3		0.785931
404.4		0.785931
404.5		0.785931
404.6		0.785931
404.7		0.785931
404.8		0.785931
404.9		0.785931
405		0.785931
405.1		0.787159
405.2		0.787159
405.3		0.787159
405.4		0.787159
405.5		0.787159
405.6		0.787159
405.7		0.787159
405.8		0.787159
405.9		0.787159
406		0.787159
406.1		0.795313
406.2		0.795313
406.3		0.795313
406.4		0.795313
406.5		0.795313
406.6		0.795313
406.7		0.795313
406.8		0.795313
406.9		0.795313
407		0.795313
407.1		0.795517
407.2		0.795517
407.3		0.795517
407.4		0.795517
407.5		0.795517
407.6		0.795517
407.7		0.795517
407.8		0.795517
407.9		0.795517
408		0.795517
408.1		0.796268
408.2		0.796268
408.3		0.796268
408.4		0.796268
408.5		0.796268
408.6		0.796268
408.7		0.796268
408.8		0.796268
408.9		0.796268
409		0.796268
409.1		0.796575
409.2		0.796575
409.3		0.796575
409.4		0.796575
409.5		0.796575
409.6		0.796575
409.7		0.796575
409.8		0.796575
409.9		0.796575
410		0.796575
410.1		0.799645
410.2		0.799645
410.3		0.799645
410.4		0.799645
410.5		0.799645
410.6		0.799645
410.7		0.799645
410.8		0.799645
410.9		0.799645
411		0.799645
411.1		0.801829
411.2		0.801829
411.3		0.801829
411.4		0.801829
411.5		0.801829
411.6		0.801829
411.7		0.801829
411.8		0.801829
411.9		0.801829
412		0.801829
412.1		0.805479
412.2		0.805479
412.3		0.805479
412.4		0.805479
412.5		0.805479
412.6		0.805479
412.7		0.805479
412.8		0.805479
412.9		0.805479
413		0.805479
413.1		0.807082
413.2		0.807082
413.3		0.807082
413.4		0.807082
413.5		0.807082
413.6		0.807082
413.7		0.807082
413.8		0.807082
413.9		0.807082
414		0.807082
414.1		0.807764
414.2		0.807764
414.3		0.807764
414.4		0.807764
414.5		0.807764
414.6		0.807764
414.7		0.807764
414.8		0.807764
414.9		0.807764
415		0.807764
415.1		0.811039
415.2		0.811039
415.3		0.811039
415.4		0.811039
415.5		0.811039
415.6		0.811039
415.7		0.811039
415.8		0.811039
415.9		0.811039
416		0.811039
416.1		0.812575
416.2		0.812575
416.3		0.812575
416.4		0.812575
416.5		0.812575
416.6		0.812575
416.7		0.812575
416.8		0.812575
416.9		0.812575
417		0.812575
417.1		0.813427
417.2		0.813427
417.3		0.813427
417.4		0.813427
417.5		0.813427
417.6		0.813427
417.7		0.813427
417.8		0.813427
417.9		0.813427
418		0.813427
418.1		0.816702
418.2		0.816702
418.3		0.816702
418.4		0.816702
418.5		0.816702
418.6		0.816702
418.7		0.816702
418.8		0.816702
418.9		0.816702
419		0.816702
419.1		0.817624
419.2		0.817624
419.3		0.817624
419.4		0.817624
419.5		0.817624
419.6		0.817624
419.7		0.817624
419.8		0.817624
419.9		0.817624
420		0.817624
420.1		0.82141
420.2		0.82141
420.3		0.82141
420.4		0.82141
420.5		0.82141
420.6		0.82141
420.7		0.82141
420.8		0.82141
420.9		0.82141
421		0.82141
421.1		0.821956
421.2		0.821956
421.3		0.821956
421.4		0.821956
421.5		0.821956
421.6		0.821956
421.7		0.821956
421.8		0.821956
421.9		0.821956
422		0.821956
422.1		0.824139
422.2		0.824139
422.3		0.824139
422.4		0.824139
422.5		0.824139
422.6		0.824139
422.7		0.824139
422.8		0.824139
422.9		0.824139
423		0.824139
423.1		0.826903
423.2		0.826903
423.3		0.826903
423.4		0.826903
423.5		0.826903
423.6		0.826903
423.7		0.826903
423.8		0.826903
423.9		0.826903
424		0.826903
424.1		0.828404
424.2		0.828404
424.3		0.828404
424.4		0.828404
424.5		0.828404
424.6		0.828404
424.7		0.828404
424.8		0.828404
424.9		0.828404
425		0.828404
425.1		0.830212
425.2		0.830212
425.3		0.830212
425.4		0.830212
425.5		0.830212
425.6		0.830212
425.7		0.830212
425.8		0.830212
425.9		0.830212
426		0.830212
426.1		0.833794
426.2		0.833794
426.3		0.833794
426.4		0.833794
426.5		0.833794
426.6		0.833794
426.7		0.833794
426.8		0.833794
426.9		0.833794
427		0.833794
427.1		0.837819
427.2		0.837819
427.3		0.837819
427.4		0.837819
427.5		0.837819
427.6		0.837819
427.7		0.837819
427.8		0.837819
427.9		0.837819
428		0.837819
428.1		0.839525
428.2		0.839525
428.3		0.839525
428.4		0.839525
428.5		0.839525
428.6		0.839525
428.7		0.839525
428.8		0.839525
428.9		0.839525
429		0.839525
429.1		0.839696
429.2		0.839696
429.3		0.839696
429.4		0.839696
429.5		0.839696
429.6		0.839696
429.7		0.839696
429.8		0.839696
429.9		0.839696
430		0.839696
430.1		0.839935
430.2		0.839935
430.3		0.839935
430.4		0.839935
430.5		0.839935
430.6		0.839935
430.7		0.839935
430.8		0.839935
430.9		0.839935
431		0.839935
431.1		0.843073
431.2		0.843073
431.3		0.843073
431.4		0.843073
431.5		0.843073
431.6		0.843073
431.7		0.843073
431.8		0.843073
431.9		0.843073
432		0.843073
432.1		0.844608
432.2		0.844608
432.3		0.844608
432.4		0.844608
432.5		0.844608
432.6		0.844608
432.7		0.844608
432.8		0.844608
432.9		0.844608
433		0.844608
433.1		0.849214
433.2		0.849214
433.3		0.849214
433.4		0.849214
433.5		0.849214
433.6		0.849214
433.7		0.849214
433.8		0.849214
433.9		0.849214
434		0.849214
434.1		0.849521
434.2		0.849521
434.3		0.849521
434.4		0.849521
434.5		0.849521
434.6		0.849521
434.7		0.849521
434.8		0.849521
434.9		0.849521
435		0.849521
435.1		0.849691
435.2		0.849691
435.3		0.849691
435.4		0.849691
435.5		0.849691
435.6		0.849691
435.7		0.849691
435.8		0.849691
435.9		0.849691
436		0.849691
436.1		0.850612
436.2		0.850612
436.3		0.850612
436.4		0.850612
436.5		0.850612
436.6		0.850612
436.7		0.850612
436.8		0.850612
436.9		0.850612
437		0.850612
437.1		0.85283
437.2		0.85283
437.3		0.85283
437.4		0.85283
437.5		0.85283
437.6		0.85283
437.7		0.85283
437.8		0.85283
437.9		0.85283
438		0.85283
438.1		0.854024
438.2		0.854024
438.3		0.854024
438.4		0.854024
438.5		0.854024
438.6		0.854024
438.7		0.854024
438.8		0.854024
438.9		0.854024
439		0.854024
439.1		0.86071
439.2		0.86071
439.3		0.86071
439.4		0.86071
439.5		0.86071
439.6		0.86071
439.7		0.86071
439.8		0.86071
439.9		0.86071
440		0.86071
440.1		0.861086
440.2		0.861086
440.3		0.861086
440.4		0.861086
440.5		0.861086
440.6		0.861086
440.7		0.861086
440.8		0.861086
440.9		0.861086
441		0.861086
441.1		0.863576
441.2		0.863576
441.3		0.863576
441.4		0.863576
441.5		0.863576
441.6		0.863576
441.7		0.863576
441.8		0.863576
441.9		0.863576
442		0.863576
442.1		0.864633
442.2		0.864633
442.3		0.864633
442.4		0.864633
442.5		0.864633
442.6		0.864633
442.7		0.864633
442.8		0.864633
442.9		0.864633
443		0.864633
443.1		0.865964
443.2		0.865964
443.3		0.865964
443.4		0.865964
443.5		0.865964
443.6		0.865964
443.7		0.865964
443.8		0.865964
443.9		0.865964
444		0.865964
444.1		0.866476
444.2		0.866476
444.3		0.866476
444.4		0.866476
444.5		0.866476
444.6		0.866476
444.7		0.866476
444.8		0.866476
444.9		0.866476
445		0.866476
445.1		0.872719
445.2		0.872719
445.3		0.872719
445.4		0.872719
445.5		0.872719
445.6		0.872719
445.7		0.872719
445.8		0.872719
445.9		0.872719
446		0.872719
446.1		0.873469
446.2		0.873469
446.3		0.873469
446.4		0.873469
446.5		0.873469
446.6		0.873469
446.7		0.873469
446.8		0.873469
446.9		0.873469
447		0.873469
447.1		0.875516
447.2		0.875516
447.3		0.875516
447.4		0.875516
447.5		0.875516
447.6		0.875516
447.7		0.875516
447.8		0.875516
447.9		0.875516
448		0.875516
448.1		0.875721
448.2		0.875721
448.3		0.875721
448.4		0.875721
448.5		0.875721
448.6		0.875721
448.7		0.875721
448.8		0.875721
448.9		0.875721
449		0.875721
449.1		0.876642
449.2		0.876642
449.3		0.876642
449.4		0.876642
449.5		0.876642
449.6		0.876642
449.7		0.876642
449.8		0.876642
449.9		0.876642
450		0.876642
450.1		0.883124
450.2		0.883124
450.3		0.883124
450.4		0.883124
450.5		0.883124
450.6		0.883124
450.7		0.883124
450.8		0.883124
450.9		0.883124
451		0.883124
451.1		0.883465
451.2		0.883465
451.3		0.883465
451.4		0.883465
451.5		0.883465
451.6		0.883465
451.7		0.883465
451.8		0.883465
451.9		0.883465
452		0.883465
452.1		0.88517
452.2		0.88517
452.3		0.88517
452.4		0.88517
452.5		0.88517
452.6		0.88517
452.7		0.88517
452.8		0.88517
452.9		0.88517
453		0.88517
453.1		0.887217
453.2		0.887217
453.3		0.887217
453.4		0.887217
453.5		0.887217
453.6		0.887217
453.7		0.887217
453.8		0.887217
453.9		0.887217
454		0.887217
454.1		0.888821
454.2		0.888821
454.3		0.888821
454.4		0.888821
454.5		0.888821
454.6		0.888821
454.7		0.888821
454.8		0.888821
454.9		0.888821
455		0.888821
455.1		0.890322
455.2		0.890322
455.3		0.890322
455.4		0.890322
455.5		0.890322
455.6		0.890322
455.7		0.890322
455.8		0.890322
455.9		0.890322
456		0.890322
456.1		0.89462
456.2		0.89462
456.3		0.89462
456.4		0.89462
456.5		0.89462
456.6		0.89462
456.7		0.89462
456.8		0.89462
456.9		0.89462
457		0.89462
457.1		0.895166
457.2		0.895166
457.3		0.895166
457.4		0.895166
457.5		0.895166
457.6		0.895166
457.7		0.895166
457.8		0.895166
457.9		0.895166
458		0.895166
458.1		0.896769
458.2		0.896769
458.3		0.896769
458.4		0.896769
458.5		0.896769
458.6		0.896769
458.7		0.896769
458.8		0.896769
458.9		0.896769
459		0.896769
459.1		0.899396
459.2		0.899396
459.3		0.899396
459.4		0.899396
459.5		0.899396
459.6		0.899396
459.7		0.899396
459.8		0.899396
459.9		0.899396
460		0.899396
460.1		0.901307
460.2		0.901307
460.3		0.901307
460.4		0.901307
460.5		0.901307
460.6		0.901307
460.7		0.901307
460.8		0.901307
460.9		0.901307
461		0.901307
461.1		0.901614
461.2		0.901614
461.3		0.901614
461.4		0.901614
461.5		0.901614
461.6		0.901614
461.7		0.901614
461.8		0.901614
461.9		0.901614
462		0.901614
462.1		0.907925
462.2		0.907925
462.3		0.907925
462.4		0.907925
462.5		0.907925
462.6		0.907925
462.7		0.907925
462.8		0.907925
462.9		0.907925
463		0.907925
463.1		0.909324
463.2		0.909324
463.3		0.909324
463.4		0.909324
463.5		0.909324
463.6		0.909324
463.7		0.909324
463.8		0.909324
463.9		0.909324
464		0.909324
464.1		0.910245
464.2		0.910245
464.3		0.910245
464.4		0.910245
464.5		0.910245
464.6		0.910245
464.7		0.910245
464.8		0.910245
464.9		0.910245
465		0.910245
465.1		0.91195
465.2		0.91195
465.3		0.91195
465.4		0.91195
465.5		0.91195
465.6		0.91195
465.7		0.91195
465.8		0.91195
465.9		0.91195
466		0.91195
466.1		0.912189
466.2		0.912189
466.3		0.912189
466.4		0.912189
466.5		0.912189
466.6		0.912189
466.7		0.912189
466.8		0.912189
466.9		0.912189
467		0.912189
467.1		0.91253
467.2		0.91253
467.3		0.91253
467.4		0.91253
467.5		0.91253
467.6		0.91253
467.7		0.91253
467.8		0.91253
467.9		0.91253
468		0.91253
468.1		0.91734
468.2		0.91734
468.3		0.91734
468.4		0.91734
468.5		0.91734
468.6		0.91734
468.7		0.91734
468.8		0.91734
468.9		0.91734
469		0.91734
469.1		0.919285
469.2		0.919285
469.3		0.919285
469.4		0.919285
469.5		0.919285
469.6		0.919285
469.7		0.919285
469.8		0.919285
469.9		0.919285
470		0.919285
470.1		0.919763
470.2		0.919763
470.3		0.919763
470.4		0.919763
470.5		0.919763
470.6		0.919763
470.7		0.919763
470.8		0.919763
470.9		0.919763
471		0.919763
471.1		0.924197
471.2		0.924197
471.3		0.924197
471.4		0.924197
471.5		0.924197
471.6		0.924197
471.7		0.924197
471.8		0.924197
471.9		0.924197
472		0.924197
472.1		0.925016
472.2		0.925016
472.3		0.925016
472.4		0.925016
472.5		0.925016
472.6		0.925016
472.7		0.925016
472.8		0.925016
472.9		0.925016
473		0.925016
473.1		0.927643
473.2		0.927643
473.3		0.927643
473.4		0.927643
473.5		0.927643
473.6		0.927643
473.7		0.927643
473.8		0.927643
473.9		0.927643
474		0.927643
474.1		0.928223
474.2		0.928223
474.3		0.928223
474.4		0.928223
474.5		0.928223
474.6		0.928223
474.7		0.928223
474.8		0.928223
474.9		0.928223
475		0.928223
475.1		0.930713
475.2		0.930713
475.3		0.930713
475.4		0.930713
475.5		0.930713
475.6		0.930713
475.7		0.930713
475.8		0.930713
475.9		0.930713
476		0.930713
476.1		0.932931
476.2		0.932931
476.3		0.932931
476.4		0.932931
476.5		0.932931
476.6		0.932931
476.7		0.932931
476.8		0.932931
476.9		0.932931
477		0.932931
477.1		0.934978
477.2		0.934978
477.3		0.934978
477.4		0.934978
477.5		0.934978
477.6		0.934978
477.7		0.934978
477.8		0.934978
477.9		0.934978
478		0.934978
478.1		0.939003
478.2		0.939003
478.3		0.939003
478.4		0.939003
478.5		0.939003
478.6		0.939003
478.7		0.939003
478.8		0.939003
478.9		0.939003
479		0.939003
479.1		0.939242
479.2		0.939242
479.3		0.939242
479.4		0.939242
479.5		0.939242
479.6		0.939242
479.7		0.939242
479.8		0.939242
479.9		0.939242
480		0.939242
480.1		0.939583
480.2		0.939583
480.3		0.939583
480.4		0.939583
480.5		0.939583
480.6		0.939583
480.7		0.939583
480.8		0.939583
480.9		0.939583
481		0.939583
481.1		0.941084
481.2		0.941084
481.3		0.941084
481.4		0.941084
481.5		0.941084
481.6		0.941084
481.7		0.941084
481.8		0.941084
481.9		0.941084
482		0.941084
482.1		0.943267
482.2		0.943267
482.3		0.943267
482.4		0.943267
482.5		0.943267
482.6		0.943267
482.7		0.943267
482.8		0.943267
482.9		0.943267
483		0.943267
483.1		0.945758
483.2		0.945758
483.3		0.945758
483.4		0.945758
483.5		0.945758
483.6		0.945758
483.7		0.945758
483.8		0.945758
483.9		0.945758
484		0.945758
484.1		0.950227
484.2		0.950227
484.3		0.950227
484.4		0.950227
484.5		0.950227
484.6		0.950227
484.7		0.950227
484.8		0.950227
484.9		0.950227
485		0.950227
485.1		0.9505
485.2		0.9505
485.3		0.9505
485.4		0.9505
485.5		0.9505
485.6		0.9505
485.7		0.9505
485.8		0.9505
485.9		0.9505
486		0.9505
486.1		0.953127
486.2		0.953127
486.3		0.953127
486.4		0.953127
486.5		0.953127
486.6		0.953127
486.7		0.953127
486.8		0.953127
486.9		0.953127
487		0.953127
487.1		0.953979
487.2		0.953979
487.3		0.953979
487.4		0.953979
487.5		0.953979
487.6		0.953979
487.7		0.953979
487.8		0.953979
487.9		0.953979
488		0.953979
488.1		0.956504
488.2		0.956504
488.3		0.956504
488.4		0.956504
488.5		0.956504
488.6		0.956504
488.7		0.956504
488.8		0.956504
488.9		0.956504
489		0.956504
489.1		0.959608
489.2		0.959608
489.3		0.959608
489.4		0.959608
489.5		0.959608
489.6		0.959608
489.7		0.959608
489.8		0.959608
489.9		0.959608
490		0.959608
490.1		0.961348
490.2		0.961348
490.3		0.961348
490.4		0.961348
490.5		0.961348
490.6		0.961348
490.7		0.961348
490.8		0.961348
490.9		0.961348
491		0.961348
491.1		0.964282
491.2		0.964282
491.3		0.964282
491.4		0.964282
491.5		0.964282
491.6		0.964282
491.7		0.964282
491.8		0.964282
491.9		0.964282
492		0.964282
492.1		0.965067
492.2		0.965067
492.3		0.965067
492.4		0.965067
492.5		0.965067
492.6		0.965067
492.7		0.965067
492.8		0.965067
492.9		0.965067
493		0.965067
493.1		0.965408
493.2		0.965408
493.3		0.965408
493.4		0.965408
493.5		0.965408
493.6		0.965408
493.7		0.965408
493.8		0.965408
493.9		0.965408
494		0.965408
494.1		0.965988
494.2		0.965988
494.3		0.965988
494.4		0.965988
494.5		0.965988
494.6		0.965988
494.7		0.965988
494.8		0.965988
494.9		0.965988
495		0.965988
495.1		0.971344
495.2		0.971344
495.3		0.971344
495.4		0.971344
495.5		0.971344
495.6		0.971344
495.7		0.971344
495.8		0.971344
495.9		0.971344
496		0.971344
496.1		0.971992
496.2		0.971992
496.3		0.971992
496.4		0.971992
496.5		0.971992
496.6		0.971992
496.7		0.971992
496.8		0.971992
496.9		0.971992
497		0.971992
497.1		0.976529
497.2		0.976529
497.3		0.976529
497.4		0.976529
497.5		0.976529
497.6		0.976529
497.7		0.976529
497.8		0.976529
497.9		0.976529
498		0.976529
498.1		0.9767
498.2		0.9767
498.3		0.9767
498.4		0.9767
498.5		0.9767
498.6		0.9767
498.7		0.9767
498.8		0.9767
498.9		0.9767
499		0.9767
499.1		0.977075
499.2		0.977075
499.3		0.977075
499.4		0.977075
499.5		0.977075
499.6		0.977075
499.7		0.977075
499.8		0.977075
499.9		0.977075
500		0.977075
500.1		0.97745
500.2		0.97745
500.3		0.97745
500.4		0.97745
500.5		0.97745
500.6		0.97745
500.7		0.97745
500.8		0.97745
500.9		0.97745
501		0.97745
501.1		0.982295
501.2		0.982295
501.3		0.982295
501.4		0.982295
501.5		0.982295
501.6		0.982295
501.7		0.982295
501.8		0.982295
501.9		0.982295
502		0.982295
502.1		0.983625
502.2		0.983625
502.3		0.983625
502.4		0.983625
502.5		0.983625
502.6		0.983625
502.7		0.983625
502.8		0.983625
502.9		0.983625
503		0.983625
503.1		0.983966
503.2		0.983966
503.3		0.983966
503.4		0.983966
503.5		0.983966
503.6		0.983966
503.7		0.983966
503.8		0.983966
503.9		0.983966
504		0.983966
504.1		0.98748
504.2		0.98748
504.3		0.98748
504.4		0.98748
504.5		0.98748
504.6		0.98748
504.7		0.98748
504.8		0.98748
504.9		0.98748
505		0.98748
505.1		0.98881
505.2		0.98881
505.3		0.98881
505.4		0.98881
505.5		0.98881
505.6		0.98881
505.7		0.98881
505.8		0.98881
505.9		0.98881
506		0.98881
506.1		0.991813
506.2		0.991813
506.3		0.991813
506.4		0.991813
506.5		0.991813
506.6		0.991813
506.7		0.991813
506.8		0.991813
506.9		0.991813
507		0.991813
507.1		0.993007
507.2		0.993007
507.3		0.993007
507.4		0.993007
507.5		0.993007
507.6		0.993007
507.7		0.993007
507.8		0.993007
507.9		0.993007
508		0.993007
508.1		0.995156
508.2		0.995156
508.3		0.995156
508.4		0.995156
508.5		0.995156
508.6		0.995156
508.7		0.995156
508.8		0.995156
508.9		0.995156
509		0.995156
509.1		0.995633
509.2		0.995633
509.3		0.995633
509.4		0.995633
509.5		0.995633
509.6		0.995633
509.7		0.995633
509.8		0.995633
509.9		0.995633
510		0.995633
510.1		0.998124
510.2		0.998124
510.3		0.998124
510.4		0.998124
510.5		0.998124
510.6		0.998124
510.7		0.998124
510.8		0.998124
510.9		0.998124
511		0.998124
511.1		0.999966
511.2		0.999966
511.3		0.999966
511.4		0.999966
511.5		0.999966
511.6		0.999966
511.7		0.999966
511.8		0.999966
511.9		0.999966
512		0.999966
512.1		1
512.2		1
512.3		1
512.4		1
512.5		1
512.6		1
512.7		1
512.8		1
512.9		1
513		1
513.1		1
513.2		1
513.3		1
513.4		1
513.5		1
513.6		1
513.7		1
513.8		1
513.9		1
514		1
514.1		1
514.2		1
514.3		1
514.4		1
514.5		1
514.6		1
514.7		1
514.8		1
514.9		1
515		1
515.1		1
515.2		1
515.3		1
515.4		1
515.5		1
515.6		1
515.7		1
515.8		1
515.9		1
516		1
516.1		1
516.2		1
516.3		1
516.4		1
516.5		1
516.6		1
516.7		1
516.8		1
516.9		1
517		1
517.1		1
517.2		1
517.3		1
517.4		1
517.5		1
517.6		1
517.7		1
517.8		1
517.9		1
518		1
518.1		1
518.2		1
518.3		1
518.4		1
518.5		1
518.6		1
518.7		1
518.8		1
518.9		1
519		1
519.1		1
519.2		1
519.3		1
519.4		1
519.5		1
519.6		1
519.7		1
519.8		1
519.9		1
520		1
520.1		1
520.2		1
520.3		1
520.4		1
520.5		1
520.6		1
520.7		1
520.8		1
520.9		1
521		1
521.1		1
521.2		1
521.3		1
521.4		1
521.5		1
521.6		1
521.7		1
521.8		1
521.9		1
522		1
522.1		1
522.2		1
522.3		1
522.4		1
522.5		1
522.6		1
522.7		1
522.8		1
522.9		1
523		1
523.1		1
523.2		1
523.3		1
523.4		1
523.5		1
523.6		1
523.7		1
523.8		1
523.9		1
524		1
524.1		1
524.2		1
524.3		1
524.4		1
524.5		1
524.6		1
524.7		1
524.8		1
524.9		1
525		1
525.1		1
525.2		1
525.3		1
525.4		1
525.5		1
525.6		1
525.7		1
525.8		1
525.9		1
526		1
526.1		1
526.2		1
526.3		1
526.4		1
526.5		1
526.6		1
526.7		1
526.8		1
526.9		1
527		1
527.1		1
527.2		1
527.3		1
527.4		1
527.5		1
527.6		1
527.7		1
527.8		1
527.9		1
528		1
528.1		1
528.2		1
528.3		1
528.4		1
528.5		1
528.6		1
528.7		1
528.8		1
528.9		1
529		1
529.1		1
529.2		1
529.3		1
529.4		1
529.5		1
529.6		1
529.7		1
529.8		1
529.9		1
530		1
530.1		1
530.2		1
530.3		1
530.4		1
530.5		1
530.6		1
530.7		1
530.8		1
530.9		1
531		1
531.1		1
531.2		1
531.3		1
531.4		1
531.5		1
531.6		1
531.7		1
531.8		1
531.9		1
532		1
532.1		1
532.2		1
532.3		1
532.4		1
532.5		1
532.6		1
532.7		1
532.8		1
532.9		1
533		1
533.1		1
533.2		1
533.3		1
533.4		1
533.5		1
533.6		1
533.7		1
533.8		1
533.9		1
534		1
534.1		1
534.2		1
534.3		1
534.4		1
534.5		1
534.6		1
534.7		1
534.8		1
534.9		1
535		1
535.1		1
535.2		1
535.3		1
535.4		1
535.5		1
535.6		1
535.7		1
535.8		1
535.9		1
536		1
536.1		1
536.2		1
536.3		1
536.4		1
536.5		1
536.6		1
536.7		1
536.8		1
536.9		1
537		1
537.1		1
537.2		1
537.3		1
537.4		1
537.5		1
537.6		1
537.7		1
537.8		1
537.9		1
538		1
538.1		1
538.2		1
538.3		1
538.4		1
538.5		1
538.6		1
538.7		1
538.8		1
538.9		1
539		1
539.1		1
539.2		1
539.3		1
539.4		1
539.5		1
539.6		1
539.7		1
539.8		1
539.9		1
540		1
540.1		1
540.2		1
540.3		1
540.4		1
540.5		1
540.6		1
540.7		1
540.8		1
540.9		1
541		1
541.1		1
541.2		1
541.3		1
541.4		1
541.5		1
541.6		1
541.7		1
541.8		1
541.9		1
542		1
542.1		1
542.2		1
542.3		1
542.4		1
542.5		1
542.6		1
542.7		1
542.8		1
542.9		1
543		1
543.1		1
543.2		1
543.3		1
543.4		1
543.5		1
543.6		1
543.7		1
543.8		1
543.9		1
544		1
544.1		1
544.2		1
544.3		1
544.4		1
544.5		1
544.6		1
544.7		1
544.8		1
544.9		1
545		1
545.1		1
545.2		1
545.3		1
545.4		1
545.5		1
545.6		1
545.7		1
545.8		1
545.9		1
546		1
546.1		1
546.2		1
546.3		1
546.4		1
546.5		1
546.6		1
546.7		1
546.8		1
546.9		1
547		1
547.1		1
547.2		1
547.3		1
547.4		1
547.5		1
547.6		1
547.7		1
547.8		1
547.9		1
548		1
548.1		1
548.2		1
548.3		1
548.4		1
548.5		1
548.6		1
548.7		1
548.8		1
548.9		1
549		1
549.1		1
549.2		1
549.3		1
549.4		1
549.5		1
549.6		1
549.7		1
549.8		1
549.9		1
550		1
550.1		1
550.2		1
550.3		1
550.4		1
550.5		1
550.6		1
550.7		1
550.8		1
550.9		1
551		1
551.1		1
551.2		1
551.3		1
551.4		1
551.5		1
551.6		1
551.7		1
551.8		1
551.9		1
552		1
552.1		1
552.2		1
552.3		1
552.4		1
552.5		1
552.6		1
552.7		1
552.8		1
552.9		1
553		1
553.1		1
553.2		1
553.3		1
553.4		1
553.5		1
553.6		1
553.7		1
553.8		1
553.9		1
554		1
554.1		1
554.2		1
554.3		1
554.4		1
554.5		1
554.6		1
554.7		1
554.8		1
554.9		1
555		1
555.1		1
555.2		1
555.3		1
555.4		1
555.5		1
555.6		1
555.7		1
555.8		1
555.9		1
556		1
556.1		1
556.2		1
556.3		1
556.4		1
556.5		1
556.6		1
556.7		1
556.8		1
556.9		1
557		1
557.1		1
557.2		1
557.3		1
557.4		1
557.5		1
557.6		1
557.7		1
557.8		1
557.9		1
558		1
558.1		1
558.2		1
558.3		1
558.4		1
558.5		1
558.6		1
558.7		1
558.8		1
558.9		1
559		1
559.1		1
559.2		1
559.3		1
559.4		1
559.5		1
559.6		1
559.7		1
559.8		1
559.9		1
560		1
560.1		1
560.2		1
560.3		1
560.4		1
560.5		1
560.6		1
560.7		1
560.8		1
560.9		1
561		1
561.1		1
561.2		1
561.3		1
561.4		1
561.5		1
561.6		1
561.7		1
561.8		1
561.9		1
562		1
562.1		1
562.2		1
562.3		1
562.4		1
562.5		1
562.6		1
562.7		1
562.8		1
562.9		1
563		1
563.1		1
563.2		1
563.3		1
563.4		1
563.5		1
563.6		1
563.7		1
563.8		1
563.9		1
564		1
564.1		1
564.2		1
564.3		1
564.4		1
564.5		1
564.6		1
564.7		1
564.8		1
564.9		1
565		1
565.1		1
565.2		1
565.3		1
565.4		1
565.5		1
565.6		1
565.7		1
565.8		1
565.9		1
566		1
566.1		1
566.2		1
566.3		1
566.4		1
566.5		1
566.6		1
566.7		1
566.8		1
566.9		1
567		1
567.1		1
567.2		1
567.3		1
567.4		1
567.5		1
567.6		1
567.7		1
567.8		1
567.9		1
568		1
568.1		1
568.2		1
568.3		1
568.4		1
568.5		1
568.6		1
568.7		1
568.8		1
568.9		1
569		1
569.1		1
569.2		1
569.3		1
569.4		1
569.5		1
569.6		1
569.7		1
569.8		1
569.9		1
570		1
570.1		1
570.2		1
570.3		1
570.4		1
570.5		1
570.6		1
570.7		1
570.8		1
570.9		1
571		1
571.1		1
571.2		1
571.3		1
571.4		1
571.5		1
571.6		1
571.7		1
571.8		1
571.9		1
572		1
572.1		1
572.2		1
572.3		1
572.4		1
572.5		1
572.6		1
572.7		1
572.8		1
572.9		1
573		1
573.1		1
573.2		1
573.3		1
573.4		1
573.5		1
573.6		1
573.7		1
573.8		1
573.9		1
574		1
574.1		1
574.2		1
574.3		1
574.4		1
574.5		1
574.6		1
574.7		1
574.8		1
574.9		1
575		1
575.1		1
575.2		1
575.3		1
575.4		1
575.5		1
575.6		1
575.7		1
575.8		1
575.9		1
576		1
576.1		1
576.2		1
576.3		1
576.4		1
576.5		1
576.6		1
576.7		1
576.8		1
576.9		1
577		1
577.1		1
577.2		1
577.3		1
577.4		1
577.5		1
577.6		1
577.7		1
577.8		1
577.9		1
578		1
578.1		1
578.2		1
578.3		1
578.4		1
578.5		1
578.6		1
578.7		1
578.8		1
578.9		1
579		1
579.1		1
579.2		1
579.3		1
579.4		1
579.5		1
579.6		1
579.7		1
579.8		1
579.9		1
580		1
580.1		1
580.2		1
580.3		1
580.4		1
580.5		1
580.6		1
580.7		1
580.8		1
580.9		1
581		1
581.1		1
581.2		1
581.3		1
581.4		1
581.5		1
581.6		1
581.7		1
581.8		1
581.9		1
582		1
582.1		1
582.2		1
582.3		1
582.4		1
582.5		1
582.6		1
582.7		1
582.8		1
582.9		1
583		1
583.1		1
583.2		1
583.3		1
583.4		1
583.5		1
583.6		1
583.7		1
583.8		1
583.9		1
584		1
584.1		1
584.2		1
584.3		1
584.4		1
584.5		1
584.6		1
584.7		1
584.8		1
584.9		1
585		1
585.1		1
585.2		1
585.3		1
585.4		1
585.5		1
585.6		1
585.7		1
585.8		1
585.9		1
586		1
586.1		1
586.2		1
586.3		1
586.4		1
586.5		1
586.6		1
586.7		1
586.8		1
586.9		1
587		1
587.1		1
587.2		1
587.3		1
587.4		1
587.5		1
587.6		1
587.7		1
587.8		1
587.9		1
588		1
588.1		1
588.2		1
588.3		1
588.4		1
588.5		1
588.6		1
588.7		1
588.8		1
588.9		1
589		1
589.1		1
589.2		1
589.3		1
589.4		1
589.5		1
589.6		1
589.7		1
589.8		1
589.9		1
590		1
590.1		1
590.2		1
590.3		1
590.4		1
590.5		1
590.6		1
590.7		1
590.8		1
590.9		1
591		1
591.1		1
591.2		1
591.3		1
591.4		1
591.5		1
591.6		1
591.7		1
591.8		1
591.9		1
592		1
592.1		1
592.2		1
592.3		1
592.4		1
592.5		1
592.6		1
592.7		1
592.8		1
592.9		1
593		1
593.1		1
593.2		1
593.3		1
593.4		1
593.5		1
593.6		1
593.7		1
593.8		1
593.9		1
594		1
594.1		1
594.2		1
594.3		1
594.4		1
594.5		1
594.6		1
594.7		1
594.8		1
594.9		1
595		1
595.1		1
595.2		1
595.3		1
595.4		1
595.5		1
595.6		1
595.7		1
595.8		1
595.9		1
596		1
596.1		1
596.2		1
596.3		1
596.4		1
596.5		1
596.6		1
596.7		1
596.8		1
596.9		1
597		1
597.1		1
597.2		1
597.3		1
597.4		1
597.5		1
597.6		1
597.7		1
597.8		1
597.9		1
598		1
598.1		1
598.2		1
598.3		1
598.4		1
598.5		1
598.6		1
598.7		1
598.8		1
598.9		1
599		1
599.1		1
599.2		1
599.3		1
599.4		1
599.5		1
599.6		1
599.7		1
599.8		1
599.9		1
600		1
