# Calibration file of tamex_id 1 @ channel 5
# fine_T bin		 Calibration value
0.1		0
0.2		0
0.3		0
0.4		0
0.5		0
0.6		0
0.7		0
0.8		0
0.9		0
1		0
1.1		0
1.2		0
1.3		0
1.4		0
1.5		0
1.6		0
1.7		0
1.8		0
1.9		0
2		0
2.1		0
2.2		0
2.3		0
2.4		0
2.5		0
2.6		0
2.7		0
2.8		0
2.9		0
3		0
3.1		0
3.2		0
3.3		0
3.4		0
3.5		0
3.6		0
3.7		0
3.8		0
3.9		0
4		0
4.1		0
4.2		0
4.3		0
4.4		0
4.5		0
4.6		0
4.7		0
4.8		0
4.9		0
5		0
5.1		0
5.2		0
5.3		0
5.4		0
5.5		0
5.6		0
5.7		0
5.8		0
5.9		0
6		0
6.1		0
6.2		0
6.3		0
6.4		0
6.5		0
6.6		0
6.7		0
6.8		0
6.9		0
7		0
7.1		0
7.2		0
7.3		0
7.4		0
7.5		0
7.6		0
7.7		0
7.8		0
7.9		0
8		0
8.1		0
8.2		0
8.3		0
8.4		0
8.5		0
8.6		0
8.7		0
8.8		0
8.9		0
9		0
9.1		0
9.2		0
9.3		0
9.4		0
9.5		0
9.6		0
9.7		0
9.8		0
9.9		0
10		0
10.1		0
10.2		0
10.3		0
10.4		0
10.5		0
10.6		0
10.7		0
10.8		0
10.9		0
11		0
11.1		0
11.2		0
11.3		0
11.4		0
11.5		0
11.6		0
11.7		0
11.8		0
11.9		0
12		0
12.1		0
12.2		0
12.3		0
12.4		0
12.5		0
12.6		0
12.7		0
12.8		0
12.9		0
13		0
13.1		0
13.2		0
13.3		0
13.4		0
13.5		0
13.6		0
13.7		0
13.8		0
13.9		0
14		0
14.1		0
14.2		0
14.3		0
14.4		0
14.5		0
14.6		0
14.7		0
14.8		0
14.9		0
15		0
15.1		0
15.2		0
15.3		0
15.4		0
15.5		0
15.6		0
15.7		0
15.8		0
15.9		0
16		0
16.1		0.0041953
16.2		0.0041953
16.3		0.0041953
16.4		0.0041953
16.5		0.0041953
16.6		0.0041953
16.7		0.0041953
16.8		0.0041953
16.9		0.0041953
17		0.0041953
17.1		0.00912702
17.2		0.00912702
17.3		0.00912702
17.4		0.00912702
17.5		0.00912702
17.6		0.00912702
17.7		0.00912702
17.8		0.00912702
17.9		0.00912702
18		0.00912702
18.1		0.00928323
18.2		0.00928323
18.3		0.00928323
18.4		0.00928323
18.5		0.00928323
18.6		0.00928323
18.7		0.00928323
18.8		0.00928323
18.9		0.00928323
19		0.00928323
19.1		0.0114478
19.2		0.0114478
19.3		0.0114478
19.4		0.0114478
19.5		0.0114478
19.6		0.0114478
19.7		0.0114478
19.8		0.0114478
19.9		0.0114478
20		0.0114478
20.1		0.017473
20.2		0.017473
20.3		0.017473
20.4		0.017473
20.5		0.017473
20.6		0.017473
20.7		0.017473
20.8		0.017473
20.9		0.017473
21		0.017473
21.1		0.0178077
21.2		0.0178077
21.3		0.0178077
21.4		0.0178077
21.5		0.0178077
21.6		0.0178077
21.7		0.0178077
21.8		0.0178077
21.9		0.0178077
22		0.0178077
22.1		0.0192359
22.2		0.0192359
22.3		0.0192359
22.4		0.0192359
22.5		0.0192359
22.6		0.0192359
22.7		0.0192359
22.8		0.0192359
22.9		0.0192359
23		0.0192359
23.1		0.020374
23.2		0.020374
23.3		0.020374
23.4		0.020374
23.5		0.020374
23.6		0.020374
23.7		0.020374
23.8		0.020374
23.9		0.020374
24		0.020374
24.1		0.0212889
24.2		0.0212889
24.3		0.0212889
24.4		0.0212889
24.5		0.0212889
24.6		0.0212889
24.7		0.0212889
24.8		0.0212889
24.9		0.0212889
25		0.0212889
25.1		0.0268901
25.2		0.0268901
25.3		0.0268901
25.4		0.0268901
25.5		0.0268901
25.6		0.0268901
25.7		0.0268901
25.8		0.0268901
25.9		0.0268901
26		0.0268901
26.1		0.029077
26.2		0.029077
26.3		0.029077
26.4		0.029077
26.5		0.029077
26.6		0.029077
26.7		0.029077
26.8		0.029077
26.9		0.029077
27		0.029077
27.1		0.0291663
27.2		0.0291663
27.3		0.0291663
27.4		0.0291663
27.5		0.0291663
27.6		0.0291663
27.7		0.0291663
27.8		0.0291663
27.9		0.0291663
28		0.0291663
28.1		0.0307953
28.2		0.0307953
28.3		0.0307953
28.4		0.0307953
28.5		0.0307953
28.6		0.0307953
28.7		0.0307953
28.8		0.0307953
28.9		0.0307953
29		0.0307953
29.1		0.0338079
29.2		0.0338079
29.3		0.0338079
29.4		0.0338079
29.5		0.0338079
29.6		0.0338079
29.7		0.0338079
29.8		0.0338079
29.9		0.0338079
30		0.0338079
30.1		0.0359948
30.2		0.0359948
30.3		0.0359948
30.4		0.0359948
30.5		0.0359948
30.6		0.0359948
30.7		0.0359948
30.8		0.0359948
30.9		0.0359948
31		0.0359948
31.1		0.0365973
31.2		0.0365973
31.3		0.0365973
31.4		0.0365973
31.5		0.0365973
31.6		0.0365973
31.7		0.0365973
31.8		0.0365973
31.9		0.0365973
32		0.0365973
32.1		0.0387619
32.2		0.0387619
32.3		0.0387619
32.4		0.0387619
32.5		0.0387619
32.6		0.0387619
32.7		0.0387619
32.8		0.0387619
32.9		0.0387619
33		0.0387619
33.1		0.0434259
33.2		0.0434259
33.3		0.0434259
33.4		0.0434259
33.5		0.0434259
33.6		0.0434259
33.7		0.0434259
33.8		0.0434259
33.9		0.0434259
34		0.0434259
34.1		0.0438275
34.2		0.0438275
34.3		0.0438275
34.4		0.0438275
34.5		0.0438275
34.6		0.0438275
34.7		0.0438275
34.8		0.0438275
34.9		0.0438275
35		0.0438275
35.1		0.0480229
35.2		0.0480229
35.3		0.0480229
35.4		0.0480229
35.5		0.0480229
35.6		0.0480229
35.7		0.0480229
35.8		0.0480229
35.9		0.0480229
36		0.0480229
36.1		0.0481344
36.2		0.0481344
36.3		0.0481344
36.4		0.0481344
36.5		0.0481344
36.6		0.0481344
36.7		0.0481344
36.8		0.0481344
36.9		0.0481344
37		0.0481344
37.1		0.0492948
37.2		0.0492948
37.3		0.0492948
37.4		0.0492948
37.5		0.0492948
37.6		0.0492948
37.7		0.0492948
37.8		0.0492948
37.9		0.0492948
38		0.0492948
38.1		0.0538249
38.2		0.0538249
38.3		0.0538249
38.4		0.0538249
38.5		0.0538249
38.6		0.0538249
38.7		0.0538249
38.8		0.0538249
38.9		0.0538249
39		0.0538249
39.1		0.054963
39.2		0.054963
39.3		0.054963
39.4		0.054963
39.5		0.054963
39.6		0.054963
39.7		0.054963
39.8		0.054963
39.9		0.054963
40		0.054963
40.1		0.0562126
40.2		0.0562126
40.3		0.0562126
40.4		0.0562126
40.5		0.0562126
40.6		0.0562126
40.7		0.0562126
40.8		0.0562126
40.9		0.0562126
41		0.0562126
41.1		0.0573507
41.2		0.0573507
41.3		0.0573507
41.4		0.0573507
41.5		0.0573507
41.6		0.0573507
41.7		0.0573507
41.8		0.0573507
41.9		0.0573507
42		0.0573507
42.1		0.0609435
42.2		0.0609435
42.3		0.0609435
42.4		0.0609435
42.5		0.0609435
42.6		0.0609435
42.7		0.0609435
42.8		0.0609435
42.9		0.0609435
43		0.0609435
43.1		0.0627734
43.2		0.0627734
43.3		0.0627734
43.4		0.0627734
43.5		0.0627734
43.6		0.0627734
43.7		0.0627734
43.8		0.0627734
43.9		0.0627734
44		0.0627734
44.1		0.0647371
44.2		0.0647371
44.3		0.0647371
44.4		0.0647371
44.5		0.0647371
44.6		0.0647371
44.7		0.0647371
44.8		0.0647371
44.9		0.0647371
45		0.0647371
45.1		0.0651165
45.2		0.0651165
45.3		0.0651165
45.4		0.0651165
45.5		0.0651165
45.6		0.0651165
45.7		0.0651165
45.8		0.0651165
45.9		0.0651165
46		0.0651165
46.1		0.0677051
46.2		0.0677051
46.3		0.0677051
46.4		0.0677051
46.5		0.0677051
46.6		0.0677051
46.7		0.0677051
46.8		0.0677051
46.9		0.0677051
47		0.0677051
47.1		0.0694011
47.2		0.0694011
47.3		0.0694011
47.4		0.0694011
47.5		0.0694011
47.6		0.0694011
47.7		0.0694011
47.8		0.0694011
47.9		0.0694011
48		0.0694011
48.1		0.0721235
48.2		0.0721235
48.3		0.0721235
48.4		0.0721235
48.5		0.0721235
48.6		0.0721235
48.7		0.0721235
48.8		0.0721235
48.9		0.0721235
49		0.0721235
49.1		0.0740204
49.2		0.0740204
49.3		0.0740204
49.4		0.0740204
49.5		0.0740204
49.6		0.0740204
49.7		0.0740204
49.8		0.0740204
49.9		0.0740204
50		0.0740204
50.1		0.0740873
50.2		0.0740873
50.3		0.0740873
50.4		0.0740873
50.5		0.0740873
50.6		0.0740873
50.7		0.0740873
50.8		0.0740873
50.9		0.0740873
51		0.0740873
51.1		0.076118
51.2		0.076118
51.3		0.076118
51.4		0.076118
51.5		0.076118
51.6		0.076118
51.7		0.076118
51.8		0.076118
51.9		0.076118
52		0.076118
52.1		0.0783272
52.2		0.0783272
52.3		0.0783272
52.4		0.0783272
52.5		0.0783272
52.6		0.0783272
52.7		0.0783272
52.8		0.0783272
52.9		0.0783272
53		0.0783272
53.1		0.0811836
53.2		0.0811836
53.3		0.0811836
53.4		0.0811836
53.5		0.0811836
53.6		0.0811836
53.7		0.0811836
53.8		0.0811836
53.9		0.0811836
54		0.0811836
54.1		0.0837276
54.2		0.0837276
54.3		0.0837276
54.4		0.0837276
54.5		0.0837276
54.6		0.0837276
54.7		0.0837276
54.8		0.0837276
54.9		0.0837276
55		0.0837276
55.1		0.0842408
55.2		0.0842408
55.3		0.0842408
55.4		0.0842408
55.5		0.0842408
55.6		0.0842408
55.7		0.0842408
55.8		0.0842408
55.9		0.0842408
56		0.0842408
56.1		0.0859814
56.2		0.0859814
56.3		0.0859814
56.4		0.0859814
56.5		0.0859814
56.6		0.0859814
56.7		0.0859814
56.8		0.0859814
56.9		0.0859814
57		0.0859814
57.1		0.0864501
57.2		0.0864501
57.3		0.0864501
57.4		0.0864501
57.5		0.0864501
57.6		0.0864501
57.7		0.0864501
57.8		0.0864501
57.9		0.0864501
58		0.0864501
58.1		0.0917835
58.2		0.0917835
58.3		0.0917835
58.4		0.0917835
58.5		0.0917835
58.6		0.0917835
58.7		0.0917835
58.8		0.0917835
58.9		0.0917835
59		0.0917835
59.1		0.0936803
59.2		0.0936803
59.3		0.0936803
59.4		0.0936803
59.5		0.0936803
59.6		0.0936803
59.7		0.0936803
59.8		0.0936803
59.9		0.0936803
60		0.0936803
60.1		0.095287
60.2		0.095287
60.3		0.095287
60.4		0.095287
60.5		0.095287
60.6		0.095287
60.7		0.095287
60.8		0.095287
60.9		0.095287
61		0.095287
61.1		0.0960457
61.2		0.0960457
61.3		0.0960457
61.4		0.0960457
61.5		0.0960457
61.6		0.0960457
61.7		0.0960457
61.8		0.0960457
61.9		0.0960457
62		0.0960457
62.1		0.0995715
62.2		0.0995715
62.3		0.0995715
62.4		0.0995715
62.5		0.0995715
62.6		0.0995715
62.7		0.0995715
62.8		0.0995715
62.9		0.0995715
63		0.0995715
63.1		0.100799
63.2		0.100799
63.3		0.100799
63.4		0.100799
63.5		0.100799
63.6		0.100799
63.7		0.100799
63.8		0.100799
63.9		0.100799
64		0.100799
64.1		0.102383
64.2		0.102383
64.3		0.102383
64.4		0.102383
64.5		0.102383
64.6		0.102383
64.7		0.102383
64.8		0.102383
64.9		0.102383
65		0.102383
65.1		0.105128
65.2		0.105128
65.3		0.105128
65.4		0.105128
65.5		0.105128
65.6		0.105128
65.7		0.105128
65.8		0.105128
65.9		0.105128
66		0.105128
66.1		0.107694
66.2		0.107694
66.3		0.107694
66.4		0.107694
66.5		0.107694
66.6		0.107694
66.7		0.107694
66.8		0.107694
66.9		0.107694
67		0.107694
67.1		0.109569
67.2		0.109569
67.3		0.109569
67.4		0.109569
67.5		0.109569
67.6		0.109569
67.7		0.109569
67.8		0.109569
67.9		0.109569
68		0.109569
68.1		0.111488
68.2		0.111488
68.3		0.111488
68.4		0.111488
68.5		0.111488
68.6		0.111488
68.7		0.111488
68.8		0.111488
68.9		0.111488
69		0.111488
69.1		0.112157
69.2		0.112157
69.3		0.112157
69.4		0.112157
69.5		0.112157
69.6		0.112157
69.7		0.112157
69.8		0.112157
69.9		0.112157
70		0.112157
70.1		0.115996
70.2		0.115996
70.3		0.115996
70.4		0.115996
70.5		0.115996
70.6		0.115996
70.7		0.115996
70.8		0.115996
70.9		0.115996
71		0.115996
71.1		0.117513
71.2		0.117513
71.3		0.117513
71.4		0.117513
71.5		0.117513
71.6		0.117513
71.7		0.117513
71.8		0.117513
71.9		0.117513
72		0.117513
72.1		0.12066
72.2		0.12066
72.3		0.12066
72.4		0.12066
72.5		0.12066
72.6		0.12066
72.7		0.12066
72.8		0.12066
72.9		0.12066
73		0.12066
73.1		0.122177
73.2		0.122177
73.3		0.122177
73.4		0.122177
73.5		0.122177
73.6		0.122177
73.7		0.122177
73.8		0.122177
73.9		0.122177
74		0.122177
74.1		0.124052
74.2		0.124052
74.3		0.124052
74.4		0.124052
74.5		0.124052
74.6		0.124052
74.7		0.124052
74.8		0.124052
74.9		0.124052
75		0.124052
75.1		0.125457
75.2		0.125457
75.3		0.125457
75.4		0.125457
75.5		0.125457
75.6		0.125457
75.7		0.125457
75.8		0.125457
75.9		0.125457
76		0.125457
76.1		0.127332
76.2		0.127332
76.3		0.127332
76.4		0.127332
76.5		0.127332
76.6		0.127332
76.7		0.127332
76.8		0.127332
76.9		0.127332
77		0.127332
77.1		0.129206
77.2		0.129206
77.3		0.129206
77.4		0.129206
77.5		0.129206
77.6		0.129206
77.7		0.129206
77.8		0.129206
77.9		0.129206
78		0.129206
78.1		0.132264
78.2		0.132264
78.3		0.132264
78.4		0.132264
78.5		0.132264
78.6		0.132264
78.7		0.132264
78.8		0.132264
78.9		0.132264
79		0.132264
79.1		0.136526
79.2		0.136526
79.3		0.136526
79.4		0.136526
79.5		0.136526
79.6		0.136526
79.7		0.136526
79.8		0.136526
79.9		0.136526
80		0.136526
80.1		0.13666
80.2		0.13666
80.3		0.13666
80.4		0.13666
80.5		0.13666
80.6		0.13666
80.7		0.13666
80.8		0.13666
80.9		0.13666
81		0.13666
81.1		0.14032
81.2		0.14032
81.3		0.14032
81.4		0.14032
81.5		0.14032
81.6		0.14032
81.7		0.14032
81.8		0.14032
81.9		0.14032
82		0.14032
82.1		0.140409
82.2		0.140409
82.3		0.140409
82.4		0.140409
82.5		0.140409
82.6		0.140409
82.7		0.140409
82.8		0.140409
82.9		0.140409
83		0.140409
83.1		0.140654
83.2		0.140654
83.3		0.140654
83.4		0.140654
83.5		0.140654
83.6		0.140654
83.7		0.140654
83.8		0.140654
83.9		0.140654
84		0.140654
84.1		0.145854
84.2		0.145854
84.3		0.145854
84.4		0.145854
84.5		0.145854
84.6		0.145854
84.7		0.145854
84.8		0.145854
84.9		0.145854
85		0.145854
85.1		0.146836
85.2		0.146836
85.3		0.146836
85.4		0.146836
85.5		0.146836
85.6		0.146836
85.7		0.146836
85.8		0.146836
85.9		0.146836
86		0.146836
86.1		0.149357
86.2		0.149357
86.3		0.149357
86.4		0.149357
86.5		0.149357
86.6		0.149357
86.7		0.149357
86.8		0.149357
86.9		0.149357
87		0.149357
87.1		0.149514
87.2		0.149514
87.3		0.149514
87.4		0.149514
87.5		0.149514
87.6		0.149514
87.7		0.149514
87.8		0.149514
87.9		0.149514
88		0.149514
88.1		0.154735
88.2		0.154735
88.3		0.154735
88.4		0.154735
88.5		0.154735
88.6		0.154735
88.7		0.154735
88.8		0.154735
88.9		0.154735
89		0.154735
89.1		0.15507
89.2		0.15507
89.3		0.15507
89.4		0.15507
89.5		0.15507
89.6		0.15507
89.7		0.15507
89.8		0.15507
89.9		0.15507
90		0.15507
90.1		0.155963
90.2		0.155963
90.3		0.155963
90.4		0.155963
90.5		0.155963
90.6		0.155963
90.7		0.155963
90.8		0.155963
90.9		0.155963
91		0.155963
91.1		0.1569
91.2		0.1569
91.3		0.1569
91.4		0.1569
91.5		0.1569
91.6		0.1569
91.7		0.1569
91.8		0.1569
91.9		0.1569
92		0.1569
92.1		0.161162
92.2		0.161162
92.3		0.161162
92.4		0.161162
92.5		0.161162
92.6		0.161162
92.7		0.161162
92.8		0.161162
92.9		0.161162
93		0.161162
93.1		0.164376
93.2		0.164376
93.3		0.164376
93.4		0.164376
93.5		0.164376
93.6		0.164376
93.7		0.164376
93.8		0.164376
93.9		0.164376
94		0.164376
94.1		0.166094
94.2		0.166094
94.3		0.166094
94.4		0.166094
94.5		0.166094
94.6		0.166094
94.7		0.166094
94.8		0.166094
94.9		0.166094
95		0.166094
95.1		0.16712
95.2		0.16712
95.3		0.16712
95.4		0.16712
95.5		0.16712
95.6		0.16712
95.7		0.16712
95.8		0.16712
95.9		0.16712
96		0.16712
96.1		0.169709
96.2		0.169709
96.3		0.169709
96.4		0.169709
96.5		0.169709
96.6		0.169709
96.7		0.169709
96.8		0.169709
96.9		0.169709
97		0.169709
97.1		0.175533
97.2		0.175533
97.3		0.175533
97.4		0.175533
97.5		0.175533
97.6		0.175533
97.7		0.175533
97.8		0.175533
97.9		0.175533
98		0.175533
98.1		0.176024
98.2		0.176024
98.3		0.176024
98.4		0.176024
98.5		0.176024
98.6		0.176024
98.7		0.176024
98.8		0.176024
98.9		0.176024
99		0.176024
99.1		0.178836
99.2		0.178836
99.3		0.178836
99.4		0.178836
99.5		0.178836
99.6		0.178836
99.7		0.178836
99.8		0.178836
99.9		0.178836
100		0.178836
100.1		0.178948
100.2		0.178948
100.3		0.178948
100.4		0.178948
100.5		0.178948
100.6		0.178948
100.7		0.178948
100.8		0.178948
100.9		0.178948
101		0.178948
101.1		0.181737
101.2		0.181737
101.3		0.181737
101.4		0.181737
101.5		0.181737
101.6		0.181737
101.7		0.181737
101.8		0.181737
101.9		0.181737
102		0.181737
102.1		0.182875
102.2		0.182875
102.3		0.182875
102.4		0.182875
102.5		0.182875
102.6		0.182875
102.7		0.182875
102.8		0.182875
102.9		0.182875
103		0.182875
103.1		0.185508
103.2		0.185508
103.3		0.185508
103.4		0.185508
103.5		0.185508
103.6		0.185508
103.7		0.185508
103.8		0.185508
103.9		0.185508
104		0.185508
104.1		0.186646
104.2		0.186646
104.3		0.186646
104.4		0.186646
104.5		0.186646
104.6		0.186646
104.7		0.186646
104.8		0.186646
104.9		0.186646
105		0.186646
105.1		0.188766
105.2		0.188766
105.3		0.188766
105.4		0.188766
105.5		0.188766
105.6		0.188766
105.7		0.188766
105.8		0.188766
105.9		0.188766
106		0.188766
106.1		0.191221
106.2		0.191221
106.3		0.191221
106.4		0.191221
106.5		0.191221
106.6		0.191221
106.7		0.191221
106.8		0.191221
106.9		0.191221
107		0.191221
107.1		0.193832
107.2		0.193832
107.3		0.193832
107.4		0.193832
107.5		0.193832
107.6		0.193832
107.7		0.193832
107.8		0.193832
107.9		0.193832
108		0.193832
108.1		0.194479
108.2		0.194479
108.3		0.194479
108.4		0.194479
108.5		0.194479
108.6		0.194479
108.7		0.194479
108.8		0.194479
108.9		0.194479
109		0.194479
109.1		0.196711
109.2		0.196711
109.3		0.196711
109.4		0.196711
109.5		0.196711
109.6		0.196711
109.7		0.196711
109.8		0.196711
109.9		0.196711
110		0.196711
110.1		0.201062
110.2		0.201062
110.3		0.201062
110.4		0.201062
110.5		0.201062
110.6		0.201062
110.7		0.201062
110.8		0.201062
110.9		0.201062
111		0.201062
111.1		0.201419
111.2		0.201419
111.3		0.201419
111.4		0.201419
111.5		0.201419
111.6		0.201419
111.7		0.201419
111.8		0.201419
111.9		0.201419
112		0.201419
112.1		0.203271
112.2		0.203271
112.3		0.203271
112.4		0.203271
112.5		0.203271
112.6		0.203271
112.7		0.203271
112.8		0.203271
112.9		0.203271
113		0.203271
113.1		0.203673
113.2		0.203673
113.3		0.203673
113.4		0.203673
113.5		0.203673
113.6		0.203673
113.7		0.203673
113.8		0.203673
113.9		0.203673
114		0.203673
114.1		0.206887
114.2		0.206887
114.3		0.206887
114.4		0.206887
114.5		0.206887
114.6		0.206887
114.7		0.206887
114.8		0.206887
114.9		0.206887
115		0.206887
115.1		0.209832
115.2		0.209832
115.3		0.209832
115.4		0.209832
115.5		0.209832
115.6		0.209832
115.7		0.209832
115.8		0.209832
115.9		0.209832
116		0.209832
116.1		0.212532
116.2		0.212532
116.3		0.212532
116.4		0.212532
116.5		0.212532
116.6		0.212532
116.7		0.212532
116.8		0.212532
116.9		0.212532
117		0.212532
117.1		0.212912
117.2		0.212912
117.3		0.212912
117.4		0.212912
117.5		0.212912
117.6		0.212912
117.7		0.212912
117.8		0.212912
117.9		0.212912
118		0.212912
118.1		0.215188
118.2		0.215188
118.3		0.215188
118.4		0.215188
118.5		0.215188
118.6		0.215188
118.7		0.215188
118.8		0.215188
118.9		0.215188
119		0.215188
119.1		0.217553
119.2		0.217553
119.3		0.217553
119.4		0.217553
119.5		0.217553
119.6		0.217553
119.7		0.217553
119.8		0.217553
119.9		0.217553
120		0.217553
120.1		0.217776
120.2		0.217776
120.3		0.217776
120.4		0.217776
120.5		0.217776
120.6		0.217776
120.7		0.217776
120.8		0.217776
120.9		0.217776
121		0.217776
121.1		0.220923
121.2		0.220923
121.3		0.220923
121.4		0.220923
121.5		0.220923
121.6		0.220923
121.7		0.220923
121.8		0.220923
121.9		0.220923
122		0.220923
122.1		0.224984
122.2		0.224984
122.3		0.224984
122.4		0.224984
122.5		0.224984
122.6		0.224984
122.7		0.224984
122.8		0.224984
122.9		0.224984
123		0.224984
123.1		0.225386
123.2		0.225386
123.3		0.225386
123.4		0.225386
123.5		0.225386
123.6		0.225386
123.7		0.225386
123.8		0.225386
123.9		0.225386
124		0.225386
124.1		0.226546
124.2		0.226546
124.3		0.226546
124.4		0.226546
124.5		0.226546
124.6		0.226546
124.7		0.226546
124.8		0.226546
124.9		0.226546
125		0.226546
125.1		0.22793
125.2		0.22793
125.3		0.22793
125.4		0.22793
125.5		0.22793
125.6		0.22793
125.7		0.22793
125.8		0.22793
125.9		0.22793
126		0.22793
126.1		0.232795
126.2		0.232795
126.3		0.232795
126.4		0.232795
126.5		0.232795
126.6		0.232795
126.7		0.232795
126.8		0.232795
126.9		0.232795
127		0.232795
127.1		0.234134
127.2		0.234134
127.3		0.234134
127.4		0.234134
127.5		0.234134
127.6		0.234134
127.7		0.234134
127.8		0.234134
127.9		0.234134
128		0.234134
128.1		0.234335
128.2		0.234335
128.3		0.234335
128.4		0.234335
128.5		0.234335
128.6		0.234335
128.7		0.234335
128.8		0.234335
128.9		0.234335
129		0.234335
129.1		0.236633
129.2		0.236633
129.3		0.236633
129.4		0.236633
129.5		0.236633
129.6		0.236633
129.7		0.236633
129.8		0.236633
129.9		0.236633
130		0.236633
130.1		0.239713
130.2		0.239713
130.3		0.239713
130.4		0.239713
130.5		0.239713
130.6		0.239713
130.7		0.239713
130.8		0.239713
130.9		0.239713
131		0.239713
131.1		0.240694
131.2		0.240694
131.3		0.240694
131.4		0.240694
131.5		0.240694
131.6		0.240694
131.7		0.240694
131.8		0.240694
131.9		0.240694
132		0.240694
132.1		0.242993
132.2		0.242993
132.3		0.242993
132.4		0.242993
132.5		0.242993
132.6		0.242993
132.7		0.242993
132.8		0.242993
132.9		0.242993
133		0.242993
133.1		0.244934
133.2		0.244934
133.3		0.244934
133.4		0.244934
133.5		0.244934
133.6		0.244934
133.7		0.244934
133.8		0.244934
133.9		0.244934
134		0.244934
134.1		0.247344
134.2		0.247344
134.3		0.247344
134.4		0.247344
134.5		0.247344
134.6		0.247344
134.7		0.247344
134.8		0.247344
134.9		0.247344
135		0.247344
135.1		0.24942
135.2		0.24942
135.3		0.24942
135.4		0.24942
135.5		0.24942
135.6		0.24942
135.7		0.24942
135.8		0.24942
135.9		0.24942
136		0.24942
136.1		0.250781
136.2		0.250781
136.3		0.250781
136.4		0.250781
136.5		0.250781
136.6		0.250781
136.7		0.250781
136.8		0.250781
136.9		0.250781
137		0.250781
137.1		0.254285
137.2		0.254285
137.3		0.254285
137.4		0.254285
137.5		0.254285
137.6		0.254285
137.7		0.254285
137.8		0.254285
137.9		0.254285
138		0.254285
138.1		0.255534
138.2		0.255534
138.3		0.255534
138.4		0.255534
138.5		0.255534
138.6		0.255534
138.7		0.255534
138.8		0.255534
138.9		0.255534
139		0.255534
139.1		0.25761
139.2		0.25761
139.3		0.25761
139.4		0.25761
139.5		0.25761
139.6		0.25761
139.7		0.25761
139.8		0.25761
139.9		0.25761
140		0.25761
140.1		0.260332
140.2		0.260332
140.3		0.260332
140.4		0.260332
140.5		0.260332
140.6		0.260332
140.7		0.260332
140.8		0.260332
140.9		0.260332
141		0.260332
141.1		0.262273
141.2		0.262273
141.3		0.262273
141.4		0.262273
141.5		0.262273
141.6		0.262273
141.7		0.262273
141.8		0.262273
141.9		0.262273
142		0.262273
142.1		0.262497
142.2		0.262497
142.3		0.262497
142.4		0.262497
142.5		0.262497
142.6		0.262497
142.7		0.262497
142.8		0.262497
142.9		0.262497
143		0.262497
143.1		0.264996
143.2		0.264996
143.3		0.264996
143.4		0.264996
143.5		0.264996
143.6		0.264996
143.7		0.264996
143.8		0.264996
143.9		0.264996
144		0.264996
144.1		0.269057
144.2		0.269057
144.3		0.269057
144.4		0.269057
144.5		0.269057
144.6		0.269057
144.7		0.269057
144.8		0.269057
144.9		0.269057
145		0.269057
145.1		0.270597
145.2		0.270597
145.3		0.270597
145.4		0.270597
145.5		0.270597
145.6		0.270597
145.7		0.270597
145.8		0.270597
145.9		0.270597
146		0.270597
146.1		0.270731
146.2		0.270731
146.3		0.270731
146.4		0.270731
146.5		0.270731
146.6		0.270731
146.7		0.270731
146.8		0.270731
146.9		0.270731
147		0.270731
147.1		0.274971
147.2		0.274971
147.3		0.274971
147.4		0.274971
147.5		0.274971
147.6		0.274971
147.7		0.274971
147.8		0.274971
147.9		0.274971
148		0.274971
148.1		0.278742
148.2		0.278742
148.3		0.278742
148.4		0.278742
148.5		0.278742
148.6		0.278742
148.7		0.278742
148.8		0.278742
148.9		0.278742
149		0.278742
149.1		0.279635
149.2		0.279635
149.3		0.279635
149.4		0.279635
149.5		0.279635
149.6		0.279635
149.7		0.279635
149.8		0.279635
149.9		0.279635
150		0.279635
150.1		0.280617
150.2		0.280617
150.3		0.280617
150.4		0.280617
150.5		0.280617
150.6		0.280617
150.7		0.280617
150.8		0.280617
150.9		0.280617
151		0.280617
151.1		0.281353
151.2		0.281353
151.3		0.281353
151.4		0.281353
151.5		0.281353
151.6		0.281353
151.7		0.281353
151.8		0.281353
151.9		0.281353
152		0.281353
152.1		0.286039
152.2		0.286039
152.3		0.286039
152.4		0.286039
152.5		0.286039
152.6		0.286039
152.7		0.286039
152.8		0.286039
152.9		0.286039
153		0.286039
153.1		0.286463
153.2		0.286463
153.3		0.286463
153.4		0.286463
153.5		0.286463
153.6		0.286463
153.7		0.286463
153.8		0.286463
153.9		0.286463
154		0.286463
154.1		0.289074
154.2		0.289074
154.3		0.289074
154.4		0.289074
154.5		0.289074
154.6		0.289074
154.7		0.289074
154.8		0.289074
154.9		0.289074
155		0.289074
155.1		0.29019
155.2		0.29019
155.3		0.29019
155.4		0.29019
155.5		0.29019
155.6		0.29019
155.7		0.29019
155.8		0.29019
155.9		0.29019
156		0.29019
156.1		0.293136
156.2		0.293136
156.3		0.293136
156.4		0.293136
156.5		0.293136
156.6		0.293136
156.7		0.293136
156.8		0.293136
156.9		0.293136
157		0.293136
157.1		0.293337
157.2		0.293337
157.3		0.293337
157.4		0.293337
157.5		0.293337
157.6		0.293337
157.7		0.293337
157.8		0.293337
157.9		0.293337
158		0.293337
158.1		0.29539
158.2		0.29539
158.3		0.29539
158.4		0.29539
158.5		0.29539
158.6		0.29539
158.7		0.29539
158.8		0.29539
158.9		0.29539
159		0.29539
159.1		0.298313
159.2		0.298313
159.3		0.298313
159.4		0.298313
159.5		0.298313
159.6		0.298313
159.7		0.298313
159.8		0.298313
159.9		0.298313
160		0.298313
160.1		0.301794
160.2		0.301794
160.3		0.301794
160.4		0.301794
160.5		0.301794
160.6		0.301794
160.7		0.301794
160.8		0.301794
160.9		0.301794
161		0.301794
161.1		0.304204
161.2		0.304204
161.3		0.304204
161.4		0.304204
161.5		0.304204
161.6		0.304204
161.7		0.304204
161.8		0.304204
161.9		0.304204
162		0.304204
162.1		0.306079
162.2		0.306079
162.3		0.306079
162.4		0.306079
162.5		0.306079
162.6		0.306079
162.7		0.306079
162.8		0.306079
162.9		0.306079
163		0.306079
163.1		0.30619
163.2		0.30619
163.3		0.30619
163.4		0.30619
163.5		0.30619
163.6		0.30619
163.7		0.30619
163.8		0.30619
163.9		0.30619
164		0.30619
164.1		0.306592
164.2		0.306592
164.3		0.306592
164.4		0.306592
164.5		0.306592
164.6		0.306592
164.7		0.306592
164.8		0.306592
164.9		0.306592
165		0.306592
165.1		0.312528
165.2		0.312528
165.3		0.312528
165.4		0.312528
165.5		0.312528
165.6		0.312528
165.7		0.312528
165.8		0.312528
165.9		0.312528
166		0.312528
166.1		0.313153
166.2		0.313153
166.3		0.313153
166.4		0.313153
166.5		0.313153
166.6		0.313153
166.7		0.313153
166.8		0.313153
166.9		0.313153
167		0.313153
167.1		0.315317
167.2		0.315317
167.3		0.315317
167.4		0.315317
167.5		0.315317
167.6		0.315317
167.7		0.315317
167.8		0.315317
167.9		0.315317
168		0.315317
168.1		0.317884
168.2		0.317884
168.3		0.317884
168.4		0.317884
168.5		0.317884
168.6		0.317884
168.7		0.317884
168.8		0.317884
168.9		0.317884
169		0.317884
169.1		0.318955
169.2		0.318955
169.3		0.318955
169.4		0.318955
169.5		0.318955
169.6		0.318955
169.7		0.318955
169.8		0.318955
169.9		0.318955
170		0.318955
170.1		0.321521
170.2		0.321521
170.3		0.321521
170.4		0.321521
170.5		0.321521
170.6		0.321521
170.7		0.321521
170.8		0.321521
170.9		0.321521
171		0.321521
171.1		0.324534
171.2		0.324534
171.3		0.324534
171.4		0.324534
171.5		0.324534
171.6		0.324534
171.7		0.324534
171.8		0.324534
171.9		0.324534
172		0.324534
172.1		0.324801
172.2		0.324801
172.3		0.324801
172.4		0.324801
172.5		0.324801
172.6		0.324801
172.7		0.324801
172.8		0.324801
172.9		0.324801
173		0.324801
173.1		0.330046
173.2		0.330046
173.3		0.330046
173.4		0.330046
173.5		0.330046
173.6		0.330046
173.7		0.330046
173.8		0.330046
173.9		0.330046
174		0.330046
174.1		0.331094
174.2		0.331094
174.3		0.331094
174.4		0.331094
174.5		0.331094
174.6		0.331094
174.7		0.331094
174.8		0.331094
174.9		0.331094
175		0.331094
175.1		0.331451
175.2		0.331451
175.3		0.331451
175.4		0.331451
175.5		0.331451
175.6		0.331451
175.7		0.331451
175.8		0.331451
175.9		0.331451
176		0.331451
176.1		0.331741
176.2		0.331741
176.3		0.331741
176.4		0.331741
176.5		0.331741
176.6		0.331741
176.7		0.331741
176.8		0.331741
176.9		0.331741
177		0.331741
177.1		0.335067
177.2		0.335067
177.3		0.335067
177.4		0.335067
177.5		0.335067
177.6		0.335067
177.7		0.335067
177.8		0.335067
177.9		0.335067
178		0.335067
178.1		0.338034
178.2		0.338034
178.3		0.338034
178.4		0.338034
178.5		0.338034
178.6		0.338034
178.7		0.338034
178.8		0.338034
178.9		0.338034
179		0.338034
179.1		0.34011
179.2		0.34011
179.3		0.34011
179.4		0.34011
179.5		0.34011
179.6		0.34011
179.7		0.34011
179.8		0.34011
179.9		0.34011
180		0.34011
180.1		0.341493
180.2		0.341493
180.3		0.341493
180.4		0.341493
180.5		0.341493
180.6		0.341493
180.7		0.341493
180.8		0.341493
180.9		0.341493
181		0.341493
181.1		0.342877
181.2		0.342877
181.3		0.342877
181.4		0.342877
181.5		0.342877
181.6		0.342877
181.7		0.342877
181.8		0.342877
181.9		0.342877
182		0.342877
182.1		0.346737
182.2		0.346737
182.3		0.346737
182.4		0.346737
182.5		0.346737
182.6		0.346737
182.7		0.346737
182.8		0.346737
182.9		0.346737
183		0.346737
183.1		0.348076
183.2		0.348076
183.3		0.348076
183.4		0.348076
183.5		0.348076
183.6		0.348076
183.7		0.348076
183.8		0.348076
183.9		0.348076
184		0.348076
184.1		0.351044
184.2		0.351044
184.3		0.351044
184.4		0.351044
184.5		0.351044
184.6		0.351044
184.7		0.351044
184.8		0.351044
184.9		0.351044
185		0.351044
185.1		0.351669
185.2		0.351669
185.3		0.351669
185.4		0.351669
185.5		0.351669
185.6		0.351669
185.7		0.351669
185.8		0.351669
185.9		0.351669
186		0.351669
186.1		0.352406
186.2		0.352406
186.3		0.352406
186.4		0.352406
186.5		0.352406
186.6		0.352406
186.7		0.352406
186.8		0.352406
186.9		0.352406
187		0.352406
187.1		0.357248
187.2		0.357248
187.3		0.357248
187.4		0.357248
187.5		0.357248
187.6		0.357248
187.7		0.357248
187.8		0.357248
187.9		0.357248
188		0.357248
188.1		0.358029
188.2		0.358029
188.3		0.358029
188.4		0.358029
188.5		0.358029
188.6		0.358029
188.7		0.358029
188.8		0.358029
188.9		0.358029
189		0.358029
189.1		0.359569
189.2		0.359569
189.3		0.359569
189.4		0.359569
189.5		0.359569
189.6		0.359569
189.7		0.359569
189.8		0.359569
189.9		0.359569
190		0.359569
190.1		0.362336
190.2		0.362336
190.3		0.362336
190.4		0.362336
190.5		0.362336
190.6		0.362336
190.7		0.362336
190.8		0.362336
190.9		0.362336
191		0.362336
191.1		0.363943
191.2		0.363943
191.3		0.363943
191.4		0.363943
191.5		0.363943
191.6		0.363943
191.7		0.363943
191.8		0.363943
191.9		0.363943
192		0.363943
192.1		0.365683
192.2		0.365683
192.3		0.365683
192.4		0.365683
192.5		0.365683
192.6		0.365683
192.7		0.365683
192.8		0.365683
192.9		0.365683
193		0.365683
193.1		0.36787
193.2		0.36787
193.3		0.36787
193.4		0.36787
193.5		0.36787
193.6		0.36787
193.7		0.36787
193.8		0.36787
193.9		0.36787
194		0.36787
194.1		0.369209
194.2		0.369209
194.3		0.369209
194.4		0.369209
194.5		0.369209
194.6		0.369209
194.7		0.369209
194.8		0.369209
194.9		0.369209
195		0.369209
195.1		0.373695
195.2		0.373695
195.3		0.373695
195.4		0.373695
195.5		0.373695
195.6		0.373695
195.7		0.373695
195.8		0.373695
195.9		0.373695
196		0.373695
196.1		0.375569
196.2		0.375569
196.3		0.375569
196.4		0.375569
196.5		0.375569
196.6		0.375569
196.7		0.375569
196.8		0.375569
196.9		0.375569
197		0.375569
197.1		0.376506
197.2		0.376506
197.3		0.376506
197.4		0.376506
197.5		0.376506
197.6		0.376506
197.7		0.376506
197.8		0.376506
197.9		0.376506
198		0.376506
198.1		0.377667
198.2		0.377667
198.3		0.377667
198.4		0.377667
198.5		0.377667
198.6		0.377667
198.7		0.377667
198.8		0.377667
198.9		0.377667
199		0.377667
199.1		0.379921
199.2		0.379921
199.3		0.379921
199.4		0.379921
199.5		0.379921
199.6		0.379921
199.7		0.379921
199.8		0.379921
199.9		0.379921
200		0.379921
200.1		0.383223
200.2		0.383223
200.3		0.383223
200.4		0.383223
200.5		0.383223
200.6		0.383223
200.7		0.383223
200.8		0.383223
200.9		0.383223
201		0.383223
201.1		0.384919
201.2		0.384919
201.3		0.384919
201.4		0.384919
201.5		0.384919
201.6		0.384919
201.7		0.384919
201.8		0.384919
201.9		0.384919
202		0.384919
202.1		0.38637
202.2		0.38637
202.3		0.38637
202.4		0.38637
202.5		0.38637
202.6		0.38637
202.7		0.38637
202.8		0.38637
202.9		0.38637
203		0.38637
203.1		0.386593
203.2		0.386593
203.3		0.386593
203.4		0.386593
203.5		0.386593
203.6		0.386593
203.7		0.386593
203.8		0.386593
203.9		0.386593
204		0.386593
204.1		0.389405
204.2		0.389405
204.3		0.389405
204.4		0.389405
204.5		0.389405
204.6		0.389405
204.7		0.389405
204.8		0.389405
204.9		0.389405
205		0.389405
205.1		0.391837
205.2		0.391837
205.3		0.391837
205.4		0.391837
205.5		0.391837
205.6		0.391837
205.7		0.391837
205.8		0.391837
205.9		0.391837
206		0.391837
206.1		0.3936
206.2		0.3936
206.3		0.3936
206.4		0.3936
206.5		0.3936
206.6		0.3936
206.7		0.3936
206.8		0.3936
206.9		0.3936
207		0.3936
207.1		0.397349
207.2		0.397349
207.3		0.397349
207.4		0.397349
207.5		0.397349
207.6		0.397349
207.7		0.397349
207.8		0.397349
207.9		0.397349
208		0.397349
208.1		0.398197
208.2		0.398197
208.3		0.398197
208.4		0.398197
208.5		0.398197
208.6		0.398197
208.7		0.398197
208.8		0.398197
208.9		0.398197
209		0.398197
209.1		0.399223
209.2		0.399223
209.3		0.399223
209.4		0.399223
209.5		0.399223
209.6		0.399223
209.7		0.399223
209.8		0.399223
209.9		0.399223
210		0.399223
210.1		0.402727
210.2		0.402727
210.3		0.402727
210.4		0.402727
210.5		0.402727
210.6		0.402727
210.7		0.402727
210.8		0.402727
210.9		0.402727
211		0.402727
211.1		0.403329
211.2		0.403329
211.3		0.403329
211.4		0.403329
211.5		0.403329
211.6		0.403329
211.7		0.403329
211.8		0.403329
211.9		0.403329
212		0.403329
212.1		0.407525
212.2		0.407525
212.3		0.407525
212.4		0.407525
212.5		0.407525
212.6		0.407525
212.7		0.407525
212.8		0.407525
212.9		0.407525
213		0.407525
213.1		0.408819
213.2		0.408819
213.3		0.408819
213.4		0.408819
213.5		0.408819
213.6		0.408819
213.7		0.408819
213.8		0.408819
213.9		0.408819
214		0.408819
214.1		0.409734
214.2		0.409734
214.3		0.409734
214.4		0.409734
214.5		0.409734
214.6		0.409734
214.7		0.409734
214.8		0.409734
214.9		0.409734
215		0.409734
215.1		0.412233
215.2		0.412233
215.3		0.412233
215.4		0.412233
215.5		0.412233
215.6		0.412233
215.7		0.412233
215.8		0.412233
215.9		0.412233
216		0.412233
216.1		0.415938
216.2		0.415938
216.3		0.415938
216.4		0.415938
216.5		0.415938
216.6		0.415938
216.7		0.415938
216.8		0.415938
216.9		0.415938
217		0.415938
217.1		0.418392
217.2		0.418392
217.3		0.418392
217.4		0.418392
217.5		0.418392
217.6		0.418392
217.7		0.418392
217.8		0.418392
217.9		0.418392
218		0.418392
218.1		0.419464
218.2		0.419464
218.3		0.419464
218.4		0.419464
218.5		0.419464
218.6		0.419464
218.7		0.419464
218.8		0.419464
218.9		0.419464
219		0.419464
219.1		0.419865
219.2		0.419865
219.3		0.419865
219.4		0.419865
219.5		0.419865
219.6		0.419865
219.7		0.419865
219.8		0.419865
219.9		0.419865
220		0.419865
220.1		0.424663
220.2		0.424663
220.3		0.424663
220.4		0.424663
220.5		0.424663
220.6		0.424663
220.7		0.424663
220.8		0.424663
220.9		0.424663
221		0.424663
221.1		0.426158
221.2		0.426158
221.3		0.426158
221.4		0.426158
221.5		0.426158
221.6		0.426158
221.7		0.426158
221.8		0.426158
221.9		0.426158
222		0.426158
222.1		0.426828
222.2		0.426828
222.3		0.426828
222.4		0.426828
222.5		0.426828
222.6		0.426828
222.7		0.426828
222.8		0.426828
222.9		0.426828
223		0.426828
223.1		0.42801
223.2		0.42801
223.3		0.42801
223.4		0.42801
223.5		0.42801
223.6		0.42801
223.7		0.42801
223.8		0.42801
223.9		0.42801
224		0.42801
224.1		0.430911
224.2		0.430911
224.3		0.430911
224.4		0.430911
224.5		0.430911
224.6		0.430911
224.7		0.430911
224.8		0.430911
224.9		0.430911
225		0.430911
225.1		0.431782
225.2		0.431782
225.3		0.431782
225.4		0.431782
225.5		0.431782
225.6		0.431782
225.7		0.431782
225.8		0.431782
225.9		0.431782
226		0.431782
226.1		0.433254
226.2		0.433254
226.3		0.433254
226.4		0.433254
226.5		0.433254
226.6		0.433254
226.7		0.433254
226.8		0.433254
226.9		0.433254
227		0.433254
227.1		0.43745
227.2		0.43745
227.3		0.43745
227.4		0.43745
227.5		0.43745
227.6		0.43745
227.7		0.43745
227.8		0.43745
227.9		0.43745
228		0.43745
228.1		0.437584
228.2		0.437584
228.3		0.437584
228.4		0.437584
228.5		0.437584
228.6		0.437584
228.7		0.437584
228.8		0.437584
228.9		0.437584
229		0.437584
229.1		0.439057
229.2		0.439057
229.3		0.439057
229.4		0.439057
229.5		0.439057
229.6		0.439057
229.7		0.439057
229.8		0.439057
229.9		0.439057
230		0.439057
230.1		0.443921
230.2		0.443921
230.3		0.443921
230.4		0.443921
230.5		0.443921
230.6		0.443921
230.7		0.443921
230.8		0.443921
230.9		0.443921
231		0.443921
231.1		0.445506
231.2		0.445506
231.3		0.445506
231.4		0.445506
231.5		0.445506
231.6		0.445506
231.7		0.445506
231.8		0.445506
231.9		0.445506
232		0.445506
232.1		0.446644
232.2		0.446644
232.3		0.446644
232.4		0.446644
232.5		0.446644
232.6		0.446644
232.7		0.446644
232.8		0.446644
232.9		0.446644
233		0.446644
233.1		0.450415
233.2		0.450415
233.3		0.450415
233.4		0.450415
233.5		0.450415
233.6		0.450415
233.7		0.450415
233.8		0.450415
233.9		0.450415
234		0.450415
234.1		0.450683
234.2		0.450683
234.3		0.450683
234.4		0.450683
234.5		0.450683
234.6		0.450683
234.7		0.450683
234.8		0.450683
234.9		0.450683
235		0.450683
235.1		0.451776
235.2		0.451776
235.3		0.451776
235.4		0.451776
235.5		0.451776
235.6		0.451776
235.7		0.451776
235.8		0.451776
235.9		0.451776
236		0.451776
236.1		0.45345
236.2		0.45345
236.3		0.45345
236.4		0.45345
236.5		0.45345
236.6		0.45345
236.7		0.45345
236.8		0.45345
236.9		0.45345
237		0.45345
237.1		0.455481
237.2		0.455481
237.3		0.455481
237.4		0.455481
237.5		0.455481
237.6		0.455481
237.7		0.455481
237.8		0.455481
237.9		0.455481
238		0.455481
238.1		0.458962
238.2		0.458962
238.3		0.458962
238.4		0.458962
238.5		0.458962
238.6		0.458962
238.7		0.458962
238.8		0.458962
238.9		0.458962
239		0.458962
239.1		0.463715
239.2		0.463715
239.3		0.463715
239.4		0.463715
239.5		0.463715
239.6		0.463715
239.7		0.463715
239.8		0.463715
239.9		0.463715
240		0.463715
240.1		0.464161
240.2		0.464161
240.3		0.464161
240.4		0.464161
240.5		0.464161
240.6		0.464161
240.7		0.464161
240.8		0.464161
240.9		0.464161
241		0.464161
241.1		0.465768
241.2		0.465768
241.3		0.465768
241.4		0.465768
241.5		0.465768
241.6		0.465768
241.7		0.465768
241.8		0.465768
241.9		0.465768
242		0.465768
242.1		0.467107
242.2		0.467107
242.3		0.467107
242.4		0.467107
242.5		0.467107
242.6		0.467107
242.7		0.467107
242.8		0.467107
242.9		0.467107
243		0.467107
243.1		0.470209
243.2		0.470209
243.3		0.470209
243.4		0.470209
243.5		0.470209
243.6		0.470209
243.7		0.470209
243.8		0.470209
243.9		0.470209
244		0.470209
244.1		0.470544
244.2		0.470544
244.3		0.470544
244.4		0.470544
244.5		0.470544
244.6		0.470544
244.7		0.470544
244.8		0.470544
244.9		0.470544
245		0.470544
245.1		0.472664
245.2		0.472664
245.3		0.472664
245.4		0.472664
245.5		0.472664
245.6		0.472664
245.7		0.472664
245.8		0.472664
245.9		0.472664
246		0.472664
246.1		0.47706
246.2		0.47706
246.3		0.47706
246.4		0.47706
246.5		0.47706
246.6		0.47706
246.7		0.47706
246.8		0.47706
246.9		0.47706
247		0.47706
247.1		0.477104
247.2		0.477104
247.3		0.477104
247.4		0.477104
247.5		0.477104
247.6		0.477104
247.7		0.477104
247.8		0.477104
247.9		0.477104
248		0.477104
248.1		0.477439
248.2		0.477439
248.3		0.477439
248.4		0.477439
248.5		0.477439
248.6		0.477439
248.7		0.477439
248.8		0.477439
248.9		0.477439
249		0.477439
249.1		0.481054
249.2		0.481054
249.3		0.481054
249.4		0.481054
249.5		0.481054
249.6		0.481054
249.7		0.481054
249.8		0.481054
249.9		0.481054
250		0.481054
250.1		0.483397
250.2		0.483397
250.3		0.483397
250.4		0.483397
250.5		0.483397
250.6		0.483397
250.7		0.483397
250.8		0.483397
250.9		0.483397
251		0.483397
251.1		0.485941
251.2		0.485941
251.3		0.485941
251.4		0.485941
251.5		0.485941
251.6		0.485941
251.7		0.485941
251.8		0.485941
251.9		0.485941
252		0.485941
252.1		0.486455
252.2		0.486455
252.3		0.486455
252.4		0.486455
252.5		0.486455
252.6		0.486455
252.7		0.486455
252.8		0.486455
252.9		0.486455
253		0.486455
253.1		0.488061
253.2		0.488061
253.3		0.488061
253.4		0.488061
253.5		0.488061
253.6		0.488061
253.7		0.488061
253.8		0.488061
253.9		0.488061
254		0.488061
254.1		0.491721
254.2		0.491721
254.3		0.491721
254.4		0.491721
254.5		0.491721
254.6		0.491721
254.7		0.491721
254.8		0.491721
254.9		0.491721
255		0.491721
255.1		0.493506
255.2		0.493506
255.3		0.493506
255.4		0.493506
255.5		0.493506
255.6		0.493506
255.7		0.493506
255.8		0.493506
255.9		0.493506
256		0.493506
256.1		0.494064
256.2		0.494064
256.3		0.494064
256.4		0.494064
256.5		0.494064
256.6		0.494064
256.7		0.494064
256.8		0.494064
256.9		0.494064
257		0.494064
257.1		0.496519
257.2		0.496519
257.3		0.496519
257.4		0.496519
257.5		0.496519
257.6		0.496519
257.7		0.496519
257.8		0.496519
257.9		0.496519
258		0.496519
258.1		0.497188
258.2		0.497188
258.3		0.497188
258.4		0.497188
258.5		0.497188
258.6		0.497188
258.7		0.497188
258.8		0.497188
258.9		0.497188
259		0.497188
259.1		0.501651
259.2		0.501651
259.3		0.501651
259.4		0.501651
259.5		0.501651
259.6		0.501651
259.7		0.501651
259.8		0.501651
259.9		0.501651
260		0.501651
260.1		0.502589
260.2		0.502589
260.3		0.502589
260.4		0.502589
260.5		0.502589
260.6		0.502589
260.7		0.502589
260.8		0.502589
260.9		0.502589
261		0.502589
261.1		0.50511
261.2		0.50511
261.3		0.50511
261.4		0.50511
261.5		0.50511
261.6		0.50511
261.7		0.50511
261.8		0.50511
261.9		0.50511
262		0.50511
262.1		0.507766
262.2		0.507766
262.3		0.507766
262.4		0.507766
262.5		0.507766
262.6		0.507766
262.7		0.507766
262.8		0.507766
262.9		0.507766
263		0.507766
263.1		0.509149
263.2		0.509149
263.3		0.509149
263.4		0.509149
263.5		0.509149
263.6		0.509149
263.7		0.509149
263.8		0.509149
263.9		0.509149
264		0.509149
264.1		0.514215
264.2		0.514215
264.3		0.514215
264.4		0.514215
264.5		0.514215
264.6		0.514215
264.7		0.514215
264.8		0.514215
264.9		0.514215
265		0.514215
265.1		0.514505
265.2		0.514505
265.3		0.514505
265.4		0.514505
265.5		0.514505
265.6		0.514505
265.7		0.514505
265.8		0.514505
265.9		0.514505
266		0.514505
266.1		0.515822
266.2		0.515822
266.3		0.515822
266.4		0.515822
266.5		0.515822
266.6		0.515822
266.7		0.515822
266.8		0.515822
266.9		0.515822
267		0.515822
267.1		0.519548
267.2		0.519548
267.3		0.519548
267.4		0.519548
267.5		0.519548
267.6		0.519548
267.7		0.519548
267.8		0.519548
267.9		0.519548
268		0.519548
268.1		0.521512
268.2		0.521512
268.3		0.521512
268.4		0.521512
268.5		0.521512
268.6		0.521512
268.7		0.521512
268.8		0.521512
268.9		0.521512
269		0.521512
269.1		0.522784
269.2		0.522784
269.3		0.522784
269.4		0.522784
269.5		0.522784
269.6		0.522784
269.7		0.522784
269.8		0.522784
269.9		0.522784
270		0.522784
270.1		0.524458
270.2		0.524458
270.3		0.524458
270.4		0.524458
270.5		0.524458
270.6		0.524458
270.7		0.524458
270.8		0.524458
270.9		0.524458
271		0.524458
271.1		0.524792
271.2		0.524792
271.3		0.524792
271.4		0.524792
271.5		0.524792
271.6		0.524792
271.7		0.524792
271.8		0.524792
271.9		0.524792
272		0.524792
272.1		0.530237
272.2		0.530237
272.3		0.530237
272.4		0.530237
272.5		0.530237
272.6		0.530237
272.7		0.530237
272.8		0.530237
272.9		0.530237
273		0.530237
273.1		0.531331
273.2		0.531331
273.3		0.531331
273.4		0.531331
273.5		0.531331
273.6		0.531331
273.7		0.531331
273.8		0.531331
273.9		0.531331
274		0.531331
274.1		0.53209
274.2		0.53209
274.3		0.53209
274.4		0.53209
274.5		0.53209
274.6		0.53209
274.7		0.53209
274.8		0.53209
274.9		0.53209
275		0.53209
275.1		0.532915
275.2		0.532915
275.3		0.532915
275.4		0.532915
275.5		0.532915
275.6		0.532915
275.7		0.532915
275.8		0.532915
275.9		0.532915
276		0.532915
276.1		0.534009
276.2		0.534009
276.3		0.534009
276.4		0.534009
276.5		0.534009
276.6		0.534009
276.7		0.534009
276.8		0.534009
276.9		0.534009
277		0.534009
277.1		0.540547
277.2		0.540547
277.3		0.540547
277.4		0.540547
277.5		0.540547
277.6		0.540547
277.7		0.540547
277.8		0.540547
277.9		0.540547
278		0.540547
278.1		0.540949
278.2		0.540949
278.3		0.540949
278.4		0.540949
278.5		0.540949
278.6		0.540949
278.7		0.540949
278.8		0.540949
278.9		0.540949
279		0.540949
279.1		0.541618
279.2		0.541618
279.3		0.541618
279.4		0.541618
279.5		0.541618
279.6		0.541618
279.7		0.541618
279.8		0.541618
279.9		0.541618
280		0.541618
280.1		0.54597
280.2		0.54597
280.3		0.54597
280.4		0.54597
280.5		0.54597
280.6		0.54597
280.7		0.54597
280.8		0.54597
280.9		0.54597
281		0.54597
281.1		0.546282
281.2		0.546282
281.3		0.546282
281.4		0.546282
281.5		0.546282
281.6		0.546282
281.7		0.546282
281.8		0.546282
281.9		0.546282
282		0.546282
282.1		0.547621
282.2		0.547621
282.3		0.547621
282.4		0.547621
282.5		0.547621
282.6		0.547621
282.7		0.547621
282.8		0.547621
282.9		0.547621
283		0.547621
283.1		0.550522
283.2		0.550522
283.3		0.550522
283.4		0.550522
283.5		0.550522
283.6		0.550522
283.7		0.550522
283.8		0.550522
283.9		0.550522
284		0.550522
284.1		0.555499
284.2		0.555499
284.3		0.555499
284.4		0.555499
284.5		0.555499
284.6		0.555499
284.7		0.555499
284.8		0.555499
284.9		0.555499
285		0.555499
285.1		0.556904
285.2		0.556904
285.3		0.556904
285.4		0.556904
285.5		0.556904
285.6		0.556904
285.7		0.556904
285.8		0.556904
285.9		0.556904
286		0.556904
286.1		0.557909
286.2		0.557909
286.3		0.557909
286.4		0.557909
286.5		0.557909
286.6		0.557909
286.7		0.557909
286.8		0.557909
286.9		0.557909
287		0.557909
287.1		0.563956
287.2		0.563956
287.3		0.563956
287.4		0.563956
287.5		0.563956
287.6		0.563956
287.7		0.563956
287.8		0.563956
287.9		0.563956
288		0.563956
288.1		0.565206
288.2		0.565206
288.3		0.565206
288.4		0.565206
288.5		0.565206
288.6		0.565206
288.7		0.565206
288.8		0.565206
288.9		0.565206
289		0.565206
289.1		0.567214
289.2		0.567214
289.3		0.567214
289.4		0.567214
289.5		0.567214
289.6		0.567214
289.7		0.567214
289.8		0.567214
289.9		0.567214
290		0.567214
290.1		0.568441
290.2		0.568441
290.3		0.568441
290.4		0.568441
290.5		0.568441
290.6		0.568441
290.7		0.568441
290.8		0.568441
290.9		0.568441
291		0.568441
291.1		0.572592
291.2		0.572592
291.3		0.572592
291.4		0.572592
291.5		0.572592
291.6		0.572592
291.7		0.572592
291.8		0.572592
291.9		0.572592
292		0.572592
292.1		0.572592
292.2		0.572592
292.3		0.572592
292.4		0.572592
292.5		0.572592
292.6		0.572592
292.7		0.572592
292.8		0.572592
292.9		0.572592
293		0.572592
293.1		0.575873
293.2		0.575873
293.3		0.575873
293.4		0.575873
293.5		0.575873
293.6		0.575873
293.7		0.575873
293.8		0.575873
293.9		0.575873
294		0.575873
294.1		0.5771
294.2		0.5771
294.3		0.5771
294.4		0.5771
294.5		0.5771
294.6		0.5771
294.7		0.5771
294.8		0.5771
294.9		0.5771
295		0.5771
295.1		0.578305
295.2		0.578305
295.3		0.578305
295.4		0.578305
295.5		0.578305
295.6		0.578305
295.7		0.578305
295.8		0.578305
295.9		0.578305
296		0.578305
296.1		0.584843
296.2		0.584843
296.3		0.584843
296.4		0.584843
296.5		0.584843
296.6		0.584843
296.7		0.584843
296.8		0.584843
296.9		0.584843
297		0.584843
297.1		0.585089
297.2		0.585089
297.3		0.585089
297.4		0.585089
297.5		0.585089
297.6		0.585089
297.7		0.585089
297.8		0.585089
297.9		0.585089
298		0.585089
298.1		0.585959
298.2		0.585959
298.3		0.585959
298.4		0.585959
298.5		0.585959
298.6		0.585959
298.7		0.585959
298.8		0.585959
298.9		0.585959
299		0.585959
299.1		0.592029
299.2		0.592029
299.3		0.592029
299.4		0.592029
299.5		0.592029
299.6		0.592029
299.7		0.592029
299.8		0.592029
299.9		0.592029
300		0.592029
300.1		0.594372
300.2		0.594372
300.3		0.594372
300.4		0.594372
300.5		0.594372
300.6		0.594372
300.7		0.594372
300.8		0.594372
300.9		0.594372
301		0.594372
301.1		0.59551
301.2		0.59551
301.3		0.59551
301.4		0.59551
301.5		0.59551
301.6		0.59551
301.7		0.59551
301.8		0.59551
301.9		0.59551
302		0.59551
302.1		0.600129
302.2		0.600129
302.3		0.600129
302.4		0.600129
302.5		0.600129
302.6		0.600129
302.7		0.600129
302.8		0.600129
302.9		0.600129
303		0.600129
303.1		0.601647
303.2		0.601647
303.3		0.601647
303.4		0.601647
303.5		0.601647
303.6		0.601647
303.7		0.601647
303.8		0.601647
303.9		0.601647
304		0.601647
304.1		0.602919
304.2		0.602919
304.3		0.602919
304.4		0.602919
304.5		0.602919
304.6		0.602919
304.7		0.602919
304.8		0.602919
304.9		0.602919
305		0.602919
305.1		0.60553
305.2		0.60553
305.3		0.60553
305.4		0.60553
305.5		0.60553
305.6		0.60553
305.7		0.60553
305.8		0.60553
305.9		0.60553
306		0.60553
306.1		0.608163
306.2		0.608163
306.3		0.608163
306.4		0.608163
306.5		0.608163
306.6		0.608163
306.7		0.608163
306.8		0.608163
306.9		0.608163
307		0.608163
307.1		0.609078
307.2		0.609078
307.3		0.609078
307.4		0.609078
307.5		0.609078
307.6		0.609078
307.7		0.609078
307.8		0.609078
307.9		0.609078
308		0.609078
308.1		0.60977
308.2		0.60977
308.3		0.60977
308.4		0.60977
308.5		0.60977
308.6		0.60977
308.7		0.60977
308.8		0.60977
308.9		0.60977
309		0.60977
309.1		0.614077
309.2		0.614077
309.3		0.614077
309.4		0.614077
309.5		0.614077
309.6		0.614077
309.7		0.614077
309.8		0.614077
309.9		0.614077
310		0.614077
310.1		0.617446
310.2		0.617446
310.3		0.617446
310.4		0.617446
310.5		0.617446
310.6		0.617446
310.7		0.617446
310.8		0.617446
310.9		0.617446
311		0.617446
311.1		0.620883
311.2		0.620883
311.3		0.620883
311.4		0.620883
311.5		0.620883
311.6		0.620883
311.7		0.620883
311.8		0.620883
311.9		0.620883
312		0.620883
312.1		0.621084
312.2		0.621084
312.3		0.621084
312.4		0.621084
312.5		0.621084
312.6		0.621084
312.7		0.621084
312.8		0.621084
312.9		0.621084
313		0.621084
313.1		0.62211
313.2		0.62211
313.3		0.62211
313.4		0.62211
313.5		0.62211
313.6		0.62211
313.7		0.62211
313.8		0.62211
313.9		0.62211
314		0.62211
314.1		0.627131
314.2		0.627131
314.3		0.627131
314.4		0.627131
314.5		0.627131
314.6		0.627131
314.7		0.627131
314.8		0.627131
314.9		0.627131
315		0.627131
315.1		0.627823
315.2		0.627823
315.3		0.627823
315.4		0.627823
315.5		0.627823
315.6		0.627823
315.7		0.627823
315.8		0.627823
315.9		0.627823
316		0.627823
316.1		0.629184
316.2		0.629184
316.3		0.629184
316.4		0.629184
316.5		0.629184
316.6		0.629184
316.7		0.629184
316.8		0.629184
316.9		0.629184
317		0.629184
317.1		0.633022
317.2		0.633022
317.3		0.633022
317.4		0.633022
317.5		0.633022
317.6		0.633022
317.7		0.633022
317.8		0.633022
317.9		0.633022
318		0.633022
318.1		0.633379
318.2		0.633379
318.3		0.633379
318.4		0.633379
318.5		0.633379
318.6		0.633379
318.7		0.633379
318.8		0.633379
318.9		0.633379
319		0.633379
319.1		0.635767
319.2		0.635767
319.3		0.635767
319.4		0.635767
319.5		0.635767
319.6		0.635767
319.7		0.635767
319.8		0.635767
319.9		0.635767
320		0.635767
320.1		0.636303
320.2		0.636303
320.3		0.636303
320.4		0.636303
320.5		0.636303
320.6		0.636303
320.7		0.636303
320.8		0.636303
320.9		0.636303
321		0.636303
321.1		0.638021
321.2		0.638021
321.3		0.638021
321.4		0.638021
321.5		0.638021
321.6		0.638021
321.7		0.638021
321.8		0.638021
321.9		0.638021
322		0.638021
322.1		0.640654
322.2		0.640654
322.3		0.640654
322.4		0.640654
322.5		0.640654
322.6		0.640654
322.7		0.640654
322.8		0.640654
322.9		0.640654
323		0.640654
323.1		0.643578
323.2		0.643578
323.3		0.643578
323.4		0.643578
323.5		0.643578
323.6		0.643578
323.7		0.643578
323.8		0.643578
323.9		0.643578
324		0.643578
324.1		0.645006
324.2		0.645006
324.3		0.645006
324.4		0.645006
324.5		0.645006
324.6		0.645006
324.7		0.645006
324.8		0.645006
324.9		0.645006
325		0.645006
325.1		0.645675
325.2		0.645675
325.3		0.645675
325.4		0.645675
325.5		0.645675
325.6		0.645675
325.7		0.645675
325.8		0.645675
325.9		0.645675
326		0.645675
326.1		0.648532
326.2		0.648532
326.3		0.648532
326.4		0.648532
326.5		0.648532
326.6		0.648532
326.7		0.648532
326.8		0.648532
326.9		0.648532
327		0.648532
327.1		0.649692
327.2		0.649692
327.3		0.649692
327.4		0.649692
327.5		0.649692
327.6		0.649692
327.7		0.649692
327.8		0.649692
327.9		0.649692
328		0.649692
328.1		0.651232
328.2		0.651232
328.3		0.651232
328.4		0.651232
328.5		0.651232
328.6		0.651232
328.7		0.651232
328.8		0.651232
328.9		0.651232
329		0.651232
329.1		0.654668
329.2		0.654668
329.3		0.654668
329.4		0.654668
329.5		0.654668
329.6		0.654668
329.7		0.654668
329.8		0.654668
329.9		0.654668
330		0.654668
330.1		0.655806
330.2		0.655806
330.3		0.655806
330.4		0.655806
330.5		0.655806
330.6		0.655806
330.7		0.655806
330.8		0.655806
330.9		0.655806
331		0.655806
331.1		0.65844
331.2		0.65844
331.3		0.65844
331.4		0.65844
331.5		0.65844
331.6		0.65844
331.7		0.65844
331.8		0.65844
331.9		0.65844
332		0.65844
332.1		0.662211
332.2		0.662211
332.3		0.662211
332.4		0.662211
332.5		0.662211
332.6		0.662211
332.7		0.662211
332.8		0.662211
332.9		0.662211
333		0.662211
333.1		0.663304
333.2		0.663304
333.3		0.663304
333.4		0.663304
333.5		0.663304
333.6		0.663304
333.7		0.663304
333.8		0.663304
333.9		0.663304
334		0.663304
334.1		0.663795
334.2		0.663795
334.3		0.663795
334.4		0.663795
334.5		0.663795
334.6		0.663795
334.7		0.663795
334.8		0.663795
334.9		0.663795
335		0.663795
335.1		0.667187
335.2		0.667187
335.3		0.667187
335.4		0.667187
335.5		0.667187
335.6		0.667187
335.7		0.667187
335.8		0.667187
335.9		0.667187
336		0.667187
336.1		0.671517
336.2		0.671517
336.3		0.671517
336.4		0.671517
336.5		0.671517
336.6		0.671517
336.7		0.671517
336.8		0.671517
336.9		0.671517
337		0.671517
337.1		0.675087
337.2		0.675087
337.3		0.675087
337.4		0.675087
337.5		0.675087
337.6		0.675087
337.7		0.675087
337.8		0.675087
337.9		0.675087
338		0.675087
338.1		0.675756
338.2		0.675756
338.3		0.675756
338.4		0.675756
338.5		0.675756
338.6		0.675756
338.7		0.675756
338.8		0.675756
338.9		0.675756
339		0.675756
339.1		0.679483
339.2		0.679483
339.3		0.679483
339.4		0.679483
339.5		0.679483
339.6		0.679483
339.7		0.679483
339.8		0.679483
339.9		0.679483
340		0.679483
340.1		0.683388
340.2		0.683388
340.3		0.683388
340.4		0.683388
340.5		0.683388
340.6		0.683388
340.7		0.683388
340.8		0.683388
340.9		0.683388
341		0.683388
341.1		0.684058
341.2		0.684058
341.3		0.684058
341.4		0.684058
341.5		0.684058
341.6		0.684058
341.7		0.684058
341.8		0.684058
341.9		0.684058
342		0.684058
342.1		0.685531
342.2		0.685531
342.3		0.685531
342.4		0.685531
342.5		0.685531
342.6		0.685531
342.7		0.685531
342.8		0.685531
342.9		0.685531
343		0.685531
343.1		0.685598
343.2		0.685598
343.3		0.685598
343.4		0.685598
343.5		0.685598
343.6		0.685598
343.7		0.685598
343.8		0.685598
343.9		0.685598
344		0.685598
344.1		0.688789
344.2		0.688789
344.3		0.688789
344.4		0.688789
344.5		0.688789
344.6		0.688789
344.7		0.688789
344.8		0.688789
344.9		0.688789
345		0.688789
345.1		0.692694
345.2		0.692694
345.3		0.692694
345.4		0.692694
345.5		0.692694
345.6		0.692694
345.7		0.692694
345.8		0.692694
345.9		0.692694
346		0.692694
346.1		0.693832
346.2		0.693832
346.3		0.693832
346.4		0.693832
346.5		0.693832
346.6		0.693832
346.7		0.693832
346.8		0.693832
346.9		0.693832
347		0.693832
347.1		0.69593
347.2		0.69593
347.3		0.69593
347.4		0.69593
347.5		0.69593
347.6		0.69593
347.7		0.69593
347.8		0.69593
347.9		0.69593
348		0.69593
348.1		0.696131
348.2		0.696131
348.3		0.696131
348.4		0.696131
348.5		0.696131
348.6		0.696131
348.7		0.696131
348.8		0.696131
348.9		0.696131
349		0.696131
349.1		0.697291
349.2		0.697291
349.3		0.697291
349.4		0.697291
349.5		0.697291
349.6		0.697291
349.7		0.697291
349.8		0.697291
349.9		0.697291
350		0.697291
350.1		0.698027
350.2		0.698027
350.3		0.698027
350.4		0.698027
350.5		0.698027
350.6		0.698027
350.7		0.698027
350.8		0.698027
350.9		0.698027
351		0.698027
351.1		0.703138
351.2		0.703138
351.3		0.703138
351.4		0.703138
351.5		0.703138
351.6		0.703138
351.7		0.703138
351.8		0.703138
351.9		0.703138
352		0.703138
352.1		0.706418
352.2		0.706418
352.3		0.706418
352.4		0.706418
352.5		0.706418
352.6		0.706418
352.7		0.706418
352.8		0.706418
352.9		0.706418
353		0.706418
353.1		0.707132
353.2		0.707132
353.3		0.707132
353.4		0.707132
353.5		0.707132
353.6		0.707132
353.7		0.707132
353.8		0.707132
353.9		0.707132
354		0.707132
354.1		0.708627
354.2		0.708627
354.3		0.708627
354.4		0.708627
354.5		0.708627
354.6		0.708627
354.7		0.708627
354.8		0.708627
354.9		0.708627
355		0.708627
355.1		0.717375
355.2		0.717375
355.3		0.717375
355.4		0.717375
355.5		0.717375
355.6		0.717375
355.7		0.717375
355.8		0.717375
355.9		0.717375
356		0.717375
356.1		0.717553
356.2		0.717553
356.3		0.717553
356.4		0.717553
356.5		0.717553
356.6		0.717553
356.7		0.717553
356.8		0.717553
356.9		0.717553
357		0.717553
357.1		0.718022
357.2		0.718022
357.3		0.718022
357.4		0.718022
357.5		0.718022
357.6		0.718022
357.7		0.718022
357.8		0.718022
357.9		0.718022
358		0.718022
358.1		0.721927
358.2		0.721927
358.3		0.721927
358.4		0.721927
358.5		0.721927
358.6		0.721927
358.7		0.721927
358.8		0.721927
358.9		0.721927
359		0.721927
359.1		0.725118
359.2		0.725118
359.3		0.725118
359.4		0.725118
359.5		0.725118
359.6		0.725118
359.7		0.725118
359.8		0.725118
359.9		0.725118
360		0.725118
360.1		0.725408
360.2		0.725408
360.3		0.725408
360.4		0.725408
360.5		0.725408
360.6		0.725408
360.7		0.725408
360.8		0.725408
360.9		0.725408
361		0.725408
361.1		0.730072
361.2		0.730072
361.3		0.730072
361.4		0.730072
361.5		0.730072
361.6		0.730072
361.7		0.730072
361.8		0.730072
361.9		0.730072
362		0.730072
362.1		0.731121
362.2		0.731121
362.3		0.731121
362.4		0.731121
362.5		0.731121
362.6		0.731121
362.7		0.731121
362.8		0.731121
362.9		0.731121
363		0.731121
363.1		0.734067
363.2		0.734067
363.3		0.734067
363.4		0.734067
363.5		0.734067
363.6		0.734067
363.7		0.734067
363.8		0.734067
363.9		0.734067
364		0.734067
364.1		0.73429
364.2		0.73429
364.3		0.73429
364.4		0.73429
364.5		0.73429
364.6		0.73429
364.7		0.73429
364.8		0.73429
364.9		0.73429
365		0.73429
365.1		0.734848
365.2		0.734848
365.3		0.734848
365.4		0.734848
365.5		0.734848
365.6		0.734848
365.7		0.734848
365.8		0.734848
365.9		0.734848
366		0.734848
366.1		0.736945
366.2		0.736945
366.3		0.736945
366.4		0.736945
366.5		0.736945
366.6		0.736945
366.7		0.736945
366.8		0.736945
366.9		0.736945
367		0.736945
367.1		0.74007
367.2		0.74007
367.3		0.74007
367.4		0.74007
367.5		0.74007
367.6		0.74007
367.7		0.74007
367.8		0.74007
367.9		0.74007
368		0.74007
368.1		0.743662
368.2		0.743662
368.3		0.743662
368.4		0.743662
368.5		0.743662
368.6		0.743662
368.7		0.743662
368.8		0.743662
368.9		0.743662
369		0.743662
369.1		0.744109
369.2		0.744109
369.3		0.744109
369.4		0.744109
369.5		0.744109
369.6		0.744109
369.7		0.744109
369.8		0.744109
369.9		0.744109
370		0.744109
370.1		0.7446
370.2		0.7446
370.3		0.7446
370.4		0.7446
370.5		0.7446
370.6		0.7446
370.7		0.7446
370.8		0.7446
370.9		0.7446
371		0.7446
371.1		0.747456
371.2		0.747456
371.3		0.747456
371.4		0.747456
371.5		0.747456
371.6		0.747456
371.7		0.747456
371.8		0.747456
371.9		0.747456
372		0.747456
372.1		0.753994
372.2		0.753994
372.3		0.753994
372.4		0.753994
372.5		0.753994
372.6		0.753994
372.7		0.753994
372.8		0.753994
372.9		0.753994
373		0.753994
373.1		0.754329
373.2		0.754329
373.3		0.754329
373.4		0.754329
373.5		0.754329
373.6		0.754329
373.7		0.754329
373.8		0.754329
373.9		0.754329
374		0.754329
374.1		0.754753
374.2		0.754753
374.3		0.754753
374.4		0.754753
374.5		0.754753
374.6		0.754753
374.7		0.754753
374.8		0.754753
374.9		0.754753
375		0.754753
375.1		0.756628
375.2		0.756628
375.3		0.756628
375.4		0.756628
375.5		0.756628
375.6		0.756628
375.7		0.756628
375.8		0.756628
375.9		0.756628
376		0.756628
376.1		0.760042
376.2		0.760042
376.3		0.760042
376.4		0.760042
376.5		0.760042
376.6		0.760042
376.7		0.760042
376.8		0.760042
376.9		0.760042
377		0.760042
377.1		0.76118
377.2		0.76118
377.3		0.76118
377.4		0.76118
377.5		0.76118
377.6		0.76118
377.7		0.76118
377.8		0.76118
377.9		0.76118
378		0.76118
378.1		0.763479
378.2		0.763479
378.3		0.763479
378.4		0.763479
378.5		0.763479
378.6		0.763479
378.7		0.763479
378.8		0.763479
378.9		0.763479
379		0.763479
379.1		0.765286
379.2		0.765286
379.3		0.765286
379.4		0.765286
379.5		0.765286
379.6		0.765286
379.7		0.765286
379.8		0.765286
379.9		0.765286
380		0.765286
380.1		0.769459
380.2		0.769459
380.3		0.769459
380.4		0.769459
380.5		0.769459
380.6		0.769459
380.7		0.769459
380.8		0.769459
380.9		0.769459
381		0.769459
381.1		0.772182
381.2		0.772182
381.3		0.772182
381.4		0.772182
381.5		0.772182
381.6		0.772182
381.7		0.772182
381.8		0.772182
381.9		0.772182
382		0.772182
382.1		0.772338
382.2		0.772338
382.3		0.772338
382.4		0.772338
382.5		0.772338
382.6		0.772338
382.7		0.772338
382.8		0.772338
382.9		0.772338
383		0.772338
383.1		0.772762
383.2		0.772762
383.3		0.772762
383.4		0.772762
383.5		0.772762
383.6		0.772762
383.7		0.772762
383.8		0.772762
383.9		0.772762
384		0.772762
384.1		0.774993
384.2		0.774993
384.3		0.774993
384.4		0.774993
384.5		0.774993
384.6		0.774993
384.7		0.774993
384.8		0.774993
384.9		0.774993
385		0.774993
385.1		0.779523
385.2		0.779523
385.3		0.779523
385.4		0.779523
385.5		0.779523
385.6		0.779523
385.7		0.779523
385.8		0.779523
385.9		0.779523
386		0.779523
386.1		0.781018
386.2		0.781018
386.3		0.781018
386.4		0.781018
386.5		0.781018
386.6		0.781018
386.7		0.781018
386.8		0.781018
386.9		0.781018
387		0.781018
387.1		0.781844
387.2		0.781844
387.3		0.781844
387.4		0.781844
387.5		0.781844
387.6		0.781844
387.7		0.781844
387.8		0.781844
387.9		0.781844
388		0.781844
388.1		0.781956
388.2		0.781956
388.3		0.781956
388.4		0.781956
388.5		0.781956
388.6		0.781956
388.7		0.781956
388.8		0.781956
388.9		0.781956
389		0.781956
389.1		0.787133
389.2		0.787133
389.3		0.787133
389.4		0.787133
389.5		0.787133
389.6		0.787133
389.7		0.787133
389.8		0.787133
389.9		0.787133
390		0.787133
390.1		0.788048
390.2		0.788048
390.3		0.788048
390.4		0.788048
390.5		0.788048
390.6		0.788048
390.7		0.788048
390.8		0.788048
390.9		0.788048
391		0.788048
391.1		0.792623
391.2		0.792623
391.3		0.792623
391.4		0.792623
391.5		0.792623
391.6		0.792623
391.7		0.792623
391.8		0.792623
391.9		0.792623
392		0.792623
392.1		0.792779
392.2		0.792779
392.3		0.792779
392.4		0.792779
392.5		0.792779
392.6		0.792779
392.7		0.792779
392.8		0.792779
392.9		0.792779
393		0.792779
393.1		0.79289
393.2		0.79289
393.3		0.79289
393.4		0.79289
393.5		0.79289
393.6		0.79289
393.7		0.79289
393.8		0.79289
393.9		0.79289
394		0.79289
394.1		0.798491
394.2		0.798491
394.3		0.798491
394.4		0.798491
394.5		0.798491
394.6		0.798491
394.7		0.798491
394.8		0.798491
394.9		0.798491
395		0.798491
395.1		0.80079
395.2		0.80079
395.3		0.80079
395.4		0.80079
395.5		0.80079
395.6		0.80079
395.7		0.80079
395.8		0.80079
395.9		0.80079
396		0.80079
396.1		0.802464
396.2		0.802464
396.3		0.802464
396.4		0.802464
396.5		0.802464
396.6		0.802464
396.7		0.802464
396.8		0.802464
396.9		0.802464
397		0.802464
397.1		0.804606
397.2		0.804606
397.3		0.804606
397.4		0.804606
397.5		0.804606
397.6		0.804606
397.7		0.804606
397.8		0.804606
397.9		0.804606
398		0.804606
398.1		0.80715
398.2		0.80715
398.3		0.80715
398.4		0.80715
398.5		0.80715
398.6		0.80715
398.7		0.80715
398.8		0.80715
398.9		0.80715
399		0.80715
399.1		0.807462
399.2		0.807462
399.3		0.807462
399.4		0.807462
399.5		0.807462
399.6		0.807462
399.7		0.807462
399.8		0.807462
399.9		0.807462
400		0.807462
400.1		0.809895
400.2		0.809895
400.3		0.809895
400.4		0.809895
400.5		0.809895
400.6		0.809895
400.7		0.809895
400.8		0.809895
400.9		0.809895
401		0.809895
401.1		0.810229
401.2		0.810229
401.3		0.810229
401.4		0.810229
401.5		0.810229
401.6		0.810229
401.7		0.810229
401.8		0.810229
401.9		0.810229
402		0.810229
402.1		0.815474
402.2		0.815474
402.3		0.815474
402.4		0.815474
402.5		0.815474
402.6		0.815474
402.7		0.815474
402.8		0.815474
402.9		0.815474
403		0.815474
403.1		0.815875
403.2		0.815875
403.3		0.815875
403.4		0.815875
403.5		0.815875
403.6		0.815875
403.7		0.815875
403.8		0.815875
403.9		0.815875
404		0.815875
404.1		0.817884
404.2		0.817884
404.3		0.817884
404.4		0.817884
404.5		0.817884
404.6		0.817884
404.7		0.817884
404.8		0.817884
404.9		0.817884
405		0.817884
405.1		0.819133
405.2		0.819133
405.3		0.819133
405.4		0.819133
405.5		0.819133
405.6		0.819133
405.7		0.819133
405.8		0.819133
405.9		0.819133
406		0.819133
406.1		0.821008
406.2		0.821008
406.3		0.821008
406.4		0.821008
406.5		0.821008
406.6		0.821008
406.7		0.821008
406.8		0.821008
406.9		0.821008
407		0.821008
407.1		0.824288
407.2		0.824288
407.3		0.824288
407.4		0.824288
407.5		0.824288
407.6		0.824288
407.7		0.824288
407.8		0.824288
407.9		0.824288
408		0.824288
408.1		0.824556
408.2		0.824556
408.3		0.824556
408.4		0.824556
408.5		0.824556
408.6		0.824556
408.7		0.824556
408.8		0.824556
408.9		0.824556
409		0.824556
409.1		0.825002
409.2		0.825002
409.3		0.825002
409.4		0.825002
409.5		0.825002
409.6		0.825002
409.7		0.825002
409.8		0.825002
409.9		0.825002
410		0.825002
410.1		0.830157
410.2		0.830157
410.3		0.830157
410.4		0.830157
410.5		0.830157
410.6		0.830157
410.7		0.830157
410.8		0.830157
410.9		0.830157
411		0.830157
411.1		0.830938
411.2		0.830938
411.3		0.830938
411.4		0.830938
411.5		0.830938
411.6		0.830938
411.7		0.830938
411.8		0.830938
411.9		0.830938
412		0.830938
412.1		0.83317
412.2		0.83317
412.3		0.83317
412.4		0.83317
412.5		0.83317
412.6		0.83317
412.7		0.83317
412.8		0.83317
412.9		0.83317
413		0.83317
413.1		0.834018
413.2		0.834018
413.3		0.834018
413.4		0.834018
413.5		0.834018
413.6		0.834018
413.7		0.834018
413.8		0.834018
413.9		0.834018
414		0.834018
414.1		0.838815
414.2		0.838815
414.3		0.838815
414.4		0.838815
414.5		0.838815
414.6		0.838815
414.7		0.838815
414.8		0.838815
414.9		0.838815
415		0.838815
415.1		0.839686
415.2		0.839686
415.3		0.839686
415.4		0.839686
415.5		0.839686
415.6		0.839686
415.7		0.839686
415.8		0.839686
415.9		0.839686
416		0.839686
416.1		0.840846
416.2		0.840846
416.3		0.840846
416.4		0.840846
416.5		0.840846
416.6		0.840846
416.7		0.840846
416.8		0.840846
416.9		0.840846
417		0.840846
417.1		0.84165
417.2		0.84165
417.3		0.84165
417.4		0.84165
417.5		0.84165
417.6		0.84165
417.7		0.84165
417.8		0.84165
417.9		0.84165
418		0.84165
418.1		0.845399
418.2		0.845399
418.3		0.845399
418.4		0.845399
418.5		0.845399
418.6		0.845399
418.7		0.845399
418.8		0.845399
418.9		0.845399
419		0.845399
419.1		0.850107
419.2		0.850107
419.3		0.850107
419.4		0.850107
419.5		0.850107
419.6		0.850107
419.7		0.850107
419.8		0.850107
419.9		0.850107
420		0.850107
420.1		0.85062
420.2		0.85062
420.3		0.85062
420.4		0.85062
420.5		0.85062
420.6		0.85062
420.7		0.85062
420.8		0.85062
420.9		0.85062
421		0.85062
421.1		0.85091
421.2		0.85091
421.3		0.85091
421.4		0.85091
421.5		0.85091
421.6		0.85091
421.7		0.85091
421.8		0.85091
421.9		0.85091
422		0.85091
422.1		0.852874
422.2		0.852874
422.3		0.852874
422.4		0.852874
422.5		0.852874
422.6		0.852874
422.7		0.852874
422.8		0.852874
422.9		0.852874
423		0.852874
423.1		0.856222
423.2		0.856222
423.3		0.856222
423.4		0.856222
423.5		0.856222
423.6		0.856222
423.7		0.856222
423.8		0.856222
423.9		0.856222
424		0.856222
424.1		0.859346
424.2		0.859346
424.3		0.859346
424.4		0.859346
424.5		0.859346
424.6		0.859346
424.7		0.859346
424.8		0.859346
424.9		0.859346
425		0.859346
425.1		0.860863
425.2		0.860863
425.3		0.860863
425.4		0.860863
425.5		0.860863
425.6		0.860863
425.7		0.860863
425.8		0.860863
425.9		0.860863
426		0.860863
426.1		0.861644
426.2		0.861644
426.3		0.861644
426.4		0.861644
426.5		0.861644
426.6		0.861644
426.7		0.861644
426.8		0.861644
426.9		0.861644
427		0.861644
427.1		0.86276
427.2		0.86276
427.3		0.86276
427.4		0.86276
427.5		0.86276
427.6		0.86276
427.7		0.86276
427.8		0.86276
427.9		0.86276
428		0.86276
428.1		0.867223
428.2		0.867223
428.3		0.867223
428.4		0.867223
428.5		0.867223
428.6		0.867223
428.7		0.867223
428.8		0.867223
428.9		0.867223
429		0.867223
429.1		0.86816
429.2		0.86816
429.3		0.86816
429.4		0.86816
429.5		0.86816
429.6		0.86816
429.7		0.86816
429.8		0.86816
429.9		0.86816
430		0.86816
430.1		0.868941
430.2		0.868941
430.3		0.868941
430.4		0.868941
430.5		0.868941
430.6		0.868941
430.7		0.868941
430.8		0.868941
430.9		0.868941
431		0.868941
431.1		0.872757
431.2		0.872757
431.3		0.872757
431.4		0.872757
431.5		0.872757
431.6		0.872757
431.7		0.872757
431.8		0.872757
431.9		0.872757
432		0.872757
432.1		0.873628
432.2		0.873628
432.3		0.873628
432.4		0.873628
432.5		0.873628
432.6		0.873628
432.7		0.873628
432.8		0.873628
432.9		0.873628
433		0.873628
433.1		0.873828
433.2		0.873828
433.3		0.873828
433.4		0.873828
433.5		0.873828
433.6		0.873828
433.7		0.873828
433.8		0.873828
433.9		0.873828
434		0.873828
434.1		0.876707
434.2		0.876707
434.3		0.876707
434.4		0.876707
434.5		0.876707
434.6		0.876707
434.7		0.876707
434.8		0.876707
434.9		0.876707
435		0.876707
435.1		0.87702
435.2		0.87702
435.3		0.87702
435.4		0.87702
435.5		0.87702
435.6		0.87702
435.7		0.87702
435.8		0.87702
435.9		0.87702
436		0.87702
436.1		0.882643
436.2		0.882643
436.3		0.882643
436.4		0.882643
436.5		0.882643
436.6		0.882643
436.7		0.882643
436.8		0.882643
436.9		0.882643
437		0.882643
437.1		0.884317
437.2		0.884317
437.3		0.884317
437.4		0.884317
437.5		0.884317
437.6		0.884317
437.7		0.884317
437.8		0.884317
437.9		0.884317
438		0.884317
438.1		0.885388
438.2		0.885388
438.3		0.885388
438.4		0.885388
438.5		0.885388
438.6		0.885388
438.7		0.885388
438.8		0.885388
438.9		0.885388
439		0.885388
439.1		0.88579
439.2		0.88579
439.3		0.88579
439.4		0.88579
439.5		0.88579
439.6		0.88579
439.7		0.88579
439.8		0.88579
439.9		0.88579
440		0.88579
440.1		0.8884
440.2		0.8884
440.3		0.8884
440.4		0.8884
440.5		0.8884
440.6		0.8884
440.7		0.8884
440.8		0.8884
440.9		0.8884
441		0.8884
441.1		0.890855
441.2		0.890855
441.3		0.890855
441.4		0.890855
441.5		0.890855
441.6		0.890855
441.7		0.890855
441.8		0.890855
441.9		0.890855
442		0.890855
442.1		0.89177
442.2		0.89177
442.3		0.89177
442.4		0.89177
442.5		0.89177
442.6		0.89177
442.7		0.89177
442.8		0.89177
442.9		0.89177
443		0.89177
443.1		0.892306
443.2		0.892306
443.3		0.892306
443.4		0.892306
443.5		0.892306
443.6		0.892306
443.7		0.892306
443.8		0.892306
443.9		0.892306
444		0.892306
444.1		0.894202
444.2		0.894202
444.3		0.894202
444.4		0.894202
444.5		0.894202
444.6		0.894202
444.7		0.894202
444.8		0.894202
444.9		0.894202
445		0.894202
445.1		0.899156
445.2		0.899156
445.3		0.899156
445.4		0.899156
445.5		0.899156
445.6		0.899156
445.7		0.899156
445.8		0.899156
445.9		0.899156
446		0.899156
446.1		0.901611
446.2		0.901611
446.3		0.901611
446.4		0.901611
446.5		0.901611
446.6		0.901611
446.7		0.901611
446.8		0.901611
446.9		0.901611
447		0.901611
447.1		0.903575
447.2		0.903575
447.3		0.903575
447.4		0.903575
447.5		0.903575
447.6		0.903575
447.7		0.903575
447.8		0.903575
447.9		0.903575
448		0.903575
448.1		0.904401
448.2		0.904401
448.3		0.904401
448.4		0.904401
448.5		0.904401
448.6		0.904401
448.7		0.904401
448.8		0.904401
448.9		0.904401
449		0.904401
449.1		0.907257
449.2		0.907257
449.3		0.907257
449.4		0.907257
449.5		0.907257
449.6		0.907257
449.7		0.907257
449.8		0.907257
449.9		0.907257
450		0.907257
450.1		0.909065
450.2		0.909065
450.3		0.909065
450.4		0.909065
450.5		0.909065
450.6		0.909065
450.7		0.909065
450.8		0.909065
450.9		0.909065
451		0.909065
451.1		0.910314
451.2		0.910314
451.3		0.910314
451.4		0.910314
451.5		0.910314
451.6		0.910314
451.7		0.910314
451.8		0.910314
451.9		0.910314
452		0.910314
452.1		0.912858
452.2		0.912858
452.3		0.912858
452.4		0.912858
452.5		0.912858
452.6		0.912858
452.7		0.912858
452.8		0.912858
452.9		0.912858
453		0.912858
453.1		0.915447
453.2		0.915447
453.3		0.915447
453.4		0.915447
453.5		0.915447
453.6		0.915447
453.7		0.915447
453.8		0.915447
453.9		0.915447
454		0.915447
454.1		0.918102
454.2		0.918102
454.3		0.918102
454.4		0.918102
454.5		0.918102
454.6		0.918102
454.7		0.918102
454.8		0.918102
454.9		0.918102
455		0.918102
455.1		0.920021
455.2		0.920021
455.3		0.920021
455.4		0.920021
455.5		0.920021
455.6		0.920021
455.7		0.920021
455.8		0.920021
455.9		0.920021
456		0.920021
456.1		0.920869
456.2		0.920869
456.3		0.920869
456.4		0.920869
456.5		0.920869
456.6		0.920869
456.7		0.920869
456.8		0.920869
456.9		0.920869
457		0.920869
457.1		0.922342
457.2		0.922342
457.3		0.922342
457.4		0.922342
457.5		0.922342
457.6		0.922342
457.7		0.922342
457.8		0.922342
457.9		0.922342
458		0.922342
458.1		0.92589
458.2		0.92589
458.3		0.92589
458.4		0.92589
458.5		0.92589
458.6		0.92589
458.7		0.92589
458.8		0.92589
458.9		0.92589
459		0.92589
459.1		0.926649
459.2		0.926649
459.3		0.926649
459.4		0.926649
459.5		0.926649
459.6		0.926649
459.7		0.926649
459.8		0.926649
459.9		0.926649
460		0.926649
460.1		0.929729
460.2		0.929729
460.3		0.929729
460.4		0.929729
460.5		0.929729
460.6		0.929729
460.7		0.929729
460.8		0.929729
460.9		0.929729
461		0.929729
461.1		0.930934
461.2		0.930934
461.3		0.930934
461.4		0.930934
461.5		0.930934
461.6		0.930934
461.7		0.930934
461.8		0.930934
461.9		0.930934
462		0.930934
462.1		0.934013
462.2		0.934013
462.3		0.934013
462.4		0.934013
462.5		0.934013
462.6		0.934013
462.7		0.934013
462.8		0.934013
462.9		0.934013
463		0.934013
463.1		0.93861
463.2		0.93861
463.3		0.93861
463.4		0.93861
463.5		0.93861
463.6		0.93861
463.7		0.93861
463.8		0.93861
463.9		0.93861
464		0.93861
464.1		0.938744
464.2		0.938744
464.3		0.938744
464.4		0.938744
464.5		0.938744
464.6		0.938744
464.7		0.938744
464.8		0.938744
464.9		0.938744
465		0.938744
465.1		0.938923
465.2		0.938923
465.3		0.938923
465.4		0.938923
465.5		0.938923
465.6		0.938923
465.7		0.938923
465.8		0.938923
465.9		0.938923
466		0.938923
466.1		0.943676
466.2		0.943676
466.3		0.943676
466.4		0.943676
466.5		0.943676
466.6		0.943676
466.7		0.943676
466.8		0.943676
466.9		0.943676
467		0.943676
467.1		0.944033
467.2		0.944033
467.3		0.944033
467.4		0.944033
467.5		0.944033
467.6		0.944033
467.7		0.944033
467.8		0.944033
467.9		0.944033
468		0.944033
468.1		0.945863
468.2		0.945863
468.3		0.945863
468.4		0.945863
468.5		0.945863
468.6		0.945863
468.7		0.945863
468.8		0.945863
468.9		0.945863
469		0.945863
469.1		0.948898
469.2		0.948898
469.3		0.948898
469.4		0.948898
469.5		0.948898
469.6		0.948898
469.7		0.948898
469.8		0.948898
469.9		0.948898
470		0.948898
470.1		0.954878
470.2		0.954878
470.3		0.954878
470.4		0.954878
470.5		0.954878
470.6		0.954878
470.7		0.954878
470.8		0.954878
470.9		0.954878
471		0.954878
471.1		0.955458
471.2		0.955458
471.3		0.955458
471.4		0.955458
471.5		0.955458
471.6		0.955458
471.7		0.955458
471.8		0.955458
471.9		0.955458
472		0.955458
472.1		0.956306
472.2		0.956306
472.3		0.956306
472.4		0.956306
472.5		0.956306
472.6		0.956306
472.7		0.956306
472.8		0.956306
472.9		0.956306
473		0.956306
473.1		0.956641
473.2		0.956641
473.3		0.956641
473.4		0.956641
473.5		0.956641
473.6		0.956641
473.7		0.956641
473.8		0.956641
473.9		0.956641
474		0.956641
474.1		0.960368
474.2		0.960368
474.3		0.960368
474.4		0.960368
474.5		0.960368
474.6		0.960368
474.7		0.960368
474.8		0.960368
474.9		0.960368
475		0.960368
475.1		0.963737
475.2		0.963737
475.3		0.963737
475.4		0.963737
475.5		0.963737
475.6		0.963737
475.7		0.963737
475.8		0.963737
475.9		0.963737
476		0.963737
476.1		0.964853
476.2		0.964853
476.3		0.964853
476.4		0.964853
476.5		0.964853
476.6		0.964853
476.7		0.964853
476.8		0.964853
476.9		0.964853
477		0.964853
477.1		0.965188
477.2		0.965188
477.3		0.965188
477.4		0.965188
477.5		0.965188
477.6		0.965188
477.7		0.965188
477.8		0.965188
477.9		0.965188
478		0.965188
478.1		0.967129
478.2		0.967129
478.3		0.967129
478.4		0.967129
478.5		0.967129
478.6		0.967129
478.7		0.967129
478.8		0.967129
478.9		0.967129
479		0.967129
479.1		0.970164
479.2		0.970164
479.3		0.970164
479.4		0.970164
479.5		0.970164
479.6		0.970164
479.7		0.970164
479.8		0.970164
479.9		0.970164
480		0.970164
480.1		0.970477
480.2		0.970477
480.3		0.970477
480.4		0.970477
480.5		0.970477
480.6		0.970477
480.7		0.970477
480.8		0.970477
480.9		0.970477
481		0.970477
481.1		0.974226
481.2		0.974226
481.3		0.974226
481.4		0.974226
481.5		0.974226
481.6		0.974226
481.7		0.974226
481.8		0.974226
481.9		0.974226
482		0.974226
482.1		0.976747
482.2		0.976747
482.3		0.976747
482.4		0.976747
482.5		0.976747
482.6		0.976747
482.7		0.976747
482.8		0.976747
482.9		0.976747
483		0.976747
483.1		0.977573
483.2		0.977573
483.3		0.977573
483.4		0.977573
483.5		0.977573
483.6		0.977573
483.7		0.977573
483.8		0.977573
483.9		0.977573
484		0.977573
484.1		0.979961
484.2		0.979961
484.3		0.979961
484.4		0.979961
484.5		0.979961
484.6		0.979961
484.7		0.979961
484.8		0.979961
484.9		0.979961
485		0.979961
485.1		0.981768
485.2		0.981768
485.3		0.981768
485.4		0.981768
485.5		0.981768
485.6		0.981768
485.7		0.981768
485.8		0.981768
485.9		0.981768
486		0.981768
486.1		0.985807
486.2		0.985807
486.3		0.985807
486.4		0.985807
486.5		0.985807
486.6		0.985807
486.7		0.985807
486.8		0.985807
486.9		0.985807
487		0.985807
487.1		0.986164
487.2		0.986164
487.3		0.986164
487.4		0.986164
487.5		0.986164
487.6		0.986164
487.7		0.986164
487.8		0.986164
487.9		0.986164
488		0.986164
488.1		0.988307
488.2		0.988307
488.3		0.988307
488.4		0.988307
488.5		0.988307
488.6		0.988307
488.7		0.988307
488.8		0.988307
488.9		0.988307
489		0.988307
489.1		0.990092
489.2		0.990092
489.3		0.990092
489.4		0.990092
489.5		0.990092
489.6		0.990092
489.7		0.990092
489.8		0.990092
489.9		0.990092
490		0.990092
490.1		0.991609
490.2		0.991609
490.3		0.991609
490.4		0.991609
490.5		0.991609
490.6		0.991609
490.7		0.991609
490.8		0.991609
490.9		0.991609
491		0.991609
491.1		0.996987
491.2		0.996987
491.3		0.996987
491.4		0.996987
491.5		0.996987
491.6		0.996987
491.7		0.996987
491.8		0.996987
491.9		0.996987
492		0.996987
492.1		0.997746
492.2		0.997746
492.3		0.997746
492.4		0.997746
492.5		0.997746
492.6		0.997746
492.7		0.997746
492.8		0.997746
492.9		0.997746
493		0.997746
493.1		0.997969
493.2		0.997969
493.3		0.997969
493.4		0.997969
493.5		0.997969
493.6		0.997969
493.7		0.997969
493.8		0.997969
493.9		0.997969
494		0.997969
494.1		1
494.2		1
494.3		1
494.4		1
494.5		1
494.6		1
494.7		1
494.8		1
494.9		1
495		1
495.1		1
495.2		1
495.3		1
495.4		1
495.5		1
495.6		1
495.7		1
495.8		1
495.9		1
496		1
496.1		1
496.2		1
496.3		1
496.4		1
496.5		1
496.6		1
496.7		1
496.8		1
496.9		1
497		1
497.1		1
497.2		1
497.3		1
497.4		1
497.5		1
497.6		1
497.7		1
497.8		1
497.9		1
498		1
498.1		1
498.2		1
498.3		1
498.4		1
498.5		1
498.6		1
498.7		1
498.8		1
498.9		1
499		1
499.1		1
499.2		1
499.3		1
499.4		1
499.5		1
499.6		1
499.7		1
499.8		1
499.9		1
500		1
500.1		1
500.2		1
500.3		1
500.4		1
500.5		1
500.6		1
500.7		1
500.8		1
500.9		1
501		1
501.1		1
501.2		1
501.3		1
501.4		1
501.5		1
501.6		1
501.7		1
501.8		1
501.9		1
502		1
502.1		1
502.2		1
502.3		1
502.4		1
502.5		1
502.6		1
502.7		1
502.8		1
502.9		1
503		1
503.1		1
503.2		1
503.3		1
503.4		1
503.5		1
503.6		1
503.7		1
503.8		1
503.9		1
504		1
504.1		1
504.2		1
504.3		1
504.4		1
504.5		1
504.6		1
504.7		1
504.8		1
504.9		1
505		1
505.1		1
505.2		1
505.3		1
505.4		1
505.5		1
505.6		1
505.7		1
505.8		1
505.9		1
506		1
506.1		1
506.2		1
506.3		1
506.4		1
506.5		1
506.6		1
506.7		1
506.8		1
506.9		1
507		1
507.1		1
507.2		1
507.3		1
507.4		1
507.5		1
507.6		1
507.7		1
507.8		1
507.9		1
508		1
508.1		1
508.2		1
508.3		1
508.4		1
508.5		1
508.6		1
508.7		1
508.8		1
508.9		1
509		1
509.1		1
509.2		1
509.3		1
509.4		1
509.5		1
509.6		1
509.7		1
509.8		1
509.9		1
510		1
510.1		1
510.2		1
510.3		1
510.4		1
510.5		1
510.6		1
510.7		1
510.8		1
510.9		1
511		1
511.1		1
511.2		1
511.3		1
511.4		1
511.5		1
511.6		1
511.7		1
511.8		1
511.9		1
512		1
512.1		1
512.2		1
512.3		1
512.4		1
512.5		1
512.6		1
512.7		1
512.8		1
512.9		1
513		1
513.1		1
513.2		1
513.3		1
513.4		1
513.5		1
513.6		1
513.7		1
513.8		1
513.9		1
514		1
514.1		1
514.2		1
514.3		1
514.4		1
514.5		1
514.6		1
514.7		1
514.8		1
514.9		1
515		1
515.1		1
515.2		1
515.3		1
515.4		1
515.5		1
515.6		1
515.7		1
515.8		1
515.9		1
516		1
516.1		1
516.2		1
516.3		1
516.4		1
516.5		1
516.6		1
516.7		1
516.8		1
516.9		1
517		1
517.1		1
517.2		1
517.3		1
517.4		1
517.5		1
517.6		1
517.7		1
517.8		1
517.9		1
518		1
518.1		1
518.2		1
518.3		1
518.4		1
518.5		1
518.6		1
518.7		1
518.8		1
518.9		1
519		1
519.1		1
519.2		1
519.3		1
519.4		1
519.5		1
519.6		1
519.7		1
519.8		1
519.9		1
520		1
520.1		1
520.2		1
520.3		1
520.4		1
520.5		1
520.6		1
520.7		1
520.8		1
520.9		1
521		1
521.1		1
521.2		1
521.3		1
521.4		1
521.5		1
521.6		1
521.7		1
521.8		1
521.9		1
522		1
522.1		1
522.2		1
522.3		1
522.4		1
522.5		1
522.6		1
522.7		1
522.8		1
522.9		1
523		1
523.1		1
523.2		1
523.3		1
523.4		1
523.5		1
523.6		1
523.7		1
523.8		1
523.9		1
524		1
524.1		1
524.2		1
524.3		1
524.4		1
524.5		1
524.6		1
524.7		1
524.8		1
524.9		1
525		1
525.1		1
525.2		1
525.3		1
525.4		1
525.5		1
525.6		1
525.7		1
525.8		1
525.9		1
526		1
526.1		1
526.2		1
526.3		1
526.4		1
526.5		1
526.6		1
526.7		1
526.8		1
526.9		1
527		1
527.1		1
527.2		1
527.3		1
527.4		1
527.5		1
527.6		1
527.7		1
527.8		1
527.9		1
528		1
528.1		1
528.2		1
528.3		1
528.4		1
528.5		1
528.6		1
528.7		1
528.8		1
528.9		1
529		1
529.1		1
529.2		1
529.3		1
529.4		1
529.5		1
529.6		1
529.7		1
529.8		1
529.9		1
530		1
530.1		1
530.2		1
530.3		1
530.4		1
530.5		1
530.6		1
530.7		1
530.8		1
530.9		1
531		1
531.1		1
531.2		1
531.3		1
531.4		1
531.5		1
531.6		1
531.7		1
531.8		1
531.9		1
532		1
532.1		1
532.2		1
532.3		1
532.4		1
532.5		1
532.6		1
532.7		1
532.8		1
532.9		1
533		1
533.1		1
533.2		1
533.3		1
533.4		1
533.5		1
533.6		1
533.7		1
533.8		1
533.9		1
534		1
534.1		1
534.2		1
534.3		1
534.4		1
534.5		1
534.6		1
534.7		1
534.8		1
534.9		1
535		1
535.1		1
535.2		1
535.3		1
535.4		1
535.5		1
535.6		1
535.7		1
535.8		1
535.9		1
536		1
536.1		1
536.2		1
536.3		1
536.4		1
536.5		1
536.6		1
536.7		1
536.8		1
536.9		1
537		1
537.1		1
537.2		1
537.3		1
537.4		1
537.5		1
537.6		1
537.7		1
537.8		1
537.9		1
538		1
538.1		1
538.2		1
538.3		1
538.4		1
538.5		1
538.6		1
538.7		1
538.8		1
538.9		1
539		1
539.1		1
539.2		1
539.3		1
539.4		1
539.5		1
539.6		1
539.7		1
539.8		1
539.9		1
540		1
540.1		1
540.2		1
540.3		1
540.4		1
540.5		1
540.6		1
540.7		1
540.8		1
540.9		1
541		1
541.1		1
541.2		1
541.3		1
541.4		1
541.5		1
541.6		1
541.7		1
541.8		1
541.9		1
542		1
542.1		1
542.2		1
542.3		1
542.4		1
542.5		1
542.6		1
542.7		1
542.8		1
542.9		1
543		1
543.1		1
543.2		1
543.3		1
543.4		1
543.5		1
543.6		1
543.7		1
543.8		1
543.9		1
544		1
544.1		1
544.2		1
544.3		1
544.4		1
544.5		1
544.6		1
544.7		1
544.8		1
544.9		1
545		1
545.1		1
545.2		1
545.3		1
545.4		1
545.5		1
545.6		1
545.7		1
545.8		1
545.9		1
546		1
546.1		1
546.2		1
546.3		1
546.4		1
546.5		1
546.6		1
546.7		1
546.8		1
546.9		1
547		1
547.1		1
547.2		1
547.3		1
547.4		1
547.5		1
547.6		1
547.7		1
547.8		1
547.9		1
548		1
548.1		1
548.2		1
548.3		1
548.4		1
548.5		1
548.6		1
548.7		1
548.8		1
548.9		1
549		1
549.1		1
549.2		1
549.3		1
549.4		1
549.5		1
549.6		1
549.7		1
549.8		1
549.9		1
550		1
550.1		1
550.2		1
550.3		1
550.4		1
550.5		1
550.6		1
550.7		1
550.8		1
550.9		1
551		1
551.1		1
551.2		1
551.3		1
551.4		1
551.5		1
551.6		1
551.7		1
551.8		1
551.9		1
552		1
552.1		1
552.2		1
552.3		1
552.4		1
552.5		1
552.6		1
552.7		1
552.8		1
552.9		1
553		1
553.1		1
553.2		1
553.3		1
553.4		1
553.5		1
553.6		1
553.7		1
553.8		1
553.9		1
554		1
554.1		1
554.2		1
554.3		1
554.4		1
554.5		1
554.6		1
554.7		1
554.8		1
554.9		1
555		1
555.1		1
555.2		1
555.3		1
555.4		1
555.5		1
555.6		1
555.7		1
555.8		1
555.9		1
556		1
556.1		1
556.2		1
556.3		1
556.4		1
556.5		1
556.6		1
556.7		1
556.8		1
556.9		1
557		1
557.1		1
557.2		1
557.3		1
557.4		1
557.5		1
557.6		1
557.7		1
557.8		1
557.9		1
558		1
558.1		1
558.2		1
558.3		1
558.4		1
558.5		1
558.6		1
558.7		1
558.8		1
558.9		1
559		1
559.1		1
559.2		1
559.3		1
559.4		1
559.5		1
559.6		1
559.7		1
559.8		1
559.9		1
560		1
560.1		1
560.2		1
560.3		1
560.4		1
560.5		1
560.6		1
560.7		1
560.8		1
560.9		1
561		1
561.1		1
561.2		1
561.3		1
561.4		1
561.5		1
561.6		1
561.7		1
561.8		1
561.9		1
562		1
562.1		1
562.2		1
562.3		1
562.4		1
562.5		1
562.6		1
562.7		1
562.8		1
562.9		1
563		1
563.1		1
563.2		1
563.3		1
563.4		1
563.5		1
563.6		1
563.7		1
563.8		1
563.9		1
564		1
564.1		1
564.2		1
564.3		1
564.4		1
564.5		1
564.6		1
564.7		1
564.8		1
564.9		1
565		1
565.1		1
565.2		1
565.3		1
565.4		1
565.5		1
565.6		1
565.7		1
565.8		1
565.9		1
566		1
566.1		1
566.2		1
566.3		1
566.4		1
566.5		1
566.6		1
566.7		1
566.8		1
566.9		1
567		1
567.1		1
567.2		1
567.3		1
567.4		1
567.5		1
567.6		1
567.7		1
567.8		1
567.9		1
568		1
568.1		1
568.2		1
568.3		1
568.4		1
568.5		1
568.6		1
568.7		1
568.8		1
568.9		1
569		1
569.1		1
569.2		1
569.3		1
569.4		1
569.5		1
569.6		1
569.7		1
569.8		1
569.9		1
570		1
570.1		1
570.2		1
570.3		1
570.4		1
570.5		1
570.6		1
570.7		1
570.8		1
570.9		1
571		1
571.1		1
571.2		1
571.3		1
571.4		1
571.5		1
571.6		1
571.7		1
571.8		1
571.9		1
572		1
572.1		1
572.2		1
572.3		1
572.4		1
572.5		1
572.6		1
572.7		1
572.8		1
572.9		1
573		1
573.1		1
573.2		1
573.3		1
573.4		1
573.5		1
573.6		1
573.7		1
573.8		1
573.9		1
574		1
574.1		1
574.2		1
574.3		1
574.4		1
574.5		1
574.6		1
574.7		1
574.8		1
574.9		1
575		1
575.1		1
575.2		1
575.3		1
575.4		1
575.5		1
575.6		1
575.7		1
575.8		1
575.9		1
576		1
576.1		1
576.2		1
576.3		1
576.4		1
576.5		1
576.6		1
576.7		1
576.8		1
576.9		1
577		1
577.1		1
577.2		1
577.3		1
577.4		1
577.5		1
577.6		1
577.7		1
577.8		1
577.9		1
578		1
578.1		1
578.2		1
578.3		1
578.4		1
578.5		1
578.6		1
578.7		1
578.8		1
578.9		1
579		1
579.1		1
579.2		1
579.3		1
579.4		1
579.5		1
579.6		1
579.7		1
579.8		1
579.9		1
580		1
580.1		1
580.2		1
580.3		1
580.4		1
580.5		1
580.6		1
580.7		1
580.8		1
580.9		1
581		1
581.1		1
581.2		1
581.3		1
581.4		1
581.5		1
581.6		1
581.7		1
581.8		1
581.9		1
582		1
582.1		1
582.2		1
582.3		1
582.4		1
582.5		1
582.6		1
582.7		1
582.8		1
582.9		1
583		1
583.1		1
583.2		1
583.3		1
583.4		1
583.5		1
583.6		1
583.7		1
583.8		1
583.9		1
584		1
584.1		1
584.2		1
584.3		1
584.4		1
584.5		1
584.6		1
584.7		1
584.8		1
584.9		1
585		1
585.1		1
585.2		1
585.3		1
585.4		1
585.5		1
585.6		1
585.7		1
585.8		1
585.9		1
586		1
586.1		1
586.2		1
586.3		1
586.4		1
586.5		1
586.6		1
586.7		1
586.8		1
586.9		1
587		1
587.1		1
587.2		1
587.3		1
587.4		1
587.5		1
587.6		1
587.7		1
587.8		1
587.9		1
588		1
588.1		1
588.2		1
588.3		1
588.4		1
588.5		1
588.6		1
588.7		1
588.8		1
588.9		1
589		1
589.1		1
589.2		1
589.3		1
589.4		1
589.5		1
589.6		1
589.7		1
589.8		1
589.9		1
590		1
590.1		1
590.2		1
590.3		1
590.4		1
590.5		1
590.6		1
590.7		1
590.8		1
590.9		1
591		1
591.1		1
591.2		1
591.3		1
591.4		1
591.5		1
591.6		1
591.7		1
591.8		1
591.9		1
592		1
592.1		1
592.2		1
592.3		1
592.4		1
592.5		1
592.6		1
592.7		1
592.8		1
592.9		1
593		1
593.1		1
593.2		1
593.3		1
593.4		1
593.5		1
593.6		1
593.7		1
593.8		1
593.9		1
594		1
594.1		1
594.2		1
594.3		1
594.4		1
594.5		1
594.6		1
594.7		1
594.8		1
594.9		1
595		1
595.1		1
595.2		1
595.3		1
595.4		1
595.5		1
595.6		1
595.7		1
595.8		1
595.9		1
596		1
596.1		1
596.2		1
596.3		1
596.4		1
596.5		1
596.6		1
596.7		1
596.8		1
596.9		1
597		1
597.1		1
597.2		1
597.3		1
597.4		1
597.5		1
597.6		1
597.7		1
597.8		1
597.9		1
598		1
598.1		1
598.2		1
598.3		1
598.4		1
598.5		1
598.6		1
598.7		1
598.8		1
598.9		1
599		1
599.1		1
599.2		1
599.3		1
599.4		1
599.5		1
599.6		1
599.7		1
599.8		1
599.9		1
600		1
