# Calibration file of tamex_id 1 @ channel 44
# fine_T bin		 Calibration value
0.1		0
0.2		0
0.3		0
0.4		0
0.5		0
0.6		0
0.7		0
0.8		0
0.9		0
1		0
1.1		0
1.2		0
1.3		0
1.4		0
1.5		0
1.6		0
1.7		0
1.8		0
1.9		0
2		0
2.1		0
2.2		0
2.3		0
2.4		0
2.5		0
2.6		0
2.7		0
2.8		0
2.9		0
3		0
3.1		0
3.2		0
3.3		0
3.4		0
3.5		0
3.6		0
3.7		0
3.8		0
3.9		0
4		0
4.1		0
4.2		0
4.3		0
4.4		0
4.5		0
4.6		0
4.7		0
4.8		0
4.9		0
5		0
5.1		0
5.2		0
5.3		0
5.4		0
5.5		0
5.6		0
5.7		0
5.8		0
5.9		0
6		0
6.1		0
6.2		0
6.3		0
6.4		0
6.5		0
6.6		0
6.7		0
6.8		0
6.9		0
7		0
7.1		0
7.2		0
7.3		0
7.4		0
7.5		0
7.6		0
7.7		0
7.8		0
7.9		0
8		0
8.1		0
8.2		0
8.3		0
8.4		0
8.5		0
8.6		0
8.7		0
8.8		0
8.9		0
9		0
9.1		0
9.2		0
9.3		0
9.4		0
9.5		0
9.6		0
9.7		0
9.8		0
9.9		0
10		0
10.1		0
10.2		0
10.3		0
10.4		0
10.5		0
10.6		0
10.7		0
10.8		0
10.9		0
11		0
11.1		0
11.2		0
11.3		0
11.4		0
11.5		0
11.6		0
11.7		0
11.8		0
11.9		0
12		0
12.1		0
12.2		0
12.3		0
12.4		0
12.5		0
12.6		0
12.7		0
12.8		0
12.9		0
13		0
13.1		0
13.2		0
13.3		0
13.4		0
13.5		0
13.6		0
13.7		0
13.8		0
13.9		0
14		0
14.1		0
14.2		0
14.3		0
14.4		0
14.5		0
14.6		0
14.7		0
14.8		0
14.9		0
15		0
15.1		0
15.2		0
15.3		0
15.4		0
15.5		0
15.6		0
15.7		0
15.8		0
15.9		0
16		0
16.1		0.00134231
16.2		0.00134231
16.3		0.00134231
16.4		0.00134231
16.5		0.00134231
16.6		0.00134231
16.7		0.00134231
16.8		0.00134231
16.9		0.00134231
17		0.00134231
17.1		0.0063011
17.2		0.0063011
17.3		0.0063011
17.4		0.0063011
17.5		0.0063011
17.6		0.0063011
17.7		0.0063011
17.8		0.0063011
17.9		0.0063011
18		0.0063011
18.1		0.00684468
18.2		0.00684468
18.3		0.00684468
18.4		0.00684468
18.5		0.00684468
18.6		0.00684468
18.7		0.00684468
18.8		0.00684468
18.9		0.00684468
19		0.00684468
19.1		0.00992867
19.2		0.00992867
19.3		0.00992867
19.4		0.00992867
19.5		0.00992867
19.6		0.00992867
19.7		0.00992867
19.8		0.00992867
19.9		0.00992867
20		0.00992867
20.1		0.0151426
20.2		0.0151426
20.3		0.0151426
20.4		0.0151426
20.5		0.0151426
20.6		0.0151426
20.7		0.0151426
20.8		0.0151426
20.9		0.0151426
21		0.0151426
21.1		0.0170618
21.2		0.0170618
21.3		0.0170618
21.4		0.0170618
21.5		0.0170618
21.6		0.0170618
21.7		0.0170618
21.8		0.0170618
21.9		0.0170618
22		0.0170618
22.1		0.0177607
22.2		0.0177607
22.3		0.0177607
22.4		0.0177607
22.5		0.0177607
22.6		0.0177607
22.7		0.0177607
22.8		0.0177607
22.9		0.0177607
23		0.0177607
23.1		0.0179714
23.2		0.0179714
23.3		0.0179714
23.4		0.0179714
23.5		0.0179714
23.6		0.0179714
23.7		0.0179714
23.8		0.0179714
23.9		0.0179714
24		0.0179714
24.1		0.0238399
24.2		0.0238399
24.3		0.0238399
24.4		0.0238399
24.5		0.0238399
24.6		0.0238399
24.7		0.0238399
24.8		0.0238399
24.9		0.0238399
25		0.0238399
25.1		0.0256592
25.2		0.0256592
25.3		0.0256592
25.4		0.0256592
25.5		0.0256592
25.6		0.0256592
25.7		0.0256592
25.8		0.0256592
25.9		0.0256592
26		0.0256592
26.1		0.0261584
26.2		0.0261584
26.3		0.0261584
26.4		0.0261584
26.5		0.0261584
26.6		0.0261584
26.7		0.0261584
26.8		0.0261584
26.9		0.0261584
27		0.0261584
27.1		0.0292979
27.2		0.0292979
27.3		0.0292979
27.4		0.0292979
27.5		0.0292979
27.6		0.0292979
27.7		0.0292979
27.8		0.0292979
27.9		0.0292979
28		0.0292979
28.1		0.0309619
28.2		0.0309619
28.3		0.0309619
28.4		0.0309619
28.5		0.0309619
28.6		0.0309619
28.7		0.0309619
28.8		0.0309619
28.9		0.0309619
29		0.0309619
29.1		0.0342345
29.2		0.0342345
29.3		0.0342345
29.4		0.0342345
29.5		0.0342345
29.6		0.0342345
29.7		0.0342345
29.8		0.0342345
29.9		0.0342345
30		0.0342345
30.1		0.0358763
30.2		0.0358763
30.3		0.0358763
30.4		0.0358763
30.5		0.0358763
30.6		0.0358763
30.7		0.0358763
30.8		0.0358763
30.9		0.0358763
31		0.0358763
31.1		0.0361315
31.2		0.0361315
31.3		0.0361315
31.4		0.0361315
31.5		0.0361315
31.6		0.0361315
31.7		0.0361315
31.8		0.0361315
31.9		0.0361315
32		0.0361315
32.1		0.0378621
32.2		0.0378621
32.3		0.0378621
32.4		0.0378621
32.5		0.0378621
32.6		0.0378621
32.7		0.0378621
32.8		0.0378621
32.9		0.0378621
33		0.0378621
33.1		0.0411679
33.2		0.0411679
33.3		0.0411679
33.4		0.0411679
33.5		0.0411679
33.6		0.0411679
33.7		0.0411679
33.8		0.0411679
33.9		0.0411679
34		0.0411679
34.1		0.0432091
34.2		0.0432091
34.3		0.0432091
34.4		0.0432091
34.5		0.0432091
34.6		0.0432091
34.7		0.0432091
34.8		0.0432091
34.9		0.0432091
35		0.0432091
35.1		0.0452392
35.2		0.0452392
35.3		0.0452392
35.4		0.0452392
35.5		0.0452392
35.6		0.0452392
35.7		0.0452392
35.8		0.0452392
35.9		0.0452392
36		0.0452392
36.1		0.0467369
36.2		0.0467369
36.3		0.0467369
36.4		0.0467369
36.5		0.0467369
36.6		0.0467369
36.7		0.0467369
36.8		0.0467369
36.9		0.0467369
37		0.0467369
37.1		0.0473803
37.2		0.0473803
37.3		0.0473803
37.4		0.0473803
37.5		0.0473803
37.6		0.0473803
37.7		0.0473803
37.8		0.0473803
37.9		0.0473803
38		0.0473803
38.1		0.0499207
38.2		0.0499207
38.3		0.0499207
38.4		0.0499207
38.5		0.0499207
38.6		0.0499207
38.7		0.0499207
38.8		0.0499207
38.9		0.0499207
39		0.0499207
39.1		0.0512408
39.2		0.0512408
39.3		0.0512408
39.4		0.0512408
39.5		0.0512408
39.6		0.0512408
39.7		0.0512408
39.8		0.0512408
39.9		0.0512408
40		0.0512408
40.1		0.0554009
40.2		0.0554009
40.3		0.0554009
40.4		0.0554009
40.5		0.0554009
40.6		0.0554009
40.7		0.0554009
40.8		0.0554009
40.9		0.0554009
41		0.0554009
41.1		0.0575419
41.2		0.0575419
41.3		0.0575419
41.4		0.0575419
41.5		0.0575419
41.6		0.0575419
41.7		0.0575419
41.8		0.0575419
41.9		0.0575419
42		0.0575419
42.1		0.0608367
42.2		0.0608367
42.3		0.0608367
42.4		0.0608367
42.5		0.0608367
42.6		0.0608367
42.7		0.0608367
42.8		0.0608367
42.9		0.0608367
43		0.0608367
43.1		0.0611806
43.2		0.0611806
43.3		0.0611806
43.4		0.0611806
43.5		0.0611806
43.6		0.0611806
43.7		0.0611806
43.8		0.0611806
43.9		0.0611806
44		0.0611806
44.1		0.0622899
44.2		0.0622899
44.3		0.0622899
44.4		0.0622899
44.5		0.0622899
44.6		0.0622899
44.7		0.0622899
44.8		0.0622899
44.9		0.0622899
45		0.0622899
45.1		0.0634769
45.2		0.0634769
45.3		0.0634769
45.4		0.0634769
45.5		0.0634769
45.6		0.0634769
45.7		0.0634769
45.8		0.0634769
45.9		0.0634769
46		0.0634769
46.1		0.0684135
46.2		0.0684135
46.3		0.0684135
46.4		0.0684135
46.5		0.0684135
46.6		0.0684135
46.7		0.0684135
46.8		0.0684135
46.9		0.0684135
47		0.0684135
47.1		0.0694119
47.2		0.0694119
47.3		0.0694119
47.4		0.0694119
47.5		0.0694119
47.6		0.0694119
47.7		0.0694119
47.8		0.0694119
47.9		0.0694119
48		0.0694119
48.1		0.0711647
48.2		0.0711647
48.3		0.0711647
48.4		0.0711647
48.5		0.0711647
48.6		0.0711647
48.7		0.0711647
48.8		0.0711647
48.9		0.0711647
49		0.0711647
49.1		0.0726401
49.2		0.0726401
49.3		0.0726401
49.4		0.0726401
49.5		0.0726401
49.6		0.0726401
49.7		0.0726401
49.8		0.0726401
49.9		0.0726401
50		0.0726401
50.1		0.0770443
50.2		0.0770443
50.3		0.0770443
50.4		0.0770443
50.5		0.0770443
50.6		0.0770443
50.7		0.0770443
50.8		0.0770443
50.9		0.0770443
51		0.0770443
51.1		0.0797622
51.2		0.0797622
51.3		0.0797622
51.4		0.0797622
51.5		0.0797622
51.6		0.0797622
51.7		0.0797622
51.8		0.0797622
51.9		0.0797622
52		0.0797622
52.1		0.0805054
52.2		0.0805054
52.3		0.0805054
52.4		0.0805054
52.5		0.0805054
52.6		0.0805054
52.7		0.0805054
52.8		0.0805054
52.9		0.0805054
53		0.0805054
53.1		0.0818588
53.2		0.0818588
53.3		0.0818588
53.4		0.0818588
53.5		0.0818588
53.6		0.0818588
53.7		0.0818588
53.8		0.0818588
53.9		0.0818588
54		0.0818588
54.1		0.0841995
54.2		0.0841995
54.3		0.0841995
54.4		0.0841995
54.5		0.0841995
54.6		0.0841995
54.7		0.0841995
54.8		0.0841995
54.9		0.0841995
55		0.0841995
55.1		0.0869951
55.2		0.0869951
55.3		0.0869951
55.4		0.0869951
55.5		0.0869951
55.6		0.0869951
55.7		0.0869951
55.8		0.0869951
55.9		0.0869951
56		0.0869951
56.1		0.0872059
56.2		0.0872059
56.3		0.0872059
56.4		0.0872059
56.5		0.0872059
56.6		0.0872059
56.7		0.0872059
56.8		0.0872059
56.9		0.0872059
57		0.0872059
57.1		0.091022
57.2		0.091022
57.3		0.091022
57.4		0.091022
57.5		0.091022
57.6		0.091022
57.7		0.091022
57.8		0.091022
57.9		0.091022
58		0.091022
58.1		0.0931631
58.2		0.0931631
58.3		0.0931631
58.4		0.0931631
58.5		0.0931631
58.6		0.0931631
58.7		0.0931631
58.8		0.0931631
58.9		0.0931631
59		0.0931631
59.1		0.0966353
59.2		0.0966353
59.3		0.0966353
59.4		0.0966353
59.5		0.0966353
59.6		0.0966353
59.7		0.0966353
59.8		0.0966353
59.9		0.0966353
60		0.0966353
60.1		0.0975228
60.2		0.0975228
60.3		0.0975228
60.4		0.0975228
60.5		0.0975228
60.6		0.0975228
60.7		0.0975228
60.8		0.0975228
60.9		0.0975228
61		0.0975228
61.1		0.0980997
61.2		0.0980997
61.3		0.0980997
61.4		0.0980997
61.5		0.0980997
61.6		0.0980997
61.7		0.0980997
61.8		0.0980997
61.9		0.0980997
62		0.0980997
62.1		0.100629
62.2		0.100629
62.3		0.100629
62.4		0.100629
62.5		0.100629
62.6		0.100629
62.7		0.100629
62.8		0.100629
62.9		0.100629
63		0.100629
63.1		0.103813
63.2		0.103813
63.3		0.103813
63.4		0.103813
63.5		0.103813
63.6		0.103813
63.7		0.103813
63.8		0.103813
63.9		0.103813
64		0.103813
64.1		0.104778
64.2		0.104778
64.3		0.104778
64.4		0.104778
64.5		0.104778
64.6		0.104778
64.7		0.104778
64.8		0.104778
64.9		0.104778
65		0.104778
65.1		0.106187
65.2		0.106187
65.3		0.106187
65.4		0.106187
65.5		0.106187
65.6		0.106187
65.7		0.106187
65.8		0.106187
65.9		0.106187
66		0.106187
66.1		0.109648
66.2		0.109648
66.3		0.109648
66.4		0.109648
66.5		0.109648
66.6		0.109648
66.7		0.109648
66.8		0.109648
66.9		0.109648
67		0.109648
67.1		0.109903
67.2		0.109903
67.3		0.109903
67.4		0.109903
67.5		0.109903
67.6		0.109903
67.7		0.109903
67.8		0.109903
67.9		0.109903
68		0.109903
68.1		0.11373
68.2		0.11373
68.3		0.11373
68.4		0.11373
68.5		0.11373
68.6		0.11373
68.7		0.11373
68.8		0.11373
68.9		0.11373
69		0.11373
69.1		0.114818
69.2		0.114818
69.3		0.114818
69.4		0.114818
69.5		0.114818
69.6		0.114818
69.7		0.114818
69.8		0.114818
69.9		0.114818
70		0.114818
70.1		0.11586
70.2		0.11586
70.3		0.11586
70.4		0.11586
70.5		0.11586
70.6		0.11586
70.7		0.11586
70.8		0.11586
70.9		0.11586
71		0.11586
71.1		0.117669
71.2		0.117669
71.3		0.117669
71.4		0.117669
71.5		0.117669
71.6		0.117669
71.7		0.117669
71.8		0.117669
71.9		0.117669
72		0.117669
72.1		0.121651
72.2		0.121651
72.3		0.121651
72.4		0.121651
72.5		0.121651
72.6		0.121651
72.7		0.121651
72.8		0.121651
72.9		0.121651
73		0.121651
73.1		0.122039
73.2		0.122039
73.3		0.122039
73.4		0.122039
73.5		0.122039
73.6		0.122039
73.7		0.122039
73.8		0.122039
73.9		0.122039
74		0.122039
74.1		0.12529
74.2		0.12529
74.3		0.12529
74.4		0.12529
74.5		0.12529
74.6		0.12529
74.7		0.12529
74.8		0.12529
74.9		0.12529
75		0.12529
75.1		0.125856
75.2		0.125856
75.3		0.125856
75.4		0.125856
75.5		0.125856
75.6		0.125856
75.7		0.125856
75.8		0.125856
75.9		0.125856
76		0.125856
76.1		0.130459
76.2		0.130459
76.3		0.130459
76.4		0.130459
76.5		0.130459
76.6		0.130459
76.7		0.130459
76.8		0.130459
76.9		0.130459
77		0.130459
77.1		0.130737
77.2		0.130737
77.3		0.130737
77.4		0.130737
77.5		0.130737
77.6		0.130737
77.7		0.130737
77.8		0.130737
77.9		0.130737
78		0.130737
78.1		0.130981
78.2		0.130981
78.3		0.130981
78.4		0.130981
78.5		0.130981
78.6		0.130981
78.7		0.130981
78.8		0.130981
78.9		0.130981
79		0.130981
79.1		0.133843
79.2		0.133843
79.3		0.133843
79.4		0.133843
79.5		0.133843
79.6		0.133843
79.7		0.133843
79.8		0.133843
79.9		0.133843
80		0.133843
80.1		0.13777
80.2		0.13777
80.3		0.13777
80.4		0.13777
80.5		0.13777
80.6		0.13777
80.7		0.13777
80.8		0.13777
80.9		0.13777
81		0.13777
81.1		0.140333
81.2		0.140333
81.3		0.140333
81.4		0.140333
81.5		0.140333
81.6		0.140333
81.7		0.140333
81.8		0.140333
81.9		0.140333
82		0.140333
82.1		0.141131
82.2		0.141131
82.3		0.141131
82.4		0.141131
82.5		0.141131
82.6		0.141131
82.7		0.141131
82.8		0.141131
82.9		0.141131
83		0.141131
83.1		0.141564
83.2		0.141564
83.3		0.141564
83.4		0.141564
83.5		0.141564
83.6		0.141564
83.7		0.141564
83.8		0.141564
83.9		0.141564
84		0.141564
84.1		0.145036
84.2		0.145036
84.3		0.145036
84.4		0.145036
84.5		0.145036
84.6		0.145036
84.7		0.145036
84.8		0.145036
84.9		0.145036
85		0.145036
85.1		0.147998
85.2		0.147998
85.3		0.147998
85.4		0.147998
85.5		0.147998
85.6		0.147998
85.7		0.147998
85.8		0.147998
85.9		0.147998
86		0.147998
86.1		0.151293
86.2		0.151293
86.3		0.151293
86.4		0.151293
86.5		0.151293
86.6		0.151293
86.7		0.151293
86.8		0.151293
86.9		0.151293
87		0.151293
87.1		0.152613
87.2		0.152613
87.3		0.152613
87.4		0.152613
87.5		0.152613
87.6		0.152613
87.7		0.152613
87.8		0.152613
87.9		0.152613
88		0.152613
88.1		0.154177
88.2		0.154177
88.3		0.154177
88.4		0.154177
88.5		0.154177
88.6		0.154177
88.7		0.154177
88.8		0.154177
88.9		0.154177
89		0.154177
89.1		0.156429
89.2		0.156429
89.3		0.156429
89.4		0.156429
89.5		0.156429
89.6		0.156429
89.7		0.156429
89.8		0.156429
89.9		0.156429
90		0.156429
90.1		0.157849
90.2		0.157849
90.3		0.157849
90.4		0.157849
90.5		0.157849
90.6		0.157849
90.7		0.157849
90.8		0.157849
90.9		0.157849
91		0.157849
91.1		0.160234
91.2		0.160234
91.3		0.160234
91.4		0.160234
91.5		0.160234
91.6		0.160234
91.7		0.160234
91.8		0.160234
91.9		0.160234
92		0.160234
92.1		0.161577
92.2		0.161577
92.3		0.161577
92.4		0.161577
92.5		0.161577
92.6		0.161577
92.7		0.161577
92.8		0.161577
92.9		0.161577
93		0.161577
93.1		0.164539
93.2		0.164539
93.3		0.164539
93.4		0.164539
93.5		0.164539
93.6		0.164539
93.7		0.164539
93.8		0.164539
93.9		0.164539
94		0.164539
94.1		0.167057
94.2		0.167057
94.3		0.167057
94.4		0.167057
94.5		0.167057
94.6		0.167057
94.7		0.167057
94.8		0.167057
94.9		0.167057
95		0.167057
95.1		0.167711
95.2		0.167711
95.3		0.167711
95.4		0.167711
95.5		0.167711
95.6		0.167711
95.7		0.167711
95.8		0.167711
95.9		0.167711
96		0.167711
96.1		0.16973
96.2		0.16973
96.3		0.16973
96.4		0.16973
96.5		0.16973
96.6		0.16973
96.7		0.16973
96.8		0.16973
96.9		0.16973
97		0.16973
97.1		0.172859
97.2		0.172859
97.3		0.172859
97.4		0.172859
97.5		0.172859
97.6		0.172859
97.7		0.172859
97.8		0.172859
97.9		0.172859
98		0.172859
98.1		0.177196
98.2		0.177196
98.3		0.177196
98.4		0.177196
98.5		0.177196
98.6		0.177196
98.7		0.177196
98.8		0.177196
98.9		0.177196
99		0.177196
99.1		0.177374
99.2		0.177374
99.3		0.177374
99.4		0.177374
99.5		0.177374
99.6		0.177374
99.7		0.177374
99.8		0.177374
99.9		0.177374
100		0.177374
100.1		0.177507
100.2		0.177507
100.3		0.177507
100.4		0.177507
100.5		0.177507
100.6		0.177507
100.7		0.177507
100.8		0.177507
100.9		0.177507
101		0.177507
101.1		0.178472
101.2		0.178472
101.3		0.178472
101.4		0.178472
101.5		0.178472
101.6		0.178472
101.7		0.178472
101.8		0.178472
101.9		0.178472
102		0.178472
102.1		0.183242
102.2		0.183242
102.3		0.183242
102.4		0.183242
102.5		0.183242
102.6		0.183242
102.7		0.183242
102.8		0.183242
102.9		0.183242
103		0.183242
103.1		0.184096
103.2		0.184096
103.3		0.184096
103.4		0.184096
103.5		0.184096
103.6		0.184096
103.7		0.184096
103.8		0.184096
103.9		0.184096
104		0.184096
104.1		0.187757
104.2		0.187757
104.3		0.187757
104.4		0.187757
104.5		0.187757
104.6		0.187757
104.7		0.187757
104.8		0.187757
104.9		0.187757
105		0.187757
105.1		0.190508
105.2		0.190508
105.3		0.190508
105.4		0.190508
105.5		0.190508
105.6		0.190508
105.7		0.190508
105.8		0.190508
105.9		0.190508
106		0.190508
106.1		0.19306
106.2		0.19306
106.3		0.19306
106.4		0.19306
106.5		0.19306
106.6		0.19306
106.7		0.19306
106.8		0.19306
106.9		0.19306
107		0.19306
107.1		0.193958
107.2		0.193958
107.3		0.193958
107.4		0.193958
107.5		0.193958
107.6		0.193958
107.7		0.193958
107.8		0.193958
107.9		0.193958
108		0.193958
108.1		0.194835
108.2		0.194835
108.3		0.194835
108.4		0.194835
108.5		0.194835
108.6		0.194835
108.7		0.194835
108.8		0.194835
108.9		0.194835
109		0.194835
109.1		0.194968
109.2		0.194968
109.3		0.194968
109.4		0.194968
109.5		0.194968
109.6		0.194968
109.7		0.194968
109.8		0.194968
109.9		0.194968
110		0.194968
110.1		0.199838
110.2		0.199838
110.3		0.199838
110.4		0.199838
110.5		0.199838
110.6		0.199838
110.7		0.199838
110.8		0.199838
110.9		0.199838
111		0.199838
111.1		0.202678
111.2		0.202678
111.3		0.202678
111.4		0.202678
111.5		0.202678
111.6		0.202678
111.7		0.202678
111.8		0.202678
111.9		0.202678
112		0.202678
112.1		0.202878
112.2		0.202878
112.3		0.202878
112.4		0.202878
112.5		0.202878
112.6		0.202878
112.7		0.202878
112.8		0.202878
112.9		0.202878
113		0.202878
113.1		0.20442
113.2		0.20442
113.3		0.20442
113.4		0.20442
113.5		0.20442
113.6		0.20442
113.7		0.20442
113.8		0.20442
113.9		0.20442
114		0.20442
114.1		0.208291
114.2		0.208291
114.3		0.208291
114.4		0.208291
114.5		0.208291
114.6		0.208291
114.7		0.208291
114.8		0.208291
114.9		0.208291
115		0.208291
115.1		0.210166
115.2		0.210166
115.3		0.210166
115.4		0.210166
115.5		0.210166
115.6		0.210166
115.7		0.210166
115.8		0.210166
115.9		0.210166
116		0.210166
116.1		0.210421
116.2		0.210421
116.3		0.210421
116.4		0.210421
116.5		0.210421
116.6		0.210421
116.7		0.210421
116.8		0.210421
116.9		0.210421
117		0.210421
117.1		0.212862
117.2		0.212862
117.3		0.212862
117.4		0.212862
117.5		0.212862
117.6		0.212862
117.7		0.212862
117.8		0.212862
117.9		0.212862
118		0.212862
118.1		0.215169
118.2		0.215169
118.3		0.215169
118.4		0.215169
118.5		0.215169
118.6		0.215169
118.7		0.215169
118.8		0.215169
118.9		0.215169
119		0.215169
119.1		0.219008
119.2		0.219008
119.3		0.219008
119.4		0.219008
119.5		0.219008
119.6		0.219008
119.7		0.219008
119.8		0.219008
119.9		0.219008
120		0.219008
120.1		0.220183
120.2		0.220183
120.3		0.220183
120.4		0.220183
120.5		0.220183
120.6		0.220183
120.7		0.220183
120.8		0.220183
120.9		0.220183
121		0.220183
121.1		0.222802
121.2		0.222802
121.3		0.222802
121.4		0.222802
121.5		0.222802
121.6		0.222802
121.7		0.222802
121.8		0.222802
121.9		0.222802
122		0.222802
122.1		0.223567
122.2		0.223567
122.3		0.223567
122.4		0.223567
122.5		0.223567
122.6		0.223567
122.7		0.223567
122.8		0.223567
122.9		0.223567
123		0.223567
123.1		0.224543
123.2		0.224543
123.3		0.224543
123.4		0.224543
123.5		0.224543
123.6		0.224543
123.7		0.224543
123.8		0.224543
123.9		0.224543
124		0.224543
124.1		0.22928
124.2		0.22928
124.3		0.22928
124.4		0.22928
124.5		0.22928
124.6		0.22928
124.7		0.22928
124.8		0.22928
124.9		0.22928
125		0.22928
125.1		0.230267
125.2		0.230267
125.3		0.230267
125.4		0.230267
125.5		0.230267
125.6		0.230267
125.7		0.230267
125.8		0.230267
125.9		0.230267
126		0.230267
126.1		0.23364
126.2		0.23364
126.3		0.23364
126.4		0.23364
126.5		0.23364
126.6		0.23364
126.7		0.23364
126.8		0.23364
126.9		0.23364
127		0.23364
127.1		0.234605
127.2		0.234605
127.3		0.234605
127.4		0.234605
127.5		0.234605
127.6		0.234605
127.7		0.234605
127.8		0.234605
127.9		0.234605
128		0.234605
128.1		0.236901
128.2		0.236901
128.3		0.236901
128.4		0.236901
128.5		0.236901
128.6		0.236901
128.7		0.236901
128.8		0.236901
128.9		0.236901
129		0.236901
129.1		0.237944
129.2		0.237944
129.3		0.237944
129.4		0.237944
129.5		0.237944
129.6		0.237944
129.7		0.237944
129.8		0.237944
129.9		0.237944
130		0.237944
130.1		0.243868
130.2		0.243868
130.3		0.243868
130.4		0.243868
130.5		0.243868
130.6		0.243868
130.7		0.243868
130.8		0.243868
130.9		0.243868
131		0.243868
131.1		0.246342
131.2		0.246342
131.3		0.246342
131.4		0.246342
131.5		0.246342
131.6		0.246342
131.7		0.246342
131.8		0.246342
131.9		0.246342
132		0.246342
132.1		0.247507
132.2		0.247507
132.3		0.247507
132.4		0.247507
132.5		0.247507
132.6		0.247507
132.7		0.247507
132.8		0.247507
132.9		0.247507
133		0.247507
133.1		0.247706
133.2		0.247706
133.3		0.247706
133.4		0.247706
133.5		0.247706
133.6		0.247706
133.7		0.247706
133.8		0.247706
133.9		0.247706
134		0.247706
134.1		0.248927
134.2		0.248927
134.3		0.248927
134.4		0.248927
134.5		0.248927
134.6		0.248927
134.7		0.248927
134.8		0.248927
134.9		0.248927
135		0.248927
135.1		0.252
135.2		0.252
135.3		0.252
135.4		0.252
135.5		0.252
135.6		0.252
135.7		0.252
135.8		0.252
135.9		0.252
136		0.252
136.1		0.254296
136.2		0.254296
136.3		0.254296
136.4		0.254296
136.5		0.254296
136.6		0.254296
136.7		0.254296
136.8		0.254296
136.9		0.254296
137		0.254296
137.1		0.256559
137.2		0.256559
137.3		0.256559
137.4		0.256559
137.5		0.256559
137.6		0.256559
137.7		0.256559
137.8		0.256559
137.9		0.256559
138		0.256559
138.1		0.257369
138.2		0.257369
138.3		0.257369
138.4		0.257369
138.5		0.257369
138.6		0.257369
138.7		0.257369
138.8		0.257369
138.9		0.257369
139		0.257369
139.1		0.258789
139.2		0.258789
139.3		0.258789
139.4		0.258789
139.5		0.258789
139.6		0.258789
139.7		0.258789
139.8		0.258789
139.9		0.258789
140		0.258789
140.1		0.26144
140.2		0.26144
140.3		0.26144
140.4		0.26144
140.5		0.26144
140.6		0.26144
140.7		0.26144
140.8		0.26144
140.9		0.26144
141		0.26144
141.1		0.264968
141.2		0.264968
141.3		0.264968
141.4		0.264968
141.5		0.264968
141.6		0.264968
141.7		0.264968
141.8		0.264968
141.9		0.264968
142		0.264968
142.1		0.265212
142.2		0.265212
142.3		0.265212
142.4		0.265212
142.5		0.265212
142.6		0.265212
142.7		0.265212
142.8		0.265212
142.9		0.265212
143		0.265212
143.1		0.267042
143.2		0.267042
143.3		0.267042
143.4		0.267042
143.5		0.267042
143.6		0.267042
143.7		0.267042
143.8		0.267042
143.9		0.267042
144		0.267042
144.1		0.270049
144.2		0.270049
144.3		0.270049
144.4		0.270049
144.5		0.270049
144.6		0.270049
144.7		0.270049
144.8		0.270049
144.9		0.270049
145		0.270049
145.1		0.271946
145.2		0.271946
145.3		0.271946
145.4		0.271946
145.5		0.271946
145.6		0.271946
145.7		0.271946
145.8		0.271946
145.9		0.271946
146		0.271946
146.1		0.275296
146.2		0.275296
146.3		0.275296
146.4		0.275296
146.5		0.275296
146.6		0.275296
146.7		0.275296
146.8		0.275296
146.9		0.275296
147		0.275296
147.1		0.27696
147.2		0.27696
147.3		0.27696
147.4		0.27696
147.5		0.27696
147.6		0.27696
147.7		0.27696
147.8		0.27696
147.9		0.27696
148		0.27696
148.1		0.277792
148.2		0.277792
148.3		0.277792
148.4		0.277792
148.5		0.277792
148.6		0.277792
148.7		0.277792
148.8		0.277792
148.9		0.277792
149		0.277792
149.1		0.279523
149.2		0.279523
149.3		0.279523
149.4		0.279523
149.5		0.279523
149.6		0.279523
149.7		0.279523
149.8		0.279523
149.9		0.279523
150		0.279523
150.1		0.285624
150.2		0.285624
150.3		0.285624
150.4		0.285624
150.5		0.285624
150.6		0.285624
150.7		0.285624
150.8		0.285624
150.9		0.285624
151		0.285624
151.1		0.28619
151.2		0.28619
151.3		0.28619
151.4		0.28619
151.5		0.28619
151.6		0.28619
151.7		0.28619
151.8		0.28619
151.9		0.28619
152		0.28619
152.1		0.287499
152.2		0.287499
152.3		0.287499
152.4		0.287499
152.5		0.287499
152.6		0.287499
152.7		0.287499
152.8		0.287499
152.9		0.287499
153		0.287499
153.1		0.28903
153.2		0.28903
153.3		0.28903
153.4		0.28903
153.5		0.28903
153.6		0.28903
153.7		0.28903
153.8		0.28903
153.9		0.28903
154		0.28903
154.1		0.291581
154.2		0.291581
154.3		0.291581
154.4		0.291581
154.5		0.291581
154.6		0.291581
154.7		0.291581
154.8		0.291581
154.9		0.291581
155		0.291581
155.1		0.294632
155.2		0.294632
155.3		0.294632
155.4		0.294632
155.5		0.294632
155.6		0.294632
155.7		0.294632
155.8		0.294632
155.9		0.294632
156		0.294632
156.1		0.295353
156.2		0.295353
156.3		0.295353
156.4		0.295353
156.5		0.295353
156.6		0.295353
156.7		0.295353
156.8		0.295353
156.9		0.295353
157		0.295353
157.1		0.297394
157.2		0.297394
157.3		0.297394
157.4		0.297394
157.5		0.297394
157.6		0.297394
157.7		0.297394
157.8		0.297394
157.9		0.297394
158		0.297394
158.1		0.301698
158.2		0.301698
158.3		0.301698
158.4		0.301698
158.5		0.301698
158.6		0.301698
158.7		0.301698
158.8		0.301698
158.9		0.301698
159		0.301698
159.1		0.302508
159.2		0.302508
159.3		0.302508
159.4		0.302508
159.5		0.302508
159.6		0.302508
159.7		0.302508
159.8		0.302508
159.9		0.302508
160		0.302508
160.1		0.302919
160.2		0.302919
160.3		0.302919
160.4		0.302919
160.5		0.302919
160.6		0.302919
160.7		0.302919
160.8		0.302919
160.9		0.302919
161		0.302919
161.1		0.307611
161.2		0.307611
161.3		0.307611
161.4		0.307611
161.5		0.307611
161.6		0.307611
161.7		0.307611
161.8		0.307611
161.9		0.307611
162		0.307611
162.1		0.310107
162.2		0.310107
162.3		0.310107
162.4		0.310107
162.5		0.310107
162.6		0.310107
162.7		0.310107
162.8		0.310107
162.9		0.310107
163		0.310107
163.1		0.312248
163.2		0.312248
163.3		0.312248
163.4		0.312248
163.5		0.312248
163.6		0.312248
163.7		0.312248
163.8		0.312248
163.9		0.312248
164		0.312248
164.1		0.313103
164.2		0.313103
164.3		0.313103
164.4		0.313103
164.5		0.313103
164.6		0.313103
164.7		0.313103
164.8		0.313103
164.9		0.313103
165		0.313103
165.1		0.314334
165.2		0.314334
165.3		0.314334
165.4		0.314334
165.5		0.314334
165.6		0.314334
165.7		0.314334
165.8		0.314334
165.9		0.314334
166		0.314334
166.1		0.317074
166.2		0.317074
166.3		0.317074
166.4		0.317074
166.5		0.317074
166.6		0.317074
166.7		0.317074
166.8		0.317074
166.9		0.317074
167		0.317074
167.1		0.318261
167.2		0.318261
167.3		0.318261
167.4		0.318261
167.5		0.318261
167.6		0.318261
167.7		0.318261
167.8		0.318261
167.9		0.318261
168		0.318261
168.1		0.320602
168.2		0.320602
168.3		0.320602
168.4		0.320602
168.5		0.320602
168.6		0.320602
168.7		0.320602
168.8		0.320602
168.9		0.320602
169		0.320602
169.1		0.323963
169.2		0.323963
169.3		0.323963
169.4		0.323963
169.5		0.323963
169.6		0.323963
169.7		0.323963
169.8		0.323963
169.9		0.323963
170		0.323963
170.1		0.325206
170.2		0.325206
170.3		0.325206
170.4		0.325206
170.5		0.325206
170.6		0.325206
170.7		0.325206
170.8		0.325206
170.9		0.325206
171		0.325206
171.1		0.327524
171.2		0.327524
171.3		0.327524
171.4		0.327524
171.5		0.327524
171.6		0.327524
171.7		0.327524
171.8		0.327524
171.9		0.327524
172		0.327524
172.1		0.3285
172.2		0.3285
172.3		0.3285
172.4		0.3285
172.5		0.3285
172.6		0.3285
172.7		0.3285
172.8		0.3285
172.9		0.3285
173		0.3285
173.1		0.329488
173.2		0.329488
173.3		0.329488
173.4		0.329488
173.5		0.329488
173.6		0.329488
173.7		0.329488
173.8		0.329488
173.9		0.329488
174		0.329488
174.1		0.332616
174.2		0.332616
174.3		0.332616
174.4		0.332616
174.5		0.332616
174.6		0.332616
174.7		0.332616
174.8		0.332616
174.9		0.332616
175		0.332616
175.1		0.335689
175.2		0.335689
175.3		0.335689
175.4		0.335689
175.5		0.335689
175.6		0.335689
175.7		0.335689
175.8		0.335689
175.9		0.335689
176		0.335689
176.1		0.337286
176.2		0.337286
176.3		0.337286
176.4		0.337286
176.5		0.337286
176.6		0.337286
176.7		0.337286
176.8		0.337286
176.9		0.337286
177		0.337286
177.1		0.338961
177.2		0.338961
177.3		0.338961
177.4		0.338961
177.5		0.338961
177.6		0.338961
177.7		0.338961
177.8		0.338961
177.9		0.338961
178		0.338961
178.1		0.340348
178.2		0.340348
178.3		0.340348
178.4		0.340348
178.5		0.340348
178.6		0.340348
178.7		0.340348
178.8		0.340348
178.9		0.340348
179		0.340348
179.1		0.341291
179.2		0.341291
179.3		0.341291
179.4		0.341291
179.5		0.341291
179.6		0.341291
179.7		0.341291
179.8		0.341291
179.9		0.341291
180		0.341291
180.1		0.345007
180.2		0.345007
180.3		0.345007
180.4		0.345007
180.5		0.345007
180.6		0.345007
180.7		0.345007
180.8		0.345007
180.9		0.345007
181		0.345007
181.1		0.345828
181.2		0.345828
181.3		0.345828
181.4		0.345828
181.5		0.345828
181.6		0.345828
181.7		0.345828
181.8		0.345828
181.9		0.345828
182		0.345828
182.1		0.346228
182.2		0.346228
182.3		0.346228
182.4		0.346228
182.5		0.346228
182.6		0.346228
182.7		0.346228
182.8		0.346228
182.9		0.346228
183		0.346228
183.1		0.350765
183.2		0.350765
183.3		0.350765
183.4		0.350765
183.5		0.350765
183.6		0.350765
183.7		0.350765
183.8		0.350765
183.9		0.350765
184		0.350765
184.1		0.35427
184.2		0.35427
184.3		0.35427
184.4		0.35427
184.5		0.35427
184.6		0.35427
184.7		0.35427
184.8		0.35427
184.9		0.35427
185		0.35427
185.1		0.354869
185.2		0.354869
185.3		0.354869
185.4		0.354869
185.5		0.354869
185.6		0.354869
185.7		0.354869
185.8		0.354869
185.9		0.354869
186		0.354869
186.1		0.355391
186.2		0.355391
186.3		0.355391
186.4		0.355391
186.5		0.355391
186.6		0.355391
186.7		0.355391
186.8		0.355391
186.9		0.355391
187		0.355391
187.1		0.357221
187.2		0.357221
187.3		0.357221
187.4		0.357221
187.5		0.357221
187.6		0.357221
187.7		0.357221
187.8		0.357221
187.9		0.357221
188		0.357221
188.1		0.363855
188.2		0.363855
188.3		0.363855
188.4		0.363855
188.5		0.363855
188.6		0.363855
188.7		0.363855
188.8		0.363855
188.9		0.363855
189		0.363855
189.1		0.364554
189.2		0.364554
189.3		0.364554
189.4		0.364554
189.5		0.364554
189.6		0.364554
189.7		0.364554
189.8		0.364554
189.9		0.364554
190		0.364554
190.1		0.364831
190.2		0.364831
190.3		0.364831
190.4		0.364831
190.5		0.364831
190.6		0.364831
190.7		0.364831
190.8		0.364831
190.9		0.364831
191		0.364831
191.1		0.364987
191.2		0.364987
191.3		0.364987
191.4		0.364987
191.5		0.364987
191.6		0.364987
191.7		0.364987
191.8		0.364987
191.9		0.364987
192		0.364987
192.1		0.371288
192.2		0.371288
192.3		0.371288
192.4		0.371288
192.5		0.371288
192.6		0.371288
192.7		0.371288
192.8		0.371288
192.9		0.371288
193		0.371288
193.1		0.372408
193.2		0.372408
193.3		0.372408
193.4		0.372408
193.5		0.372408
193.6		0.372408
193.7		0.372408
193.8		0.372408
193.9		0.372408
194		0.372408
194.1		0.373939
194.2		0.373939
194.3		0.373939
194.4		0.373939
194.5		0.373939
194.6		0.373939
194.7		0.373939
194.8		0.373939
194.9		0.373939
195		0.373939
195.1		0.375437
195.2		0.375437
195.3		0.375437
195.4		0.375437
195.5		0.375437
195.6		0.375437
195.7		0.375437
195.8		0.375437
195.9		0.375437
196		0.375437
196.1		0.380651
196.2		0.380651
196.3		0.380651
196.4		0.380651
196.5		0.380651
196.6		0.380651
196.7		0.380651
196.8		0.380651
196.9		0.380651
197		0.380651
197.1		0.382825
197.2		0.382825
197.3		0.382825
197.4		0.382825
197.5		0.382825
197.6		0.382825
197.7		0.382825
197.8		0.382825
197.9		0.382825
198		0.382825
198.1		0.383413
198.2		0.383413
198.3		0.383413
198.4		0.383413
198.5		0.383413
198.6		0.383413
198.7		0.383413
198.8		0.383413
198.9		0.383413
199		0.383413
199.1		0.384112
199.2		0.384112
199.3		0.384112
199.4		0.384112
199.5		0.384112
199.6		0.384112
199.7		0.384112
199.8		0.384112
199.9		0.384112
200		0.384112
200.1		0.388527
200.2		0.388527
200.3		0.388527
200.4		0.388527
200.5		0.388527
200.6		0.388527
200.7		0.388527
200.8		0.388527
200.9		0.388527
201		0.388527
201.1		0.391655
201.2		0.391655
201.3		0.391655
201.4		0.391655
201.5		0.391655
201.6		0.391655
201.7		0.391655
201.8		0.391655
201.9		0.391655
202		0.391655
202.1		0.391922
202.2		0.391922
202.3		0.391922
202.4		0.391922
202.5		0.391922
202.6		0.391922
202.7		0.391922
202.8		0.391922
202.9		0.391922
203		0.391922
203.1		0.394484
203.2		0.394484
203.3		0.394484
203.4		0.394484
203.5		0.394484
203.6		0.394484
203.7		0.394484
203.8		0.394484
203.9		0.394484
204		0.394484
204.1		0.397369
204.2		0.397369
204.3		0.397369
204.4		0.397369
204.5		0.397369
204.6		0.397369
204.7		0.397369
204.8		0.397369
204.9		0.397369
205		0.397369
205.1		0.398644
205.2		0.398644
205.3		0.398644
205.4		0.398644
205.5		0.398644
205.6		0.398644
205.7		0.398644
205.8		0.398644
205.9		0.398644
206		0.398644
206.1		0.400364
206.2		0.400364
206.3		0.400364
206.4		0.400364
206.5		0.400364
206.6		0.400364
206.7		0.400364
206.8		0.400364
206.9		0.400364
207		0.400364
207.1		0.401396
207.2		0.401396
207.3		0.401396
207.4		0.401396
207.5		0.401396
207.6		0.401396
207.7		0.401396
207.8		0.401396
207.9		0.401396
208		0.401396
208.1		0.404391
208.2		0.404391
208.3		0.404391
208.4		0.404391
208.5		0.404391
208.6		0.404391
208.7		0.404391
208.8		0.404391
208.9		0.404391
209		0.404391
209.1		0.40702
209.2		0.40702
209.3		0.40702
209.4		0.40702
209.5		0.40702
209.6		0.40702
209.7		0.40702
209.8		0.40702
209.9		0.40702
210		0.40702
210.1		0.408917
210.2		0.408917
210.3		0.408917
210.4		0.408917
210.5		0.408917
210.6		0.408917
210.7		0.408917
210.8		0.408917
210.9		0.408917
211		0.408917
211.1		0.410492
211.2		0.410492
211.3		0.410492
211.4		0.410492
211.5		0.410492
211.6		0.410492
211.7		0.410492
211.8		0.410492
211.9		0.410492
212		0.410492
212.1		0.413576
212.2		0.413576
212.3		0.413576
212.4		0.413576
212.5		0.413576
212.6		0.413576
212.7		0.413576
212.8		0.413576
212.9		0.413576
213		0.413576
213.1		0.415373
213.2		0.415373
213.3		0.415373
213.4		0.415373
213.5		0.415373
213.6		0.415373
213.7		0.415373
213.8		0.415373
213.9		0.415373
214		0.415373
214.1		0.416516
214.2		0.416516
214.3		0.416516
214.4		0.416516
214.5		0.416516
214.6		0.416516
214.7		0.416516
214.8		0.416516
214.9		0.416516
215		0.416516
215.1		0.418424
215.2		0.418424
215.3		0.418424
215.4		0.418424
215.5		0.418424
215.6		0.418424
215.7		0.418424
215.8		0.418424
215.9		0.418424
216		0.418424
216.1		0.419877
216.2		0.419877
216.3		0.419877
216.4		0.419877
216.5		0.419877
216.6		0.419877
216.7		0.419877
216.8		0.419877
216.9		0.419877
217		0.419877
217.1		0.422007
217.2		0.422007
217.3		0.422007
217.4		0.422007
217.5		0.422007
217.6		0.422007
217.7		0.422007
217.8		0.422007
217.9		0.422007
218		0.422007
218.1		0.424315
218.2		0.424315
218.3		0.424315
218.4		0.424315
218.5		0.424315
218.6		0.424315
218.7		0.424315
218.8		0.424315
218.9		0.424315
219		0.424315
219.1		0.425457
219.2		0.425457
219.3		0.425457
219.4		0.425457
219.5		0.425457
219.6		0.425457
219.7		0.425457
219.8		0.425457
219.9		0.425457
220		0.425457
220.1		0.425701
220.2		0.425701
220.3		0.425701
220.4		0.425701
220.5		0.425701
220.6		0.425701
220.7		0.425701
220.8		0.425701
220.9		0.425701
221		0.425701
221.1		0.428674
221.2		0.428674
221.3		0.428674
221.4		0.428674
221.5		0.428674
221.6		0.428674
221.7		0.428674
221.8		0.428674
221.9		0.428674
222		0.428674
222.1		0.432158
222.2		0.432158
222.3		0.432158
222.4		0.432158
222.5		0.432158
222.6		0.432158
222.7		0.432158
222.8		0.432158
222.9		0.432158
223		0.432158
223.1		0.43299
223.2		0.43299
223.3		0.43299
223.4		0.43299
223.5		0.43299
223.6		0.43299
223.7		0.43299
223.8		0.43299
223.9		0.43299
224		0.43299
224.1		0.436307
224.2		0.436307
224.3		0.436307
224.4		0.436307
224.5		0.436307
224.6		0.436307
224.7		0.436307
224.8		0.436307
224.9		0.436307
225		0.436307
225.1		0.436584
225.2		0.436584
225.3		0.436584
225.4		0.436584
225.5		0.436584
225.6		0.436584
225.7		0.436584
225.8		0.436584
225.9		0.436584
226		0.436584
226.1		0.43867
226.2		0.43867
226.3		0.43867
226.4		0.43867
226.5		0.43867
226.6		0.43867
226.7		0.43867
226.8		0.43867
226.9		0.43867
227		0.43867
227.1		0.441521
227.2		0.441521
227.3		0.441521
227.4		0.441521
227.5		0.441521
227.6		0.441521
227.7		0.441521
227.8		0.441521
227.9		0.441521
228		0.441521
228.1		0.442386
228.2		0.442386
228.3		0.442386
228.4		0.442386
228.5		0.442386
228.6		0.442386
228.7		0.442386
228.8		0.442386
228.9		0.442386
229		0.442386
229.1		0.444305
229.2		0.444305
229.3		0.444305
229.4		0.444305
229.5		0.444305
229.6		0.444305
229.7		0.444305
229.8		0.444305
229.9		0.444305
230		0.444305
230.1		0.447711
230.2		0.447711
230.3		0.447711
230.4		0.447711
230.5		0.447711
230.6		0.447711
230.7		0.447711
230.8		0.447711
230.9		0.447711
231		0.447711
231.1		0.44892
231.2		0.44892
231.3		0.44892
231.4		0.44892
231.5		0.44892
231.6		0.44892
231.7		0.44892
231.8		0.44892
231.9		0.44892
232		0.44892
232.1		0.450107
232.2		0.450107
232.3		0.450107
232.4		0.450107
232.5		0.450107
232.6		0.450107
232.7		0.450107
232.8		0.450107
232.9		0.450107
233		0.450107
233.1		0.451516
233.2		0.451516
233.3		0.451516
233.4		0.451516
233.5		0.451516
233.6		0.451516
233.7		0.451516
233.8		0.451516
233.9		0.451516
234		0.451516
234.1		0.45531
234.2		0.45531
234.3		0.45531
234.4		0.45531
234.5		0.45531
234.6		0.45531
234.7		0.45531
234.8		0.45531
234.9		0.45531
235		0.45531
235.1		0.456475
235.2		0.456475
235.3		0.456475
235.4		0.456475
235.5		0.456475
235.6		0.456475
235.7		0.456475
235.8		0.456475
235.9		0.456475
236		0.456475
236.1		0.460502
236.2		0.460502
236.3		0.460502
236.4		0.460502
236.5		0.460502
236.6		0.460502
236.7		0.460502
236.8		0.460502
236.9		0.460502
237		0.460502
237.1		0.460624
237.2		0.460624
237.3		0.460624
237.4		0.460624
237.5		0.460624
237.6		0.460624
237.7		0.460624
237.8		0.460624
237.9		0.460624
238		0.460624
238.1		0.464362
238.2		0.464362
238.3		0.464362
238.4		0.464362
238.5		0.464362
238.6		0.464362
238.7		0.464362
238.8		0.464362
238.9		0.464362
239		0.464362
239.1		0.465605
239.2		0.465605
239.3		0.465605
239.4		0.465605
239.5		0.465605
239.6		0.465605
239.7		0.465605
239.8		0.465605
239.9		0.465605
240		0.465605
240.1		0.469942
240.2		0.469942
240.3		0.469942
240.4		0.469942
240.5		0.469942
240.6		0.469942
240.7		0.469942
240.8		0.469942
240.9		0.469942
241		0.469942
241.1		0.470253
241.2		0.470253
241.3		0.470253
241.4		0.470253
241.5		0.470253
241.6		0.470253
241.7		0.470253
241.8		0.470253
241.9		0.470253
242		0.470253
242.1		0.471473
242.2		0.471473
242.3		0.471473
242.4		0.471473
242.5		0.471473
242.6		0.471473
242.7		0.471473
242.8		0.471473
242.9		0.471473
243		0.471473
243.1		0.475256
243.2		0.475256
243.3		0.475256
243.4		0.475256
243.5		0.475256
243.6		0.475256
243.7		0.475256
243.8		0.475256
243.9		0.475256
244		0.475256
244.1		0.477297
244.2		0.477297
244.3		0.477297
244.4		0.477297
244.5		0.477297
244.6		0.477297
244.7		0.477297
244.8		0.477297
244.9		0.477297
245		0.477297
245.1		0.478506
245.2		0.478506
245.3		0.478506
245.4		0.478506
245.5		0.478506
245.6		0.478506
245.7		0.478506
245.8		0.478506
245.9		0.478506
246		0.478506
246.1		0.480936
246.2		0.480936
246.3		0.480936
246.4		0.480936
246.5		0.480936
246.6		0.480936
246.7		0.480936
246.8		0.480936
246.9		0.480936
247		0.480936
247.1		0.481269
247.2		0.481269
247.3		0.481269
247.4		0.481269
247.5		0.481269
247.6		0.481269
247.7		0.481269
247.8		0.481269
247.9		0.481269
248		0.481269
248.1		0.48524
248.2		0.48524
248.3		0.48524
248.4		0.48524
248.5		0.48524
248.6		0.48524
248.7		0.48524
248.8		0.48524
248.9		0.48524
249		0.48524
249.1		0.486194
249.2		0.486194
249.3		0.486194
249.4		0.486194
249.5		0.486194
249.6		0.486194
249.7		0.486194
249.8		0.486194
249.9		0.486194
250		0.486194
250.1		0.488712
250.2		0.488712
250.3		0.488712
250.4		0.488712
250.5		0.488712
250.6		0.488712
250.7		0.488712
250.8		0.488712
250.9		0.488712
251		0.488712
251.1		0.489456
251.2		0.489456
251.3		0.489456
251.4		0.489456
251.5		0.489456
251.6		0.489456
251.7		0.489456
251.8		0.489456
251.9		0.489456
252		0.489456
252.1		0.49427
252.2		0.49427
252.3		0.49427
252.4		0.49427
252.5		0.49427
252.6		0.49427
252.7		0.49427
252.8		0.49427
252.9		0.49427
253		0.49427
253.1		0.49538
253.2		0.49538
253.3		0.49538
253.4		0.49538
253.5		0.49538
253.6		0.49538
253.7		0.49538
253.8		0.49538
253.9		0.49538
254		0.49538
254.1		0.497066
254.2		0.497066
254.3		0.497066
254.4		0.497066
254.5		0.497066
254.6		0.497066
254.7		0.497066
254.8		0.497066
254.9		0.497066
255		0.497066
255.1		0.498597
255.2		0.498597
255.3		0.498597
255.4		0.498597
255.5		0.498597
255.6		0.498597
255.7		0.498597
255.8		0.498597
255.9		0.498597
256		0.498597
256.1		0.501869
256.2		0.501869
256.3		0.501869
256.4		0.501869
256.5		0.501869
256.6		0.501869
256.7		0.501869
256.8		0.501869
256.9		0.501869
257		0.501869
257.1		0.503655
257.2		0.503655
257.3		0.503655
257.4		0.503655
257.5		0.503655
257.6		0.503655
257.7		0.503655
257.8		0.503655
257.9		0.503655
258		0.503655
258.1		0.506273
258.2		0.506273
258.3		0.506273
258.4		0.506273
258.5		0.506273
258.6		0.506273
258.7		0.506273
258.8		0.506273
258.9		0.506273
259		0.506273
259.1		0.506839
259.2		0.506839
259.3		0.506839
259.4		0.506839
259.5		0.506839
259.6		0.506839
259.7		0.506839
259.8		0.506839
259.9		0.506839
260		0.506839
260.1		0.508093
260.2		0.508093
260.3		0.508093
260.4		0.508093
260.5		0.508093
260.6		0.508093
260.7		0.508093
260.8		0.508093
260.9		0.508093
261		0.508093
261.1		0.512874
261.2		0.512874
261.3		0.512874
261.4		0.512874
261.5		0.512874
261.6		0.512874
261.7		0.512874
261.8		0.512874
261.9		0.512874
262		0.512874
262.1		0.514238
262.2		0.514238
262.3		0.514238
262.4		0.514238
262.5		0.514238
262.6		0.514238
262.7		0.514238
262.8		0.514238
262.9		0.514238
263		0.514238
263.1		0.516025
263.2		0.516025
263.3		0.516025
263.4		0.516025
263.5		0.516025
263.6		0.516025
263.7		0.516025
263.8		0.516025
263.9		0.516025
264		0.516025
264.1		0.517644
264.2		0.517644
264.3		0.517644
264.4		0.517644
264.5		0.517644
264.6		0.517644
264.7		0.517644
264.8		0.517644
264.9		0.517644
265		0.517644
265.1		0.51811
265.2		0.51811
265.3		0.51811
265.4		0.51811
265.5		0.51811
265.6		0.51811
265.7		0.51811
265.8		0.51811
265.9		0.51811
266		0.51811
266.1		0.523058
266.2		0.523058
266.3		0.523058
266.4		0.523058
266.5		0.523058
266.6		0.523058
266.7		0.523058
266.8		0.523058
266.9		0.523058
267		0.523058
267.1		0.5246
267.2		0.5246
267.3		0.5246
267.4		0.5246
267.5		0.5246
267.6		0.5246
267.7		0.5246
267.8		0.5246
267.9		0.5246
268		0.5246
268.1		0.526053
268.2		0.526053
268.3		0.526053
268.4		0.526053
268.5		0.526053
268.6		0.526053
268.7		0.526053
268.8		0.526053
268.9		0.526053
269		0.526053
269.1		0.527107
269.2		0.527107
269.3		0.527107
269.4		0.527107
269.5		0.527107
269.6		0.527107
269.7		0.527107
269.8		0.527107
269.9		0.527107
270		0.527107
270.1		0.532276
270.2		0.532276
270.3		0.532276
270.4		0.532276
270.5		0.532276
270.6		0.532276
270.7		0.532276
270.8		0.532276
270.9		0.532276
271		0.532276
271.1		0.534883
271.2		0.534883
271.3		0.534883
271.4		0.534883
271.5		0.534883
271.6		0.534883
271.7		0.534883
271.8		0.534883
271.9		0.534883
272		0.534883
272.1		0.53607
272.2		0.53607
272.3		0.53607
272.4		0.53607
272.5		0.53607
272.6		0.53607
272.7		0.53607
272.8		0.53607
272.9		0.53607
273		0.53607
273.1		0.536315
273.2		0.536315
273.3		0.536315
273.4		0.536315
273.5		0.536315
273.6		0.536315
273.7		0.536315
273.8		0.536315
273.9		0.536315
274		0.536315
274.1		0.539521
274.2		0.539521
274.3		0.539521
274.4		0.539521
274.5		0.539521
274.6		0.539521
274.7		0.539521
274.8		0.539521
274.9		0.539521
275		0.539521
275.1		0.54033
275.2		0.54033
275.3		0.54033
275.4		0.54033
275.5		0.54033
275.6		0.54033
275.7		0.54033
275.8		0.54033
275.9		0.54033
276		0.54033
276.1		0.543104
276.2		0.543104
276.3		0.543104
276.4		0.543104
276.5		0.543104
276.6		0.543104
276.7		0.543104
276.8		0.543104
276.9		0.543104
277		0.543104
277.1		0.544912
277.2		0.544912
277.3		0.544912
277.4		0.544912
277.5		0.544912
277.6		0.544912
277.7		0.544912
277.8		0.544912
277.9		0.544912
278		0.544912
278.1		0.54621
278.2		0.54621
278.3		0.54621
278.4		0.54621
278.5		0.54621
278.6		0.54621
278.7		0.54621
278.8		0.54621
278.9		0.54621
279		0.54621
279.1		0.547042
279.2		0.547042
279.3		0.547042
279.4		0.547042
279.5		0.547042
279.6		0.547042
279.7		0.547042
279.8		0.547042
279.9		0.547042
280		0.547042
280.1		0.549749
280.2		0.549749
280.3		0.549749
280.4		0.549749
280.5		0.549749
280.6		0.549749
280.7		0.549749
280.8		0.549749
280.9		0.549749
281		0.549749
281.1		0.55128
281.2		0.55128
281.3		0.55128
281.4		0.55128
281.5		0.55128
281.6		0.55128
281.7		0.55128
281.8		0.55128
281.9		0.55128
282		0.55128
282.1		0.554974
282.2		0.554974
282.3		0.554974
282.4		0.554974
282.5		0.554974
282.6		0.554974
282.7		0.554974
282.8		0.554974
282.9		0.554974
283		0.554974
283.1		0.557725
283.2		0.557725
283.3		0.557725
283.4		0.557725
283.5		0.557725
283.6		0.557725
283.7		0.557725
283.8		0.557725
283.9		0.557725
284		0.557725
284.1		0.560132
284.2		0.560132
284.3		0.560132
284.4		0.560132
284.5		0.560132
284.6		0.560132
284.7		0.560132
284.8		0.560132
284.9		0.560132
285		0.560132
285.1		0.565413
285.2		0.565413
285.3		0.565413
285.4		0.565413
285.5		0.565413
285.6		0.565413
285.7		0.565413
285.8		0.565413
285.9		0.565413
286		0.565413
286.1		0.565679
286.2		0.565679
286.3		0.565679
286.4		0.565679
286.5		0.565679
286.6		0.565679
286.7		0.565679
286.8		0.565679
286.9		0.565679
287		0.565679
287.1		0.567199
287.2		0.567199
287.3		0.567199
287.4		0.567199
287.5		0.567199
287.6		0.567199
287.7		0.567199
287.8		0.567199
287.9		0.567199
288		0.567199
288.1		0.570571
288.2		0.570571
288.3		0.570571
288.4		0.570571
288.5		0.570571
288.6		0.570571
288.7		0.570571
288.8		0.570571
288.9		0.570571
289		0.570571
289.1		0.57523
289.2		0.57523
289.3		0.57523
289.4		0.57523
289.5		0.57523
289.6		0.57523
289.7		0.57523
289.8		0.57523
289.9		0.57523
290		0.57523
290.1		0.576329
290.2		0.576329
290.3		0.576329
290.4		0.576329
290.5		0.576329
290.6		0.576329
290.7		0.576329
290.8		0.576329
290.9		0.576329
291		0.576329
291.1		0.576562
291.2		0.576562
291.3		0.576562
291.4		0.576562
291.5		0.576562
291.6		0.576562
291.7		0.576562
291.8		0.576562
291.9		0.576562
292		0.576562
292.1		0.577727
292.2		0.577727
292.3		0.577727
292.4		0.577727
292.5		0.577727
292.6		0.577727
292.7		0.577727
292.8		0.577727
292.9		0.577727
293		0.577727
293.1		0.580866
293.2		0.580866
293.3		0.580866
293.4		0.580866
293.5		0.580866
293.6		0.580866
293.7		0.580866
293.8		0.580866
293.9		0.580866
294		0.580866
294.1		0.583939
294.2		0.583939
294.3		0.583939
294.4		0.583939
294.5		0.583939
294.6		0.583939
294.7		0.583939
294.8		0.583939
294.9		0.583939
295		0.583939
295.1		0.5871
295.2		0.5871
295.3		0.5871
295.4		0.5871
295.5		0.5871
295.6		0.5871
295.7		0.5871
295.8		0.5871
295.9		0.5871
296		0.5871
296.1		0.588199
296.2		0.588199
296.3		0.588199
296.4		0.588199
296.5		0.588199
296.6		0.588199
296.7		0.588199
296.8		0.588199
296.9		0.588199
297		0.588199
297.1		0.591394
297.2		0.591394
297.3		0.591394
297.4		0.591394
297.5		0.591394
297.6		0.591394
297.7		0.591394
297.8		0.591394
297.9		0.591394
298		0.591394
298.1		0.595221
298.2		0.595221
298.3		0.595221
298.4		0.595221
298.5		0.595221
298.6		0.595221
298.7		0.595221
298.8		0.595221
298.9		0.595221
299		0.595221
299.1		0.601078
299.2		0.601078
299.3		0.601078
299.4		0.601078
299.5		0.601078
299.6		0.601078
299.7		0.601078
299.8		0.601078
299.9		0.601078
300		0.601078
300.1		0.601611
300.2		0.601611
300.3		0.601611
300.4		0.601611
300.5		0.601611
300.6		0.601611
300.7		0.601611
300.8		0.601611
300.9		0.601611
301		0.601611
301.1		0.604295
301.2		0.604295
301.3		0.604295
301.4		0.604295
301.5		0.604295
301.6		0.604295
301.7		0.604295
301.8		0.604295
301.9		0.604295
302		0.604295
302.1		0.605871
302.2		0.605871
302.3		0.605871
302.4		0.605871
302.5		0.605871
302.6		0.605871
302.7		0.605871
302.8		0.605871
302.9		0.605871
303		0.605871
303.1		0.610097
303.2		0.610097
303.3		0.610097
303.4		0.610097
303.5		0.610097
303.6		0.610097
303.7		0.610097
303.8		0.610097
303.9		0.610097
304		0.610097
304.1		0.613093
304.2		0.613093
304.3		0.613093
304.4		0.613093
304.5		0.613093
304.6		0.613093
304.7		0.613093
304.8		0.613093
304.9		0.613093
305		0.613093
305.1		0.61337
305.2		0.61337
305.3		0.61337
305.4		0.61337
305.5		0.61337
305.6		0.61337
305.7		0.61337
305.8		0.61337
305.9		0.61337
306		0.61337
306.1		0.615001
306.2		0.615001
306.3		0.615001
306.4		0.615001
306.5		0.615001
306.6		0.615001
306.7		0.615001
306.8		0.615001
306.9		0.615001
307		0.615001
307.1		0.615089
307.2		0.615089
307.3		0.615089
307.4		0.615089
307.5		0.615089
307.6		0.615089
307.7		0.615089
307.8		0.615089
307.9		0.615089
308		0.615089
308.1		0.61966
308.2		0.61966
308.3		0.61966
308.4		0.61966
308.5		0.61966
308.6		0.61966
308.7		0.61966
308.8		0.61966
308.9		0.61966
309		0.61966
309.1		0.620847
309.2		0.620847
309.3		0.620847
309.4		0.620847
309.5		0.620847
309.6		0.620847
309.7		0.620847
309.8		0.620847
309.9		0.620847
310		0.620847
310.1		0.625029
310.2		0.625029
310.3		0.625029
310.4		0.625029
310.5		0.625029
310.6		0.625029
310.7		0.625029
310.8		0.625029
310.9		0.625029
311		0.625029
311.1		0.625428
311.2		0.625428
311.3		0.625428
311.4		0.625428
311.5		0.625428
311.6		0.625428
311.7		0.625428
311.8		0.625428
311.9		0.625428
312		0.625428
312.1		0.626826
312.2		0.626826
312.3		0.626826
312.4		0.626826
312.5		0.626826
312.6		0.626826
312.7		0.626826
312.8		0.626826
312.9		0.626826
313		0.626826
313.1		0.631064
313.2		0.631064
313.3		0.631064
313.4		0.631064
313.5		0.631064
313.6		0.631064
313.7		0.631064
313.8		0.631064
313.9		0.631064
314		0.631064
314.1		0.632173
314.2		0.632173
314.3		0.632173
314.4		0.632173
314.5		0.632173
314.6		0.632173
314.7		0.632173
314.8		0.632173
314.9		0.632173
315		0.632173
315.1		0.635013
315.2		0.635013
315.3		0.635013
315.4		0.635013
315.5		0.635013
315.6		0.635013
315.7		0.635013
315.8		0.635013
315.9		0.635013
316		0.635013
316.1		0.636899
316.2		0.636899
316.3		0.636899
316.4		0.636899
316.5		0.636899
316.6		0.636899
316.7		0.636899
316.8		0.636899
316.9		0.636899
317		0.636899
317.1		0.637088
317.2		0.637088
317.3		0.637088
317.4		0.637088
317.5		0.637088
317.6		0.637088
317.7		0.637088
317.8		0.637088
317.9		0.637088
318		0.637088
318.1		0.640116
318.2		0.640116
318.3		0.640116
318.4		0.640116
318.5		0.640116
318.6		0.640116
318.7		0.640116
318.8		0.640116
318.9		0.640116
319		0.640116
319.1		0.641592
319.2		0.641592
319.3		0.641592
319.4		0.641592
319.5		0.641592
319.6		0.641592
319.7		0.641592
319.8		0.641592
319.9		0.641592
320		0.641592
320.1		0.647249
320.2		0.647249
320.3		0.647249
320.4		0.647249
320.5		0.647249
320.6		0.647249
320.7		0.647249
320.8		0.647249
320.9		0.647249
321		0.647249
321.1		0.647871
321.2		0.647871
321.3		0.647871
321.4		0.647871
321.5		0.647871
321.6		0.647871
321.7		0.647871
321.8		0.647871
321.9		0.647871
322		0.647871
322.1		0.648436
322.2		0.648436
322.3		0.648436
322.4		0.648436
322.5		0.648436
322.6		0.648436
322.7		0.648436
322.8		0.648436
322.9		0.648436
323		0.648436
323.1		0.650622
323.2		0.650622
323.3		0.650622
323.4		0.650622
323.5		0.650622
323.6		0.650622
323.7		0.650622
323.8		0.650622
323.9		0.650622
324		0.650622
324.1		0.656501
324.2		0.656501
324.3		0.656501
324.4		0.656501
324.5		0.656501
324.6		0.656501
324.7		0.656501
324.8		0.656501
324.9		0.656501
325		0.656501
325.1		0.657799
325.2		0.657799
325.3		0.657799
325.4		0.657799
325.5		0.657799
325.6		0.657799
325.7		0.657799
325.8		0.657799
325.9		0.657799
326		0.657799
326.1		0.658509
326.2		0.658509
326.3		0.658509
326.4		0.658509
326.5		0.658509
326.6		0.658509
326.7		0.658509
326.8		0.658509
326.9		0.658509
327		0.658509
327.1		0.659951
327.2		0.659951
327.3		0.659951
327.4		0.659951
327.5		0.659951
327.6		0.659951
327.7		0.659951
327.8		0.659951
327.9		0.659951
328		0.659951
328.1		0.663612
328.2		0.663612
328.3		0.663612
328.4		0.663612
328.5		0.663612
328.6		0.663612
328.7		0.663612
328.8		0.663612
328.9		0.663612
329		0.663612
329.1		0.663978
329.2		0.663978
329.3		0.663978
329.4		0.663978
329.5		0.663978
329.6		0.663978
329.7		0.663978
329.8		0.663978
329.9		0.663978
330		0.663978
330.1		0.668349
330.2		0.668349
330.3		0.668349
330.4		0.668349
330.5		0.668349
330.6		0.668349
330.7		0.668349
330.8		0.668349
330.9		0.668349
331		0.668349
331.1		0.669015
331.2		0.669015
331.3		0.669015
331.4		0.669015
331.5		0.669015
331.6		0.669015
331.7		0.669015
331.8		0.669015
331.9		0.669015
332		0.669015
332.1		0.672809
332.2		0.672809
332.3		0.672809
332.4		0.672809
332.5		0.672809
332.6		0.672809
332.7		0.672809
332.8		0.672809
332.9		0.672809
333		0.672809
333.1		0.673519
333.2		0.673519
333.3		0.673519
333.4		0.673519
333.5		0.673519
333.6		0.673519
333.7		0.673519
333.8		0.673519
333.9		0.673519
334		0.673519
334.1		0.674351
334.2		0.674351
334.3		0.674351
334.4		0.674351
334.5		0.674351
334.6		0.674351
334.7		0.674351
334.8		0.674351
334.9		0.674351
335		0.674351
335.1		0.67465
335.2		0.67465
335.3		0.67465
335.4		0.67465
335.5		0.67465
335.6		0.67465
335.7		0.67465
335.8		0.67465
335.9		0.67465
336		0.67465
336.1		0.678733
336.2		0.678733
336.3		0.678733
336.4		0.678733
336.5		0.678733
336.6		0.678733
336.7		0.678733
336.8		0.678733
336.9		0.678733
337		0.678733
337.1		0.680552
337.2		0.680552
337.3		0.680552
337.4		0.680552
337.5		0.680552
337.6		0.680552
337.7		0.680552
337.8		0.680552
337.9		0.680552
338		0.680552
338.1		0.683037
338.2		0.683037
338.3		0.683037
338.4		0.683037
338.5		0.683037
338.6		0.683037
338.7		0.683037
338.8		0.683037
338.9		0.683037
339		0.683037
339.1		0.687319
339.2		0.687319
339.3		0.687319
339.4		0.687319
339.5		0.687319
339.6		0.687319
339.7		0.687319
339.8		0.687319
339.9		0.687319
340		0.687319
340.1		0.689516
340.2		0.689516
340.3		0.689516
340.4		0.689516
340.5		0.689516
340.6		0.689516
340.7		0.689516
340.8		0.689516
340.9		0.689516
341		0.689516
341.1		0.694663
341.2		0.694663
341.3		0.694663
341.4		0.694663
341.5		0.694663
341.6		0.694663
341.7		0.694663
341.8		0.694663
341.9		0.694663
342		0.694663
342.1		0.69575
342.2		0.69575
342.3		0.69575
342.4		0.69575
342.5		0.69575
342.6		0.69575
342.7		0.69575
342.8		0.69575
342.9		0.69575
343		0.69575
343.1		0.697913
343.2		0.697913
343.3		0.697913
343.4		0.697913
343.5		0.697913
343.6		0.697913
343.7		0.697913
343.8		0.697913
343.9		0.697913
344		0.697913
344.1		0.698435
344.2		0.698435
344.3		0.698435
344.4		0.698435
344.5		0.698435
344.6		0.698435
344.7		0.698435
344.8		0.698435
344.9		0.698435
345		0.698435
345.1		0.700365
345.2		0.700365
345.3		0.700365
345.4		0.700365
345.5		0.700365
345.6		0.700365
345.7		0.700365
345.8		0.700365
345.9		0.700365
346		0.700365
346.1		0.704658
346.2		0.704658
346.3		0.704658
346.4		0.704658
346.5		0.704658
346.6		0.704658
346.7		0.704658
346.8		0.704658
346.9		0.704658
347		0.704658
347.1		0.707787
347.2		0.707787
347.3		0.707787
347.4		0.707787
347.5		0.707787
347.6		0.707787
347.7		0.707787
347.8		0.707787
347.9		0.707787
348		0.707787
348.1		0.707942
348.2		0.707942
348.3		0.707942
348.4		0.707942
348.5		0.707942
348.6		0.707942
348.7		0.707942
348.8		0.707942
348.9		0.707942
349		0.707942
349.1		0.708064
349.2		0.708064
349.3		0.708064
349.4		0.708064
349.5		0.708064
349.6		0.708064
349.7		0.708064
349.8		0.708064
349.9		0.708064
350		0.708064
350.1		0.708896
350.2		0.708896
350.3		0.708896
350.4		0.708896
350.5		0.708896
350.6		0.708896
350.7		0.708896
350.8		0.708896
350.9		0.708896
351		0.708896
351.1		0.711614
351.2		0.711614
351.3		0.711614
351.4		0.711614
351.5		0.711614
351.6		0.711614
351.7		0.711614
351.8		0.711614
351.9		0.711614
352		0.711614
352.1		0.717737
352.2		0.717737
352.3		0.717737
352.4		0.717737
352.5		0.717737
352.6		0.717737
352.7		0.717737
352.8		0.717737
352.9		0.717737
353		0.717737
353.1		0.718747
353.2		0.718747
353.3		0.718747
353.4		0.718747
353.5		0.718747
353.6		0.718747
353.7		0.718747
353.8		0.718747
353.9		0.718747
354		0.718747
354.1		0.718947
354.2		0.718947
354.3		0.718947
354.4		0.718947
354.5		0.718947
354.6		0.718947
354.7		0.718947
354.8		0.718947
354.9		0.718947
355		0.718947
355.1		0.722419
355.2		0.722419
355.3		0.722419
355.4		0.722419
355.5		0.722419
355.6		0.722419
355.7		0.722419
355.8		0.722419
355.9		0.722419
356		0.722419
356.1		0.729108
356.2		0.729108
356.3		0.729108
356.4		0.729108
356.5		0.729108
356.6		0.729108
356.7		0.729108
356.8		0.729108
356.9		0.729108
357		0.729108
357.1		0.73116
357.2		0.73116
357.3		0.73116
357.4		0.73116
357.5		0.73116
357.6		0.73116
357.7		0.73116
357.8		0.73116
357.9		0.73116
358		0.73116
358.1		0.732503
358.2		0.732503
358.3		0.732503
358.4		0.732503
358.5		0.732503
358.6		0.732503
358.7		0.732503
358.8		0.732503
358.9		0.732503
359		0.732503
359.1		0.7341
359.2		0.7341
359.3		0.7341
359.4		0.7341
359.5		0.7341
359.6		0.7341
359.7		0.7341
359.8		0.7341
359.9		0.7341
360		0.7341
360.1		0.737306
360.2		0.737306
360.3		0.737306
360.4		0.737306
360.5		0.737306
360.6		0.737306
360.7		0.737306
360.8		0.737306
360.9		0.737306
361		0.737306
361.1		0.740113
361.2		0.740113
361.3		0.740113
361.4		0.740113
361.5		0.740113
361.6		0.740113
361.7		0.740113
361.8		0.740113
361.9		0.740113
362		0.740113
362.1		0.740324
362.2		0.740324
362.3		0.740324
362.4		0.740324
362.5		0.740324
362.6		0.740324
362.7		0.740324
362.8		0.740324
362.9		0.740324
363		0.740324
363.1		0.744184
363.2		0.744184
363.3		0.744184
363.4		0.744184
363.5		0.744184
363.6		0.744184
363.7		0.744184
363.8		0.744184
363.9		0.744184
364		0.744184
364.1		0.746081
364.2		0.746081
364.3		0.746081
364.4		0.746081
364.5		0.746081
364.6		0.746081
364.7		0.746081
364.8		0.746081
364.9		0.746081
365		0.746081
365.1		0.746592
365.2		0.746592
365.3		0.746592
365.4		0.746592
365.5		0.746592
365.6		0.746592
365.7		0.746592
365.8		0.746592
365.9		0.746592
366		0.746592
366.1		0.748899
366.2		0.748899
366.3		0.748899
366.4		0.748899
366.5		0.748899
366.6		0.748899
366.7		0.748899
366.8		0.748899
366.9		0.748899
367		0.748899
367.1		0.750275
367.2		0.750275
367.3		0.750275
367.4		0.750275
367.5		0.750275
367.6		0.750275
367.7		0.750275
367.8		0.750275
367.9		0.750275
368		0.750275
368.1		0.755122
368.2		0.755122
368.3		0.755122
368.4		0.755122
368.5		0.755122
368.6		0.755122
368.7		0.755122
368.8		0.755122
368.9		0.755122
369		0.755122
369.1		0.756698
369.2		0.756698
369.3		0.756698
369.4		0.756698
369.5		0.756698
369.6		0.756698
369.7		0.756698
369.8		0.756698
369.9		0.756698
370		0.756698
370.1		0.75723
370.2		0.75723
370.3		0.75723
370.4		0.75723
370.5		0.75723
370.6		0.75723
370.7		0.75723
370.8		0.75723
370.9		0.75723
371		0.75723
371.1		0.758107
371.2		0.758107
371.3		0.758107
371.4		0.758107
371.5		0.758107
371.6		0.758107
371.7		0.758107
371.8		0.758107
371.9		0.758107
372		0.758107
372.1		0.759371
372.2		0.759371
372.3		0.759371
372.4		0.759371
372.5		0.759371
372.6		0.759371
372.7		0.759371
372.8		0.759371
372.9		0.759371
373		0.759371
373.1		0.76372
373.2		0.76372
373.3		0.76372
373.4		0.76372
373.5		0.76372
373.6		0.76372
373.7		0.76372
373.8		0.76372
373.9		0.76372
374		0.76372
374.1		0.764752
374.2		0.764752
374.3		0.764752
374.4		0.764752
374.5		0.764752
374.6		0.764752
374.7		0.764752
374.8		0.764752
374.9		0.764752
375		0.764752
375.1		0.766837
375.2		0.766837
375.3		0.766837
375.4		0.766837
375.5		0.766837
375.6		0.766837
375.7		0.766837
375.8		0.766837
375.9		0.766837
376		0.766837
376.1		0.76778
376.2		0.76778
376.3		0.76778
376.4		0.76778
376.5		0.76778
376.6		0.76778
376.7		0.76778
376.8		0.76778
376.9		0.76778
377		0.76778
377.1		0.771319
377.2		0.771319
377.3		0.771319
377.4		0.771319
377.5		0.771319
377.6		0.771319
377.7		0.771319
377.8		0.771319
377.9		0.771319
378		0.771319
378.1		0.773393
378.2		0.773393
378.3		0.773393
378.4		0.773393
378.5		0.773393
378.6		0.773393
378.7		0.773393
378.8		0.773393
378.9		0.773393
379		0.773393
379.1		0.775734
379.2		0.775734
379.3		0.775734
379.4		0.775734
379.5		0.775734
379.6		0.775734
379.7		0.775734
379.8		0.775734
379.9		0.775734
380		0.775734
380.1		0.777099
380.2		0.777099
380.3		0.777099
380.4		0.777099
380.5		0.777099
380.6		0.777099
380.7		0.777099
380.8		0.777099
380.9		0.777099
381		0.777099
381.1		0.777309
381.2		0.777309
381.3		0.777309
381.4		0.777309
381.5		0.777309
381.6		0.777309
381.7		0.777309
381.8		0.777309
381.9		0.777309
382		0.777309
382.1		0.781969
382.2		0.781969
382.3		0.781969
382.4		0.781969
382.5		0.781969
382.6		0.781969
382.7		0.781969
382.8		0.781969
382.9		0.781969
383		0.781969
383.1		0.783666
383.2		0.783666
383.3		0.783666
383.4		0.783666
383.5		0.783666
383.6		0.783666
383.7		0.783666
383.8		0.783666
383.9		0.783666
384		0.783666
384.1		0.78452
384.2		0.78452
384.3		0.78452
384.4		0.78452
384.5		0.78452
384.6		0.78452
384.7		0.78452
384.8		0.78452
384.9		0.78452
385		0.78452
385.1		0.786983
385.2		0.786983
385.3		0.786983
385.4		0.786983
385.5		0.786983
385.6		0.786983
385.7		0.786983
385.8		0.786983
385.9		0.786983
386		0.786983
386.1		0.7899
386.2		0.7899
386.3		0.7899
386.4		0.7899
386.5		0.7899
386.6		0.7899
386.7		0.7899
386.8		0.7899
386.9		0.7899
387		0.7899
387.1		0.791232
387.2		0.791232
387.3		0.791232
387.4		0.791232
387.5		0.791232
387.6		0.791232
387.7		0.791232
387.8		0.791232
387.9		0.791232
388		0.791232
388.1		0.793439
388.2		0.793439
388.3		0.793439
388.4		0.793439
388.5		0.793439
388.6		0.793439
388.7		0.793439
388.8		0.793439
388.9		0.793439
389		0.793439
389.1		0.796102
389.2		0.796102
389.3		0.796102
389.4		0.796102
389.5		0.796102
389.6		0.796102
389.7		0.796102
389.8		0.796102
389.9		0.796102
390		0.796102
390.1		0.798687
390.2		0.798687
390.3		0.798687
390.4		0.798687
390.5		0.798687
390.6		0.798687
390.7		0.798687
390.8		0.798687
390.9		0.798687
391		0.798687
391.1		0.800517
391.2		0.800517
391.3		0.800517
391.4		0.800517
391.5		0.800517
391.6		0.800517
391.7		0.800517
391.8		0.800517
391.9		0.800517
392		0.800517
392.1		0.800983
392.2		0.800983
392.3		0.800983
392.4		0.800983
392.5		0.800983
392.6		0.800983
392.7		0.800983
392.8		0.800983
392.9		0.800983
393		0.800983
393.1		0.802958
393.2		0.802958
393.3		0.802958
393.4		0.802958
393.5		0.802958
393.6		0.802958
393.7		0.802958
393.8		0.802958
393.9		0.802958
394		0.802958
394.1		0.806374
394.2		0.806374
394.3		0.806374
394.4		0.806374
394.5		0.806374
394.6		0.806374
394.7		0.806374
394.8		0.806374
394.9		0.806374
395		0.806374
395.1		0.809603
395.2		0.809603
395.3		0.809603
395.4		0.809603
395.5		0.809603
395.6		0.809603
395.7		0.809603
395.8		0.809603
395.9		0.809603
396		0.809603
396.1		0.811233
396.2		0.811233
396.3		0.811233
396.4		0.811233
396.5		0.811233
396.6		0.811233
396.7		0.811233
396.8		0.811233
396.9		0.811233
397		0.811233
397.1		0.812864
397.2		0.812864
397.3		0.812864
397.4		0.812864
397.5		0.812864
397.6		0.812864
397.7		0.812864
397.8		0.812864
397.9		0.812864
398		0.812864
398.1		0.813274
398.2		0.813274
398.3		0.813274
398.4		0.813274
398.5		0.813274
398.6		0.813274
398.7		0.813274
398.8		0.813274
398.9		0.813274
399		0.813274
399.1		0.8179
399.2		0.8179
399.3		0.8179
399.4		0.8179
399.5		0.8179
399.6		0.8179
399.7		0.8179
399.8		0.8179
399.9		0.8179
400		0.8179
400.1		0.818333
400.2		0.818333
400.3		0.818333
400.4		0.818333
400.5		0.818333
400.6		0.818333
400.7		0.818333
400.8		0.818333
400.9		0.818333
401		0.818333
401.1		0.821595
401.2		0.821595
401.3		0.821595
401.4		0.821595
401.5		0.821595
401.6		0.821595
401.7		0.821595
401.8		0.821595
401.9		0.821595
402		0.821595
402.1		0.821761
402.2		0.821761
402.3		0.821761
402.4		0.821761
402.5		0.821761
402.6		0.821761
402.7		0.821761
402.8		0.821761
402.9		0.821761
403		0.821761
403.1		0.824867
403.2		0.824867
403.3		0.824867
403.4		0.824867
403.5		0.824867
403.6		0.824867
403.7		0.824867
403.8		0.824867
403.9		0.824867
404		0.824867
404.1		0.827929
404.2		0.827929
404.3		0.827929
404.4		0.827929
404.5		0.827929
404.6		0.827929
404.7		0.827929
404.8		0.827929
404.9		0.827929
405		0.827929
405.1		0.82977
405.2		0.82977
405.3		0.82977
405.4		0.82977
405.5		0.82977
405.6		0.82977
405.7		0.82977
405.8		0.82977
405.9		0.82977
406		0.82977
406.1		0.830935
406.2		0.830935
406.3		0.830935
406.4		0.830935
406.5		0.830935
406.6		0.830935
406.7		0.830935
406.8		0.830935
406.9		0.830935
407		0.830935
407.1		0.832799
407.2		0.832799
407.3		0.832799
407.4		0.832799
407.5		0.832799
407.6		0.832799
407.7		0.832799
407.8		0.832799
407.9		0.832799
408		0.832799
408.1		0.834574
408.2		0.834574
408.3		0.834574
408.4		0.834574
408.5		0.834574
408.6		0.834574
408.7		0.834574
408.8		0.834574
408.9		0.834574
409		0.834574
409.1		0.834918
409.2		0.834918
409.3		0.834918
409.4		0.834918
409.5		0.834918
409.6		0.834918
409.7		0.834918
409.8		0.834918
409.9		0.834918
410		0.834918
410.1		0.838312
410.2		0.838312
410.3		0.838312
410.4		0.838312
410.5		0.838312
410.6		0.838312
410.7		0.838312
410.8		0.838312
410.9		0.838312
411		0.838312
411.1		0.842439
411.2		0.842439
411.3		0.842439
411.4		0.842439
411.5		0.842439
411.6		0.842439
411.7		0.842439
411.8		0.842439
411.9		0.842439
412		0.842439
412.1		0.842772
412.2		0.842772
412.3		0.842772
412.4		0.842772
412.5		0.842772
412.6		0.842772
412.7		0.842772
412.8		0.842772
412.9		0.842772
413		0.842772
413.1		0.843826
413.2		0.843826
413.3		0.843826
413.4		0.843826
413.5		0.843826
413.6		0.843826
413.7		0.843826
413.8		0.843826
413.9		0.843826
414		0.843826
414.1		0.845701
414.2		0.845701
414.3		0.845701
414.4		0.845701
414.5		0.845701
414.6		0.845701
414.7		0.845701
414.8		0.845701
414.9		0.845701
415		0.845701
415.1		0.846034
415.2		0.846034
415.3		0.846034
415.4		0.846034
415.5		0.846034
415.6		0.846034
415.7		0.846034
415.8		0.846034
415.9		0.846034
416		0.846034
416.1		0.851791
416.2		0.851791
416.3		0.851791
416.4		0.851791
416.5		0.851791
416.6		0.851791
416.7		0.851791
416.8		0.851791
416.9		0.851791
417		0.851791
417.1		0.852889
417.2		0.852889
417.3		0.852889
417.4		0.852889
417.5		0.852889
417.6		0.852889
417.7		0.852889
417.8		0.852889
417.9		0.852889
418		0.852889
418.1		0.853211
418.2		0.853211
418.3		0.853211
418.4		0.853211
418.5		0.853211
418.6		0.853211
418.7		0.853211
418.8		0.853211
418.9		0.853211
419		0.853211
419.1		0.855995
419.2		0.855995
419.3		0.855995
419.4		0.855995
419.5		0.855995
419.6		0.855995
419.7		0.855995
419.8		0.855995
419.9		0.855995
420		0.855995
420.1		0.861065
420.2		0.861065
420.3		0.861065
420.4		0.861065
420.5		0.861065
420.6		0.861065
420.7		0.861065
420.8		0.861065
420.9		0.861065
421		0.861065
421.1		0.862308
421.2		0.862308
421.3		0.862308
421.4		0.862308
421.5		0.862308
421.6		0.862308
421.7		0.862308
421.8		0.862308
421.9		0.862308
422		0.862308
422.1		0.862685
422.2		0.862685
422.3		0.862685
422.4		0.862685
422.5		0.862685
422.6		0.862685
422.7		0.862685
422.8		0.862685
422.9		0.862685
423		0.862685
423.1		0.86345
423.2		0.86345
423.3		0.86345
423.4		0.86345
423.5		0.86345
423.6		0.86345
423.7		0.86345
423.8		0.86345
423.9		0.86345
424		0.86345
424.1		0.865913
424.2		0.865913
424.3		0.865913
424.4		0.865913
424.5		0.865913
424.6		0.865913
424.7		0.865913
424.8		0.865913
424.9		0.865913
425		0.865913
425.1		0.868653
425.2		0.868653
425.3		0.868653
425.4		0.868653
425.5		0.868653
425.6		0.868653
425.7		0.868653
425.8		0.868653
425.9		0.868653
426		0.868653
426.1		0.869252
426.2		0.869252
426.3		0.869252
426.4		0.869252
426.5		0.869252
426.6		0.869252
426.7		0.869252
426.8		0.869252
426.9		0.869252
427		0.869252
427.1		0.872935
427.2		0.872935
427.3		0.872935
427.4		0.872935
427.5		0.872935
427.6		0.872935
427.7		0.872935
427.8		0.872935
427.9		0.872935
428		0.872935
428.1		0.87339
428.2		0.87339
428.3		0.87339
428.4		0.87339
428.5		0.87339
428.6		0.87339
428.7		0.87339
428.8		0.87339
428.9		0.87339
429		0.87339
429.1		0.876485
429.2		0.876485
429.3		0.876485
429.4		0.876485
429.5		0.876485
429.6		0.876485
429.7		0.876485
429.8		0.876485
429.9		0.876485
430		0.876485
430.1		0.876774
430.2		0.876774
430.3		0.876774
430.4		0.876774
430.5		0.876774
430.6		0.876774
430.7		0.876774
430.8		0.876774
430.9		0.876774
431		0.876774
431.1		0.880501
431.2		0.880501
431.3		0.880501
431.4		0.880501
431.5		0.880501
431.6		0.880501
431.7		0.880501
431.8		0.880501
431.9		0.880501
432		0.880501
432.1		0.880823
432.2		0.880823
432.3		0.880823
432.4		0.880823
432.5		0.880823
432.6		0.880823
432.7		0.880823
432.8		0.880823
432.9		0.880823
433		0.880823
433.1		0.880923
433.2		0.880923
433.3		0.880923
433.4		0.880923
433.5		0.880923
433.6		0.880923
433.7		0.880923
433.8		0.880923
433.9		0.880923
434		0.880923
434.1		0.887079
434.2		0.887079
434.3		0.887079
434.4		0.887079
434.5		0.887079
434.6		0.887079
434.7		0.887079
434.8		0.887079
434.9		0.887079
435		0.887079
435.1		0.889065
435.2		0.889065
435.3		0.889065
435.4		0.889065
435.5		0.889065
435.6		0.889065
435.7		0.889065
435.8		0.889065
435.9		0.889065
436		0.889065
436.1		0.890274
436.2		0.890274
436.3		0.890274
436.4		0.890274
436.5		0.890274
436.6		0.890274
436.7		0.890274
436.8		0.890274
436.9		0.890274
437		0.890274
437.1		0.890452
437.2		0.890452
437.3		0.890452
437.4		0.890452
437.5		0.890452
437.6		0.890452
437.7		0.890452
437.8		0.890452
437.9		0.890452
438		0.890452
438.1		0.896509
438.2		0.896509
438.3		0.896509
438.4		0.896509
438.5		0.896509
438.6		0.896509
438.7		0.896509
438.8		0.896509
438.9		0.896509
439		0.896509
439.1		0.896797
439.2		0.896797
439.3		0.896797
439.4		0.896797
439.5		0.896797
439.6		0.896797
439.7		0.896797
439.8		0.896797
439.9		0.896797
440		0.896797
440.1		0.899105
440.2		0.899105
440.3		0.899105
440.4		0.899105
440.5		0.899105
440.6		0.899105
440.7		0.899105
440.8		0.899105
440.9		0.899105
441		0.899105
441.1		0.90078
441.2		0.90078
441.3		0.90078
441.4		0.90078
441.5		0.90078
441.6		0.90078
441.7		0.90078
441.8		0.90078
441.9		0.90078
442		0.90078
442.1		0.905195
442.2		0.905195
442.3		0.905195
442.4		0.905195
442.5		0.905195
442.6		0.905195
442.7		0.905195
442.8		0.905195
442.9		0.905195
443		0.905195
443.1		0.905594
443.2		0.905594
443.3		0.905594
443.4		0.905594
443.5		0.905594
443.6		0.905594
443.7		0.905594
443.8		0.905594
443.9		0.905594
444		0.905594
444.1		0.906748
444.2		0.906748
444.3		0.906748
444.4		0.906748
444.5		0.906748
444.6		0.906748
444.7		0.906748
444.8		0.906748
444.9		0.906748
445		0.906748
445.1		0.907846
445.2		0.907846
445.3		0.907846
445.4		0.907846
445.5		0.907846
445.6		0.907846
445.7		0.907846
445.8		0.907846
445.9		0.907846
446		0.907846
446.1		0.911629
446.2		0.911629
446.3		0.911629
446.4		0.911629
446.5		0.911629
446.6		0.911629
446.7		0.911629
446.8		0.911629
446.9		0.911629
447		0.911629
447.1		0.913515
447.2		0.913515
447.3		0.913515
447.4		0.913515
447.5		0.913515
447.6		0.913515
447.7		0.913515
447.8		0.913515
447.9		0.913515
448		0.913515
448.1		0.916788
448.2		0.916788
448.3		0.916788
448.4		0.916788
448.5		0.916788
448.6		0.916788
448.7		0.916788
448.8		0.916788
448.9		0.916788
449		0.916788
449.1		0.91722
449.2		0.91722
449.3		0.91722
449.4		0.91722
449.5		0.91722
449.6		0.91722
449.7		0.91722
449.8		0.91722
449.9		0.91722
450		0.91722
450.1		0.920526
450.2		0.920526
450.3		0.920526
450.4		0.920526
450.5		0.920526
450.6		0.920526
450.7		0.920526
450.8		0.920526
450.9		0.920526
451		0.920526
451.1		0.921003
451.2		0.921003
451.3		0.921003
451.4		0.921003
451.5		0.921003
451.6		0.921003
451.7		0.921003
451.8		0.921003
451.9		0.921003
452		0.921003
452.1		0.921503
452.2		0.921503
452.3		0.921503
452.4		0.921503
452.5		0.921503
452.6		0.921503
452.7		0.921503
452.8		0.921503
452.9		0.921503
453		0.921503
453.1		0.924875
453.2		0.924875
453.3		0.924875
453.4		0.924875
453.5		0.924875
453.6		0.924875
453.7		0.924875
453.8		0.924875
453.9		0.924875
454		0.924875
454.1		0.926506
454.2		0.926506
454.3		0.926506
454.4		0.926506
454.5		0.926506
454.6		0.926506
454.7		0.926506
454.8		0.926506
454.9		0.926506
455		0.926506
455.1		0.929789
455.2		0.929789
455.3		0.929789
455.4		0.929789
455.5		0.929789
455.6		0.929789
455.7		0.929789
455.8		0.929789
455.9		0.929789
456		0.929789
456.1		0.931819
456.2		0.931819
456.3		0.931819
456.4		0.931819
456.5		0.931819
456.6		0.931819
456.7		0.931819
456.8		0.931819
456.9		0.931819
457		0.931819
457.1		0.932086
457.2		0.932086
457.3		0.932086
457.4		0.932086
457.5		0.932086
457.6		0.932086
457.7		0.932086
457.8		0.932086
457.9		0.932086
458		0.932086
458.1		0.937777
458.2		0.937777
458.3		0.937777
458.4		0.937777
458.5		0.937777
458.6		0.937777
458.7		0.937777
458.8		0.937777
458.9		0.937777
459		0.937777
459.1		0.938664
459.2		0.938664
459.3		0.938664
459.4		0.938664
459.5		0.938664
459.6		0.938664
459.7		0.938664
459.8		0.938664
459.9		0.938664
460		0.938664
460.1		0.939041
460.2		0.939041
460.3		0.939041
460.4		0.939041
460.5		0.939041
460.6		0.939041
460.7		0.939041
460.8		0.939041
460.9		0.939041
461		0.939041
461.1		0.943079
461.2		0.943079
461.3		0.943079
461.4		0.943079
461.5		0.943079
461.6		0.943079
461.7		0.943079
461.8		0.943079
461.9		0.943079
462		0.943079
462.1		0.943301
462.2		0.943301
462.3		0.943301
462.4		0.943301
462.5		0.943301
462.6		0.943301
462.7		0.943301
462.8		0.943301
462.9		0.943301
463		0.943301
463.1		0.946552
463.2		0.946552
463.3		0.946552
463.4		0.946552
463.5		0.946552
463.6		0.946552
463.7		0.946552
463.8		0.946552
463.9		0.946552
464		0.946552
464.1		0.949747
464.2		0.949747
464.3		0.949747
464.4		0.949747
464.5		0.949747
464.6		0.949747
464.7		0.949747
464.8		0.949747
464.9		0.949747
465		0.949747
465.1		0.950179
465.2		0.950179
465.3		0.950179
465.4		0.950179
465.5		0.950179
465.6		0.950179
465.7		0.950179
465.8		0.950179
465.9		0.950179
466		0.950179
466.1		0.951211
466.2		0.951211
466.3		0.951211
466.4		0.951211
466.5		0.951211
466.6		0.951211
466.7		0.951211
466.8		0.951211
466.9		0.951211
467		0.951211
467.1		0.955282
467.2		0.955282
467.3		0.955282
467.4		0.955282
467.5		0.955282
467.6		0.955282
467.7		0.955282
467.8		0.955282
467.9		0.955282
468		0.955282
468.1		0.958411
468.2		0.958411
468.3		0.958411
468.4		0.958411
468.5		0.958411
468.6		0.958411
468.7		0.958411
468.8		0.958411
468.9		0.958411
469		0.958411
469.1		0.95871
469.2		0.95871
469.3		0.95871
469.4		0.95871
469.5		0.95871
469.6		0.95871
469.7		0.95871
469.8		0.95871
469.9		0.95871
470		0.95871
470.1		0.959908
470.2		0.959908
470.3		0.959908
470.4		0.959908
470.5		0.959908
470.6		0.959908
470.7		0.959908
470.8		0.959908
470.9		0.959908
471		0.959908
471.1		0.961805
471.2		0.961805
471.3		0.961805
471.4		0.961805
471.5		0.961805
471.6		0.961805
471.7		0.961805
471.8		0.961805
471.9		0.961805
472		0.961805
472.1		0.96703
472.2		0.96703
472.3		0.96703
472.4		0.96703
472.5		0.96703
472.6		0.96703
472.7		0.96703
472.8		0.96703
472.9		0.96703
473		0.96703
473.1		0.96774
473.2		0.96774
473.3		0.96774
473.4		0.96774
473.5		0.96774
473.6		0.96774
473.7		0.96774
473.8		0.96774
473.9		0.96774
474		0.96774
474.1		0.969404
474.2		0.969404
474.3		0.969404
474.4		0.969404
474.5		0.969404
474.6		0.969404
474.7		0.969404
474.8		0.969404
474.9		0.969404
475		0.969404
475.1		0.970014
475.2		0.970014
475.3		0.970014
475.4		0.970014
475.5		0.970014
475.6		0.970014
475.7		0.970014
475.8		0.970014
475.9		0.970014
476		0.970014
476.1		0.974818
476.2		0.974818
476.3		0.974818
476.4		0.974818
476.5		0.974818
476.6		0.974818
476.7		0.974818
476.8		0.974818
476.9		0.974818
477		0.974818
477.1		0.975239
477.2		0.975239
477.3		0.975239
477.4		0.975239
477.5		0.975239
477.6		0.975239
477.7		0.975239
477.8		0.975239
477.9		0.975239
478		0.975239
478.1		0.977835
478.2		0.977835
478.3		0.977835
478.4		0.977835
478.5		0.977835
478.6		0.977835
478.7		0.977835
478.8		0.977835
478.9		0.977835
479		0.977835
479.1		0.978834
479.2		0.978834
479.3		0.978834
479.4		0.978834
479.5		0.978834
479.6		0.978834
479.7		0.978834
479.8		0.978834
479.9		0.978834
480		0.978834
480.1		0.981174
480.2		0.981174
480.3		0.981174
480.4		0.981174
480.5		0.981174
480.6		0.981174
480.7		0.981174
480.8		0.981174
480.9		0.981174
481		0.981174
481.1		0.985257
481.2		0.985257
481.3		0.985257
481.4		0.985257
481.5		0.985257
481.6		0.985257
481.7		0.985257
481.8		0.985257
481.9		0.985257
482		0.985257
482.1		0.986266
482.2		0.986266
482.3		0.986266
482.4		0.986266
482.5		0.986266
482.6		0.986266
482.7		0.986266
482.8		0.986266
482.9		0.986266
483		0.986266
483.1		0.986521
483.2		0.986521
483.3		0.986521
483.4		0.986521
483.5		0.986521
483.6		0.986521
483.7		0.986521
483.8		0.986521
483.9		0.986521
484		0.986521
484.1		0.989849
484.2		0.989849
484.3		0.989849
484.4		0.989849
484.5		0.989849
484.6		0.989849
484.7		0.989849
484.8		0.989849
484.9		0.989849
485		0.989849
485.1		0.991968
485.2		0.991968
485.3		0.991968
485.4		0.991968
485.5		0.991968
485.6		0.991968
485.7		0.991968
485.8		0.991968
485.9		0.991968
486		0.991968
486.1		0.996139
486.2		0.996139
486.3		0.996139
486.4		0.996139
486.5		0.996139
486.6		0.996139
486.7		0.996139
486.8		0.996139
486.9		0.996139
487		0.996139
487.1		0.996905
487.2		0.996905
487.3		0.996905
487.4		0.996905
487.5		0.996905
487.6		0.996905
487.7		0.996905
487.8		0.996905
487.9		0.996905
488		0.996905
488.1		0.997704
488.2		0.997704
488.3		0.997704
488.4		0.997704
488.5		0.997704
488.6		0.997704
488.7		0.997704
488.8		0.997704
488.9		0.997704
489		0.997704
489.1		0.999767
489.2		0.999767
489.3		0.999767
489.4		0.999767
489.5		0.999767
489.6		0.999767
489.7		0.999767
489.8		0.999767
489.9		0.999767
490		0.999767
490.1		0.999956
490.2		0.999956
490.3		0.999956
490.4		0.999956
490.5		0.999956
490.6		0.999956
490.7		0.999956
490.8		0.999956
490.9		0.999956
491		0.999956
491.1		1
491.2		1
491.3		1
491.4		1
491.5		1
491.6		1
491.7		1
491.8		1
491.9		1
492		1
492.1		1
492.2		1
492.3		1
492.4		1
492.5		1
492.6		1
492.7		1
492.8		1
492.9		1
493		1
493.1		1
493.2		1
493.3		1
493.4		1
493.5		1
493.6		1
493.7		1
493.8		1
493.9		1
494		1
494.1		1
494.2		1
494.3		1
494.4		1
494.5		1
494.6		1
494.7		1
494.8		1
494.9		1
495		1
495.1		1
495.2		1
495.3		1
495.4		1
495.5		1
495.6		1
495.7		1
495.8		1
495.9		1
496		1
496.1		1
496.2		1
496.3		1
496.4		1
496.5		1
496.6		1
496.7		1
496.8		1
496.9		1
497		1
497.1		1
497.2		1
497.3		1
497.4		1
497.5		1
497.6		1
497.7		1
497.8		1
497.9		1
498		1
498.1		1
498.2		1
498.3		1
498.4		1
498.5		1
498.6		1
498.7		1
498.8		1
498.9		1
499		1
499.1		1
499.2		1
499.3		1
499.4		1
499.5		1
499.6		1
499.7		1
499.8		1
499.9		1
500		1
500.1		1
500.2		1
500.3		1
500.4		1
500.5		1
500.6		1
500.7		1
500.8		1
500.9		1
501		1
501.1		1
501.2		1
501.3		1
501.4		1
501.5		1
501.6		1
501.7		1
501.8		1
501.9		1
502		1
502.1		1
502.2		1
502.3		1
502.4		1
502.5		1
502.6		1
502.7		1
502.8		1
502.9		1
503		1
503.1		1
503.2		1
503.3		1
503.4		1
503.5		1
503.6		1
503.7		1
503.8		1
503.9		1
504		1
504.1		1
504.2		1
504.3		1
504.4		1
504.5		1
504.6		1
504.7		1
504.8		1
504.9		1
505		1
505.1		1
505.2		1
505.3		1
505.4		1
505.5		1
505.6		1
505.7		1
505.8		1
505.9		1
506		1
506.1		1
506.2		1
506.3		1
506.4		1
506.5		1
506.6		1
506.7		1
506.8		1
506.9		1
507		1
507.1		1
507.2		1
507.3		1
507.4		1
507.5		1
507.6		1
507.7		1
507.8		1
507.9		1
508		1
508.1		1
508.2		1
508.3		1
508.4		1
508.5		1
508.6		1
508.7		1
508.8		1
508.9		1
509		1
509.1		1
509.2		1
509.3		1
509.4		1
509.5		1
509.6		1
509.7		1
509.8		1
509.9		1
510		1
510.1		1
510.2		1
510.3		1
510.4		1
510.5		1
510.6		1
510.7		1
510.8		1
510.9		1
511		1
511.1		1
511.2		1
511.3		1
511.4		1
511.5		1
511.6		1
511.7		1
511.8		1
511.9		1
512		1
512.1		1
512.2		1
512.3		1
512.4		1
512.5		1
512.6		1
512.7		1
512.8		1
512.9		1
513		1
513.1		1
513.2		1
513.3		1
513.4		1
513.5		1
513.6		1
513.7		1
513.8		1
513.9		1
514		1
514.1		1
514.2		1
514.3		1
514.4		1
514.5		1
514.6		1
514.7		1
514.8		1
514.9		1
515		1
515.1		1
515.2		1
515.3		1
515.4		1
515.5		1
515.6		1
515.7		1
515.8		1
515.9		1
516		1
516.1		1
516.2		1
516.3		1
516.4		1
516.5		1
516.6		1
516.7		1
516.8		1
516.9		1
517		1
517.1		1
517.2		1
517.3		1
517.4		1
517.5		1
517.6		1
517.7		1
517.8		1
517.9		1
518		1
518.1		1
518.2		1
518.3		1
518.4		1
518.5		1
518.6		1
518.7		1
518.8		1
518.9		1
519		1
519.1		1
519.2		1
519.3		1
519.4		1
519.5		1
519.6		1
519.7		1
519.8		1
519.9		1
520		1
520.1		1
520.2		1
520.3		1
520.4		1
520.5		1
520.6		1
520.7		1
520.8		1
520.9		1
521		1
521.1		1
521.2		1
521.3		1
521.4		1
521.5		1
521.6		1
521.7		1
521.8		1
521.9		1
522		1
522.1		1
522.2		1
522.3		1
522.4		1
522.5		1
522.6		1
522.7		1
522.8		1
522.9		1
523		1
523.1		1
523.2		1
523.3		1
523.4		1
523.5		1
523.6		1
523.7		1
523.8		1
523.9		1
524		1
524.1		1
524.2		1
524.3		1
524.4		1
524.5		1
524.6		1
524.7		1
524.8		1
524.9		1
525		1
525.1		1
525.2		1
525.3		1
525.4		1
525.5		1
525.6		1
525.7		1
525.8		1
525.9		1
526		1
526.1		1
526.2		1
526.3		1
526.4		1
526.5		1
526.6		1
526.7		1
526.8		1
526.9		1
527		1
527.1		1
527.2		1
527.3		1
527.4		1
527.5		1
527.6		1
527.7		1
527.8		1
527.9		1
528		1
528.1		1
528.2		1
528.3		1
528.4		1
528.5		1
528.6		1
528.7		1
528.8		1
528.9		1
529		1
529.1		1
529.2		1
529.3		1
529.4		1
529.5		1
529.6		1
529.7		1
529.8		1
529.9		1
530		1
530.1		1
530.2		1
530.3		1
530.4		1
530.5		1
530.6		1
530.7		1
530.8		1
530.9		1
531		1
531.1		1
531.2		1
531.3		1
531.4		1
531.5		1
531.6		1
531.7		1
531.8		1
531.9		1
532		1
532.1		1
532.2		1
532.3		1
532.4		1
532.5		1
532.6		1
532.7		1
532.8		1
532.9		1
533		1
533.1		1
533.2		1
533.3		1
533.4		1
533.5		1
533.6		1
533.7		1
533.8		1
533.9		1
534		1
534.1		1
534.2		1
534.3		1
534.4		1
534.5		1
534.6		1
534.7		1
534.8		1
534.9		1
535		1
535.1		1
535.2		1
535.3		1
535.4		1
535.5		1
535.6		1
535.7		1
535.8		1
535.9		1
536		1
536.1		1
536.2		1
536.3		1
536.4		1
536.5		1
536.6		1
536.7		1
536.8		1
536.9		1
537		1
537.1		1
537.2		1
537.3		1
537.4		1
537.5		1
537.6		1
537.7		1
537.8		1
537.9		1
538		1
538.1		1
538.2		1
538.3		1
538.4		1
538.5		1
538.6		1
538.7		1
538.8		1
538.9		1
539		1
539.1		1
539.2		1
539.3		1
539.4		1
539.5		1
539.6		1
539.7		1
539.8		1
539.9		1
540		1
540.1		1
540.2		1
540.3		1
540.4		1
540.5		1
540.6		1
540.7		1
540.8		1
540.9		1
541		1
541.1		1
541.2		1
541.3		1
541.4		1
541.5		1
541.6		1
541.7		1
541.8		1
541.9		1
542		1
542.1		1
542.2		1
542.3		1
542.4		1
542.5		1
542.6		1
542.7		1
542.8		1
542.9		1
543		1
543.1		1
543.2		1
543.3		1
543.4		1
543.5		1
543.6		1
543.7		1
543.8		1
543.9		1
544		1
544.1		1
544.2		1
544.3		1
544.4		1
544.5		1
544.6		1
544.7		1
544.8		1
544.9		1
545		1
545.1		1
545.2		1
545.3		1
545.4		1
545.5		1
545.6		1
545.7		1
545.8		1
545.9		1
546		1
546.1		1
546.2		1
546.3		1
546.4		1
546.5		1
546.6		1
546.7		1
546.8		1
546.9		1
547		1
547.1		1
547.2		1
547.3		1
547.4		1
547.5		1
547.6		1
547.7		1
547.8		1
547.9		1
548		1
548.1		1
548.2		1
548.3		1
548.4		1
548.5		1
548.6		1
548.7		1
548.8		1
548.9		1
549		1
549.1		1
549.2		1
549.3		1
549.4		1
549.5		1
549.6		1
549.7		1
549.8		1
549.9		1
550		1
550.1		1
550.2		1
550.3		1
550.4		1
550.5		1
550.6		1
550.7		1
550.8		1
550.9		1
551		1
551.1		1
551.2		1
551.3		1
551.4		1
551.5		1
551.6		1
551.7		1
551.8		1
551.9		1
552		1
552.1		1
552.2		1
552.3		1
552.4		1
552.5		1
552.6		1
552.7		1
552.8		1
552.9		1
553		1
553.1		1
553.2		1
553.3		1
553.4		1
553.5		1
553.6		1
553.7		1
553.8		1
553.9		1
554		1
554.1		1
554.2		1
554.3		1
554.4		1
554.5		1
554.6		1
554.7		1
554.8		1
554.9		1
555		1
555.1		1
555.2		1
555.3		1
555.4		1
555.5		1
555.6		1
555.7		1
555.8		1
555.9		1
556		1
556.1		1
556.2		1
556.3		1
556.4		1
556.5		1
556.6		1
556.7		1
556.8		1
556.9		1
557		1
557.1		1
557.2		1
557.3		1
557.4		1
557.5		1
557.6		1
557.7		1
557.8		1
557.9		1
558		1
558.1		1
558.2		1
558.3		1
558.4		1
558.5		1
558.6		1
558.7		1
558.8		1
558.9		1
559		1
559.1		1
559.2		1
559.3		1
559.4		1
559.5		1
559.6		1
559.7		1
559.8		1
559.9		1
560		1
560.1		1
560.2		1
560.3		1
560.4		1
560.5		1
560.6		1
560.7		1
560.8		1
560.9		1
561		1
561.1		1
561.2		1
561.3		1
561.4		1
561.5		1
561.6		1
561.7		1
561.8		1
561.9		1
562		1
562.1		1
562.2		1
562.3		1
562.4		1
562.5		1
562.6		1
562.7		1
562.8		1
562.9		1
563		1
563.1		1
563.2		1
563.3		1
563.4		1
563.5		1
563.6		1
563.7		1
563.8		1
563.9		1
564		1
564.1		1
564.2		1
564.3		1
564.4		1
564.5		1
564.6		1
564.7		1
564.8		1
564.9		1
565		1
565.1		1
565.2		1
565.3		1
565.4		1
565.5		1
565.6		1
565.7		1
565.8		1
565.9		1
566		1
566.1		1
566.2		1
566.3		1
566.4		1
566.5		1
566.6		1
566.7		1
566.8		1
566.9		1
567		1
567.1		1
567.2		1
567.3		1
567.4		1
567.5		1
567.6		1
567.7		1
567.8		1
567.9		1
568		1
568.1		1
568.2		1
568.3		1
568.4		1
568.5		1
568.6		1
568.7		1
568.8		1
568.9		1
569		1
569.1		1
569.2		1
569.3		1
569.4		1
569.5		1
569.6		1
569.7		1
569.8		1
569.9		1
570		1
570.1		1
570.2		1
570.3		1
570.4		1
570.5		1
570.6		1
570.7		1
570.8		1
570.9		1
571		1
571.1		1
571.2		1
571.3		1
571.4		1
571.5		1
571.6		1
571.7		1
571.8		1
571.9		1
572		1
572.1		1
572.2		1
572.3		1
572.4		1
572.5		1
572.6		1
572.7		1
572.8		1
572.9		1
573		1
573.1		1
573.2		1
573.3		1
573.4		1
573.5		1
573.6		1
573.7		1
573.8		1
573.9		1
574		1
574.1		1
574.2		1
574.3		1
574.4		1
574.5		1
574.6		1
574.7		1
574.8		1
574.9		1
575		1
575.1		1
575.2		1
575.3		1
575.4		1
575.5		1
575.6		1
575.7		1
575.8		1
575.9		1
576		1
576.1		1
576.2		1
576.3		1
576.4		1
576.5		1
576.6		1
576.7		1
576.8		1
576.9		1
577		1
577.1		1
577.2		1
577.3		1
577.4		1
577.5		1
577.6		1
577.7		1
577.8		1
577.9		1
578		1
578.1		1
578.2		1
578.3		1
578.4		1
578.5		1
578.6		1
578.7		1
578.8		1
578.9		1
579		1
579.1		1
579.2		1
579.3		1
579.4		1
579.5		1
579.6		1
579.7		1
579.8		1
579.9		1
580		1
580.1		1
580.2		1
580.3		1
580.4		1
580.5		1
580.6		1
580.7		1
580.8		1
580.9		1
581		1
581.1		1
581.2		1
581.3		1
581.4		1
581.5		1
581.6		1
581.7		1
581.8		1
581.9		1
582		1
582.1		1
582.2		1
582.3		1
582.4		1
582.5		1
582.6		1
582.7		1
582.8		1
582.9		1
583		1
583.1		1
583.2		1
583.3		1
583.4		1
583.5		1
583.6		1
583.7		1
583.8		1
583.9		1
584		1
584.1		1
584.2		1
584.3		1
584.4		1
584.5		1
584.6		1
584.7		1
584.8		1
584.9		1
585		1
585.1		1
585.2		1
585.3		1
585.4		1
585.5		1
585.6		1
585.7		1
585.8		1
585.9		1
586		1
586.1		1
586.2		1
586.3		1
586.4		1
586.5		1
586.6		1
586.7		1
586.8		1
586.9		1
587		1
587.1		1
587.2		1
587.3		1
587.4		1
587.5		1
587.6		1
587.7		1
587.8		1
587.9		1
588		1
588.1		1
588.2		1
588.3		1
588.4		1
588.5		1
588.6		1
588.7		1
588.8		1
588.9		1
589		1
589.1		1
589.2		1
589.3		1
589.4		1
589.5		1
589.6		1
589.7		1
589.8		1
589.9		1
590		1
590.1		1
590.2		1
590.3		1
590.4		1
590.5		1
590.6		1
590.7		1
590.8		1
590.9		1
591		1
591.1		1
591.2		1
591.3		1
591.4		1
591.5		1
591.6		1
591.7		1
591.8		1
591.9		1
592		1
592.1		1
592.2		1
592.3		1
592.4		1
592.5		1
592.6		1
592.7		1
592.8		1
592.9		1
593		1
593.1		1
593.2		1
593.3		1
593.4		1
593.5		1
593.6		1
593.7		1
593.8		1
593.9		1
594		1
594.1		1
594.2		1
594.3		1
594.4		1
594.5		1
594.6		1
594.7		1
594.8		1
594.9		1
595		1
595.1		1
595.2		1
595.3		1
595.4		1
595.5		1
595.6		1
595.7		1
595.8		1
595.9		1
596		1
596.1		1
596.2		1
596.3		1
596.4		1
596.5		1
596.6		1
596.7		1
596.8		1
596.9		1
597		1
597.1		1
597.2		1
597.3		1
597.4		1
597.5		1
597.6		1
597.7		1
597.8		1
597.9		1
598		1
598.1		1
598.2		1
598.3		1
598.4		1
598.5		1
598.6		1
598.7		1
598.8		1
598.9		1
599		1
599.1		1
599.2		1
599.3		1
599.4		1
599.5		1
599.6		1
599.7		1
599.8		1
599.9		1
600		1
