# Calibration file of tamex_id 1 @ channel 22
# fine_T bin		 Calibration value
0.1		0
0.2		0
0.3		0
0.4		0
0.5		0
0.6		0
0.7		0
0.8		0
0.9		0
1		0
1.1		0
1.2		0
1.3		0
1.4		0
1.5		0
1.6		0
1.7		0
1.8		0
1.9		0
2		0
2.1		0
2.2		0
2.3		0
2.4		0
2.5		0
2.6		0
2.7		0
2.8		0
2.9		0
3		0
3.1		0
3.2		0
3.3		0
3.4		0
3.5		0
3.6		0
3.7		0
3.8		0
3.9		0
4		0
4.1		0
4.2		0
4.3		0
4.4		0
4.5		0
4.6		0
4.7		0
4.8		0
4.9		0
5		0
5.1		0
5.2		0
5.3		0
5.4		0
5.5		0
5.6		0
5.7		0
5.8		0
5.9		0
6		0
6.1		0
6.2		0
6.3		0
6.4		0
6.5		0
6.6		0
6.7		0
6.8		0
6.9		0
7		0
7.1		0
7.2		0
7.3		0
7.4		0
7.5		0
7.6		0
7.7		0
7.8		0
7.9		0
8		0
8.1		0
8.2		0
8.3		0
8.4		0
8.5		0
8.6		0
8.7		0
8.8		0
8.9		0
9		0
9.1		0
9.2		0
9.3		0
9.4		0
9.5		0
9.6		0
9.7		0
9.8		0
9.9		0
10		0
10.1		0
10.2		0
10.3		0
10.4		0
10.5		0
10.6		0
10.7		0
10.8		0
10.9		0
11		0
11.1		0
11.2		0
11.3		0
11.4		0
11.5		0
11.6		0
11.7		0
11.8		0
11.9		0
12		0
12.1		0
12.2		0
12.3		0
12.4		0
12.5		0
12.6		0
12.7		0
12.8		0
12.9		0
13		0
13.1		0
13.2		0
13.3		0
13.4		0
13.5		0
13.6		0
13.7		0
13.8		0
13.9		0
14		0
14.1		0
14.2		0
14.3		0
14.4		0
14.5		0
14.6		0
14.7		0
14.8		0
14.9		0
15		0
15.1		0
15.2		0
15.3		0
15.4		0
15.5		0
15.6		0
15.7		0
15.8		0
15.9		0
16		0
16.1		0.00639695
16.2		0.00639695
16.3		0.00639695
16.4		0.00639695
16.5		0.00639695
16.6		0.00639695
16.7		0.00639695
16.8		0.00639695
16.9		0.00639695
17		0.00639695
17.1		0.00756196
17.2		0.00756196
17.3		0.00756196
17.4		0.00756196
17.5		0.00756196
17.6		0.00756196
17.7		0.00756196
17.8		0.00756196
17.9		0.00756196
18		0.00756196
18.1		0.0109299
18.2		0.0109299
18.3		0.0109299
18.4		0.0109299
18.5		0.0109299
18.6		0.0109299
18.7		0.0109299
18.8		0.0109299
18.9		0.0109299
19		0.0109299
19.1		0.0114065
19.2		0.0114065
19.3		0.0114065
19.4		0.0114065
19.5		0.0114065
19.6		0.0114065
19.7		0.0114065
19.8		0.0114065
19.9		0.0114065
20		0.0114065
20.1		0.0159182
20.2		0.0159182
20.3		0.0159182
20.4		0.0159182
20.5		0.0159182
20.6		0.0159182
20.7		0.0159182
20.8		0.0159182
20.9		0.0159182
21		0.0159182
21.1		0.0193497
21.2		0.0193497
21.3		0.0193497
21.4		0.0193497
21.5		0.0193497
21.6		0.0193497
21.7		0.0193497
21.8		0.0193497
21.9		0.0193497
22		0.0193497
22.1		0.0208642
22.2		0.0208642
22.3		0.0208642
22.4		0.0208642
22.5		0.0208642
22.6		0.0208642
22.7		0.0208642
22.8		0.0208642
22.9		0.0208642
23		0.0208642
23.1		0.0219551
23.2		0.0219551
23.3		0.0219551
23.4		0.0219551
23.5		0.0219551
23.6		0.0219551
23.7		0.0219551
23.8		0.0219551
23.9		0.0219551
24		0.0219551
24.1		0.0245605
24.2		0.0245605
24.3		0.0245605
24.4		0.0245605
24.5		0.0245605
24.6		0.0245605
24.7		0.0245605
24.8		0.0245605
24.9		0.0245605
25		0.0245605
25.1		0.0259903
25.2		0.0259903
25.3		0.0259903
25.4		0.0259903
25.5		0.0259903
25.6		0.0259903
25.7		0.0259903
25.8		0.0259903
25.9		0.0259903
26		0.0259903
26.1		0.0268481
26.2		0.0268481
26.3		0.0268481
26.4		0.0268481
26.5		0.0268481
26.6		0.0268481
26.7		0.0268481
26.8		0.0268481
26.9		0.0268481
27		0.0268481
27.1		0.0301737
27.2		0.0301737
27.3		0.0301737
27.4		0.0301737
27.5		0.0301737
27.6		0.0301737
27.7		0.0301737
27.8		0.0301737
27.9		0.0301737
28		0.0301737
28.1		0.0310845
28.2		0.0310845
28.3		0.0310845
28.4		0.0310845
28.5		0.0310845
28.6		0.0310845
28.7		0.0310845
28.8		0.0310845
28.9		0.0310845
29		0.0310845
29.1		0.0348337
29.2		0.0348337
29.3		0.0348337
29.4		0.0348337
29.5		0.0348337
29.6		0.0348337
29.7		0.0348337
29.8		0.0348337
29.9		0.0348337
30		0.0348337
30.1		0.0374285
30.2		0.0374285
30.3		0.0374285
30.4		0.0374285
30.5		0.0374285
30.6		0.0374285
30.7		0.0374285
30.8		0.0374285
30.9		0.0374285
31		0.0374285
31.1		0.0380216
31.2		0.0380216
31.3		0.0380216
31.4		0.0380216
31.5		0.0380216
31.6		0.0380216
31.7		0.0380216
31.8		0.0380216
31.9		0.0380216
32		0.0380216
32.1		0.0387312
32.2		0.0387312
32.3		0.0387312
32.4		0.0387312
32.5		0.0387312
32.6		0.0387312
32.7		0.0387312
32.8		0.0387312
32.9		0.0387312
33		0.0387312
33.1		0.0414213
33.2		0.0414213
33.3		0.0414213
33.4		0.0414213
33.5		0.0414213
33.6		0.0414213
33.7		0.0414213
33.8		0.0414213
33.9		0.0414213
34		0.0414213
34.1		0.0460919
34.2		0.0460919
34.3		0.0460919
34.4		0.0460919
34.5		0.0460919
34.6		0.0460919
34.7		0.0460919
34.8		0.0460919
34.9		0.0460919
35		0.0460919
35.1		0.047903
35.2		0.047903
35.3		0.047903
35.4		0.047903
35.5		0.047903
35.6		0.047903
35.7		0.047903
35.8		0.047903
35.9		0.047903
36		0.047903
36.1		0.0503177
36.2		0.0503177
36.3		0.0503177
36.4		0.0503177
36.5		0.0503177
36.6		0.0503177
36.7		0.0503177
36.8		0.0503177
36.9		0.0503177
37		0.0503177
37.1		0.0512391
37.2		0.0512391
37.3		0.0512391
37.4		0.0512391
37.5		0.0512391
37.6		0.0512391
37.7		0.0512391
37.8		0.0512391
37.9		0.0512391
38		0.0512391
38.1		0.0532514
38.2		0.0532514
38.3		0.0532514
38.4		0.0532514
38.5		0.0532514
38.6		0.0532514
38.7		0.0532514
38.8		0.0532514
38.9		0.0532514
39		0.0532514
39.1		0.0553696
39.2		0.0553696
39.3		0.0553696
39.4		0.0553696
39.5		0.0553696
39.6		0.0553696
39.7		0.0553696
39.8		0.0553696
39.9		0.0553696
40		0.0553696
40.1		0.0576467
40.2		0.0576467
40.3		0.0576467
40.4		0.0576467
40.5		0.0576467
40.6		0.0576467
40.7		0.0576467
40.8		0.0576467
40.9		0.0576467
41		0.0576467
41.1		0.0599873
41.2		0.0599873
41.3		0.0599873
41.4		0.0599873
41.5		0.0599873
41.6		0.0599873
41.7		0.0599873
41.8		0.0599873
41.9		0.0599873
42		0.0599873
42.1		0.0615971
42.2		0.0615971
42.3		0.0615971
42.4		0.0615971
42.5		0.0615971
42.6		0.0615971
42.7		0.0615971
42.8		0.0615971
42.9		0.0615971
43		0.0615971
43.1		0.061936
43.2		0.061936
43.3		0.061936
43.4		0.061936
43.5		0.061936
43.6		0.061936
43.7		0.061936
43.8		0.061936
43.9		0.061936
44		0.061936
44.1		0.0658547
44.2		0.0658547
44.3		0.0658547
44.4		0.0658547
44.5		0.0658547
44.6		0.0658547
44.7		0.0658547
44.8		0.0658547
44.9		0.0658547
45		0.0658547
45.1		0.066003
45.2		0.066003
45.3		0.066003
45.4		0.066003
45.5		0.066003
45.6		0.066003
45.7		0.066003
45.8		0.066003
45.9		0.066003
46		0.066003
46.1		0.0727706
46.2		0.0727706
46.3		0.0727706
46.4		0.0727706
46.5		0.0727706
46.6		0.0727706
46.7		0.0727706
46.8		0.0727706
46.9		0.0727706
47		0.0727706
47.1		0.0731095
47.2		0.0731095
47.3		0.0731095
47.4		0.0731095
47.5		0.0731095
47.6		0.0731095
47.7		0.0731095
47.8		0.0731095
47.9		0.0731095
48		0.0731095
48.1		0.0731519
48.2		0.0731519
48.3		0.0731519
48.4		0.0731519
48.5		0.0731519
48.6		0.0731519
48.7		0.0731519
48.8		0.0731519
48.9		0.0731519
49		0.0731519
49.1		0.073512
49.2		0.073512
49.3		0.073512
49.4		0.073512
49.5		0.073512
49.6		0.073512
49.7		0.073512
49.8		0.073512
49.9		0.073512
50		0.073512
50.1		0.0785215
50.2		0.0785215
50.3		0.0785215
50.4		0.0785215
50.5		0.0785215
50.6		0.0785215
50.7		0.0785215
50.8		0.0785215
50.9		0.0785215
51		0.0785215
51.1		0.0797501
51.2		0.0797501
51.3		0.0797501
51.4		0.0797501
51.5		0.0797501
51.6		0.0797501
51.7		0.0797501
51.8		0.0797501
51.9		0.0797501
52		0.0797501
52.1		0.0830862
52.2		0.0830862
52.3		0.0830862
52.4		0.0830862
52.5		0.0830862
52.6		0.0830862
52.7		0.0830862
52.8		0.0830862
52.9		0.0830862
53		0.0830862
53.1		0.0847278
53.2		0.0847278
53.3		0.0847278
53.4		0.0847278
53.5		0.0847278
53.6		0.0847278
53.7		0.0847278
53.8		0.0847278
53.9		0.0847278
54		0.0847278
54.1		0.0851091
54.2		0.0851091
54.3		0.0851091
54.4		0.0851091
54.5		0.0851091
54.6		0.0851091
54.7		0.0851091
54.8		0.0851091
54.9		0.0851091
55		0.0851091
55.1		0.0880852
55.2		0.0880852
55.3		0.0880852
55.4		0.0880852
55.5		0.0880852
55.6		0.0880852
55.7		0.0880852
55.8		0.0880852
55.9		0.0880852
56		0.0880852
56.1		0.0903198
56.2		0.0903198
56.3		0.0903198
56.4		0.0903198
56.5		0.0903198
56.6		0.0903198
56.7		0.0903198
56.8		0.0903198
56.9		0.0903198
57		0.0903198
57.1		0.0904046
57.2		0.0904046
57.3		0.0904046
57.4		0.0904046
57.5		0.0904046
57.6		0.0904046
57.7		0.0904046
57.8		0.0904046
57.9		0.0904046
58		0.0904046
58.1		0.0943656
58.2		0.0943656
58.3		0.0943656
58.4		0.0943656
58.5		0.0943656
58.6		0.0943656
58.7		0.0943656
58.8		0.0943656
58.9		0.0943656
59		0.0943656
59.1		0.0947363
59.2		0.0947363
59.3		0.0947363
59.4		0.0947363
59.5		0.0947363
59.6		0.0947363
59.7		0.0947363
59.8		0.0947363
59.9		0.0947363
60		0.0947363
60.1		0.0983266
60.2		0.0983266
60.3		0.0983266
60.4		0.0983266
60.5		0.0983266
60.6		0.0983266
60.7		0.0983266
60.8		0.0983266
60.9		0.0983266
61		0.0983266
61.1		0.0986973
61.2		0.0986973
61.3		0.0986973
61.4		0.0986973
61.5		0.0986973
61.6		0.0986973
61.7		0.0986973
61.8		0.0986973
61.9		0.0986973
62		0.0986973
62.1		0.100222
62.2		0.100222
62.3		0.100222
62.4		0.100222
62.5		0.100222
62.6		0.100222
62.7		0.100222
62.8		0.100222
62.9		0.100222
63		0.100222
63.1		0.105433
63.2		0.105433
63.3		0.105433
63.4		0.105433
63.5		0.105433
63.6		0.105433
63.7		0.105433
63.8		0.105433
63.9		0.105433
64		0.105433
64.1		0.105761
64.2		0.105761
64.3		0.105761
64.4		0.105761
64.5		0.105761
64.6		0.105761
64.7		0.105761
64.8		0.105761
64.9		0.105761
65		0.105761
65.1		0.107551
65.2		0.107551
65.3		0.107551
65.4		0.107551
65.5		0.107551
65.6		0.107551
65.7		0.107551
65.8		0.107551
65.9		0.107551
66		0.107551
66.1		0.110835
66.2		0.110835
66.3		0.110835
66.4		0.110835
66.5		0.110835
66.6		0.110835
66.7		0.110835
66.8		0.110835
66.9		0.110835
67		0.110835
67.1		0.111692
67.2		0.111692
67.3		0.111692
67.4		0.111692
67.5		0.111692
67.6		0.111692
67.7		0.111692
67.8		0.111692
67.9		0.111692
68		0.111692
68.1		0.113684
68.2		0.113684
68.3		0.113684
68.4		0.113684
68.5		0.113684
68.6		0.113684
68.7		0.113684
68.8		0.113684
68.9		0.113684
69		0.113684
69.1		0.117189
69.2		0.117189
69.3		0.117189
69.4		0.117189
69.5		0.117189
69.6		0.117189
69.7		0.117189
69.8		0.117189
69.9		0.117189
70		0.117189
70.1		0.118036
70.2		0.118036
70.3		0.118036
70.4		0.118036
70.5		0.118036
70.6		0.118036
70.7		0.118036
70.8		0.118036
70.9		0.118036
71		0.118036
71.1		0.118725
71.2		0.118725
71.3		0.118725
71.4		0.118725
71.5		0.118725
71.6		0.118725
71.7		0.118725
71.8		0.118725
71.9		0.118725
72		0.118725
72.1		0.125281
72.2		0.125281
72.3		0.125281
72.4		0.125281
72.5		0.125281
72.6		0.125281
72.7		0.125281
72.8		0.125281
72.9		0.125281
73		0.125281
73.1		0.125598
73.2		0.125598
73.3		0.125598
73.4		0.125598
73.5		0.125598
73.6		0.125598
73.7		0.125598
73.8		0.125598
73.9		0.125598
74		0.125598
74.1		0.12634
74.2		0.12634
74.3		0.12634
74.4		0.12634
74.5		0.12634
74.6		0.12634
74.7		0.12634
74.8		0.12634
74.9		0.12634
75		0.12634
75.1		0.128246
75.2		0.128246
75.3		0.128246
75.4		0.128246
75.5		0.128246
75.6		0.128246
75.7		0.128246
75.8		0.128246
75.9		0.128246
76		0.128246
76.1		0.128723
76.2		0.128723
76.3		0.128723
76.4		0.128723
76.5		0.128723
76.6		0.128723
76.7		0.128723
76.8		0.128723
76.9		0.128723
77		0.128723
77.1		0.131858
77.2		0.131858
77.3		0.131858
77.4		0.131858
77.5		0.131858
77.6		0.131858
77.7		0.131858
77.8		0.131858
77.9		0.131858
78		0.131858
78.1		0.136719
78.2		0.136719
78.3		0.136719
78.4		0.136719
78.5		0.136719
78.6		0.136719
78.7		0.136719
78.8		0.136719
78.9		0.136719
79		0.136719
79.1		0.137651
79.2		0.137651
79.3		0.137651
79.4		0.137651
79.5		0.137651
79.6		0.137651
79.7		0.137651
79.8		0.137651
79.9		0.137651
80		0.137651
80.1		0.139727
80.2		0.139727
80.3		0.139727
80.4		0.139727
80.5		0.139727
80.6		0.139727
80.7		0.139727
80.8		0.139727
80.9		0.139727
81		0.139727
81.1		0.139833
81.2		0.139833
81.3		0.139833
81.4		0.139833
81.5		0.139833
81.6		0.139833
81.7		0.139833
81.8		0.139833
81.9		0.139833
82		0.139833
82.1		0.140458
82.2		0.140458
82.3		0.140458
82.4		0.140458
82.5		0.140458
82.6		0.140458
82.7		0.140458
82.8		0.140458
82.9		0.140458
83		0.140458
83.1		0.141527
83.2		0.141527
83.3		0.141527
83.4		0.141527
83.5		0.141527
83.6		0.141527
83.7		0.141527
83.8		0.141527
83.9		0.141527
84		0.141527
84.1		0.14462
84.2		0.14462
84.3		0.14462
84.4		0.14462
84.5		0.14462
84.6		0.14462
84.7		0.14462
84.8		0.14462
84.9		0.14462
85		0.14462
85.1		0.150286
85.2		0.150286
85.3		0.150286
85.4		0.150286
85.5		0.150286
85.6		0.150286
85.7		0.150286
85.8		0.150286
85.9		0.150286
86		0.150286
86.1		0.150434
86.2		0.150434
86.3		0.150434
86.4		0.150434
86.5		0.150434
86.6		0.150434
86.7		0.150434
86.8		0.150434
86.9		0.150434
87		0.150434
87.1		0.150921
87.2		0.150921
87.3		0.150921
87.4		0.150921
87.5		0.150921
87.6		0.150921
87.7		0.150921
87.8		0.150921
87.9		0.150921
88		0.150921
88.1		0.152065
88.2		0.152065
88.3		0.152065
88.4		0.152065
88.5		0.152065
88.6		0.152065
88.7		0.152065
88.8		0.152065
88.9		0.152065
89		0.152065
89.1		0.155709
89.2		0.155709
89.3		0.155709
89.4		0.155709
89.5		0.155709
89.6		0.155709
89.7		0.155709
89.8		0.155709
89.9		0.155709
90		0.155709
90.1		0.15842
90.2		0.15842
90.3		0.15842
90.4		0.15842
90.5		0.15842
90.6		0.15842
90.7		0.15842
90.8		0.15842
90.9		0.15842
91		0.15842
91.1		0.162296
91.2		0.162296
91.3		0.162296
91.4		0.162296
91.5		0.162296
91.6		0.162296
91.7		0.162296
91.8		0.162296
91.9		0.162296
92		0.162296
92.1		0.162953
92.2		0.162953
92.3		0.162953
92.4		0.162953
92.5		0.162953
92.6		0.162953
92.7		0.162953
92.8		0.162953
92.9		0.162953
93		0.162953
93.1		0.163652
93.2		0.163652
93.3		0.163652
93.4		0.163652
93.5		0.163652
93.6		0.163652
93.7		0.163652
93.8		0.163652
93.9		0.163652
94		0.163652
94.1		0.166427
94.2		0.166427
94.3		0.166427
94.4		0.166427
94.5		0.166427
94.6		0.166427
94.7		0.166427
94.8		0.166427
94.9		0.166427
95		0.166427
95.1		0.167592
95.2		0.167592
95.3		0.167592
95.4		0.167592
95.5		0.167592
95.6		0.167592
95.7		0.167592
95.8		0.167592
95.9		0.167592
96		0.167592
96.1		0.170419
96.2		0.170419
96.3		0.170419
96.4		0.170419
96.5		0.170419
96.6		0.170419
96.7		0.170419
96.8		0.170419
96.9		0.170419
97		0.170419
97.1		0.172283
97.2		0.172283
97.3		0.172283
97.4		0.172283
97.5		0.172283
97.6		0.172283
97.7		0.172283
97.8		0.172283
97.9		0.172283
98		0.172283
98.1		0.172294
98.2		0.172294
98.3		0.172294
98.4		0.172294
98.5		0.172294
98.6		0.172294
98.7		0.172294
98.8		0.172294
98.9		0.172294
99		0.172294
99.1		0.17777
99.2		0.17777
99.3		0.17777
99.4		0.17777
99.5		0.17777
99.6		0.17777
99.7		0.17777
99.8		0.17777
99.9		0.17777
100		0.17777
100.1		0.178564
100.2		0.178564
100.3		0.178564
100.4		0.178564
100.5		0.178564
100.6		0.178564
100.7		0.178564
100.8		0.178564
100.9		0.178564
101		0.178564
101.1		0.179411
101.2		0.179411
101.3		0.179411
101.4		0.179411
101.5		0.179411
101.6		0.179411
101.7		0.179411
101.8		0.179411
101.9		0.179411
102		0.179411
102.1		0.18298
102.2		0.18298
102.3		0.18298
102.4		0.18298
102.5		0.18298
102.6		0.18298
102.7		0.18298
102.8		0.18298
102.9		0.18298
103		0.18298
103.1		0.18549
103.2		0.18549
103.3		0.18549
103.4		0.18549
103.5		0.18549
103.6		0.18549
103.7		0.18549
103.8		0.18549
103.9		0.18549
104		0.18549
104.1		0.186105
104.2		0.186105
104.3		0.186105
104.4		0.186105
104.5		0.186105
104.6		0.186105
104.7		0.186105
104.8		0.186105
104.9		0.186105
105		0.186105
105.1		0.189854
105.2		0.189854
105.3		0.189854
105.4		0.189854
105.5		0.189854
105.6		0.189854
105.7		0.189854
105.8		0.189854
105.9		0.189854
106		0.189854
106.1		0.191411
106.2		0.191411
106.3		0.191411
106.4		0.191411
106.5		0.191411
106.6		0.191411
106.7		0.191411
106.8		0.191411
106.9		0.191411
107		0.191411
107.1		0.192745
107.2		0.192745
107.3		0.192745
107.4		0.192745
107.5		0.192745
107.6		0.192745
107.7		0.192745
107.8		0.192745
107.9		0.192745
108		0.192745
108.1		0.197119
108.2		0.197119
108.3		0.197119
108.4		0.197119
108.5		0.197119
108.6		0.197119
108.7		0.197119
108.8		0.197119
108.9		0.197119
109		0.197119
109.1		0.19874
109.2		0.19874
109.3		0.19874
109.4		0.19874
109.5		0.19874
109.6		0.19874
109.7		0.19874
109.8		0.19874
109.9		0.19874
110		0.19874
110.1		0.199756
110.2		0.199756
110.3		0.199756
110.4		0.199756
110.5		0.199756
110.6		0.199756
110.7		0.199756
110.8		0.199756
110.9		0.199756
111		0.199756
111.1		0.201515
111.2		0.201515
111.3		0.201515
111.4		0.201515
111.5		0.201515
111.6		0.201515
111.7		0.201515
111.8		0.201515
111.9		0.201515
112		0.201515
112.1		0.202976
112.2		0.202976
112.3		0.202976
112.4		0.202976
112.5		0.202976
112.6		0.202976
112.7		0.202976
112.8		0.202976
112.9		0.202976
113		0.202976
113.1		0.204861
113.2		0.204861
113.3		0.204861
113.4		0.204861
113.5		0.204861
113.6		0.204861
113.7		0.204861
113.8		0.204861
113.9		0.204861
114		0.204861
114.1		0.208971
114.2		0.208971
114.3		0.208971
114.4		0.208971
114.5		0.208971
114.6		0.208971
114.7		0.208971
114.8		0.208971
114.9		0.208971
115		0.208971
115.1		0.209574
115.2		0.209574
115.3		0.209574
115.4		0.209574
115.5		0.209574
115.6		0.209574
115.7		0.209574
115.8		0.209574
115.9		0.209574
116		0.209574
116.1		0.210358
116.2		0.210358
116.3		0.210358
116.4		0.210358
116.5		0.210358
116.6		0.210358
116.7		0.210358
116.8		0.210358
116.9		0.210358
117		0.210358
117.1		0.215706
117.2		0.215706
117.3		0.215706
117.4		0.215706
117.5		0.215706
117.6		0.215706
117.7		0.215706
117.8		0.215706
117.9		0.215706
118		0.215706
118.1		0.216056
118.2		0.216056
118.3		0.216056
118.4		0.216056
118.5		0.216056
118.6		0.216056
118.7		0.216056
118.8		0.216056
118.9		0.216056
119		0.216056
119.1		0.219085
119.2		0.219085
119.3		0.219085
119.4		0.219085
119.5		0.219085
119.6		0.219085
119.7		0.219085
119.8		0.219085
119.9		0.219085
120		0.219085
120.1		0.220515
120.2		0.220515
120.3		0.220515
120.4		0.220515
120.5		0.220515
120.6		0.220515
120.7		0.220515
120.8		0.220515
120.9		0.220515
121		0.220515
121.1		0.22115
121.2		0.22115
121.3		0.22115
121.4		0.22115
121.5		0.22115
121.6		0.22115
121.7		0.22115
121.8		0.22115
121.9		0.22115
122		0.22115
122.1		0.22133
122.2		0.22133
122.3		0.22133
122.4		0.22133
122.5		0.22133
122.6		0.22133
122.7		0.22133
122.8		0.22133
122.9		0.22133
123		0.22133
123.1		0.225556
123.2		0.225556
123.3		0.225556
123.4		0.225556
123.5		0.225556
123.6		0.225556
123.7		0.225556
123.8		0.225556
123.9		0.225556
124		0.225556
124.1		0.231254
124.2		0.231254
124.3		0.231254
124.4		0.231254
124.5		0.231254
124.6		0.231254
124.7		0.231254
124.8		0.231254
124.9		0.231254
125		0.231254
125.1		0.231879
125.2		0.231879
125.3		0.231879
125.4		0.231879
125.5		0.231879
125.6		0.231879
125.7		0.231879
125.8		0.231879
125.9		0.231879
126		0.231879
126.1		0.23297
126.2		0.23297
126.3		0.23297
126.4		0.23297
126.5		0.23297
126.6		0.23297
126.7		0.23297
126.8		0.23297
126.9		0.23297
127		0.23297
127.1		0.235173
127.2		0.235173
127.3		0.235173
127.4		0.235173
127.5		0.235173
127.6		0.235173
127.7		0.235173
127.8		0.235173
127.9		0.235173
128		0.235173
128.1		0.238742
128.2		0.238742
128.3		0.238742
128.4		0.238742
128.5		0.238742
128.6		0.238742
128.7		0.238742
128.8		0.238742
128.9		0.238742
129		0.238742
129.1		0.239896
129.2		0.239896
129.3		0.239896
129.4		0.239896
129.5		0.239896
129.6		0.239896
129.7		0.239896
129.8		0.239896
129.9		0.239896
130		0.239896
130.1		0.242427
130.2		0.242427
130.3		0.242427
130.4		0.242427
130.5		0.242427
130.6		0.242427
130.7		0.242427
130.8		0.242427
130.9		0.242427
131		0.242427
131.1		0.244397
131.2		0.244397
131.3		0.244397
131.4		0.244397
131.5		0.244397
131.6		0.244397
131.7		0.244397
131.8		0.244397
131.9		0.244397
132		0.244397
132.1		0.245234
132.2		0.245234
132.3		0.245234
132.4		0.245234
132.5		0.245234
132.6		0.245234
132.7		0.245234
132.8		0.245234
132.9		0.245234
133		0.245234
133.1		0.247342
133.2		0.247342
133.3		0.247342
133.4		0.247342
133.5		0.247342
133.6		0.247342
133.7		0.247342
133.8		0.247342
133.9		0.247342
134		0.247342
134.1		0.24928
134.2		0.24928
134.3		0.24928
134.4		0.24928
134.5		0.24928
134.6		0.24928
134.7		0.24928
134.8		0.24928
134.9		0.24928
135		0.24928
135.1		0.249968
135.2		0.249968
135.3		0.249968
135.4		0.249968
135.5		0.249968
135.6		0.249968
135.7		0.249968
135.8		0.249968
135.9		0.249968
136		0.249968
136.1		0.253707
136.2		0.253707
136.3		0.253707
136.4		0.253707
136.5		0.253707
136.6		0.253707
136.7		0.253707
136.8		0.253707
136.9		0.253707
137		0.253707
137.1		0.257244
137.2		0.257244
137.3		0.257244
137.4		0.257244
137.5		0.257244
137.6		0.257244
137.7		0.257244
137.8		0.257244
137.9		0.257244
138		0.257244
138.1		0.257731
138.2		0.257731
138.3		0.257731
138.4		0.257731
138.5		0.257731
138.6		0.257731
138.7		0.257731
138.8		0.257731
138.9		0.257731
139		0.257731
139.1		0.258303
139.2		0.258303
139.3		0.258303
139.4		0.258303
139.5		0.258303
139.6		0.258303
139.7		0.258303
139.8		0.258303
139.9		0.258303
140		0.258303
140.1		0.261258
140.2		0.261258
140.3		0.261258
140.4		0.261258
140.5		0.261258
140.6		0.261258
140.7		0.261258
140.8		0.261258
140.9		0.261258
141		0.261258
141.1		0.264181
141.2		0.264181
141.3		0.264181
141.4		0.264181
141.5		0.264181
141.6		0.264181
141.7		0.264181
141.8		0.264181
141.9		0.264181
142		0.264181
142.1		0.267337
142.2		0.267337
142.3		0.267337
142.4		0.267337
142.5		0.267337
142.6		0.267337
142.7		0.267337
142.8		0.267337
142.9		0.267337
143		0.267337
143.1		0.268693
143.2		0.268693
143.3		0.268693
143.4		0.268693
143.5		0.268693
143.6		0.268693
143.7		0.268693
143.8		0.268693
143.9		0.268693
144		0.268693
144.1		0.270144
144.2		0.270144
144.3		0.270144
144.4		0.270144
144.5		0.270144
144.6		0.270144
144.7		0.270144
144.8		0.270144
144.9		0.270144
145		0.270144
145.1		0.272813
145.2		0.272813
145.3		0.272813
145.4		0.272813
145.5		0.272813
145.6		0.272813
145.7		0.272813
145.8		0.272813
145.9		0.272813
146		0.272813
146.1		0.273427
146.2		0.273427
146.3		0.273427
146.4		0.273427
146.5		0.273427
146.6		0.273427
146.7		0.273427
146.8		0.273427
146.9		0.273427
147		0.273427
147.1		0.274825
147.2		0.274825
147.3		0.274825
147.4		0.274825
147.5		0.274825
147.6		0.274825
147.7		0.274825
147.8		0.274825
147.9		0.274825
148		0.274825
148.1		0.277589
148.2		0.277589
148.3		0.277589
148.4		0.277589
148.5		0.277589
148.6		0.277589
148.7		0.277589
148.8		0.277589
148.9		0.277589
149		0.277589
149.1		0.279157
149.2		0.279157
149.3		0.279157
149.4		0.279157
149.5		0.279157
149.6		0.279157
149.7		0.279157
149.8		0.279157
149.9		0.279157
150		0.279157
150.1		0.283542
150.2		0.283542
150.3		0.283542
150.4		0.283542
150.5		0.283542
150.6		0.283542
150.7		0.283542
150.8		0.283542
150.9		0.283542
151		0.283542
151.1		0.283828
151.2		0.283828
151.3		0.283828
151.4		0.283828
151.5		0.283828
151.6		0.283828
151.7		0.283828
151.8		0.283828
151.9		0.283828
152		0.283828
152.1		0.285279
152.2		0.285279
152.3		0.285279
152.4		0.285279
152.5		0.285279
152.6		0.285279
152.7		0.285279
152.8		0.285279
152.9		0.285279
153		0.285279
153.1		0.289504
153.2		0.289504
153.3		0.289504
153.4		0.289504
153.5		0.289504
153.6		0.289504
153.7		0.289504
153.8		0.289504
153.9		0.289504
154		0.289504
154.1		0.291019
154.2		0.291019
154.3		0.291019
154.4		0.291019
154.5		0.291019
154.6		0.291019
154.7		0.291019
154.8		0.291019
154.9		0.291019
155		0.291019
155.1		0.291983
155.2		0.291983
155.3		0.291983
155.4		0.291983
155.5		0.291983
155.6		0.291983
155.7		0.291983
155.8		0.291983
155.9		0.291983
156		0.291983
156.1		0.295001
156.2		0.295001
156.3		0.295001
156.4		0.295001
156.5		0.295001
156.6		0.295001
156.7		0.295001
156.8		0.295001
156.9		0.295001
157		0.295001
157.1		0.296802
157.2		0.296802
157.3		0.296802
157.4		0.296802
157.5		0.296802
157.6		0.296802
157.7		0.296802
157.8		0.296802
157.9		0.296802
158		0.296802
158.1		0.297755
158.2		0.297755
158.3		0.297755
158.4		0.297755
158.5		0.297755
158.6		0.297755
158.7		0.297755
158.8		0.297755
158.9		0.297755
159		0.297755
159.1		0.30161
159.2		0.30161
159.3		0.30161
159.4		0.30161
159.5		0.30161
159.6		0.30161
159.7		0.30161
159.8		0.30161
159.9		0.30161
160		0.30161
160.1		0.302489
160.2		0.302489
160.3		0.302489
160.4		0.302489
160.5		0.302489
160.6		0.302489
160.7		0.302489
160.8		0.302489
160.9		0.302489
161		0.302489
161.1		0.304311
161.2		0.304311
161.3		0.304311
161.4		0.304311
161.5		0.304311
161.6		0.304311
161.7		0.304311
161.8		0.304311
161.9		0.304311
162		0.304311
162.1		0.309564
162.2		0.309564
162.3		0.309564
162.4		0.309564
162.5		0.309564
162.6		0.309564
162.7		0.309564
162.8		0.309564
162.9		0.309564
163		0.309564
163.1		0.3104
163.2		0.3104
163.3		0.3104
163.4		0.3104
163.5		0.3104
163.6		0.3104
163.7		0.3104
163.8		0.3104
163.9		0.3104
164		0.3104
164.1		0.313112
164.2		0.313112
164.3		0.313112
164.4		0.313112
164.5		0.313112
164.6		0.313112
164.7		0.313112
164.8		0.313112
164.9		0.313112
165		0.313112
165.1		0.314351
165.2		0.314351
165.3		0.314351
165.4		0.314351
165.5		0.314351
165.6		0.314351
165.7		0.314351
165.8		0.314351
165.9		0.314351
166		0.314351
166.1		0.31702
166.2		0.31702
166.3		0.31702
166.4		0.31702
166.5		0.31702
166.6		0.31702
166.7		0.31702
166.8		0.31702
166.9		0.31702
167		0.31702
167.1		0.317168
167.2		0.317168
167.3		0.317168
167.4		0.317168
167.5		0.317168
167.6		0.317168
167.7		0.317168
167.8		0.317168
167.9		0.317168
168		0.317168
168.1		0.318841
168.2		0.318841
168.3		0.318841
168.4		0.318841
168.5		0.318841
168.6		0.318841
168.7		0.318841
168.8		0.318841
168.9		0.318841
169		0.318841
169.1		0.324063
169.2		0.324063
169.3		0.324063
169.4		0.324063
169.5		0.324063
169.6		0.324063
169.7		0.324063
169.8		0.324063
169.9		0.324063
170		0.324063
170.1		0.325397
170.2		0.325397
170.3		0.325397
170.4		0.325397
170.5		0.325397
170.6		0.325397
170.7		0.325397
170.8		0.325397
170.9		0.325397
171		0.325397
171.1		0.327049
171.2		0.327049
171.3		0.327049
171.4		0.327049
171.5		0.327049
171.6		0.327049
171.7		0.327049
171.8		0.327049
171.9		0.327049
172		0.327049
172.1		0.327473
172.2		0.327473
172.3		0.327473
172.4		0.327473
172.5		0.327473
172.6		0.327473
172.7		0.327473
172.8		0.327473
172.9		0.327473
173		0.327473
173.1		0.328384
173.2		0.328384
173.3		0.328384
173.4		0.328384
173.5		0.328384
173.6		0.328384
173.7		0.328384
173.8		0.328384
173.9		0.328384
174		0.328384
174.1		0.334442
174.2		0.334442
174.3		0.334442
174.4		0.334442
174.5		0.334442
174.6		0.334442
174.7		0.334442
174.8		0.334442
174.9		0.334442
175		0.334442
175.1		0.33782
175.2		0.33782
175.3		0.33782
175.4		0.33782
175.5		0.33782
175.6		0.33782
175.7		0.33782
175.8		0.33782
175.9		0.33782
176		0.33782
176.1		0.337947
176.2		0.337947
176.3		0.337947
176.4		0.337947
176.5		0.337947
176.6		0.337947
176.7		0.337947
176.8		0.337947
176.9		0.337947
177		0.337947
177.1		0.338202
177.2		0.338202
177.3		0.338202
177.4		0.338202
177.5		0.338202
177.6		0.338202
177.7		0.338202
177.8		0.338202
177.9		0.338202
178		0.338202
178.1		0.340044
178.2		0.340044
178.3		0.340044
178.4		0.340044
178.5		0.340044
178.6		0.340044
178.7		0.340044
178.8		0.340044
178.9		0.340044
179		0.340044
179.1		0.343402
179.2		0.343402
179.3		0.343402
179.4		0.343402
179.5		0.343402
179.6		0.343402
179.7		0.343402
179.8		0.343402
179.9		0.343402
180		0.343402
180.1		0.344397
180.2		0.344397
180.3		0.344397
180.4		0.344397
180.5		0.344397
180.6		0.344397
180.7		0.344397
180.8		0.344397
180.9		0.344397
181		0.344397
181.1		0.349343
181.2		0.349343
181.3		0.349343
181.4		0.349343
181.5		0.349343
181.6		0.349343
181.7		0.349343
181.8		0.349343
181.9		0.349343
182		0.349343
182.1		0.349873
182.2		0.349873
182.3		0.349873
182.4		0.349873
182.5		0.349873
182.6		0.349873
182.7		0.349873
182.8		0.349873
182.9		0.349873
183		0.349873
183.1		0.349979
183.2		0.349979
183.3		0.349979
183.4		0.349979
183.5		0.349979
183.6		0.349979
183.7		0.349979
183.8		0.349979
183.9		0.349979
184		0.349979
184.1		0.351207
184.2		0.351207
184.3		0.351207
184.4		0.351207
184.5		0.351207
184.6		0.351207
184.7		0.351207
184.8		0.351207
184.9		0.351207
185		0.351207
185.1		0.355814
185.2		0.355814
185.3		0.355814
185.4		0.355814
185.5		0.355814
185.6		0.355814
185.7		0.355814
185.8		0.355814
185.9		0.355814
186		0.355814
186.1		0.356111
186.2		0.356111
186.3		0.356111
186.4		0.356111
186.5		0.356111
186.6		0.356111
186.7		0.356111
186.8		0.356111
186.9		0.356111
187		0.356111
187.1		0.361925
187.2		0.361925
187.3		0.361925
187.4		0.361925
187.5		0.361925
187.6		0.361925
187.7		0.361925
187.8		0.361925
187.9		0.361925
188		0.361925
188.1		0.362042
188.2		0.362042
188.3		0.362042
188.4		0.362042
188.5		0.362042
188.6		0.362042
188.7		0.362042
188.8		0.362042
188.9		0.362042
189		0.362042
189.1		0.363609
189.2		0.363609
189.3		0.363609
189.4		0.363609
189.5		0.363609
189.6		0.363609
189.7		0.363609
189.8		0.363609
189.9		0.363609
190		0.363609
190.1		0.364849
190.2		0.364849
190.3		0.364849
190.4		0.364849
190.5		0.364849
190.6		0.364849
190.7		0.364849
190.8		0.364849
190.9		0.364849
191		0.364849
191.1		0.367613
191.2		0.367613
191.3		0.367613
191.4		0.367613
191.5		0.367613
191.6		0.367613
191.7		0.367613
191.8		0.367613
191.9		0.367613
192		0.367613
192.1		0.369117
192.2		0.369117
192.3		0.369117
192.4		0.369117
192.5		0.369117
192.6		0.369117
192.7		0.369117
192.8		0.369117
192.9		0.369117
193		0.369117
193.1		0.373703
193.2		0.373703
193.3		0.373703
193.4		0.373703
193.5		0.373703
193.6		0.373703
193.7		0.373703
193.8		0.373703
193.9		0.373703
194		0.373703
194.1		0.374147
194.2		0.374147
194.3		0.374147
194.4		0.374147
194.5		0.374147
194.6		0.374147
194.7		0.374147
194.8		0.374147
194.9		0.374147
195		0.374147
195.1		0.374815
195.2		0.374815
195.3		0.374815
195.4		0.374815
195.5		0.374815
195.6		0.374815
195.7		0.374815
195.8		0.374815
195.9		0.374815
196		0.374815
196.1		0.377473
196.2		0.377473
196.3		0.377473
196.4		0.377473
196.5		0.377473
196.6		0.377473
196.7		0.377473
196.8		0.377473
196.9		0.377473
197		0.377473
197.1		0.37849
197.2		0.37849
197.3		0.37849
197.4		0.37849
197.5		0.37849
197.6		0.37849
197.7		0.37849
197.8		0.37849
197.9		0.37849
198		0.37849
198.1		0.379898
198.2		0.379898
198.3		0.379898
198.4		0.379898
198.5		0.379898
198.6		0.379898
198.7		0.379898
198.8		0.379898
198.9		0.379898
199		0.379898
199.1		0.382281
199.2		0.382281
199.3		0.382281
199.4		0.382281
199.5		0.382281
199.6		0.382281
199.7		0.382281
199.8		0.382281
199.9		0.382281
200		0.382281
200.1		0.382281
200.2		0.382281
200.3		0.382281
200.4		0.382281
200.5		0.382281
200.6		0.382281
200.7		0.382281
200.8		0.382281
200.9		0.382281
201		0.382281
201.1		0.387651
201.2		0.387651
201.3		0.387651
201.4		0.387651
201.5		0.387651
201.6		0.387651
201.7		0.387651
201.8		0.387651
201.9		0.387651
202		0.387651
202.1		0.389134
202.2		0.389134
202.3		0.389134
202.4		0.389134
202.5		0.389134
202.6		0.389134
202.7		0.389134
202.8		0.389134
202.9		0.389134
203		0.389134
203.1		0.392512
203.2		0.392512
203.3		0.392512
203.4		0.392512
203.5		0.392512
203.6		0.392512
203.7		0.392512
203.8		0.392512
203.9		0.392512
204		0.392512
204.1		0.396685
204.2		0.396685
204.3		0.396685
204.4		0.396685
204.5		0.396685
204.6		0.396685
204.7		0.396685
204.8		0.396685
204.9		0.396685
205		0.396685
205.1		0.397585
205.2		0.397585
205.3		0.397585
205.4		0.397585
205.5		0.397585
205.6		0.397585
205.7		0.397585
205.8		0.397585
205.9		0.397585
206		0.397585
206.1		0.398327
206.2		0.398327
206.3		0.398327
206.4		0.398327
206.5		0.398327
206.6		0.398327
206.7		0.398327
206.8		0.398327
206.9		0.398327
207		0.398327
207.1		0.402478
207.2		0.402478
207.3		0.402478
207.4		0.402478
207.5		0.402478
207.6		0.402478
207.7		0.402478
207.8		0.402478
207.9		0.402478
208		0.402478
208.1		0.403156
208.2		0.403156
208.3		0.403156
208.4		0.403156
208.5		0.403156
208.6		0.403156
208.7		0.403156
208.8		0.403156
208.9		0.403156
209		0.403156
209.1		0.40377
209.2		0.40377
209.3		0.40377
209.4		0.40377
209.5		0.40377
209.6		0.40377
209.7		0.40377
209.8		0.40377
209.9		0.40377
210		0.40377
210.1		0.408282
210.2		0.408282
210.3		0.408282
210.4		0.408282
210.5		0.408282
210.6		0.408282
210.7		0.408282
210.8		0.408282
210.9		0.408282
211		0.408282
211.1		0.408621
211.2		0.408621
211.3		0.408621
211.4		0.408621
211.5		0.408621
211.6		0.408621
211.7		0.408621
211.8		0.408621
211.9		0.408621
212		0.408621
212.1		0.410305
212.2		0.410305
212.3		0.410305
212.4		0.410305
212.5		0.410305
212.6		0.410305
212.7		0.410305
212.8		0.410305
212.9		0.410305
213		0.410305
213.1		0.41165
213.2		0.41165
213.3		0.41165
213.4		0.41165
213.5		0.41165
213.6		0.41165
213.7		0.41165
213.8		0.41165
213.9		0.41165
214		0.41165
214.1		0.417401
214.2		0.417401
214.3		0.417401
214.4		0.417401
214.5		0.417401
214.6		0.417401
214.7		0.417401
214.8		0.417401
214.9		0.417401
215		0.417401
215.1		0.419424
215.2		0.419424
215.3		0.419424
215.4		0.419424
215.5		0.419424
215.6		0.419424
215.7		0.419424
215.8		0.419424
215.9		0.419424
216		0.419424
216.1		0.420451
216.2		0.420451
216.3		0.420451
216.4		0.420451
216.5		0.420451
216.6		0.420451
216.7		0.420451
216.8		0.420451
216.9		0.420451
217		0.420451
217.1		0.422283
217.2		0.422283
217.3		0.422283
217.4		0.422283
217.5		0.422283
217.6		0.422283
217.7		0.422283
217.8		0.422283
217.9		0.422283
218		0.422283
218.1		0.426191
218.2		0.426191
218.3		0.426191
218.4		0.426191
218.5		0.426191
218.6		0.426191
218.7		0.426191
218.8		0.426191
218.9		0.426191
219		0.426191
219.1		0.426647
219.2		0.426647
219.3		0.426647
219.4		0.426647
219.5		0.426647
219.6		0.426647
219.7		0.426647
219.8		0.426647
219.9		0.426647
220		0.426647
220.1		0.43118
220.2		0.43118
220.3		0.43118
220.4		0.43118
220.5		0.43118
220.6		0.43118
220.7		0.43118
220.8		0.43118
220.9		0.43118
221		0.43118
221.1		0.431286
221.2		0.431286
221.3		0.431286
221.4		0.431286
221.5		0.431286
221.6		0.431286
221.7		0.431286
221.8		0.431286
221.9		0.431286
222		0.431286
222.1		0.431487
222.2		0.431487
222.3		0.431487
222.4		0.431487
222.5		0.431487
222.6		0.431487
222.7		0.431487
222.8		0.431487
222.9		0.431487
223		0.431487
223.1		0.431582
223.2		0.431582
223.3		0.431582
223.4		0.431582
223.5		0.431582
223.6		0.431582
223.7		0.431582
223.8		0.431582
223.9		0.431582
224		0.431582
224.1		0.436412
224.2		0.436412
224.3		0.436412
224.4		0.436412
224.5		0.436412
224.6		0.436412
224.7		0.436412
224.8		0.436412
224.9		0.436412
225		0.436412
225.1		0.43781
225.2		0.43781
225.3		0.43781
225.4		0.43781
225.5		0.43781
225.6		0.43781
225.7		0.43781
225.8		0.43781
225.9		0.43781
226		0.43781
226.1		0.442925
226.2		0.442925
226.3		0.442925
226.4		0.442925
226.5		0.442925
226.6		0.442925
226.7		0.442925
226.8		0.442925
226.9		0.442925
227		0.442925
227.1		0.443126
227.2		0.443126
227.3		0.443126
227.4		0.443126
227.5		0.443126
227.6		0.443126
227.7		0.443126
227.8		0.443126
227.9		0.443126
228		0.443126
228.1		0.445298
228.2		0.445298
228.3		0.445298
228.4		0.445298
228.5		0.445298
228.6		0.445298
228.7		0.445298
228.8		0.445298
228.9		0.445298
229		0.445298
229.1		0.446314
229.2		0.446314
229.3		0.446314
229.4		0.446314
229.5		0.446314
229.6		0.446314
229.7		0.446314
229.8		0.446314
229.9		0.446314
230		0.446314
230.1		0.449725
230.2		0.449725
230.3		0.449725
230.4		0.449725
230.5		0.449725
230.6		0.449725
230.7		0.449725
230.8		0.449725
230.9		0.449725
231		0.449725
231.1		0.452023
231.2		0.452023
231.3		0.452023
231.4		0.452023
231.5		0.452023
231.6		0.452023
231.7		0.452023
231.8		0.452023
231.9		0.452023
232		0.452023
232.1		0.455624
232.2		0.455624
232.3		0.455624
232.4		0.455624
232.5		0.455624
232.6		0.455624
232.7		0.455624
232.8		0.455624
232.9		0.455624
233		0.455624
233.1		0.457403
233.2		0.457403
233.3		0.457403
233.4		0.457403
233.5		0.457403
233.6		0.457403
233.7		0.457403
233.8		0.457403
233.9		0.457403
234		0.457403
234.1		0.45825
234.2		0.45825
234.3		0.45825
234.4		0.45825
234.5		0.45825
234.6		0.45825
234.7		0.45825
234.8		0.45825
234.9		0.45825
235		0.45825
235.1		0.459723
235.2		0.459723
235.3		0.459723
235.4		0.459723
235.5		0.459723
235.6		0.459723
235.7		0.459723
235.8		0.459723
235.9		0.459723
236		0.459723
236.1		0.46004
236.2		0.46004
236.3		0.46004
236.4		0.46004
236.5		0.46004
236.6		0.46004
236.7		0.46004
236.8		0.46004
236.9		0.46004
237		0.46004
237.1		0.465516
237.2		0.465516
237.3		0.465516
237.4		0.465516
237.5		0.465516
237.6		0.465516
237.7		0.465516
237.8		0.465516
237.9		0.465516
238		0.465516
238.1		0.467284
238.2		0.467284
238.3		0.467284
238.4		0.467284
238.5		0.467284
238.6		0.467284
238.7		0.467284
238.8		0.467284
238.9		0.467284
239		0.467284
239.1		0.469244
239.2		0.469244
239.3		0.469244
239.4		0.469244
239.5		0.469244
239.6		0.469244
239.7		0.469244
239.8		0.469244
239.9		0.469244
240		0.469244
240.1		0.470779
240.2		0.470779
240.3		0.470779
240.4		0.470779
240.5		0.470779
240.6		0.470779
240.7		0.470779
240.8		0.470779
240.9		0.470779
241		0.470779
241.1		0.473681
241.2		0.473681
241.3		0.473681
241.4		0.473681
241.5		0.473681
241.6		0.473681
241.7		0.473681
241.8		0.473681
241.9		0.473681
242		0.473681
242.1		0.474359
242.2		0.474359
242.3		0.474359
242.4		0.474359
242.5		0.474359
242.6		0.474359
242.7		0.474359
242.8		0.474359
242.9		0.474359
243		0.474359
243.1		0.477515
243.2		0.477515
243.3		0.477515
243.4		0.477515
243.5		0.477515
243.6		0.477515
243.7		0.477515
243.8		0.477515
243.9		0.477515
244		0.477515
244.1		0.477515
244.2		0.477515
244.3		0.477515
244.4		0.477515
244.5		0.477515
244.6		0.477515
244.7		0.477515
244.8		0.477515
244.9		0.477515
245		0.477515
245.1		0.480068
245.2		0.480068
245.3		0.480068
245.4		0.480068
245.5		0.480068
245.6		0.480068
245.7		0.480068
245.8		0.480068
245.9		0.480068
246		0.480068
246.1		0.484103
246.2		0.484103
246.3		0.484103
246.4		0.484103
246.5		0.484103
246.6		0.484103
246.7		0.484103
246.8		0.484103
246.9		0.484103
247		0.484103
247.1		0.484389
247.2		0.484389
247.3		0.484389
247.4		0.484389
247.5		0.484389
247.6		0.484389
247.7		0.484389
247.8		0.484389
247.9		0.484389
248		0.484389
248.1		0.48566
248.2		0.48566
248.3		0.48566
248.4		0.48566
248.5		0.48566
248.6		0.48566
248.7		0.48566
248.8		0.48566
248.9		0.48566
249		0.48566
249.1		0.48925
249.2		0.48925
249.3		0.48925
249.4		0.48925
249.5		0.48925
249.6		0.48925
249.7		0.48925
249.8		0.48925
249.9		0.48925
250		0.48925
250.1		0.492237
250.2		0.492237
250.3		0.492237
250.4		0.492237
250.5		0.492237
250.6		0.492237
250.7		0.492237
250.8		0.492237
250.9		0.492237
251		0.492237
251.1		0.495319
251.2		0.495319
251.3		0.495319
251.4		0.495319
251.5		0.495319
251.6		0.495319
251.7		0.495319
251.8		0.495319
251.9		0.495319
252		0.495319
252.1		0.497289
252.2		0.497289
252.3		0.497289
252.4		0.497289
252.5		0.497289
252.6		0.497289
252.7		0.497289
252.8		0.497289
252.9		0.497289
253		0.497289
253.1		0.49856
253.2		0.49856
253.3		0.49856
253.4		0.49856
253.5		0.49856
253.6		0.49856
253.7		0.49856
253.8		0.49856
253.9		0.49856
254		0.49856
254.1		0.500953
254.2		0.500953
254.3		0.500953
254.4		0.500953
254.5		0.500953
254.6		0.500953
254.7		0.500953
254.8		0.500953
254.9		0.500953
255		0.500953
255.1		0.504258
255.2		0.504258
255.3		0.504258
255.4		0.504258
255.5		0.504258
255.6		0.504258
255.7		0.504258
255.8		0.504258
255.9		0.504258
256		0.504258
256.1		0.504988
256.2		0.504988
256.3		0.504988
256.4		0.504988
256.5		0.504988
256.6		0.504988
256.7		0.504988
256.8		0.504988
256.9		0.504988
257		0.504988
257.1		0.506302
257.2		0.506302
257.3		0.506302
257.4		0.506302
257.5		0.506302
257.6		0.506302
257.7		0.506302
257.8		0.506302
257.9		0.506302
258		0.506302
258.1		0.507541
258.2		0.507541
258.3		0.507541
258.4		0.507541
258.5		0.507541
258.6		0.507541
258.7		0.507541
258.8		0.507541
258.9		0.507541
259		0.507541
259.1		0.511354
259.2		0.511354
259.3		0.511354
259.4		0.511354
259.5		0.511354
259.6		0.511354
259.7		0.511354
259.8		0.511354
259.9		0.511354
260		0.511354
260.1		0.515749
260.2		0.515749
260.3		0.515749
260.4		0.515749
260.5		0.515749
260.6		0.515749
260.7		0.515749
260.8		0.515749
260.9		0.515749
261		0.515749
261.1		0.516045
261.2		0.516045
261.3		0.516045
261.4		0.516045
261.5		0.516045
261.6		0.516045
261.7		0.516045
261.8		0.516045
261.9		0.516045
262		0.516045
262.1		0.516649
262.2		0.516649
262.3		0.516649
262.4		0.516649
262.5		0.516649
262.6		0.516649
262.7		0.516649
262.8		0.516649
262.9		0.516649
263		0.516649
263.1		0.518915
263.2		0.518915
263.3		0.518915
263.4		0.518915
263.5		0.518915
263.6		0.518915
263.7		0.518915
263.8		0.518915
263.9		0.518915
264		0.518915
264.1		0.521521
264.2		0.521521
264.3		0.521521
264.4		0.521521
264.5		0.521521
264.6		0.521521
264.7		0.521521
264.8		0.521521
264.9		0.521521
265		0.521521
265.1		0.524952
265.2		0.524952
265.3		0.524952
265.4		0.524952
265.5		0.524952
265.6		0.524952
265.7		0.524952
265.8		0.524952
265.9		0.524952
266		0.524952
266.1		0.525429
266.2		0.525429
266.3		0.525429
266.4		0.525429
266.5		0.525429
266.6		0.525429
266.7		0.525429
266.8		0.525429
266.9		0.525429
267		0.525429
267.1		0.52599
267.2		0.52599
267.3		0.52599
267.4		0.52599
267.5		0.52599
267.6		0.52599
267.7		0.52599
267.8		0.52599
267.9		0.52599
268		0.52599
268.1		0.527229
268.2		0.527229
268.3		0.527229
268.4		0.527229
268.5		0.527229
268.6		0.527229
268.7		0.527229
268.8		0.527229
268.9		0.527229
269		0.527229
269.1		0.53065
269.2		0.53065
269.3		0.53065
269.4		0.53065
269.5		0.53065
269.6		0.53065
269.7		0.53065
269.8		0.53065
269.9		0.53065
270		0.53065
270.1		0.532641
270.2		0.532641
270.3		0.532641
270.4		0.532641
270.5		0.532641
270.6		0.532641
270.7		0.532641
270.8		0.532641
270.9		0.532641
271		0.532641
271.1		0.535967
271.2		0.535967
271.3		0.535967
271.4		0.535967
271.5		0.535967
271.6		0.535967
271.7		0.535967
271.8		0.535967
271.9		0.535967
272		0.535967
272.1		0.536571
272.2		0.536571
272.3		0.536571
272.4		0.536571
272.5		0.536571
272.6		0.536571
272.7		0.536571
272.8		0.536571
272.9		0.536571
273		0.536571
273.1		0.536761
273.2		0.536761
273.3		0.536761
273.4		0.536761
273.5		0.536761
273.6		0.536761
273.7		0.536761
273.8		0.536761
273.9		0.536761
274		0.536761
274.1		0.539293
274.2		0.539293
274.3		0.539293
274.4		0.539293
274.5		0.539293
274.6		0.539293
274.7		0.539293
274.8		0.539293
274.9		0.539293
275		0.539293
275.1		0.543815
275.2		0.543815
275.3		0.543815
275.4		0.543815
275.5		0.543815
275.6		0.543815
275.7		0.543815
275.8		0.543815
275.9		0.543815
276		0.543815
276.1		0.544577
276.2		0.544577
276.3		0.544577
276.4		0.544577
276.5		0.544577
276.6		0.544577
276.7		0.544577
276.8		0.544577
276.9		0.544577
277		0.544577
277.1		0.549417
277.2		0.549417
277.3		0.549417
277.4		0.549417
277.5		0.549417
277.6		0.549417
277.7		0.549417
277.8		0.549417
277.9		0.549417
278		0.549417
278.1		0.549417
278.2		0.549417
278.3		0.549417
278.4		0.549417
278.5		0.549417
278.6		0.549417
278.7		0.549417
278.8		0.549417
278.9		0.549417
279		0.549417
279.1		0.550117
279.2		0.550117
279.3		0.550117
279.4		0.550117
279.5		0.550117
279.6		0.550117
279.7		0.550117
279.8		0.550117
279.9		0.550117
280		0.550117
280.1		0.551377
280.2		0.551377
280.3		0.551377
280.4		0.551377
280.5		0.551377
280.6		0.551377
280.7		0.551377
280.8		0.551377
280.9		0.551377
281		0.551377
281.1		0.555645
281.2		0.555645
281.3		0.555645
281.4		0.555645
281.5		0.555645
281.6		0.555645
281.7		0.555645
281.8		0.555645
281.9		0.555645
282		0.555645
282.1		0.557287
282.2		0.557287
282.3		0.557287
282.4		0.557287
282.5		0.557287
282.6		0.557287
282.7		0.557287
282.8		0.557287
282.9		0.557287
283		0.557287
283.1		0.559903
283.2		0.559903
283.3		0.559903
283.4		0.559903
283.5		0.559903
283.6		0.559903
283.7		0.559903
283.8		0.559903
283.9		0.559903
284		0.559903
284.1		0.562476
284.2		0.562476
284.3		0.562476
284.4		0.562476
284.5		0.562476
284.6		0.562476
284.7		0.562476
284.8		0.562476
284.9		0.562476
285		0.562476
285.1		0.565759
285.2		0.565759
285.3		0.565759
285.4		0.565759
285.5		0.565759
285.6		0.565759
285.7		0.565759
285.8		0.565759
285.9		0.565759
286		0.565759
286.1		0.568407
286.2		0.568407
286.3		0.568407
286.4		0.568407
286.5		0.568407
286.6		0.568407
286.7		0.568407
286.8		0.568407
286.9		0.568407
287		0.568407
287.1		0.569551
287.2		0.569551
287.3		0.569551
287.4		0.569551
287.5		0.569551
287.6		0.569551
287.7		0.569551
287.8		0.569551
287.9		0.569551
288		0.569551
288.1		0.571563
288.2		0.571563
288.3		0.571563
288.4		0.571563
288.5		0.571563
288.6		0.571563
288.7		0.571563
288.8		0.571563
288.9		0.571563
289		0.571563
289.1		0.57635
289.2		0.57635
289.3		0.57635
289.4		0.57635
289.5		0.57635
289.6		0.57635
289.7		0.57635
289.8		0.57635
289.9		0.57635
290		0.57635
290.1		0.579072
290.2		0.579072
290.3		0.579072
290.4		0.579072
290.5		0.579072
290.6		0.579072
290.7		0.579072
290.8		0.579072
290.9		0.579072
291		0.579072
291.1		0.579072
291.2		0.579072
291.3		0.579072
291.4		0.579072
291.5		0.579072
291.6		0.579072
291.7		0.579072
291.8		0.579072
291.9		0.579072
292		0.579072
292.1		0.579072
292.2		0.579072
292.3		0.579072
292.4		0.579072
292.5		0.579072
292.6		0.579072
292.7		0.579072
292.8		0.579072
292.9		0.579072
293		0.579072
293.1		0.579072
293.2		0.579072
293.3		0.579072
293.4		0.579072
293.5		0.579072
293.6		0.579072
293.7		0.579072
293.8		0.579072
293.9		0.579072
294		0.579072
294.1		0.580121
294.2		0.580121
294.3		0.580121
294.4		0.580121
294.5		0.580121
294.6		0.580121
294.7		0.580121
294.8		0.580121
294.9		0.580121
295		0.580121
295.1		0.583965
295.2		0.583965
295.3		0.583965
295.4		0.583965
295.5		0.583965
295.6		0.583965
295.7		0.583965
295.8		0.583965
295.9		0.583965
296		0.583965
296.1		0.584304
296.2		0.584304
296.3		0.584304
296.4		0.584304
296.5		0.584304
296.6		0.584304
296.7		0.584304
296.8		0.584304
296.9		0.584304
297		0.584304
297.1		0.588276
297.2		0.588276
297.3		0.588276
297.4		0.588276
297.5		0.588276
297.6		0.588276
297.7		0.588276
297.8		0.588276
297.9		0.588276
298		0.588276
298.1		0.588276
298.2		0.588276
298.3		0.588276
298.4		0.588276
298.5		0.588276
298.6		0.588276
298.7		0.588276
298.8		0.588276
298.9		0.588276
299		0.588276
299.1		0.588646
299.2		0.588646
299.3		0.588646
299.4		0.588646
299.5		0.588646
299.6		0.588646
299.7		0.588646
299.8		0.588646
299.9		0.588646
300		0.588646
300.1		0.590076
300.2		0.590076
300.3		0.590076
300.4		0.590076
300.5		0.590076
300.6		0.590076
300.7		0.590076
300.8		0.590076
300.9		0.590076
301		0.590076
301.1		0.592586
301.2		0.592586
301.3		0.592586
301.4		0.592586
301.5		0.592586
301.6		0.592586
301.7		0.592586
301.8		0.592586
301.9		0.592586
302		0.592586
302.1		0.594652
302.2		0.594652
302.3		0.594652
302.4		0.594652
302.5		0.594652
302.6		0.594652
302.7		0.594652
302.8		0.594652
302.9		0.594652
303		0.594652
303.1		0.596854
303.2		0.596854
303.3		0.596854
303.4		0.596854
303.5		0.596854
303.6		0.596854
303.7		0.596854
303.8		0.596854
303.9		0.596854
304		0.596854
304.1		0.600794
304.2		0.600794
304.3		0.600794
304.4		0.600794
304.5		0.600794
304.6		0.600794
304.7		0.600794
304.8		0.600794
304.9		0.600794
305		0.600794
305.1		0.601631
305.2		0.601631
305.3		0.601631
305.4		0.601631
305.5		0.601631
305.6		0.601631
305.7		0.601631
305.8		0.601631
305.9		0.601631
306		0.601631
306.1		0.604099
306.2		0.604099
306.3		0.604099
306.4		0.604099
306.5		0.604099
306.6		0.604099
306.7		0.604099
306.8		0.604099
306.9		0.604099
307		0.604099
307.1		0.60573
307.2		0.60573
307.3		0.60573
307.4		0.60573
307.5		0.60573
307.6		0.60573
307.7		0.60573
307.8		0.60573
307.9		0.60573
308		0.60573
308.1		0.606397
308.2		0.606397
308.3		0.606397
308.4		0.606397
308.5		0.606397
308.6		0.606397
308.7		0.606397
308.8		0.606397
308.9		0.606397
309		0.606397
309.1		0.611036
309.2		0.611036
309.3		0.611036
309.4		0.611036
309.5		0.611036
309.6		0.611036
309.7		0.611036
309.8		0.611036
309.9		0.611036
310		0.611036
310.1		0.613609
310.2		0.613609
310.3		0.613609
310.4		0.613609
310.5		0.613609
310.6		0.613609
310.7		0.613609
310.8		0.613609
310.9		0.613609
311		0.613609
311.1		0.614065
311.2		0.614065
311.3		0.614065
311.4		0.614065
311.5		0.614065
311.6		0.614065
311.7		0.614065
311.8		0.614065
311.9		0.614065
312		0.614065
312.1		0.615939
312.2		0.615939
312.3		0.615939
312.4		0.615939
312.5		0.615939
312.6		0.615939
312.7		0.615939
312.8		0.615939
312.9		0.615939
313		0.615939
313.1		0.619562
313.2		0.619562
313.3		0.619562
313.4		0.619562
313.5		0.619562
313.6		0.619562
313.7		0.619562
313.8		0.619562
313.9		0.619562
314		0.619562
314.1		0.620801
314.2		0.620801
314.3		0.620801
314.4		0.620801
314.5		0.620801
314.6		0.620801
314.7		0.620801
314.8		0.620801
314.9		0.620801
315		0.620801
315.1		0.622347
315.2		0.622347
315.3		0.622347
315.4		0.622347
315.5		0.622347
315.6		0.622347
315.7		0.622347
315.8		0.622347
315.9		0.622347
316		0.622347
316.1		0.625365
316.2		0.625365
316.3		0.625365
316.4		0.625365
316.5		0.625365
316.6		0.625365
316.7		0.625365
316.8		0.625365
316.9		0.625365
317		0.625365
317.1		0.625503
317.2		0.625503
317.3		0.625503
317.4		0.625503
317.5		0.625503
317.6		0.625503
317.7		0.625503
317.8		0.625503
317.9		0.625503
318		0.625503
318.1		0.630957
318.2		0.630957
318.3		0.630957
318.4		0.630957
318.5		0.630957
318.6		0.630957
318.7		0.630957
318.8		0.630957
318.9		0.630957
319		0.630957
319.1		0.631445
319.2		0.631445
319.3		0.631445
319.4		0.631445
319.5		0.631445
319.6		0.631445
319.7		0.631445
319.8		0.631445
319.9		0.631445
320		0.631445
320.1		0.632747
320.2		0.632747
320.3		0.632747
320.4		0.632747
320.5		0.632747
320.6		0.632747
320.7		0.632747
320.8		0.632747
320.9		0.632747
321		0.632747
321.1		0.635925
321.2		0.635925
321.3		0.635925
321.4		0.635925
321.5		0.635925
321.6		0.635925
321.7		0.635925
321.8		0.635925
321.9		0.635925
322		0.635925
322.1		0.638053
322.2		0.638053
322.3		0.638053
322.4		0.638053
322.5		0.638053
322.6		0.638053
322.7		0.638053
322.8		0.638053
322.9		0.638053
323		0.638053
323.1		0.640765
323.2		0.640765
323.3		0.640765
323.4		0.640765
323.5		0.640765
323.6		0.640765
323.7		0.640765
323.8		0.640765
323.9		0.640765
324		0.640765
324.1		0.642311
324.2		0.642311
324.3		0.642311
324.4		0.642311
324.5		0.642311
324.6		0.642311
324.7		0.642311
324.8		0.642311
324.9		0.642311
325		0.642311
325.1		0.64427
325.2		0.64427
325.3		0.64427
325.4		0.64427
325.5		0.64427
325.6		0.64427
325.7		0.64427
325.8		0.64427
325.9		0.64427
326		0.64427
326.1		0.646304
326.2		0.646304
326.3		0.646304
326.4		0.646304
326.5		0.646304
326.6		0.646304
326.7		0.646304
326.8		0.646304
326.9		0.646304
327		0.646304
327.1		0.647395
327.2		0.647395
327.3		0.647395
327.4		0.647395
327.5		0.647395
327.6		0.647395
327.7		0.647395
327.8		0.647395
327.9		0.647395
328		0.647395
328.1		0.64803
328.2		0.64803
328.3		0.64803
328.4		0.64803
328.5		0.64803
328.6		0.64803
328.7		0.64803
328.8		0.64803
328.9		0.64803
329		0.64803
329.1		0.652161
329.2		0.652161
329.3		0.652161
329.4		0.652161
329.5		0.652161
329.6		0.652161
329.7		0.652161
329.8		0.652161
329.9		0.652161
330		0.652161
330.1		0.652383
330.2		0.652383
330.3		0.652383
330.4		0.652383
330.5		0.652383
330.6		0.652383
330.7		0.652383
330.8		0.652383
330.9		0.652383
331		0.652383
331.1		0.65645
331.2		0.65645
331.3		0.65645
331.4		0.65645
331.5		0.65645
331.6		0.65645
331.7		0.65645
331.8		0.65645
331.9		0.65645
332		0.65645
332.1		0.657859
332.2		0.657859
332.3		0.657859
332.4		0.657859
332.5		0.657859
332.6		0.657859
332.7		0.657859
332.8		0.657859
332.9		0.657859
333		0.657859
333.1		0.6595
333.2		0.6595
333.3		0.6595
333.4		0.6595
333.5		0.6595
333.6		0.6595
333.7		0.6595
333.8		0.6595
333.9		0.6595
334		0.6595
334.1		0.660707
334.2		0.660707
334.3		0.660707
334.4		0.660707
334.5		0.660707
334.6		0.660707
334.7		0.660707
334.8		0.660707
334.9		0.660707
335		0.660707
335.1		0.666691
335.2		0.666691
335.3		0.666691
335.4		0.666691
335.5		0.666691
335.6		0.666691
335.7		0.666691
335.8		0.666691
335.9		0.666691
336		0.666691
336.1		0.667136
336.2		0.667136
336.3		0.667136
336.4		0.667136
336.5		0.667136
336.6		0.667136
336.7		0.667136
336.8		0.667136
336.9		0.667136
337		0.667136
337.1		0.67115
337.2		0.67115
337.3		0.67115
337.4		0.67115
337.5		0.67115
337.6		0.67115
337.7		0.67115
337.8		0.67115
337.9		0.67115
338		0.67115
338.1		0.672665
338.2		0.672665
338.3		0.672665
338.4		0.672665
338.5		0.672665
338.6		0.672665
338.7		0.672665
338.8		0.672665
338.9		0.672665
339		0.672665
339.1		0.673385
339.2		0.673385
339.3		0.673385
339.4		0.673385
339.5		0.673385
339.6		0.673385
339.7		0.673385
339.8		0.673385
339.9		0.673385
340		0.673385
340.1		0.675397
340.2		0.675397
340.3		0.675397
340.4		0.675397
340.5		0.675397
340.6		0.675397
340.7		0.675397
340.8		0.675397
340.9		0.675397
341		0.675397
341.1		0.677568
341.2		0.677568
341.3		0.677568
341.4		0.677568
341.5		0.677568
341.6		0.677568
341.7		0.677568
341.8		0.677568
341.9		0.677568
342		0.677568
342.1		0.678839
342.2		0.678839
342.3		0.678839
342.4		0.678839
342.5		0.678839
342.6		0.678839
342.7		0.678839
342.8		0.678839
342.9		0.678839
343		0.678839
343.1		0.682758
343.2		0.682758
343.3		0.682758
343.4		0.682758
343.5		0.682758
343.6		0.682758
343.7		0.682758
343.8		0.682758
343.9		0.682758
344		0.682758
344.1		0.683923
344.2		0.683923
344.3		0.683923
344.4		0.683923
344.5		0.683923
344.6		0.683923
344.7		0.683923
344.8		0.683923
344.9		0.683923
345		0.683923
345.1		0.686708
345.2		0.686708
345.3		0.686708
345.4		0.686708
345.5		0.686708
345.6		0.686708
345.7		0.686708
345.8		0.686708
345.9		0.686708
346		0.686708
346.1		0.690574
346.2		0.690574
346.3		0.690574
346.4		0.690574
346.5		0.690574
346.6		0.690574
346.7		0.690574
346.8		0.690574
346.9		0.690574
347		0.690574
347.1		0.696187
347.2		0.696187
347.3		0.696187
347.4		0.696187
347.5		0.696187
347.6		0.696187
347.7		0.696187
347.8		0.696187
347.9		0.696187
348		0.696187
348.1		0.696251
348.2		0.696251
348.3		0.696251
348.4		0.696251
348.5		0.696251
348.6		0.696251
348.7		0.696251
348.8		0.696251
348.9		0.696251
349		0.696251
349.1		0.701334
349.2		0.701334
349.3		0.701334
349.4		0.701334
349.5		0.701334
349.6		0.701334
349.7		0.701334
349.8		0.701334
349.9		0.701334
350		0.701334
350.1		0.701451
350.2		0.701451
350.3		0.701451
350.4		0.701451
350.5		0.701451
350.6		0.701451
350.7		0.701451
350.8		0.701451
350.9		0.701451
351		0.701451
351.1		0.702076
351.2		0.702076
351.3		0.702076
351.4		0.702076
351.5		0.702076
351.6		0.702076
351.7		0.702076
351.8		0.702076
351.9		0.702076
352		0.702076
352.1		0.707753
352.2		0.707753
352.3		0.707753
352.4		0.707753
352.5		0.707753
352.6		0.707753
352.7		0.707753
352.8		0.707753
352.9		0.707753
353		0.707753
353.1		0.707837
353.2		0.707837
353.3		0.707837
353.4		0.707837
353.5		0.707837
353.6		0.707837
353.7		0.707837
353.8		0.707837
353.9		0.707837
354		0.707837
354.1		0.707922
354.2		0.707922
354.3		0.707922
354.4		0.707922
354.5		0.707922
354.6		0.707922
354.7		0.707922
354.8		0.707922
354.9		0.707922
355		0.707922
355.1		0.708547
355.2		0.708547
355.3		0.708547
355.4		0.708547
355.5		0.708547
355.6		0.708547
355.7		0.708547
355.8		0.708547
355.9		0.708547
356		0.708547
356.1		0.710496
356.2		0.710496
356.3		0.710496
356.4		0.710496
356.5		0.710496
356.6		0.710496
356.7		0.710496
356.8		0.710496
356.9		0.710496
357		0.710496
357.1		0.710782
357.2		0.710782
357.3		0.710782
357.4		0.710782
357.5		0.710782
357.6		0.710782
357.7		0.710782
357.8		0.710782
357.9		0.710782
358		0.710782
358.1		0.714372
358.2		0.714372
358.3		0.714372
358.4		0.714372
358.5		0.714372
358.6		0.714372
358.7		0.714372
358.8		0.714372
358.9		0.714372
359		0.714372
359.1		0.716172
359.2		0.716172
359.3		0.716172
359.4		0.716172
359.5		0.716172
359.6		0.716172
359.7		0.716172
359.8		0.716172
359.9		0.716172
360		0.716172
360.1		0.716172
360.2		0.716172
360.3		0.716172
360.4		0.716172
360.5		0.716172
360.6		0.716172
360.7		0.716172
360.8		0.716172
360.9		0.716172
361		0.716172
361.1		0.718852
361.2		0.718852
361.3		0.718852
361.4		0.718852
361.5		0.718852
361.6		0.718852
361.7		0.718852
361.8		0.718852
361.9		0.718852
362		0.718852
362.1		0.720186
362.2		0.720186
362.3		0.720186
362.4		0.720186
362.5		0.720186
362.6		0.720186
362.7		0.720186
362.8		0.720186
362.9		0.720186
363		0.720186
363.1		0.72311
363.2		0.72311
363.3		0.72311
363.4		0.72311
363.5		0.72311
363.6		0.72311
363.7		0.72311
363.8		0.72311
363.9		0.72311
364		0.72311
364.1		0.727462
364.2		0.727462
364.3		0.727462
364.4		0.727462
364.5		0.727462
364.6		0.727462
364.7		0.727462
364.8		0.727462
364.9		0.727462
365		0.727462
365.1		0.727992
365.2		0.727992
365.3		0.727992
365.4		0.727992
365.5		0.727992
365.6		0.727992
365.7		0.727992
365.8		0.727992
365.9		0.727992
366		0.727992
366.1		0.729316
366.2		0.729316
366.3		0.729316
366.4		0.729316
366.5		0.729316
366.6		0.729316
366.7		0.729316
366.8		0.729316
366.9		0.729316
367		0.729316
367.1		0.731021
367.2		0.731021
367.3		0.731021
367.4		0.731021
367.5		0.731021
367.6		0.731021
367.7		0.731021
367.8		0.731021
367.9		0.731021
368		0.731021
368.1		0.732906
368.2		0.732906
368.3		0.732906
368.4		0.732906
368.5		0.732906
368.6		0.732906
368.7		0.732906
368.8		0.732906
368.9		0.732906
369		0.732906
369.1		0.738286
369.2		0.738286
369.3		0.738286
369.4		0.738286
369.5		0.738286
369.6		0.738286
369.7		0.738286
369.8		0.738286
369.9		0.738286
370		0.738286
370.1		0.738657
370.2		0.738657
370.3		0.738657
370.4		0.738657
370.5		0.738657
370.6		0.738657
370.7		0.738657
370.8		0.738657
370.9		0.738657
371		0.738657
371.1		0.74068
371.2		0.74068
371.3		0.74068
371.4		0.74068
371.5		0.74068
371.6		0.74068
371.7		0.74068
371.8		0.74068
371.9		0.74068
372		0.74068
372.1		0.74158
372.2		0.74158
372.3		0.74158
372.4		0.74158
372.5		0.74158
372.6		0.74158
372.7		0.74158
372.8		0.74158
372.9		0.74158
373		0.74158
373.1		0.743857
373.2		0.743857
373.3		0.743857
373.4		0.743857
373.5		0.743857
373.6		0.743857
373.7		0.743857
373.8		0.743857
373.9		0.743857
374		0.743857
374.1		0.744588
374.2		0.744588
374.3		0.744588
374.4		0.744588
374.5		0.744588
374.6		0.744588
374.7		0.744588
374.8		0.744588
374.9		0.744588
375		0.744588
375.1		0.749237
375.2		0.749237
375.3		0.749237
375.4		0.749237
375.5		0.749237
375.6		0.749237
375.7		0.749237
375.8		0.749237
375.9		0.749237
376		0.749237
376.1		0.751292
376.2		0.751292
376.3		0.751292
376.4		0.751292
376.5		0.751292
376.6		0.751292
376.7		0.751292
376.8		0.751292
376.9		0.751292
377		0.751292
377.1		0.751716
377.2		0.751716
377.3		0.751716
377.4		0.751716
377.5		0.751716
377.6		0.751716
377.7		0.751716
377.8		0.751716
377.9		0.751716
378		0.751716
378.1		0.752807
378.2		0.752807
378.3		0.752807
378.4		0.752807
378.5		0.752807
378.6		0.752807
378.7		0.752807
378.8		0.752807
378.9		0.752807
379		0.752807
379.1		0.754236
379.2		0.754236
379.3		0.754236
379.4		0.754236
379.5		0.754236
379.6		0.754236
379.7		0.754236
379.8		0.754236
379.9		0.754236
380		0.754236
380.1		0.756143
380.2		0.756143
380.3		0.756143
380.4		0.756143
380.5		0.756143
380.6		0.756143
380.7		0.756143
380.8		0.756143
380.9		0.756143
381		0.756143
381.1		0.758907
381.2		0.758907
381.3		0.758907
381.4		0.758907
381.5		0.758907
381.6		0.758907
381.7		0.758907
381.8		0.758907
381.9		0.758907
382		0.758907
382.1		0.763885
382.2		0.763885
382.3		0.763885
382.4		0.763885
382.5		0.763885
382.6		0.763885
382.7		0.763885
382.8		0.763885
382.9		0.763885
383		0.763885
383.1		0.765473
383.2		0.765473
383.3		0.765473
383.4		0.765473
383.5		0.765473
383.6		0.765473
383.7		0.765473
383.8		0.765473
383.9		0.765473
384		0.765473
384.1		0.765706
384.2		0.765706
384.3		0.765706
384.4		0.765706
384.5		0.765706
384.6		0.765706
384.7		0.765706
384.8		0.765706
384.9		0.765706
385		0.765706
385.1		0.766395
385.2		0.766395
385.3		0.766395
385.4		0.766395
385.5		0.766395
385.6		0.766395
385.7		0.766395
385.8		0.766395
385.9		0.766395
386		0.766395
386.1		0.77079
386.2		0.77079
386.3		0.77079
386.4		0.77079
386.5		0.77079
386.6		0.77079
386.7		0.77079
386.8		0.77079
386.9		0.77079
387		0.77079
387.1		0.771923
387.2		0.771923
387.3		0.771923
387.4		0.771923
387.5		0.771923
387.6		0.771923
387.7		0.771923
387.8		0.771923
387.9		0.771923
388		0.771923
388.1		0.775577
388.2		0.775577
388.3		0.775577
388.4		0.775577
388.5		0.775577
388.6		0.775577
388.7		0.775577
388.8		0.775577
388.9		0.775577
389		0.775577
389.1		0.777505
389.2		0.777505
389.3		0.777505
389.4		0.777505
389.5		0.777505
389.6		0.777505
389.7		0.777505
389.8		0.777505
389.9		0.777505
390		0.777505
390.1		0.778659
390.2		0.778659
390.3		0.778659
390.4		0.778659
390.5		0.778659
390.6		0.778659
390.7		0.778659
390.8		0.778659
390.9		0.778659
391		0.778659
391.1		0.779687
391.2		0.779687
391.3		0.779687
391.4		0.779687
391.5		0.779687
391.6		0.779687
391.7		0.779687
391.8		0.779687
391.9		0.779687
392		0.779687
392.1		0.780968
392.2		0.780968
392.3		0.780968
392.4		0.780968
392.5		0.780968
392.6		0.780968
392.7		0.780968
392.8		0.780968
392.9		0.780968
393		0.780968
393.1		0.78316
393.2		0.78316
393.3		0.78316
393.4		0.78316
393.5		0.78316
393.6		0.78316
393.7		0.78316
393.8		0.78316
393.9		0.78316
394		0.78316
394.1		0.788742
394.2		0.788742
394.3		0.788742
394.4		0.788742
394.5		0.788742
394.6		0.788742
394.7		0.788742
394.8		0.788742
394.9		0.788742
395		0.788742
395.1		0.78889
395.2		0.78889
395.3		0.78889
395.4		0.78889
395.5		0.78889
395.6		0.78889
395.7		0.78889
395.8		0.78889
395.9		0.78889
396		0.78889
396.1		0.7896
396.2		0.7896
396.3		0.7896
396.4		0.7896
396.5		0.7896
396.6		0.7896
396.7		0.7896
396.8		0.7896
396.9		0.7896
397		0.7896
397.1		0.791517
397.2		0.791517
397.3		0.791517
397.4		0.791517
397.5		0.791517
397.6		0.791517
397.7		0.791517
397.8		0.791517
397.9		0.791517
398		0.791517
398.1		0.794143
398.2		0.794143
398.3		0.794143
398.4		0.794143
398.5		0.794143
398.6		0.794143
398.7		0.794143
398.8		0.794143
398.9		0.794143
399		0.794143
399.1		0.797003
399.2		0.797003
399.3		0.797003
399.4		0.797003
399.5		0.797003
399.6		0.797003
399.7		0.797003
399.8		0.797003
399.9		0.797003
400		0.797003
400.1		0.797829
400.2		0.797829
400.3		0.797829
400.4		0.797829
400.5		0.797829
400.6		0.797829
400.7		0.797829
400.8		0.797829
400.9		0.797829
401		0.797829
401.1		0.800339
401.2		0.800339
401.3		0.800339
401.4		0.800339
401.5		0.800339
401.6		0.800339
401.7		0.800339
401.8		0.800339
401.9		0.800339
402		0.800339
402.1		0.801684
402.2		0.801684
402.3		0.801684
402.4		0.801684
402.5		0.801684
402.6		0.801684
402.7		0.801684
402.8		0.801684
402.9		0.801684
403		0.801684
403.1		0.802902
403.2		0.802902
403.3		0.802902
403.4		0.802902
403.5		0.802902
403.6		0.802902
403.7		0.802902
403.8		0.802902
403.9		0.802902
404		0.802902
404.1		0.803188
404.2		0.803188
404.3		0.803188
404.4		0.803188
404.5		0.803188
404.6		0.803188
404.7		0.803188
404.8		0.803188
404.9		0.803188
405		0.803188
405.1		0.808547
405.2		0.808547
405.3		0.808547
405.4		0.808547
405.5		0.808547
405.6		0.808547
405.7		0.808547
405.8		0.808547
405.9		0.808547
406		0.808547
406.1		0.809934
406.2		0.809934
406.3		0.809934
406.4		0.809934
406.5		0.809934
406.6		0.809934
406.7		0.809934
406.8		0.809934
406.9		0.809934
407		0.809934
407.1		0.810072
407.2		0.810072
407.3		0.810072
407.4		0.810072
407.5		0.810072
407.6		0.810072
407.7		0.810072
407.8		0.810072
407.9		0.810072
408		0.810072
408.1		0.814425
408.2		0.814425
408.3		0.814425
408.4		0.814425
408.5		0.814425
408.6		0.814425
408.7		0.814425
408.8		0.814425
408.9		0.814425
409		0.814425
409.1		0.816077
409.2		0.816077
409.3		0.816077
409.4		0.816077
409.5		0.816077
409.6		0.816077
409.7		0.816077
409.8		0.816077
409.9		0.816077
410		0.816077
410.1		0.816935
410.2		0.816935
410.3		0.816935
410.4		0.816935
410.5		0.816935
410.6		0.816935
410.7		0.816935
410.8		0.816935
410.9		0.816935
411		0.816935
411.1		0.81917
411.2		0.81917
411.3		0.81917
411.4		0.81917
411.5		0.81917
411.6		0.81917
411.7		0.81917
411.8		0.81917
411.9		0.81917
412		0.81917
412.1		0.823088
412.2		0.823088
412.3		0.823088
412.4		0.823088
412.5		0.823088
412.6		0.823088
412.7		0.823088
412.8		0.823088
412.9		0.823088
413		0.823088
413.1		0.823427
413.2		0.823427
413.3		0.823427
413.4		0.823427
413.5		0.823427
413.6		0.823427
413.7		0.823427
413.8		0.823427
413.9		0.823427
414		0.823427
414.1		0.826446
414.2		0.826446
414.3		0.826446
414.4		0.826446
414.5		0.826446
414.6		0.826446
414.7		0.826446
414.8		0.826446
414.9		0.826446
415		0.826446
415.1		0.826679
415.2		0.826679
415.3		0.826679
415.4		0.826679
415.5		0.826679
415.6		0.826679
415.7		0.826679
415.8		0.826679
415.9		0.826679
416		0.826679
416.1		0.832313
416.2		0.832313
416.3		0.832313
416.4		0.832313
416.5		0.832313
416.6		0.832313
416.7		0.832313
416.8		0.832313
416.9		0.832313
417		0.832313
417.1		0.833881
417.2		0.833881
417.3		0.833881
417.4		0.833881
417.5		0.833881
417.6		0.833881
417.7		0.833881
417.8		0.833881
417.9		0.833881
418		0.833881
418.1		0.835787
418.2		0.835787
418.3		0.835787
418.4		0.835787
418.5		0.835787
418.6		0.835787
418.7		0.835787
418.8		0.835787
418.9		0.835787
419		0.835787
419.1		0.836052
419.2		0.836052
419.3		0.836052
419.4		0.836052
419.5		0.836052
419.6		0.836052
419.7		0.836052
419.8		0.836052
419.9		0.836052
420		0.836052
420.1		0.839345
420.2		0.839345
420.3		0.839345
420.4		0.839345
420.5		0.839345
420.6		0.839345
420.7		0.839345
420.8		0.839345
420.9		0.839345
421		0.839345
421.1		0.842957
421.2		0.842957
421.3		0.842957
421.4		0.842957
421.5		0.842957
421.6		0.842957
421.7		0.842957
421.8		0.842957
421.9		0.842957
422		0.842957
422.1		0.844493
422.2		0.844493
422.3		0.844493
422.4		0.844493
422.5		0.844493
422.6		0.844493
422.7		0.844493
422.8		0.844493
422.9		0.844493
423		0.844493
423.1		0.84588
423.2		0.84588
423.3		0.84588
423.4		0.84588
423.5		0.84588
423.6		0.84588
423.7		0.84588
423.8		0.84588
423.9		0.84588
424		0.84588
424.1		0.846441
424.2		0.846441
424.3		0.846441
424.4		0.846441
424.5		0.846441
424.6		0.846441
424.7		0.846441
424.8		0.846441
424.9		0.846441
425		0.846441
425.1		0.849301
425.2		0.849301
425.3		0.849301
425.4		0.849301
425.5		0.849301
425.6		0.849301
425.7		0.849301
425.8		0.849301
425.9		0.849301
426		0.849301
426.1		0.850508
426.2		0.850508
426.3		0.850508
426.4		0.850508
426.5		0.850508
426.6		0.850508
426.7		0.850508
426.8		0.850508
426.9		0.850508
427		0.850508
427.1		0.855783
427.2		0.855783
427.3		0.855783
427.4		0.855783
427.5		0.855783
427.6		0.855783
427.7		0.855783
427.8		0.855783
427.9		0.855783
428		0.855783
428.1		0.855994
428.2		0.855994
428.3		0.855994
428.4		0.855994
428.5		0.855994
428.6		0.855994
428.7		0.855994
428.8		0.855994
428.9		0.855994
429		0.855994
429.1		0.856238
429.2		0.856238
429.3		0.856238
429.4		0.856238
429.5		0.856238
429.6		0.856238
429.7		0.856238
429.8		0.856238
429.9		0.856238
430		0.856238
430.1		0.858303
430.2		0.858303
430.3		0.858303
430.4		0.858303
430.5		0.858303
430.6		0.858303
430.7		0.858303
430.8		0.858303
430.9		0.858303
431		0.858303
431.1		0.862063
431.2		0.862063
431.3		0.862063
431.4		0.862063
431.5		0.862063
431.6		0.862063
431.7		0.862063
431.8		0.862063
431.9		0.862063
432		0.862063
432.1		0.864965
432.2		0.864965
432.3		0.864965
432.4		0.864965
432.5		0.864965
432.6		0.864965
432.7		0.864965
432.8		0.864965
432.9		0.864965
433		0.864965
433.1		0.867666
433.2		0.867666
433.3		0.867666
433.4		0.867666
433.5		0.867666
433.6		0.867666
433.7		0.867666
433.8		0.867666
433.9		0.867666
434		0.867666
434.1		0.869434
434.2		0.869434
434.3		0.869434
434.4		0.869434
434.5		0.869434
434.6		0.869434
434.7		0.869434
434.8		0.869434
434.9		0.869434
435		0.869434
435.1		0.869689
435.2		0.869689
435.3		0.869689
435.4		0.869689
435.5		0.869689
435.6		0.869689
435.7		0.869689
435.8		0.869689
435.9		0.869689
436		0.869689
436.1		0.871754
436.2		0.871754
436.3		0.871754
436.4		0.871754
436.5		0.871754
436.6		0.871754
436.7		0.871754
436.8		0.871754
436.9		0.871754
437		0.871754
437.1		0.874486
437.2		0.874486
437.3		0.874486
437.4		0.874486
437.5		0.874486
437.6		0.874486
437.7		0.874486
437.8		0.874486
437.9		0.874486
438		0.874486
438.1		0.878712
438.2		0.878712
438.3		0.878712
438.4		0.878712
438.5		0.878712
438.6		0.878712
438.7		0.878712
438.8		0.878712
438.9		0.878712
439		0.878712
439.1		0.880915
439.2		0.880915
439.3		0.880915
439.4		0.880915
439.5		0.880915
439.6		0.880915
439.7		0.880915
439.8		0.880915
439.9		0.880915
440		0.880915
440.1		0.88226
440.2		0.88226
440.3		0.88226
440.4		0.88226
440.5		0.88226
440.6		0.88226
440.7		0.88226
440.8		0.88226
440.9		0.88226
441		0.88226
441.1		0.884696
441.2		0.884696
441.3		0.884696
441.4		0.884696
441.5		0.884696
441.6		0.884696
441.7		0.884696
441.8		0.884696
441.9		0.884696
442		0.884696
442.1		0.886338
442.2		0.886338
442.3		0.886338
442.4		0.886338
442.5		0.886338
442.6		0.886338
442.7		0.886338
442.8		0.886338
442.9		0.886338
443		0.886338
443.1		0.88889
443.2		0.88889
443.3		0.88889
443.4		0.88889
443.5		0.88889
443.6		0.88889
443.7		0.88889
443.8		0.88889
443.9		0.88889
444		0.88889
444.1		0.891337
444.2		0.891337
444.3		0.891337
444.4		0.891337
444.5		0.891337
444.6		0.891337
444.7		0.891337
444.8		0.891337
444.9		0.891337
445		0.891337
445.1		0.891601
445.2		0.891601
445.3		0.891601
445.4		0.891601
445.5		0.891601
445.6		0.891601
445.7		0.891601
445.8		0.891601
445.9		0.891601
446		0.891601
446.1		0.893698
446.2		0.893698
446.3		0.893698
446.4		0.893698
446.5		0.893698
446.6		0.893698
446.7		0.893698
446.8		0.893698
446.9		0.893698
447		0.893698
447.1		0.896103
447.2		0.896103
447.3		0.896103
447.4		0.896103
447.5		0.896103
447.6		0.896103
447.7		0.896103
447.8		0.896103
447.9		0.896103
448		0.896103
448.1		0.898337
448.2		0.898337
448.3		0.898337
448.4		0.898337
448.5		0.898337
448.6		0.898337
448.7		0.898337
448.8		0.898337
448.9		0.898337
449		0.898337
449.1		0.898591
449.2		0.898591
449.3		0.898591
449.4		0.898591
449.5		0.898591
449.6		0.898591
449.7		0.898591
449.8		0.898591
449.9		0.898591
450		0.898591
450.1		0.903919
450.2		0.903919
450.3		0.903919
450.4		0.903919
450.5		0.903919
450.6		0.903919
450.7		0.903919
450.8		0.903919
450.9		0.903919
451		0.903919
451.1		0.904258
451.2		0.904258
451.3		0.904258
451.4		0.904258
451.5		0.904258
451.6		0.904258
451.7		0.904258
451.8		0.904258
451.9		0.904258
452		0.904258
452.1		0.904522
452.2		0.904522
452.3		0.904522
452.4		0.904522
452.5		0.904522
452.6		0.904522
452.7		0.904522
452.8		0.904522
452.9		0.904522
453		0.904522
453.1		0.908303
453.2		0.908303
453.3		0.908303
453.4		0.908303
453.5		0.908303
453.6		0.908303
453.7		0.908303
453.8		0.908303
453.9		0.908303
454		0.908303
454.1		0.910676
454.2		0.910676
454.3		0.910676
454.4		0.910676
454.5		0.910676
454.6		0.910676
454.7		0.910676
454.8		0.910676
454.9		0.910676
455		0.910676
455.1		0.912413
455.2		0.912413
455.3		0.912413
455.4		0.912413
455.5		0.912413
455.6		0.912413
455.7		0.912413
455.8		0.912413
455.9		0.912413
456		0.912413
456.1		0.914425
456.2		0.914425
456.3		0.914425
456.4		0.914425
456.5		0.914425
456.6		0.914425
456.7		0.914425
456.8		0.914425
456.9		0.914425
457		0.914425
457.1		0.915992
457.2		0.915992
457.3		0.915992
457.4		0.915992
457.5		0.915992
457.6		0.915992
457.7		0.915992
457.8		0.915992
457.9		0.915992
458		0.915992
458.1		0.918502
458.2		0.918502
458.3		0.918502
458.4		0.918502
458.5		0.918502
458.6		0.918502
458.7		0.918502
458.8		0.918502
458.9		0.918502
459		0.918502
459.1		0.921606
459.2		0.921606
459.3		0.921606
459.4		0.921606
459.5		0.921606
459.6		0.921606
459.7		0.921606
459.8		0.921606
459.9		0.921606
460		0.921606
460.1		0.922771
460.2		0.922771
460.3		0.922771
460.4		0.922771
460.5		0.922771
460.6		0.922771
460.7		0.922771
460.8		0.922771
460.9		0.922771
461		0.922771
461.1		0.926319
461.2		0.926319
461.3		0.926319
461.4		0.926319
461.5		0.926319
461.6		0.926319
461.7		0.926319
461.8		0.926319
461.9		0.926319
462		0.926319
462.1		0.928045
462.2		0.928045
462.3		0.928045
462.4		0.928045
462.5		0.928045
462.6		0.928045
462.7		0.928045
462.8		0.928045
462.9		0.928045
463		0.928045
463.1		0.928553
463.2		0.928553
463.3		0.928553
463.4		0.928553
463.5		0.928553
463.6		0.928553
463.7		0.928553
463.8		0.928553
463.9		0.928553
464		0.928553
464.1		0.930989
464.2		0.930989
464.3		0.930989
464.4		0.930989
464.5		0.930989
464.6		0.930989
464.7		0.930989
464.8		0.930989
464.9		0.930989
465		0.930989
465.1		0.934251
465.2		0.934251
465.3		0.934251
465.4		0.934251
465.5		0.934251
465.6		0.934251
465.7		0.934251
465.8		0.934251
465.9		0.934251
466		0.934251
466.1		0.936804
466.2		0.936804
466.3		0.936804
466.4		0.936804
466.5		0.936804
466.6		0.936804
466.7		0.936804
466.8		0.936804
466.9		0.936804
467		0.936804
467.1		0.940362
467.2		0.940362
467.3		0.940362
467.4		0.940362
467.5		0.940362
467.6		0.940362
467.7		0.940362
467.8		0.940362
467.9		0.940362
468		0.940362
468.1		0.940426
468.2		0.940426
468.3		0.940426
468.4		0.940426
468.5		0.940426
468.6		0.940426
468.7		0.940426
468.8		0.940426
468.9		0.940426
469		0.940426
469.1		0.941421
469.2		0.941421
469.3		0.941421
469.4		0.941421
469.5		0.941421
469.6		0.941421
469.7		0.941421
469.8		0.941421
469.9		0.941421
470		0.941421
470.1		0.94284
470.2		0.94284
470.3		0.94284
470.4		0.94284
470.5		0.94284
470.6		0.94284
470.7		0.94284
470.8		0.94284
470.9		0.94284
471		0.94284
471.1		0.944429
471.2		0.944429
471.3		0.944429
471.4		0.944429
471.5		0.944429
471.6		0.944429
471.7		0.944429
471.8		0.944429
471.9		0.944429
472		0.944429
472.1		0.950794
472.2		0.950794
472.3		0.950794
472.4		0.950794
472.5		0.950794
472.6		0.950794
472.7		0.950794
472.8		0.950794
472.9		0.950794
473		0.950794
473.1		0.95108
473.2		0.95108
473.3		0.95108
473.4		0.95108
473.5		0.95108
473.6		0.95108
473.7		0.95108
473.8		0.95108
473.9		0.95108
474		0.95108
474.1		0.952404
474.2		0.952404
474.3		0.952404
474.4		0.952404
474.5		0.952404
474.6		0.952404
474.7		0.952404
474.8		0.952404
474.9		0.952404
475		0.952404
475.1		0.952648
475.2		0.952648
475.3		0.952648
475.4		0.952648
475.5		0.952648
475.6		0.952648
475.7		0.952648
475.8		0.952648
475.9		0.952648
476		0.952648
476.1		0.956746
476.2		0.956746
476.3		0.956746
476.4		0.956746
476.5		0.956746
476.6		0.956746
476.7		0.956746
476.8		0.956746
476.9		0.956746
477		0.956746
477.1		0.959288
477.2		0.959288
477.3		0.959288
477.4		0.959288
477.5		0.959288
477.6		0.959288
477.7		0.959288
477.8		0.959288
477.9		0.959288
478		0.959288
478.1		0.9629
478.2		0.9629
478.3		0.9629
478.4		0.9629
478.5		0.9629
478.6		0.9629
478.7		0.9629
478.8		0.9629
478.9		0.9629
479		0.9629
479.1		0.963652
479.2		0.963652
479.3		0.963652
479.4		0.963652
479.5		0.963652
479.6		0.963652
479.7		0.963652
479.8		0.963652
479.9		0.963652
480		0.963652
480.1		0.965473
480.2		0.965473
480.3		0.965473
480.4		0.965473
480.5		0.965473
480.6		0.965473
480.7		0.965473
480.8		0.965473
480.9		0.965473
481		0.965473
481.1		0.965971
481.2		0.965971
481.3		0.965971
481.4		0.965971
481.5		0.965971
481.6		0.965971
481.7		0.965971
481.8		0.965971
481.9		0.965971
482		0.965971
482.1		0.968344
482.2		0.968344
482.3		0.968344
482.4		0.968344
482.5		0.968344
482.6		0.968344
482.7		0.968344
482.8		0.968344
482.9		0.968344
483		0.968344
483.1		0.971055
483.2		0.971055
483.3		0.971055
483.4		0.971055
483.5		0.971055
483.6		0.971055
483.7		0.971055
483.8		0.971055
483.9		0.971055
484		0.971055
484.1		0.976107
484.2		0.976107
484.3		0.976107
484.4		0.976107
484.5		0.976107
484.6		0.976107
484.7		0.976107
484.8		0.976107
484.9		0.976107
485		0.976107
485.1		0.976361
485.2		0.976361
485.3		0.976361
485.4		0.976361
485.5		0.976361
485.6		0.976361
485.7		0.976361
485.8		0.976361
485.9		0.976361
486		0.976361
486.1		0.976552
486.2		0.976552
486.3		0.976552
486.4		0.976552
486.5		0.976552
486.6		0.976552
486.7		0.976552
486.8		0.976552
486.9		0.976552
487		0.976552
487.1		0.976859
487.2		0.976859
487.3		0.976859
487.4		0.976859
487.5		0.976859
487.6		0.976859
487.7		0.976859
487.8		0.976859
487.9		0.976859
488		0.976859
488.1		0.981741
488.2		0.981741
488.3		0.981741
488.4		0.981741
488.5		0.981741
488.6		0.981741
488.7		0.981741
488.8		0.981741
488.9		0.981741
489		0.981741
489.1		0.982726
489.2		0.982726
489.3		0.982726
489.4		0.982726
489.5		0.982726
489.6		0.982726
489.7		0.982726
489.8		0.982726
489.9		0.982726
490		0.982726
490.1		0.986285
490.2		0.986285
490.3		0.986285
490.4		0.986285
490.5		0.986285
490.6		0.986285
490.7		0.986285
490.8		0.986285
490.9		0.986285
491		0.986285
491.1		0.987587
491.2		0.987587
491.3		0.987587
491.4		0.987587
491.5		0.987587
491.6		0.987587
491.7		0.987587
491.8		0.987587
491.9		0.987587
492		0.987587
492.1		0.989282
492.2		0.989282
492.3		0.989282
492.4		0.989282
492.5		0.989282
492.6		0.989282
492.7		0.989282
492.8		0.989282
492.9		0.989282
493		0.989282
493.1		0.992565
493.2		0.992565
493.3		0.992565
493.4		0.992565
493.5		0.992565
493.6		0.992565
493.7		0.992565
493.8		0.992565
493.9		0.992565
494		0.992565
494.1		0.993751
494.2		0.993751
494.3		0.993751
494.4		0.993751
494.5		0.993751
494.6		0.993751
494.7		0.993751
494.8		0.993751
494.9		0.993751
495		0.993751
495.1		0.995827
495.2		0.995827
495.3		0.995827
495.4		0.995827
495.5		0.995827
495.6		0.995827
495.7		0.995827
495.8		0.995827
495.9		0.995827
496		0.995827
496.1		0.998401
496.2		0.998401
496.3		0.998401
496.4		0.998401
496.5		0.998401
496.6		0.998401
496.7		0.998401
496.8		0.998401
496.9		0.998401
497		0.998401
497.1		0.999799
497.2		0.999799
497.3		0.999799
497.4		0.999799
497.5		0.999799
497.6		0.999799
497.7		0.999799
497.8		0.999799
497.9		0.999799
498		0.999799
498.1		1
498.2		1
498.3		1
498.4		1
498.5		1
498.6		1
498.7		1
498.8		1
498.9		1
499		1
499.1		1
499.2		1
499.3		1
499.4		1
499.5		1
499.6		1
499.7		1
499.8		1
499.9		1
500		1
500.1		1
500.2		1
500.3		1
500.4		1
500.5		1
500.6		1
500.7		1
500.8		1
500.9		1
501		1
501.1		1
501.2		1
501.3		1
501.4		1
501.5		1
501.6		1
501.7		1
501.8		1
501.9		1
502		1
502.1		1
502.2		1
502.3		1
502.4		1
502.5		1
502.6		1
502.7		1
502.8		1
502.9		1
503		1
503.1		1
503.2		1
503.3		1
503.4		1
503.5		1
503.6		1
503.7		1
503.8		1
503.9		1
504		1
504.1		1
504.2		1
504.3		1
504.4		1
504.5		1
504.6		1
504.7		1
504.8		1
504.9		1
505		1
505.1		1
505.2		1
505.3		1
505.4		1
505.5		1
505.6		1
505.7		1
505.8		1
505.9		1
506		1
506.1		1
506.2		1
506.3		1
506.4		1
506.5		1
506.6		1
506.7		1
506.8		1
506.9		1
507		1
507.1		1
507.2		1
507.3		1
507.4		1
507.5		1
507.6		1
507.7		1
507.8		1
507.9		1
508		1
508.1		1
508.2		1
508.3		1
508.4		1
508.5		1
508.6		1
508.7		1
508.8		1
508.9		1
509		1
509.1		1
509.2		1
509.3		1
509.4		1
509.5		1
509.6		1
509.7		1
509.8		1
509.9		1
510		1
510.1		1
510.2		1
510.3		1
510.4		1
510.5		1
510.6		1
510.7		1
510.8		1
510.9		1
511		1
511.1		1
511.2		1
511.3		1
511.4		1
511.5		1
511.6		1
511.7		1
511.8		1
511.9		1
512		1
512.1		1
512.2		1
512.3		1
512.4		1
512.5		1
512.6		1
512.7		1
512.8		1
512.9		1
513		1
513.1		1
513.2		1
513.3		1
513.4		1
513.5		1
513.6		1
513.7		1
513.8		1
513.9		1
514		1
514.1		1
514.2		1
514.3		1
514.4		1
514.5		1
514.6		1
514.7		1
514.8		1
514.9		1
515		1
515.1		1
515.2		1
515.3		1
515.4		1
515.5		1
515.6		1
515.7		1
515.8		1
515.9		1
516		1
516.1		1
516.2		1
516.3		1
516.4		1
516.5		1
516.6		1
516.7		1
516.8		1
516.9		1
517		1
517.1		1
517.2		1
517.3		1
517.4		1
517.5		1
517.6		1
517.7		1
517.8		1
517.9		1
518		1
518.1		1
518.2		1
518.3		1
518.4		1
518.5		1
518.6		1
518.7		1
518.8		1
518.9		1
519		1
519.1		1
519.2		1
519.3		1
519.4		1
519.5		1
519.6		1
519.7		1
519.8		1
519.9		1
520		1
520.1		1
520.2		1
520.3		1
520.4		1
520.5		1
520.6		1
520.7		1
520.8		1
520.9		1
521		1
521.1		1
521.2		1
521.3		1
521.4		1
521.5		1
521.6		1
521.7		1
521.8		1
521.9		1
522		1
522.1		1
522.2		1
522.3		1
522.4		1
522.5		1
522.6		1
522.7		1
522.8		1
522.9		1
523		1
523.1		1
523.2		1
523.3		1
523.4		1
523.5		1
523.6		1
523.7		1
523.8		1
523.9		1
524		1
524.1		1
524.2		1
524.3		1
524.4		1
524.5		1
524.6		1
524.7		1
524.8		1
524.9		1
525		1
525.1		1
525.2		1
525.3		1
525.4		1
525.5		1
525.6		1
525.7		1
525.8		1
525.9		1
526		1
526.1		1
526.2		1
526.3		1
526.4		1
526.5		1
526.6		1
526.7		1
526.8		1
526.9		1
527		1
527.1		1
527.2		1
527.3		1
527.4		1
527.5		1
527.6		1
527.7		1
527.8		1
527.9		1
528		1
528.1		1
528.2		1
528.3		1
528.4		1
528.5		1
528.6		1
528.7		1
528.8		1
528.9		1
529		1
529.1		1
529.2		1
529.3		1
529.4		1
529.5		1
529.6		1
529.7		1
529.8		1
529.9		1
530		1
530.1		1
530.2		1
530.3		1
530.4		1
530.5		1
530.6		1
530.7		1
530.8		1
530.9		1
531		1
531.1		1
531.2		1
531.3		1
531.4		1
531.5		1
531.6		1
531.7		1
531.8		1
531.9		1
532		1
532.1		1
532.2		1
532.3		1
532.4		1
532.5		1
532.6		1
532.7		1
532.8		1
532.9		1
533		1
533.1		1
533.2		1
533.3		1
533.4		1
533.5		1
533.6		1
533.7		1
533.8		1
533.9		1
534		1
534.1		1
534.2		1
534.3		1
534.4		1
534.5		1
534.6		1
534.7		1
534.8		1
534.9		1
535		1
535.1		1
535.2		1
535.3		1
535.4		1
535.5		1
535.6		1
535.7		1
535.8		1
535.9		1
536		1
536.1		1
536.2		1
536.3		1
536.4		1
536.5		1
536.6		1
536.7		1
536.8		1
536.9		1
537		1
537.1		1
537.2		1
537.3		1
537.4		1
537.5		1
537.6		1
537.7		1
537.8		1
537.9		1
538		1
538.1		1
538.2		1
538.3		1
538.4		1
538.5		1
538.6		1
538.7		1
538.8		1
538.9		1
539		1
539.1		1
539.2		1
539.3		1
539.4		1
539.5		1
539.6		1
539.7		1
539.8		1
539.9		1
540		1
540.1		1
540.2		1
540.3		1
540.4		1
540.5		1
540.6		1
540.7		1
540.8		1
540.9		1
541		1
541.1		1
541.2		1
541.3		1
541.4		1
541.5		1
541.6		1
541.7		1
541.8		1
541.9		1
542		1
542.1		1
542.2		1
542.3		1
542.4		1
542.5		1
542.6		1
542.7		1
542.8		1
542.9		1
543		1
543.1		1
543.2		1
543.3		1
543.4		1
543.5		1
543.6		1
543.7		1
543.8		1
543.9		1
544		1
544.1		1
544.2		1
544.3		1
544.4		1
544.5		1
544.6		1
544.7		1
544.8		1
544.9		1
545		1
545.1		1
545.2		1
545.3		1
545.4		1
545.5		1
545.6		1
545.7		1
545.8		1
545.9		1
546		1
546.1		1
546.2		1
546.3		1
546.4		1
546.5		1
546.6		1
546.7		1
546.8		1
546.9		1
547		1
547.1		1
547.2		1
547.3		1
547.4		1
547.5		1
547.6		1
547.7		1
547.8		1
547.9		1
548		1
548.1		1
548.2		1
548.3		1
548.4		1
548.5		1
548.6		1
548.7		1
548.8		1
548.9		1
549		1
549.1		1
549.2		1
549.3		1
549.4		1
549.5		1
549.6		1
549.7		1
549.8		1
549.9		1
550		1
550.1		1
550.2		1
550.3		1
550.4		1
550.5		1
550.6		1
550.7		1
550.8		1
550.9		1
551		1
551.1		1
551.2		1
551.3		1
551.4		1
551.5		1
551.6		1
551.7		1
551.8		1
551.9		1
552		1
552.1		1
552.2		1
552.3		1
552.4		1
552.5		1
552.6		1
552.7		1
552.8		1
552.9		1
553		1
553.1		1
553.2		1
553.3		1
553.4		1
553.5		1
553.6		1
553.7		1
553.8		1
553.9		1
554		1
554.1		1
554.2		1
554.3		1
554.4		1
554.5		1
554.6		1
554.7		1
554.8		1
554.9		1
555		1
555.1		1
555.2		1
555.3		1
555.4		1
555.5		1
555.6		1
555.7		1
555.8		1
555.9		1
556		1
556.1		1
556.2		1
556.3		1
556.4		1
556.5		1
556.6		1
556.7		1
556.8		1
556.9		1
557		1
557.1		1
557.2		1
557.3		1
557.4		1
557.5		1
557.6		1
557.7		1
557.8		1
557.9		1
558		1
558.1		1
558.2		1
558.3		1
558.4		1
558.5		1
558.6		1
558.7		1
558.8		1
558.9		1
559		1
559.1		1
559.2		1
559.3		1
559.4		1
559.5		1
559.6		1
559.7		1
559.8		1
559.9		1
560		1
560.1		1
560.2		1
560.3		1
560.4		1
560.5		1
560.6		1
560.7		1
560.8		1
560.9		1
561		1
561.1		1
561.2		1
561.3		1
561.4		1
561.5		1
561.6		1
561.7		1
561.8		1
561.9		1
562		1
562.1		1
562.2		1
562.3		1
562.4		1
562.5		1
562.6		1
562.7		1
562.8		1
562.9		1
563		1
563.1		1
563.2		1
563.3		1
563.4		1
563.5		1
563.6		1
563.7		1
563.8		1
563.9		1
564		1
564.1		1
564.2		1
564.3		1
564.4		1
564.5		1
564.6		1
564.7		1
564.8		1
564.9		1
565		1
565.1		1
565.2		1
565.3		1
565.4		1
565.5		1
565.6		1
565.7		1
565.8		1
565.9		1
566		1
566.1		1
566.2		1
566.3		1
566.4		1
566.5		1
566.6		1
566.7		1
566.8		1
566.9		1
567		1
567.1		1
567.2		1
567.3		1
567.4		1
567.5		1
567.6		1
567.7		1
567.8		1
567.9		1
568		1
568.1		1
568.2		1
568.3		1
568.4		1
568.5		1
568.6		1
568.7		1
568.8		1
568.9		1
569		1
569.1		1
569.2		1
569.3		1
569.4		1
569.5		1
569.6		1
569.7		1
569.8		1
569.9		1
570		1
570.1		1
570.2		1
570.3		1
570.4		1
570.5		1
570.6		1
570.7		1
570.8		1
570.9		1
571		1
571.1		1
571.2		1
571.3		1
571.4		1
571.5		1
571.6		1
571.7		1
571.8		1
571.9		1
572		1
572.1		1
572.2		1
572.3		1
572.4		1
572.5		1
572.6		1
572.7		1
572.8		1
572.9		1
573		1
573.1		1
573.2		1
573.3		1
573.4		1
573.5		1
573.6		1
573.7		1
573.8		1
573.9		1
574		1
574.1		1
574.2		1
574.3		1
574.4		1
574.5		1
574.6		1
574.7		1
574.8		1
574.9		1
575		1
575.1		1
575.2		1
575.3		1
575.4		1
575.5		1
575.6		1
575.7		1
575.8		1
575.9		1
576		1
576.1		1
576.2		1
576.3		1
576.4		1
576.5		1
576.6		1
576.7		1
576.8		1
576.9		1
577		1
577.1		1
577.2		1
577.3		1
577.4		1
577.5		1
577.6		1
577.7		1
577.8		1
577.9		1
578		1
578.1		1
578.2		1
578.3		1
578.4		1
578.5		1
578.6		1
578.7		1
578.8		1
578.9		1
579		1
579.1		1
579.2		1
579.3		1
579.4		1
579.5		1
579.6		1
579.7		1
579.8		1
579.9		1
580		1
580.1		1
580.2		1
580.3		1
580.4		1
580.5		1
580.6		1
580.7		1
580.8		1
580.9		1
581		1
581.1		1
581.2		1
581.3		1
581.4		1
581.5		1
581.6		1
581.7		1
581.8		1
581.9		1
582		1
582.1		1
582.2		1
582.3		1
582.4		1
582.5		1
582.6		1
582.7		1
582.8		1
582.9		1
583		1
583.1		1
583.2		1
583.3		1
583.4		1
583.5		1
583.6		1
583.7		1
583.8		1
583.9		1
584		1
584.1		1
584.2		1
584.3		1
584.4		1
584.5		1
584.6		1
584.7		1
584.8		1
584.9		1
585		1
585.1		1
585.2		1
585.3		1
585.4		1
585.5		1
585.6		1
585.7		1
585.8		1
585.9		1
586		1
586.1		1
586.2		1
586.3		1
586.4		1
586.5		1
586.6		1
586.7		1
586.8		1
586.9		1
587		1
587.1		1
587.2		1
587.3		1
587.4		1
587.5		1
587.6		1
587.7		1
587.8		1
587.9		1
588		1
588.1		1
588.2		1
588.3		1
588.4		1
588.5		1
588.6		1
588.7		1
588.8		1
588.9		1
589		1
589.1		1
589.2		1
589.3		1
589.4		1
589.5		1
589.6		1
589.7		1
589.8		1
589.9		1
590		1
590.1		1
590.2		1
590.3		1
590.4		1
590.5		1
590.6		1
590.7		1
590.8		1
590.9		1
591		1
591.1		1
591.2		1
591.3		1
591.4		1
591.5		1
591.6		1
591.7		1
591.8		1
591.9		1
592		1
592.1		1
592.2		1
592.3		1
592.4		1
592.5		1
592.6		1
592.7		1
592.8		1
592.9		1
593		1
593.1		1
593.2		1
593.3		1
593.4		1
593.5		1
593.6		1
593.7		1
593.8		1
593.9		1
594		1
594.1		1
594.2		1
594.3		1
594.4		1
594.5		1
594.6		1
594.7		1
594.8		1
594.9		1
595		1
595.1		1
595.2		1
595.3		1
595.4		1
595.5		1
595.6		1
595.7		1
595.8		1
595.9		1
596		1
596.1		1
596.2		1
596.3		1
596.4		1
596.5		1
596.6		1
596.7		1
596.8		1
596.9		1
597		1
597.1		1
597.2		1
597.3		1
597.4		1
597.5		1
597.6		1
597.7		1
597.8		1
597.9		1
598		1
598.1		1
598.2		1
598.3		1
598.4		1
598.5		1
598.6		1
598.7		1
598.8		1
598.9		1
599		1
599.1		1
599.2		1
599.3		1
599.4		1
599.5		1
599.6		1
599.7		1
599.8		1
599.9		1
600		1
