# Calibration file of tamex_id 1 @ channel 11
# fine_T bin		 Calibration value
0.1		0
0.2		0
0.3		0
0.4		0
0.5		0
0.6		0
0.7		0
0.8		0
0.9		0
1		0
1.1		0
1.2		0
1.3		0
1.4		0
1.5		0
1.6		0
1.7		0
1.8		0
1.9		0
2		0
2.1		0
2.2		0
2.3		0
2.4		0
2.5		0
2.6		0
2.7		0
2.8		0
2.9		0
3		0
3.1		0
3.2		0
3.3		0
3.4		0
3.5		0
3.6		0
3.7		0
3.8		0
3.9		0
4		0
4.1		0
4.2		0
4.3		0
4.4		0
4.5		0
4.6		0
4.7		0
4.8		0
4.9		0
5		0
5.1		0
5.2		0
5.3		0
5.4		0
5.5		0
5.6		0
5.7		0
5.8		0
5.9		0
6		0
6.1		0
6.2		0
6.3		0
6.4		0
6.5		0
6.6		0
6.7		0
6.8		0
6.9		0
7		0
7.1		0
7.2		0
7.3		0
7.4		0
7.5		0
7.6		0
7.7		0
7.8		0
7.9		0
8		0
8.1		0
8.2		0
8.3		0
8.4		0
8.5		0
8.6		0
8.7		0
8.8		0
8.9		0
9		0
9.1		0
9.2		0
9.3		0
9.4		0
9.5		0
9.6		0
9.7		0
9.8		0
9.9		0
10		0
10.1		0
10.2		0
10.3		0
10.4		0
10.5		0
10.6		0
10.7		0
10.8		0
10.9		0
11		0
11.1		0
11.2		0
11.3		0
11.4		0
11.5		0
11.6		0
11.7		0
11.8		0
11.9		0
12		0
12.1		0
12.2		0
12.3		0
12.4		0
12.5		0
12.6		0
12.7		0
12.8		0
12.9		0
13		0
13.1		0
13.2		0
13.3		0
13.4		0
13.5		0
13.6		0
13.7		0
13.8		0
13.9		0
14		0
14.1		0
14.2		0
14.3		0
14.4		0
14.5		0
14.6		0
14.7		0
14.8		0
14.9		0
15		0
15.1		0
15.2		0
15.3		0
15.4		0
15.5		0
15.6		0
15.7		0
15.8		0
15.9		0
16		0
16.1		0.00107596
16.2		0.00107596
16.3		0.00107596
16.4		0.00107596
16.5		0.00107596
16.6		0.00107596
16.7		0.00107596
16.8		0.00107596
16.9		0.00107596
17		0.00107596
17.1		0.0066998
17.2		0.0066998
17.3		0.0066998
17.4		0.0066998
17.5		0.0066998
17.6		0.0066998
17.7		0.0066998
17.8		0.0066998
17.9		0.0066998
18		0.0066998
18.1		0.00712131
18.2		0.00712131
18.3		0.00712131
18.4		0.00712131
18.5		0.00712131
18.6		0.00712131
18.7		0.00712131
18.8		0.00712131
18.9		0.00712131
19		0.00712131
19.1		0.0104601
19.2		0.0104601
19.3		0.0104601
19.4		0.0104601
19.5		0.0104601
19.6		0.0104601
19.7		0.0104601
19.8		0.0104601
19.9		0.0104601
20		0.0104601
20.1		0.0153408
20.2		0.0153408
20.3		0.0153408
20.4		0.0153408
20.5		0.0153408
20.6		0.0153408
20.7		0.0153408
20.8		0.0153408
20.9		0.0153408
21		0.0153408
21.1		0.0170712
21.2		0.0170712
21.3		0.0170712
21.4		0.0170712
21.5		0.0170712
21.6		0.0170712
21.7		0.0170712
21.8		0.0170712
21.9		0.0170712
22		0.0170712
22.1		0.0175481
22.2		0.0175481
22.3		0.0175481
22.4		0.0175481
22.5		0.0175481
22.6		0.0175481
22.7		0.0175481
22.8		0.0175481
22.9		0.0175481
23		0.0175481
23.1		0.0178033
23.2		0.0178033
23.3		0.0178033
23.4		0.0178033
23.5		0.0178033
23.6		0.0178033
23.7		0.0178033
23.8		0.0178033
23.9		0.0178033
24		0.0178033
24.1		0.0232053
24.2		0.0232053
24.3		0.0232053
24.4		0.0232053
24.5		0.0232053
24.6		0.0232053
24.7		0.0232053
24.8		0.0232053
24.9		0.0232053
25		0.0232053
25.1		0.0247471
25.2		0.0247471
25.3		0.0247471
25.4		0.0247471
25.5		0.0247471
25.6		0.0247471
25.7		0.0247471
25.8		0.0247471
25.9		0.0247471
26		0.0247471
26.1		0.0251464
26.2		0.0251464
26.3		0.0251464
26.4		0.0251464
26.5		0.0251464
26.6		0.0251464
26.7		0.0251464
26.8		0.0251464
26.9		0.0251464
27		0.0251464
27.1		0.0285629
27.2		0.0285629
27.3		0.0285629
27.4		0.0285629
27.5		0.0285629
27.6		0.0285629
27.7		0.0285629
27.8		0.0285629
27.9		0.0285629
28		0.0285629
28.1		0.0298607
28.2		0.0298607
28.3		0.0298607
28.4		0.0298607
28.5		0.0298607
28.6		0.0298607
28.7		0.0298607
28.8		0.0298607
28.9		0.0298607
29		0.0298607
29.1		0.033377
29.2		0.033377
29.3		0.033377
29.4		0.033377
29.5		0.033377
29.6		0.033377
29.7		0.033377
29.8		0.033377
29.9		0.033377
30		0.033377
30.1		0.035185
30.2		0.035185
30.3		0.035185
30.4		0.035185
30.5		0.035185
30.6		0.035185
30.7		0.035185
30.8		0.035185
30.9		0.035185
31		0.035185
31.1		0.035418
31.2		0.035418
31.3		0.035418
31.4		0.035418
31.5		0.035418
31.6		0.035418
31.7		0.035418
31.8		0.035418
31.9		0.035418
32		0.035418
32.1		0.037459
32.2		0.037459
32.3		0.037459
32.4		0.037459
32.5		0.037459
32.6		0.037459
32.7		0.037459
32.8		0.037459
32.9		0.037459
33		0.037459
33.1		0.0403984
33.2		0.0403984
33.3		0.0403984
33.4		0.0403984
33.5		0.0403984
33.6		0.0403984
33.7		0.0403984
33.8		0.0403984
33.9		0.0403984
34		0.0403984
34.1		0.0425504
34.2		0.0425504
34.3		0.0425504
34.4		0.0425504
34.5		0.0425504
34.6		0.0425504
34.7		0.0425504
34.8		0.0425504
34.9		0.0425504
35		0.0425504
35.1		0.0445581
35.2		0.0445581
35.3		0.0445581
35.4		0.0445581
35.5		0.0445581
35.6		0.0445581
35.7		0.0445581
35.8		0.0445581
35.9		0.0445581
36		0.0445581
36.1		0.0458559
36.2		0.0458559
36.3		0.0458559
36.4		0.0458559
36.5		0.0458559
36.6		0.0458559
36.7		0.0458559
36.8		0.0458559
36.9		0.0458559
37		0.0458559
37.1		0.0467211
37.2		0.0467211
37.3		0.0467211
37.4		0.0467211
37.5		0.0467211
37.6		0.0467211
37.7		0.0467211
37.8		0.0467211
37.9		0.0467211
38		0.0467211
38.1		0.0490283
38.2		0.0490283
38.3		0.0490283
38.4		0.0490283
38.5		0.0490283
38.6		0.0490283
38.7		0.0490283
38.8		0.0490283
38.9		0.0490283
39		0.0490283
39.1		0.0502485
39.2		0.0502485
39.3		0.0502485
39.4		0.0502485
39.5		0.0502485
39.6		0.0502485
39.7		0.0502485
39.8		0.0502485
39.9		0.0502485
40		0.0502485
40.1		0.0544636
40.2		0.0544636
40.3		0.0544636
40.4		0.0544636
40.5		0.0544636
40.6		0.0544636
40.7		0.0544636
40.8		0.0544636
40.9		0.0544636
41		0.0544636
41.1		0.0568262
41.2		0.0568262
41.3		0.0568262
41.4		0.0568262
41.5		0.0568262
41.6		0.0568262
41.7		0.0568262
41.8		0.0568262
41.9		0.0568262
42		0.0568262
42.1		0.0599099
42.2		0.0599099
42.3		0.0599099
42.4		0.0599099
42.5		0.0599099
42.6		0.0599099
42.7		0.0599099
42.8		0.0599099
42.9		0.0599099
43		0.0599099
43.1		0.0602316
43.2		0.0602316
43.3		0.0602316
43.4		0.0602316
43.5		0.0602316
43.6		0.0602316
43.7		0.0602316
43.8		0.0602316
43.9		0.0602316
44		0.0602316
44.1		0.0614185
44.2		0.0614185
44.3		0.0614185
44.4		0.0614185
44.5		0.0614185
44.6		0.0614185
44.7		0.0614185
44.8		0.0614185
44.9		0.0614185
45		0.0614185
45.1		0.0622615
45.2		0.0622615
45.3		0.0622615
45.4		0.0622615
45.5		0.0622615
45.6		0.0622615
45.7		0.0622615
45.8		0.0622615
45.9		0.0622615
46		0.0622615
46.1		0.0670867
46.2		0.0670867
46.3		0.0670867
46.4		0.0670867
46.5		0.0670867
46.6		0.0670867
46.7		0.0670867
46.8		0.0670867
46.9		0.0670867
47		0.0670867
47.1		0.0680517
47.2		0.0680517
47.3		0.0680517
47.4		0.0680517
47.5		0.0680517
47.6		0.0680517
47.7		0.0680517
47.8		0.0680517
47.9		0.0680517
48		0.0680517
48.1		0.0694827
48.2		0.0694827
48.3		0.0694827
48.4		0.0694827
48.5		0.0694827
48.6		0.0694827
48.7		0.0694827
48.8		0.0694827
48.9		0.0694827
49		0.0694827
49.1		0.0709136
49.2		0.0709136
49.3		0.0709136
49.4		0.0709136
49.5		0.0709136
49.6		0.0709136
49.7		0.0709136
49.8		0.0709136
49.9		0.0709136
50		0.0709136
50.1		0.0754725
50.2		0.0754725
50.3		0.0754725
50.4		0.0754725
50.5		0.0754725
50.6		0.0754725
50.7		0.0754725
50.8		0.0754725
50.9		0.0754725
51		0.0754725
51.1		0.0780127
51.2		0.0780127
51.3		0.0780127
51.4		0.0780127
51.5		0.0780127
51.6		0.0780127
51.7		0.0780127
51.8		0.0780127
51.9		0.0780127
52		0.0780127
52.1		0.0786671
52.2		0.0786671
52.3		0.0786671
52.4		0.0786671
52.5		0.0786671
52.6		0.0786671
52.7		0.0786671
52.8		0.0786671
52.9		0.0786671
53		0.0786671
53.1		0.0801424
53.2		0.0801424
53.3		0.0801424
53.4		0.0801424
53.5		0.0801424
53.6		0.0801424
53.7		0.0801424
53.8		0.0801424
53.9		0.0801424
54		0.0801424
54.1		0.0824607
54.2		0.0824607
54.3		0.0824607
54.4		0.0824607
54.5		0.0824607
54.6		0.0824607
54.7		0.0824607
54.8		0.0824607
54.9		0.0824607
55		0.0824607
55.1		0.0852338
55.2		0.0852338
55.3		0.0852338
55.4		0.0852338
55.5		0.0852338
55.6		0.0852338
55.7		0.0852338
55.8		0.0852338
55.9		0.0852338
56		0.0852338
56.1		0.0854002
56.2		0.0854002
56.3		0.0854002
56.4		0.0854002
56.5		0.0854002
56.6		0.0854002
56.7		0.0854002
56.8		0.0854002
56.9		0.0854002
57		0.0854002
57.1		0.0895599
57.2		0.0895599
57.3		0.0895599
57.4		0.0895599
57.5		0.0895599
57.6		0.0895599
57.7		0.0895599
57.8		0.0895599
57.9		0.0895599
58		0.0895599
58.1		0.0918227
58.2		0.0918227
58.3		0.0918227
58.4		0.0918227
58.5		0.0918227
58.6		0.0918227
58.7		0.0918227
58.8		0.0918227
58.9		0.0918227
59		0.0918227
59.1		0.0954943
59.2		0.0954943
59.3		0.0954943
59.4		0.0954943
59.5		0.0954943
59.6		0.0954943
59.7		0.0954943
59.8		0.0954943
59.9		0.0954943
60		0.0954943
60.1		0.0965037
60.2		0.0965037
60.3		0.0965037
60.4		0.0965037
60.5		0.0965037
60.6		0.0965037
60.7		0.0965037
60.8		0.0965037
60.9		0.0965037
61		0.0965037
61.1		0.0972691
61.2		0.0972691
61.3		0.0972691
61.4		0.0972691
61.5		0.0972691
61.6		0.0972691
61.7		0.0972691
61.8		0.0972691
61.9		0.0972691
62		0.0972691
62.1		0.099543
62.2		0.099543
62.3		0.099543
62.4		0.099543
62.5		0.099543
62.6		0.099543
62.7		0.099543
62.8		0.099543
62.9		0.099543
63		0.099543
63.1		0.103059
63.2		0.103059
63.3		0.103059
63.4		0.103059
63.5		0.103059
63.6		0.103059
63.7		0.103059
63.8		0.103059
63.9		0.103059
64		0.103059
64.1		0.104291
64.2		0.104291
64.3		0.104291
64.4		0.104291
64.5		0.104291
64.6		0.104291
64.7		0.104291
64.8		0.104291
64.9		0.104291
65		0.104291
65.1		0.105622
65.2		0.105622
65.3		0.105622
65.4		0.105622
65.5		0.105622
65.6		0.105622
65.7		0.105622
65.8		0.105622
65.9		0.105622
66		0.105622
66.1		0.108605
66.2		0.108605
66.3		0.108605
66.4		0.108605
66.5		0.108605
66.6		0.108605
66.7		0.108605
66.8		0.108605
66.9		0.108605
67		0.108605
67.1		0.108949
67.2		0.108949
67.3		0.108949
67.4		0.108949
67.5		0.108949
67.6		0.108949
67.7		0.108949
67.8		0.108949
67.9		0.108949
68		0.108949
68.1		0.11241
68.2		0.11241
68.3		0.11241
68.4		0.11241
68.5		0.11241
68.6		0.11241
68.7		0.11241
68.8		0.11241
68.9		0.11241
69		0.11241
69.1		0.113231
69.2		0.113231
69.3		0.113231
69.4		0.113231
69.5		0.113231
69.6		0.113231
69.7		0.113231
69.8		0.113231
69.9		0.113231
70		0.113231
70.1		0.114096
70.2		0.114096
70.3		0.114096
70.4		0.114096
70.5		0.114096
70.6		0.114096
70.7		0.114096
70.8		0.114096
70.9		0.114096
71		0.114096
71.1		0.116037
71.2		0.116037
71.3		0.116037
71.4		0.116037
71.5		0.116037
71.6		0.116037
71.7		0.116037
71.8		0.116037
71.9		0.116037
72		0.116037
72.1		0.120153
72.2		0.120153
72.3		0.120153
72.4		0.120153
72.5		0.120153
72.6		0.120153
72.7		0.120153
72.8		0.120153
72.9		0.120153
73		0.120153
73.1		0.120508
73.2		0.120508
73.3		0.120508
73.4		0.120508
73.5		0.120508
73.6		0.120508
73.7		0.120508
73.8		0.120508
73.9		0.120508
74		0.120508
74.1		0.123613
74.2		0.123613
74.3		0.123613
74.4		0.123613
74.5		0.123613
74.6		0.123613
74.7		0.123613
74.8		0.123613
74.9		0.123613
75		0.123613
75.1		0.124312
75.2		0.124312
75.3		0.124312
75.4		0.124312
75.5		0.124312
75.6		0.124312
75.7		0.124312
75.8		0.124312
75.9		0.124312
76		0.124312
76.1		0.12876
76.2		0.12876
76.3		0.12876
76.4		0.12876
76.5		0.12876
76.6		0.12876
76.7		0.12876
76.8		0.12876
76.9		0.12876
77		0.12876
77.1		0.128916
77.2		0.128916
77.3		0.128916
77.4		0.128916
77.5		0.128916
77.6		0.128916
77.7		0.128916
77.8		0.128916
77.9		0.128916
78		0.128916
78.1		0.129093
78.2		0.129093
78.3		0.129093
78.4		0.129093
78.5		0.129093
78.6		0.129093
78.7		0.129093
78.8		0.129093
78.9		0.129093
79		0.129093
79.1		0.132842
79.2		0.132842
79.3		0.132842
79.4		0.132842
79.5		0.132842
79.6		0.132842
79.7		0.132842
79.8		0.132842
79.9		0.132842
80		0.132842
80.1		0.137024
80.2		0.137024
80.3		0.137024
80.4		0.137024
80.5		0.137024
80.6		0.137024
80.7		0.137024
80.8		0.137024
80.9		0.137024
81		0.137024
81.1		0.139487
81.2		0.139487
81.3		0.139487
81.4		0.139487
81.5		0.139487
81.6		0.139487
81.7		0.139487
81.8		0.139487
81.9		0.139487
82		0.139487
82.1		0.140097
82.2		0.140097
82.3		0.140097
82.4		0.140097
82.5		0.140097
82.6		0.140097
82.7		0.140097
82.8		0.140097
82.9		0.140097
83		0.140097
83.1		0.140307
83.2		0.140307
83.3		0.140307
83.4		0.140307
83.5		0.140307
83.6		0.140307
83.7		0.140307
83.8		0.140307
83.9		0.140307
84		0.140307
84.1		0.143624
84.2		0.143624
84.3		0.143624
84.4		0.143624
84.5		0.143624
84.6		0.143624
84.7		0.143624
84.8		0.143624
84.9		0.143624
85		0.143624
85.1		0.146453
85.2		0.146453
85.3		0.146453
85.4		0.146453
85.5		0.146453
85.6		0.146453
85.7		0.146453
85.8		0.146453
85.9		0.146453
86		0.146453
86.1		0.149581
86.2		0.149581
86.3		0.149581
86.4		0.149581
86.5		0.149581
86.6		0.149581
86.7		0.149581
86.8		0.149581
86.9		0.149581
87		0.149581
87.1		0.151089
87.2		0.151089
87.3		0.151089
87.4		0.151089
87.5		0.151089
87.6		0.151089
87.7		0.151089
87.8		0.151089
87.9		0.151089
88		0.151089
88.1		0.152398
88.2		0.152398
88.3		0.152398
88.4		0.152398
88.5		0.152398
88.6		0.152398
88.7		0.152398
88.8		0.152398
88.9		0.152398
89		0.152398
89.1		0.154783
89.2		0.154783
89.3		0.154783
89.4		0.154783
89.5		0.154783
89.6		0.154783
89.7		0.154783
89.8		0.154783
89.9		0.154783
90		0.154783
90.1		0.156125
90.2		0.156125
90.3		0.156125
90.4		0.156125
90.5		0.156125
90.6		0.156125
90.7		0.156125
90.8		0.156125
90.9		0.156125
91		0.156125
91.1		0.158266
91.2		0.158266
91.3		0.158266
91.4		0.158266
91.5		0.158266
91.6		0.158266
91.7		0.158266
91.8		0.158266
91.9		0.158266
92		0.158266
92.1		0.159453
92.2		0.159453
92.3		0.159453
92.4		0.159453
92.5		0.159453
92.6		0.159453
92.7		0.159453
92.8		0.159453
92.9		0.159453
93		0.159453
93.1		0.162514
93.2		0.162514
93.3		0.162514
93.4		0.162514
93.5		0.162514
93.6		0.162514
93.7		0.162514
93.8		0.162514
93.9		0.162514
94		0.162514
94.1		0.165543
94.2		0.165543
94.3		0.165543
94.4		0.165543
94.5		0.165543
94.6		0.165543
94.7		0.165543
94.8		0.165543
94.9		0.165543
95		0.165543
95.1		0.166009
95.2		0.166009
95.3		0.166009
95.4		0.166009
95.5		0.166009
95.6		0.166009
95.7		0.166009
95.8		0.166009
95.9		0.166009
96		0.166009
96.1		0.168172
96.2		0.168172
96.3		0.168172
96.4		0.168172
96.5		0.168172
96.6		0.168172
96.7		0.168172
96.8		0.168172
96.9		0.168172
97		0.168172
97.1		0.171266
97.2		0.171266
97.3		0.171266
97.4		0.171266
97.5		0.171266
97.6		0.171266
97.7		0.171266
97.8		0.171266
97.9		0.171266
98		0.171266
98.1		0.175326
98.2		0.175326
98.3		0.175326
98.4		0.175326
98.5		0.175326
98.6		0.175326
98.7		0.175326
98.8		0.175326
98.9		0.175326
99		0.175326
99.1		0.175459
99.2		0.175459
99.3		0.175459
99.4		0.175459
99.5		0.175459
99.6		0.175459
99.7		0.175459
99.8		0.175459
99.9		0.175459
100		0.175459
100.1		0.175548
100.2		0.175548
100.3		0.175548
100.4		0.175548
100.5		0.175548
100.6		0.175548
100.7		0.175548
100.8		0.175548
100.9		0.175548
101		0.175548
101.1		0.176535
101.2		0.176535
101.3		0.176535
101.4		0.176535
101.5		0.176535
101.6		0.176535
101.7		0.176535
101.8		0.176535
101.9		0.176535
102		0.176535
102.1		0.181516
102.2		0.181516
102.3		0.181516
102.4		0.181516
102.5		0.181516
102.6		0.181516
102.7		0.181516
102.8		0.181516
102.9		0.181516
103		0.181516
103.1		0.182392
103.2		0.182392
103.3		0.182392
103.4		0.182392
103.5		0.182392
103.6		0.182392
103.7		0.182392
103.8		0.182392
103.9		0.182392
104		0.182392
104.1		0.186563
104.2		0.186563
104.3		0.186563
104.4		0.186563
104.5		0.186563
104.6		0.186563
104.7		0.186563
104.8		0.186563
104.9		0.186563
105		0.186563
105.1		0.18938
105.2		0.18938
105.3		0.18938
105.4		0.18938
105.5		0.18938
105.6		0.18938
105.7		0.18938
105.8		0.18938
105.9		0.18938
106		0.18938
106.1		0.191832
106.2		0.191832
106.3		0.191832
106.4		0.191832
106.5		0.191832
106.6		0.191832
106.7		0.191832
106.8		0.191832
106.9		0.191832
107		0.191832
107.1		0.192808
107.2		0.192808
107.3		0.192808
107.4		0.192808
107.5		0.192808
107.6		0.192808
107.7		0.192808
107.8		0.192808
107.9		0.192808
108		0.192808
108.1		0.193873
108.2		0.193873
108.3		0.193873
108.4		0.193873
108.5		0.193873
108.6		0.193873
108.7		0.193873
108.8		0.193873
108.9		0.193873
109		0.193873
109.1		0.194028
109.2		0.194028
109.3		0.194028
109.4		0.194028
109.5		0.194028
109.6		0.194028
109.7		0.194028
109.8		0.194028
109.9		0.194028
110		0.194028
110.1		0.198909
110.2		0.198909
110.3		0.198909
110.4		0.198909
110.5		0.198909
110.6		0.198909
110.7		0.198909
110.8		0.198909
110.9		0.198909
111		0.198909
111.1		0.202003
111.2		0.202003
111.3		0.202003
111.4		0.202003
111.5		0.202003
111.6		0.202003
111.7		0.202003
111.8		0.202003
111.9		0.202003
112		0.202003
112.1		0.202314
112.2		0.202314
112.3		0.202314
112.4		0.202314
112.5		0.202314
112.6		0.202314
112.7		0.202314
112.8		0.202314
112.9		0.202314
113		0.202314
113.1		0.203822
113.2		0.203822
113.3		0.203822
113.4		0.203822
113.5		0.203822
113.6		0.203822
113.7		0.203822
113.8		0.203822
113.9		0.203822
114		0.203822
114.1		0.207305
114.2		0.207305
114.3		0.207305
114.4		0.207305
114.5		0.207305
114.6		0.207305
114.7		0.207305
114.8		0.207305
114.9		0.207305
115		0.207305
115.1		0.209047
115.2		0.209047
115.3		0.209047
115.4		0.209047
115.5		0.209047
115.6		0.209047
115.7		0.209047
115.8		0.209047
115.9		0.209047
116		0.209047
116.1		0.209446
116.2		0.209446
116.3		0.209446
116.4		0.209446
116.5		0.209446
116.6		0.209446
116.7		0.209446
116.8		0.209446
116.9		0.209446
117		0.209446
117.1		0.21202
117.2		0.21202
117.3		0.21202
117.4		0.21202
117.5		0.21202
117.6		0.21202
117.7		0.21202
117.8		0.21202
117.9		0.21202
118		0.21202
118.1		0.214294
118.2		0.214294
118.3		0.214294
118.4		0.214294
118.5		0.214294
118.6		0.214294
118.7		0.214294
118.8		0.214294
118.9		0.214294
119		0.214294
119.1		0.217632
119.2		0.217632
119.3		0.217632
119.4		0.217632
119.5		0.217632
119.6		0.217632
119.7		0.217632
119.8		0.217632
119.9		0.217632
120		0.217632
120.1		0.218631
120.2		0.218631
120.3		0.218631
120.4		0.218631
120.5		0.218631
120.6		0.218631
120.7		0.218631
120.8		0.218631
120.9		0.218631
121		0.218631
121.1		0.221626
121.2		0.221626
121.3		0.221626
121.4		0.221626
121.5		0.221626
121.6		0.221626
121.7		0.221626
121.8		0.221626
121.9		0.221626
122		0.221626
122.1		0.222236
122.2		0.222236
122.3		0.222236
122.4		0.222236
122.5		0.222236
122.6		0.222236
122.7		0.222236
122.8		0.222236
122.9		0.222236
123		0.222236
123.1		0.223334
123.2		0.223334
123.3		0.223334
123.4		0.223334
123.5		0.223334
123.6		0.223334
123.7		0.223334
123.8		0.223334
123.9		0.223334
124		0.223334
124.1		0.228325
124.2		0.228325
124.3		0.228325
124.4		0.228325
124.5		0.228325
124.6		0.228325
124.7		0.228325
124.8		0.228325
124.9		0.228325
125		0.228325
125.1		0.229246
125.2		0.229246
125.3		0.229246
125.4		0.229246
125.5		0.229246
125.6		0.229246
125.7		0.229246
125.8		0.229246
125.9		0.229246
126		0.229246
126.1		0.232341
126.2		0.232341
126.3		0.232341
126.4		0.232341
126.5		0.232341
126.6		0.232341
126.7		0.232341
126.8		0.232341
126.9		0.232341
127		0.232341
127.1		0.233339
127.2		0.233339
127.3		0.233339
127.4		0.233339
127.5		0.233339
127.6		0.233339
127.7		0.233339
127.8		0.233339
127.9		0.233339
128		0.233339
128.1		0.23578
128.2		0.23578
128.3		0.23578
128.4		0.23578
128.5		0.23578
128.6		0.23578
128.7		0.23578
128.8		0.23578
128.9		0.23578
129		0.23578
129.1		0.2368
129.2		0.2368
129.3		0.2368
129.4		0.2368
129.5		0.2368
129.6		0.2368
129.7		0.2368
129.8		0.2368
129.9		0.2368
130		0.2368
130.1		0.24198
130.2		0.24198
130.3		0.24198
130.4		0.24198
130.5		0.24198
130.6		0.24198
130.7		0.24198
130.8		0.24198
130.9		0.24198
131		0.24198
131.1		0.244154
131.2		0.244154
131.3		0.244154
131.4		0.244154
131.5		0.244154
131.6		0.244154
131.7		0.244154
131.8		0.244154
131.9		0.244154
132		0.244154
132.1		0.245397
132.2		0.245397
132.3		0.245397
132.4		0.245397
132.5		0.245397
132.6		0.245397
132.7		0.245397
132.8		0.245397
132.9		0.245397
133		0.245397
133.1		0.24563
133.2		0.24563
133.3		0.24563
133.4		0.24563
133.5		0.24563
133.6		0.24563
133.7		0.24563
133.8		0.24563
133.9		0.24563
134		0.24563
134.1		0.246628
134.2		0.246628
134.3		0.246628
134.4		0.246628
134.5		0.246628
134.6		0.246628
134.7		0.246628
134.8		0.246628
134.9		0.246628
135		0.246628
135.1		0.249745
135.2		0.249745
135.3		0.249745
135.4		0.249745
135.5		0.249745
135.6		0.249745
135.7		0.249745
135.8		0.249745
135.9		0.249745
136		0.249745
136.1		0.251897
136.2		0.251897
136.3		0.251897
136.4		0.251897
136.5		0.251897
136.6		0.251897
136.7		0.251897
136.8		0.251897
136.9		0.251897
137		0.251897
137.1		0.254504
137.2		0.254504
137.3		0.254504
137.4		0.254504
137.5		0.254504
137.6		0.254504
137.7		0.254504
137.8		0.254504
137.9		0.254504
138		0.254504
138.1		0.255579
138.2		0.255579
138.3		0.255579
138.4		0.255579
138.5		0.255579
138.6		0.255579
138.7		0.255579
138.8		0.255579
138.9		0.255579
139		0.255579
139.1		0.256755
139.2		0.256755
139.3		0.256755
139.4		0.256755
139.5		0.256755
139.6		0.256755
139.7		0.256755
139.8		0.256755
139.9		0.256755
140		0.256755
140.1		0.259051
140.2		0.259051
140.3		0.259051
140.4		0.259051
140.5		0.259051
140.6		0.259051
140.7		0.259051
140.8		0.259051
140.9		0.259051
141		0.259051
141.1		0.262778
141.2		0.262778
141.3		0.262778
141.4		0.262778
141.5		0.262778
141.6		0.262778
141.7		0.262778
141.8		0.262778
141.9		0.262778
142		0.262778
142.1		0.263211
142.2		0.263211
142.3		0.263211
142.4		0.263211
142.5		0.263211
142.6		0.263211
142.7		0.263211
142.8		0.263211
142.9		0.263211
143		0.263211
143.1		0.265241
143.2		0.265241
143.3		0.265241
143.4		0.265241
143.5		0.265241
143.6		0.265241
143.7		0.265241
143.8		0.265241
143.9		0.265241
144		0.265241
144.1		0.268036
144.2		0.268036
144.3		0.268036
144.4		0.268036
144.5		0.268036
144.6		0.268036
144.7		0.268036
144.8		0.268036
144.9		0.268036
145		0.268036
145.1		0.269733
145.2		0.269733
145.3		0.269733
145.4		0.269733
145.5		0.269733
145.6		0.269733
145.7		0.269733
145.8		0.269733
145.9		0.269733
146		0.269733
146.1		0.273549
146.2		0.273549
146.3		0.273549
146.4		0.273549
146.5		0.273549
146.6		0.273549
146.7		0.273549
146.8		0.273549
146.9		0.273549
147		0.273549
147.1		0.274936
147.2		0.274936
147.3		0.274936
147.4		0.274936
147.5		0.274936
147.6		0.274936
147.7		0.274936
147.8		0.274936
147.9		0.274936
148		0.274936
148.1		0.275413
148.2		0.275413
148.3		0.275413
148.4		0.275413
148.5		0.275413
148.6		0.275413
148.7		0.275413
148.8		0.275413
148.9		0.275413
149		0.275413
149.1		0.277054
149.2		0.277054
149.3		0.277054
149.4		0.277054
149.5		0.277054
149.6		0.277054
149.7		0.277054
149.8		0.277054
149.9		0.277054
150		0.277054
150.1		0.283532
150.2		0.283532
150.3		0.283532
150.4		0.283532
150.5		0.283532
150.6		0.283532
150.7		0.283532
150.8		0.283532
150.9		0.283532
151		0.283532
151.1		0.28392
151.2		0.28392
151.3		0.28392
151.4		0.28392
151.5		0.28392
151.6		0.28392
151.7		0.28392
151.8		0.28392
151.9		0.28392
152		0.28392
152.1		0.285285
152.2		0.285285
152.3		0.285285
152.4		0.285285
152.5		0.285285
152.6		0.285285
152.7		0.285285
152.8		0.285285
152.9		0.285285
153		0.285285
153.1		0.286682
153.2		0.286682
153.3		0.286682
153.4		0.286682
153.5		0.286682
153.6		0.286682
153.7		0.286682
153.8		0.286682
153.9		0.286682
154		0.286682
154.1		0.289256
154.2		0.289256
154.3		0.289256
154.4		0.289256
154.5		0.289256
154.6		0.289256
154.7		0.289256
154.8		0.289256
154.9		0.289256
155		0.289256
155.1		0.292018
155.2		0.292018
155.3		0.292018
155.4		0.292018
155.5		0.292018
155.6		0.292018
155.7		0.292018
155.8		0.292018
155.9		0.292018
156		0.292018
156.1		0.292861
156.2		0.292861
156.3		0.292861
156.4		0.292861
156.5		0.292861
156.6		0.292861
156.7		0.292861
156.8		0.292861
156.9		0.292861
157		0.292861
157.1		0.29478
157.2		0.29478
157.3		0.29478
157.4		0.29478
157.5		0.29478
157.6		0.29478
157.7		0.29478
157.8		0.29478
157.9		0.29478
158		0.29478
158.1		0.298696
158.2		0.298696
158.3		0.298696
158.4		0.298696
158.5		0.298696
158.6		0.298696
158.7		0.298696
158.8		0.298696
158.9		0.298696
159		0.298696
159.1		0.299539
159.2		0.299539
159.3		0.299539
159.4		0.299539
159.5		0.299539
159.6		0.299539
159.7		0.299539
159.8		0.299539
159.9		0.299539
160		0.299539
160.1		0.299927
160.2		0.299927
160.3		0.299927
160.4		0.299927
160.5		0.299927
160.6		0.299927
160.7		0.299927
160.8		0.299927
160.9		0.299927
161		0.299927
161.1		0.303998
161.2		0.303998
161.3		0.303998
161.4		0.303998
161.5		0.303998
161.6		0.303998
161.7		0.303998
161.8		0.303998
161.9		0.303998
162		0.303998
162.1		0.306549
162.2		0.306549
162.3		0.306549
162.4		0.306549
162.5		0.306549
162.6		0.306549
162.7		0.306549
162.8		0.306549
162.9		0.306549
163		0.306549
163.1		0.308634
163.2		0.308634
163.3		0.308634
163.4		0.308634
163.5		0.308634
163.6		0.308634
163.7		0.308634
163.8		0.308634
163.9		0.308634
164		0.308634
164.1		0.309755
164.2		0.309755
164.3		0.309755
164.4		0.309755
164.5		0.309755
164.6		0.309755
164.7		0.309755
164.8		0.309755
164.9		0.309755
165		0.309755
165.1		0.311208
165.2		0.311208
165.3		0.311208
165.4		0.311208
165.5		0.311208
165.6		0.311208
165.7		0.311208
165.8		0.311208
165.9		0.311208
166		0.311208
166.1		0.313792
166.2		0.313792
166.3		0.313792
166.4		0.313792
166.5		0.313792
166.6		0.313792
166.7		0.313792
166.8		0.313792
166.9		0.313792
167		0.313792
167.1		0.315367
167.2		0.315367
167.3		0.315367
167.4		0.315367
167.5		0.315367
167.6		0.315367
167.7		0.315367
167.8		0.315367
167.9		0.315367
168		0.315367
168.1		0.317297
168.2		0.317297
168.3		0.317297
168.4		0.317297
168.5		0.317297
168.6		0.317297
168.7		0.317297
168.8		0.317297
168.9		0.317297
169		0.317297
169.1		0.320226
169.2		0.320226
169.3		0.320226
169.4		0.320226
169.5		0.320226
169.6		0.320226
169.7		0.320226
169.8		0.320226
169.9		0.320226
170		0.320226
170.1		0.321635
170.2		0.321635
170.3		0.321635
170.4		0.321635
170.5		0.321635
170.6		0.321635
170.7		0.321635
170.8		0.321635
170.9		0.321635
171		0.321635
171.1		0.324141
171.2		0.324141
171.3		0.324141
171.4		0.324141
171.5		0.324141
171.6		0.324141
171.7		0.324141
171.8		0.324141
171.9		0.324141
172		0.324141
172.1		0.324907
172.2		0.324907
172.3		0.324907
172.4		0.324907
172.5		0.324907
172.6		0.324907
172.7		0.324907
172.8		0.324907
172.9		0.324907
173		0.324907
173.1		0.325617
173.2		0.325617
173.3		0.325617
173.4		0.325617
173.5		0.325617
173.6		0.325617
173.7		0.325617
173.8		0.325617
173.9		0.325617
174		0.325617
174.1		0.329
174.2		0.329
174.3		0.329
174.4		0.329
174.5		0.329
174.6		0.329
174.7		0.329
174.8		0.329
174.9		0.329
175		0.329
175.1		0.332683
175.2		0.332683
175.3		0.332683
175.4		0.332683
175.5		0.332683
175.6		0.332683
175.7		0.332683
175.8		0.332683
175.9		0.332683
176		0.332683
176.1		0.334735
176.2		0.334735
176.3		0.334735
176.4		0.334735
176.5		0.334735
176.6		0.334735
176.7		0.334735
176.8		0.334735
176.9		0.334735
177		0.334735
177.1		0.336288
177.2		0.336288
177.3		0.336288
177.4		0.336288
177.5		0.336288
177.6		0.336288
177.7		0.336288
177.8		0.336288
177.9		0.336288
178		0.336288
178.1		0.337142
178.2		0.337142
178.3		0.337142
178.4		0.337142
178.5		0.337142
178.6		0.337142
178.7		0.337142
178.8		0.337142
178.9		0.337142
179		0.337142
179.1		0.338195
179.2		0.338195
179.3		0.338195
179.4		0.338195
179.5		0.338195
179.6		0.338195
179.7		0.338195
179.8		0.338195
179.9		0.338195
180		0.338195
180.1		0.342544
180.2		0.342544
180.3		0.342544
180.4		0.342544
180.5		0.342544
180.6		0.342544
180.7		0.342544
180.8		0.342544
180.9		0.342544
181		0.342544
181.1		0.343442
181.2		0.343442
181.3		0.343442
181.4		0.343442
181.5		0.343442
181.6		0.343442
181.7		0.343442
181.8		0.343442
181.9		0.343442
182		0.343442
182.1		0.343642
182.2		0.343642
182.3		0.343642
182.4		0.343642
182.5		0.343642
182.6		0.343642
182.7		0.343642
182.8		0.343642
182.9		0.343642
183		0.343642
183.1		0.34799
183.2		0.34799
183.3		0.34799
183.4		0.34799
183.5		0.34799
183.6		0.34799
183.7		0.34799
183.8		0.34799
183.9		0.34799
184		0.34799
184.1		0.351584
184.2		0.351584
184.3		0.351584
184.4		0.351584
184.5		0.351584
184.6		0.351584
184.7		0.351584
184.8		0.351584
184.9		0.351584
185		0.351584
185.1		0.351817
185.2		0.351817
185.3		0.351817
185.4		0.351817
185.5		0.351817
185.6		0.351817
185.7		0.351817
185.8		0.351817
185.9		0.351817
186		0.351817
186.1		0.352616
186.2		0.352616
186.3		0.352616
186.4		0.352616
186.5		0.352616
186.6		0.352616
186.7		0.352616
186.8		0.352616
186.9		0.352616
187		0.352616
187.1		0.354313
187.2		0.354313
187.3		0.354313
187.4		0.354313
187.5		0.354313
187.6		0.354313
187.7		0.354313
187.8		0.354313
187.9		0.354313
188		0.354313
188.1		0.361135
188.2		0.361135
188.3		0.361135
188.4		0.361135
188.5		0.361135
188.6		0.361135
188.7		0.361135
188.8		0.361135
188.9		0.361135
189		0.361135
189.1		0.361867
189.2		0.361867
189.3		0.361867
189.4		0.361867
189.5		0.361867
189.6		0.361867
189.7		0.361867
189.8		0.361867
189.9		0.361867
190		0.361867
190.1		0.362044
190.2		0.362044
190.3		0.362044
190.4		0.362044
190.5		0.362044
190.6		0.362044
190.7		0.362044
190.8		0.362044
190.9		0.362044
191		0.362044
191.1		0.362177
191.2		0.362177
191.3		0.362177
191.4		0.362177
191.5		0.362177
191.6		0.362177
191.7		0.362177
191.8		0.362177
191.9		0.362177
192		0.362177
192.1		0.368533
192.2		0.368533
192.3		0.368533
192.4		0.368533
192.5		0.368533
192.6		0.368533
192.7		0.368533
192.8		0.368533
192.9		0.368533
193		0.368533
193.1		0.369864
193.2		0.369864
193.3		0.369864
193.4		0.369864
193.5		0.369864
193.6		0.369864
193.7		0.369864
193.8		0.369864
193.9		0.369864
194		0.369864
194.1		0.37124
194.2		0.37124
194.3		0.37124
194.4		0.37124
194.5		0.37124
194.6		0.37124
194.7		0.37124
194.8		0.37124
194.9		0.37124
195		0.37124
195.1		0.372881
195.2		0.372881
195.3		0.372881
195.4		0.372881
195.5		0.372881
195.6		0.372881
195.7		0.372881
195.8		0.372881
195.9		0.372881
196		0.372881
196.1		0.377241
196.2		0.377241
196.3		0.377241
196.4		0.377241
196.5		0.377241
196.6		0.377241
196.7		0.377241
196.8		0.377241
196.9		0.377241
197		0.377241
197.1		0.379559
197.2		0.379559
197.3		0.379559
197.4		0.379559
197.5		0.379559
197.6		0.379559
197.7		0.379559
197.8		0.379559
197.9		0.379559
198		0.379559
198.1		0.379748
198.2		0.379748
198.3		0.379748
198.4		0.379748
198.5		0.379748
198.6		0.379748
198.7		0.379748
198.8		0.379748
198.9		0.379748
199		0.379748
199.1		0.380746
199.2		0.380746
199.3		0.380746
199.4		0.380746
199.5		0.380746
199.6		0.380746
199.7		0.380746
199.8		0.380746
199.9		0.380746
200		0.380746
200.1		0.385216
200.2		0.385216
200.3		0.385216
200.4		0.385216
200.5		0.385216
200.6		0.385216
200.7		0.385216
200.8		0.385216
200.9		0.385216
201		0.385216
201.1		0.388366
201.2		0.388366
201.3		0.388366
201.4		0.388366
201.5		0.388366
201.6		0.388366
201.7		0.388366
201.8		0.388366
201.9		0.388366
202		0.388366
202.1		0.388843
202.2		0.388843
202.3		0.388843
202.4		0.388843
202.5		0.388843
202.6		0.388843
202.7		0.388843
202.8		0.388843
202.9		0.388843
203		0.388843
203.1		0.391395
203.2		0.391395
203.3		0.391395
203.4		0.391395
203.5		0.391395
203.6		0.391395
203.7		0.391395
203.8		0.391395
203.9		0.391395
204		0.391395
204.1		0.394079
204.2		0.394079
204.3		0.394079
204.4		0.394079
204.5		0.394079
204.6		0.394079
204.7		0.394079
204.8		0.394079
204.9		0.394079
205		0.394079
205.1		0.395399
205.2		0.395399
205.3		0.395399
205.4		0.395399
205.5		0.395399
205.6		0.395399
205.7		0.395399
205.8		0.395399
205.9		0.395399
206		0.395399
206.1		0.397651
206.2		0.397651
206.3		0.397651
206.4		0.397651
206.5		0.397651
206.6		0.397651
206.7		0.397651
206.8		0.397651
206.9		0.397651
207		0.397651
207.1		0.398693
207.2		0.398693
207.3		0.398693
207.4		0.398693
207.5		0.398693
207.6		0.398693
207.7		0.398693
207.8		0.398693
207.9		0.398693
208		0.398693
208.1		0.401256
208.2		0.401256
208.3		0.401256
208.4		0.401256
208.5		0.401256
208.6		0.401256
208.7		0.401256
208.8		0.401256
208.9		0.401256
209		0.401256
209.1		0.404173
209.2		0.404173
209.3		0.404173
209.4		0.404173
209.5		0.404173
209.6		0.404173
209.7		0.404173
209.8		0.404173
209.9		0.404173
210		0.404173
210.1		0.406403
210.2		0.406403
210.3		0.406403
210.4		0.406403
210.5		0.406403
210.6		0.406403
210.7		0.406403
210.8		0.406403
210.9		0.406403
211		0.406403
211.1		0.408077
211.2		0.408077
211.3		0.408077
211.4		0.408077
211.5		0.408077
211.6		0.408077
211.7		0.408077
211.8		0.408077
211.9		0.408077
212		0.408077
212.1		0.411084
212.2		0.411084
212.3		0.411084
212.4		0.411084
212.5		0.411084
212.6		0.411084
212.7		0.411084
212.8		0.411084
212.9		0.411084
213		0.411084
213.1		0.412625
213.2		0.412625
213.3		0.412625
213.4		0.412625
213.5		0.412625
213.6		0.412625
213.7		0.412625
213.8		0.412625
213.9		0.412625
214		0.412625
214.1		0.414134
214.2		0.414134
214.3		0.414134
214.4		0.414134
214.5		0.414134
214.6		0.414134
214.7		0.414134
214.8		0.414134
214.9		0.414134
215		0.414134
215.1		0.415665
215.2		0.415665
215.3		0.415665
215.4		0.415665
215.5		0.415665
215.6		0.415665
215.7		0.415665
215.8		0.415665
215.9		0.415665
216		0.415665
216.1		0.417584
216.2		0.417584
216.3		0.417584
216.4		0.417584
216.5		0.417584
216.6		0.417584
216.7		0.417584
216.8		0.417584
216.9		0.417584
217		0.417584
217.1		0.419636
217.2		0.419636
217.3		0.419636
217.4		0.419636
217.5		0.419636
217.6		0.419636
217.7		0.419636
217.8		0.419636
217.9		0.419636
218		0.419636
218.1		0.422376
218.2		0.422376
218.3		0.422376
218.4		0.422376
218.5		0.422376
218.6		0.422376
218.7		0.422376
218.8		0.422376
218.9		0.422376
219		0.422376
219.1		0.423452
219.2		0.423452
219.3		0.423452
219.4		0.423452
219.5		0.423452
219.6		0.423452
219.7		0.423452
219.8		0.423452
219.9		0.423452
220		0.423452
220.1		0.423851
220.2		0.423851
220.3		0.423851
220.4		0.423851
220.5		0.423851
220.6		0.423851
220.7		0.423851
220.8		0.423851
220.9		0.423851
221		0.423851
221.1		0.426158
221.2		0.426158
221.3		0.426158
221.4		0.426158
221.5		0.426158
221.6		0.426158
221.7		0.426158
221.8		0.426158
221.9		0.426158
222		0.426158
222.1		0.42983
222.2		0.42983
222.3		0.42983
222.4		0.42983
222.5		0.42983
222.6		0.42983
222.7		0.42983
222.8		0.42983
222.9		0.42983
223		0.42983
223.1		0.431028
223.2		0.431028
223.3		0.431028
223.4		0.431028
223.5		0.431028
223.6		0.431028
223.7		0.431028
223.8		0.431028
223.9		0.431028
224		0.431028
224.1		0.433767
224.2		0.433767
224.3		0.433767
224.4		0.433767
224.5		0.433767
224.6		0.433767
224.7		0.433767
224.8		0.433767
224.9		0.433767
225		0.433767
225.1		0.434422
225.2		0.434422
225.3		0.434422
225.4		0.434422
225.5		0.434422
225.6		0.434422
225.7		0.434422
225.8		0.434422
225.9		0.434422
226		0.434422
226.1		0.436474
226.2		0.436474
226.3		0.436474
226.4		0.436474
226.5		0.436474
226.6		0.436474
226.7		0.436474
226.8		0.436474
226.9		0.436474
227		0.436474
227.1		0.439336
227.2		0.439336
227.3		0.439336
227.4		0.439336
227.5		0.439336
227.6		0.439336
227.7		0.439336
227.8		0.439336
227.9		0.439336
228		0.439336
228.1		0.440057
228.2		0.440057
228.3		0.440057
228.4		0.440057
228.5		0.440057
228.6		0.440057
228.7		0.440057
228.8		0.440057
228.9		0.440057
229		0.440057
229.1		0.442053
229.2		0.442053
229.3		0.442053
229.4		0.442053
229.5		0.442053
229.6		0.442053
229.7		0.442053
229.8		0.442053
229.9		0.442053
230		0.442053
230.1		0.445015
230.2		0.445015
230.3		0.445015
230.4		0.445015
230.5		0.445015
230.6		0.445015
230.7		0.445015
230.8		0.445015
230.9		0.445015
231		0.445015
231.1		0.446468
231.2		0.446468
231.3		0.446468
231.4		0.446468
231.5		0.446468
231.6		0.446468
231.7		0.446468
231.8		0.446468
231.9		0.446468
232		0.446468
232.1		0.44811
232.2		0.44811
232.3		0.44811
232.4		0.44811
232.5		0.44811
232.6		0.44811
232.7		0.44811
232.8		0.44811
232.9		0.44811
233		0.44811
233.1		0.44953
233.2		0.44953
233.3		0.44953
233.4		0.44953
233.5		0.44953
233.6		0.44953
233.7		0.44953
233.8		0.44953
233.9		0.44953
234		0.44953
234.1		0.452735
234.2		0.452735
234.3		0.452735
234.4		0.452735
234.5		0.452735
234.6		0.452735
234.7		0.452735
234.8		0.452735
234.9		0.452735
235		0.452735
235.1		0.453723
235.2		0.453723
235.3		0.453723
235.4		0.453723
235.5		0.453723
235.6		0.453723
235.7		0.453723
235.8		0.453723
235.9		0.453723
236		0.453723
236.1		0.458481
236.2		0.458481
236.3		0.458481
236.4		0.458481
236.5		0.458481
236.6		0.458481
236.7		0.458481
236.8		0.458481
236.9		0.458481
237		0.458481
237.1		0.458692
237.2		0.458692
237.3		0.458692
237.4		0.458692
237.5		0.458692
237.6		0.458692
237.7		0.458692
237.8		0.458692
237.9		0.458692
238		0.458692
238.1		0.462497
238.2		0.462497
238.3		0.462497
238.4		0.462497
238.5		0.462497
238.6		0.462497
238.7		0.462497
238.8		0.462497
238.9		0.462497
239		0.462497
239.1		0.464105
239.2		0.464105
239.3		0.464105
239.4		0.464105
239.5		0.464105
239.6		0.464105
239.7		0.464105
239.8		0.464105
239.9		0.464105
240		0.464105
240.1		0.468708
240.2		0.468708
240.3		0.468708
240.4		0.468708
240.5		0.468708
240.6		0.468708
240.7		0.468708
240.8		0.468708
240.9		0.468708
241		0.468708
241.1		0.469052
241.2		0.469052
241.3		0.469052
241.4		0.469052
241.5		0.469052
241.6		0.469052
241.7		0.469052
241.8		0.469052
241.9		0.469052
242		0.469052
242.1		0.469895
242.2		0.469895
242.3		0.469895
242.4		0.469895
242.5		0.469895
242.6		0.469895
242.7		0.469895
242.8		0.469895
242.9		0.469895
243		0.469895
243.1		0.473611
243.2		0.473611
243.3		0.473611
243.4		0.473611
243.5		0.473611
243.6		0.473611
243.7		0.473611
243.8		0.473611
243.9		0.473611
244		0.473611
244.1		0.47604
244.2		0.47604
244.3		0.47604
244.4		0.47604
244.5		0.47604
244.6		0.47604
244.7		0.47604
244.8		0.47604
244.9		0.47604
245		0.47604
245.1		0.476673
245.2		0.476673
245.3		0.476673
245.4		0.476673
245.5		0.476673
245.6		0.476673
245.7		0.476673
245.8		0.476673
245.9		0.476673
246		0.476673
246.1		0.47939
246.2		0.47939
246.3		0.47939
246.4		0.47939
246.5		0.47939
246.6		0.47939
246.7		0.47939
246.8		0.47939
246.9		0.47939
247		0.47939
247.1		0.47969
247.2		0.47969
247.3		0.47969
247.4		0.47969
247.5		0.47969
247.6		0.47969
247.7		0.47969
247.8		0.47969
247.9		0.47969
248		0.47969
248.1		0.483284
248.2		0.483284
248.3		0.483284
248.4		0.483284
248.5		0.483284
248.6		0.483284
248.7		0.483284
248.8		0.483284
248.9		0.483284
249		0.483284
249.1		0.484737
249.2		0.484737
249.3		0.484737
249.4		0.484737
249.5		0.484737
249.6		0.484737
249.7		0.484737
249.8		0.484737
249.9		0.484737
250		0.484737
250.1		0.487011
250.2		0.487011
250.3		0.487011
250.4		0.487011
250.5		0.487011
250.6		0.487011
250.7		0.487011
250.8		0.487011
250.9		0.487011
251		0.487011
251.1		0.48792
251.2		0.48792
251.3		0.48792
251.4		0.48792
251.5		0.48792
251.6		0.48792
251.7		0.48792
251.8		0.48792
251.9		0.48792
252		0.48792
252.1		0.492579
252.2		0.492579
252.3		0.492579
252.4		0.492579
252.5		0.492579
252.6		0.492579
252.7		0.492579
252.8		0.492579
252.9		0.492579
253		0.492579
253.1		0.493644
253.2		0.493644
253.3		0.493644
253.4		0.493644
253.5		0.493644
253.6		0.493644
253.7		0.493644
253.8		0.493644
253.9		0.493644
254		0.493644
254.1		0.496018
254.2		0.496018
254.3		0.496018
254.4		0.496018
254.5		0.496018
254.6		0.496018
254.7		0.496018
254.8		0.496018
254.9		0.496018
255		0.496018
255.1		0.497593
255.2		0.497593
255.3		0.497593
255.4		0.497593
255.5		0.497593
255.6		0.497593
255.7		0.497593
255.8		0.497593
255.9		0.497593
256		0.497593
256.1		0.500976
256.2		0.500976
256.3		0.500976
256.4		0.500976
256.5		0.500976
256.6		0.500976
256.7		0.500976
256.8		0.500976
256.9		0.500976
257		0.500976
257.1		0.502928
257.2		0.502928
257.3		0.502928
257.4		0.502928
257.5		0.502928
257.6		0.502928
257.7		0.502928
257.8		0.502928
257.9		0.502928
258		0.502928
258.1		0.505746
258.2		0.505746
258.3		0.505746
258.4		0.505746
258.5		0.505746
258.6		0.505746
258.7		0.505746
258.8		0.505746
258.9		0.505746
259		0.505746
259.1		0.5065
259.2		0.5065
259.3		0.5065
259.4		0.5065
259.5		0.5065
259.6		0.5065
259.7		0.5065
259.8		0.5065
259.9		0.5065
260		0.5065
260.1		0.507155
260.2		0.507155
260.3		0.507155
260.4		0.507155
260.5		0.507155
260.6		0.507155
260.7		0.507155
260.8		0.507155
260.9		0.507155
261		0.507155
261.1		0.511802
261.2		0.511802
261.3		0.511802
261.4		0.511802
261.5		0.511802
261.6		0.511802
261.7		0.511802
261.8		0.511802
261.9		0.511802
262		0.511802
262.1		0.513655
262.2		0.513655
262.3		0.513655
262.4		0.513655
262.5		0.513655
262.6		0.513655
262.7		0.513655
262.8		0.513655
262.9		0.513655
263		0.513655
263.1		0.51472
263.2		0.51472
263.3		0.51472
263.4		0.51472
263.5		0.51472
263.6		0.51472
263.7		0.51472
263.8		0.51472
263.9		0.51472
264		0.51472
264.1		0.51645
264.2		0.51645
264.3		0.51645
264.4		0.51645
264.5		0.51645
264.6		0.51645
264.7		0.51645
264.8		0.51645
264.9		0.51645
265		0.51645
265.1		0.517182
265.2		0.517182
265.3		0.517182
265.4		0.517182
265.5		0.517182
265.6		0.517182
265.7		0.517182
265.8		0.517182
265.9		0.517182
266		0.517182
266.1		0.521785
266.2		0.521785
266.3		0.521785
266.4		0.521785
266.5		0.521785
266.6		0.521785
266.7		0.521785
266.8		0.521785
266.9		0.521785
267		0.521785
267.1		0.523006
267.2		0.523006
267.3		0.523006
267.4		0.523006
267.5		0.523006
267.6		0.523006
267.7		0.523006
267.8		0.523006
267.9		0.523006
268		0.523006
268.1		0.524148
268.2		0.524148
268.3		0.524148
268.4		0.524148
268.5		0.524148
268.6		0.524148
268.7		0.524148
268.8		0.524148
268.9		0.524148
269		0.524148
269.1		0.52508
269.2		0.52508
269.3		0.52508
269.4		0.52508
269.5		0.52508
269.6		0.52508
269.7		0.52508
269.8		0.52508
269.9		0.52508
270		0.52508
270.1		0.530038
270.2		0.530038
270.3		0.530038
270.4		0.530038
270.5		0.530038
270.6		0.530038
270.7		0.530038
270.8		0.530038
270.9		0.530038
271		0.530038
271.1		0.532334
271.2		0.532334
271.3		0.532334
271.4		0.532334
271.5		0.532334
271.6		0.532334
271.7		0.532334
271.8		0.532334
271.9		0.532334
272		0.532334
272.1		0.532978
272.2		0.532978
272.3		0.532978
272.4		0.532978
272.5		0.532978
272.6		0.532978
272.7		0.532978
272.8		0.532978
272.9		0.532978
273		0.532978
273.1		0.533266
273.2		0.533266
273.3		0.533266
273.4		0.533266
273.5		0.533266
273.6		0.533266
273.7		0.533266
273.8		0.533266
273.9		0.533266
274		0.533266
274.1		0.536716
274.2		0.536716
274.3		0.536716
274.4		0.536716
274.5		0.536716
274.6		0.536716
274.7		0.536716
274.8		0.536716
274.9		0.536716
275		0.536716
275.1		0.537958
275.2		0.537958
275.3		0.537958
275.4		0.537958
275.5		0.537958
275.6		0.537958
275.7		0.537958
275.8		0.537958
275.9		0.537958
276		0.537958
276.1		0.540665
276.2		0.540665
276.3		0.540665
276.4		0.540665
276.5		0.540665
276.6		0.540665
276.7		0.540665
276.8		0.540665
276.9		0.540665
277		0.540665
277.1		0.541996
277.2		0.541996
277.3		0.541996
277.4		0.541996
277.5		0.541996
277.6		0.541996
277.7		0.541996
277.8		0.541996
277.9		0.541996
278		0.541996
278.1		0.543649
278.2		0.543649
278.3		0.543649
278.4		0.543649
278.5		0.543649
278.6		0.543649
278.7		0.543649
278.8		0.543649
278.9		0.543649
279		0.543649
279.1		0.543948
279.2		0.543948
279.3		0.543948
279.4		0.543948
279.5		0.543948
279.6		0.543948
279.7		0.543948
279.8		0.543948
279.9		0.543948
280		0.543948
280.1		0.54712
280.2		0.54712
280.3		0.54712
280.4		0.54712
280.5		0.54712
280.6		0.54712
280.7		0.54712
280.8		0.54712
280.9		0.54712
281		0.54712
281.1		0.548973
281.2		0.548973
281.3		0.548973
281.4		0.548973
281.5		0.548973
281.6		0.548973
281.7		0.548973
281.8		0.548973
281.9		0.548973
282		0.548973
282.1		0.553088
282.2		0.553088
282.3		0.553088
282.4		0.553088
282.5		0.553088
282.6		0.553088
282.7		0.553088
282.8		0.553088
282.9		0.553088
283		0.553088
283.1		0.555373
283.2		0.555373
283.3		0.555373
283.4		0.555373
283.5		0.555373
283.6		0.555373
283.7		0.555373
283.8		0.555373
283.9		0.555373
284		0.555373
284.1		0.558035
284.2		0.558035
284.3		0.558035
284.4		0.558035
284.5		0.558035
284.6		0.558035
284.7		0.558035
284.8		0.558035
284.9		0.558035
285		0.558035
285.1		0.56316
285.2		0.56316
285.3		0.56316
285.4		0.56316
285.5		0.56316
285.6		0.56316
285.7		0.56316
285.8		0.56316
285.9		0.56316
286		0.56316
286.1		0.563393
286.2		0.563393
286.3		0.563393
286.4		0.563393
286.5		0.563393
286.6		0.563393
286.7		0.563393
286.8		0.563393
286.9		0.563393
287		0.563393
287.1		0.564258
287.2		0.564258
287.3		0.564258
287.4		0.564258
287.5		0.564258
287.6		0.564258
287.7		0.564258
287.8		0.564258
287.9		0.564258
288		0.564258
288.1		0.567597
288.2		0.567597
288.3		0.567597
288.4		0.567597
288.5		0.567597
288.6		0.567597
288.7		0.567597
288.8		0.567597
288.9		0.567597
289		0.567597
289.1		0.57301
289.2		0.57301
289.3		0.57301
289.4		0.57301
289.5		0.57301
289.6		0.57301
289.7		0.57301
289.8		0.57301
289.9		0.57301
290		0.57301
290.1		0.57382
290.2		0.57382
290.3		0.57382
290.4		0.57382
290.5		0.57382
290.6		0.57382
290.7		0.57382
290.8		0.57382
290.9		0.57382
291		0.57382
291.1		0.574097
291.2		0.574097
291.3		0.574097
291.4		0.574097
291.5		0.574097
291.6		0.574097
291.7		0.574097
291.8		0.574097
291.9		0.574097
292		0.574097
292.1		0.574996
292.2		0.574996
292.3		0.574996
292.4		0.574996
292.5		0.574996
292.6		0.574996
292.7		0.574996
292.8		0.574996
292.9		0.574996
293		0.574996
293.1		0.578379
293.2		0.578379
293.3		0.578379
293.4		0.578379
293.5		0.578379
293.6		0.578379
293.7		0.578379
293.8		0.578379
293.9		0.578379
294		0.578379
294.1		0.581573
294.2		0.581573
294.3		0.581573
294.4		0.581573
294.5		0.581573
294.6		0.581573
294.7		0.581573
294.8		0.581573
294.9		0.581573
295		0.581573
295.1		0.584136
295.2		0.584136
295.3		0.584136
295.4		0.584136
295.5		0.584136
295.6		0.584136
295.7		0.584136
295.8		0.584136
295.9		0.584136
296		0.584136
296.1		0.584868
296.2		0.584868
296.3		0.584868
296.4		0.584868
296.5		0.584868
296.6		0.584868
296.7		0.584868
296.8		0.584868
296.9		0.584868
297		0.584868
297.1		0.58885
297.2		0.58885
297.3		0.58885
297.4		0.58885
297.5		0.58885
297.6		0.58885
297.7		0.58885
297.8		0.58885
297.9		0.58885
298		0.58885
298.1		0.592255
298.2		0.592255
298.3		0.592255
298.4		0.592255
298.5		0.592255
298.6		0.592255
298.7		0.592255
298.8		0.592255
298.9		0.592255
299		0.592255
299.1		0.597757
299.2		0.597757
299.3		0.597757
299.4		0.597757
299.5		0.597757
299.6		0.597757
299.7		0.597757
299.8		0.597757
299.9		0.597757
300		0.597757
300.1		0.597946
300.2		0.597946
300.3		0.597946
300.4		0.597946
300.5		0.597946
300.6		0.597946
300.7		0.597946
300.8		0.597946
300.9		0.597946
301		0.597946
301.1		0.600985
301.2		0.600985
301.3		0.600985
301.4		0.600985
301.5		0.600985
301.6		0.600985
301.7		0.600985
301.8		0.600985
301.9		0.600985
302		0.600985
302.1		0.601861
302.2		0.601861
302.3		0.601861
302.4		0.601861
302.5		0.601861
302.6		0.601861
302.7		0.601861
302.8		0.601861
302.9		0.601861
303		0.601861
303.1		0.606975
303.2		0.606975
303.3		0.606975
303.4		0.606975
303.5		0.606975
303.6		0.606975
303.7		0.606975
303.8		0.606975
303.9		0.606975
304		0.606975
304.1		0.609082
304.2		0.609082
304.3		0.609082
304.4		0.609082
304.5		0.609082
304.6		0.609082
304.7		0.609082
304.8		0.609082
304.9		0.609082
305		0.609082
305.1		0.609959
305.2		0.609959
305.3		0.609959
305.4		0.609959
305.5		0.609959
305.6		0.609959
305.7		0.609959
305.8		0.609959
305.9		0.609959
306		0.609959
306.1		0.611157
306.2		0.611157
306.3		0.611157
306.4		0.611157
306.5		0.611157
306.6		0.611157
306.7		0.611157
306.8		0.611157
306.9		0.611157
307		0.611157
307.1		0.611279
307.2		0.611279
307.3		0.611279
307.4		0.611279
307.5		0.611279
307.6		0.611279
307.7		0.611279
307.8		0.611279
307.9		0.611279
308		0.611279
308.1		0.616015
308.2		0.616015
308.3		0.616015
308.4		0.616015
308.5		0.616015
308.6		0.616015
308.7		0.616015
308.8		0.616015
308.9		0.616015
309		0.616015
309.1		0.617269
309.2		0.617269
309.3		0.617269
309.4		0.617269
309.5		0.617269
309.6		0.617269
309.7		0.617269
309.8		0.617269
309.9		0.617269
310		0.617269
310.1		0.620718
310.2		0.620718
310.3		0.620718
310.4		0.620718
310.5		0.620718
310.6		0.620718
310.7		0.620718
310.8		0.620718
310.9		0.620718
311		0.620718
311.1		0.621118
311.2		0.621118
311.3		0.621118
311.4		0.621118
311.5		0.621118
311.6		0.621118
311.7		0.621118
311.8		0.621118
311.9		0.621118
312		0.621118
312.1		0.622959
312.2		0.622959
312.3		0.622959
312.4		0.622959
312.5		0.622959
312.6		0.622959
312.7		0.622959
312.8		0.622959
312.9		0.622959
313		0.622959
313.1		0.626675
313.2		0.626675
313.3		0.626675
313.4		0.626675
313.5		0.626675
313.6		0.626675
313.7		0.626675
313.8		0.626675
313.9		0.626675
314		0.626675
314.1		0.628261
314.2		0.628261
314.3		0.628261
314.4		0.628261
314.5		0.628261
314.6		0.628261
314.7		0.628261
314.8		0.628261
314.9		0.628261
315		0.628261
315.1		0.630535
315.2		0.630535
315.3		0.630535
315.4		0.630535
315.5		0.630535
315.6		0.630535
315.7		0.630535
315.8		0.630535
315.9		0.630535
316		0.630535
316.1		0.632864
316.2		0.632864
316.3		0.632864
316.4		0.632864
316.5		0.632864
316.6		0.632864
316.7		0.632864
316.8		0.632864
316.9		0.632864
317		0.632864
317.1		0.633097
317.2		0.633097
317.3		0.633097
317.4		0.633097
317.5		0.633097
317.6		0.633097
317.7		0.633097
317.8		0.633097
317.9		0.633097
318		0.633097
318.1		0.635638
318.2		0.635638
318.3		0.635638
318.4		0.635638
318.5		0.635638
318.6		0.635638
318.7		0.635638
318.8		0.635638
318.9		0.635638
319		0.635638
319.1		0.637024
319.2		0.637024
319.3		0.637024
319.4		0.637024
319.5		0.637024
319.6		0.637024
319.7		0.637024
319.8		0.637024
319.9		0.637024
320		0.637024
320.1		0.643269
320.2		0.643269
320.3		0.643269
320.4		0.643269
320.5		0.643269
320.6		0.643269
320.7		0.643269
320.8		0.643269
320.9		0.643269
321		0.643269
321.1		0.643946
321.2		0.643946
321.3		0.643946
321.4		0.643946
321.5		0.643946
321.6		0.643946
321.7		0.643946
321.8		0.643946
321.9		0.643946
322		0.643946
322.1		0.644168
322.2		0.644168
322.3		0.644168
322.4		0.644168
322.5		0.644168
322.6		0.644168
322.7		0.644168
322.8		0.644168
322.9		0.644168
323		0.644168
323.1		0.646675
323.2		0.646675
323.3		0.646675
323.4		0.646675
323.5		0.646675
323.6		0.646675
323.7		0.646675
323.8		0.646675
323.9		0.646675
324		0.646675
324.1		0.652687
324.2		0.652687
324.3		0.652687
324.4		0.652687
324.5		0.652687
324.6		0.652687
324.7		0.652687
324.8		0.652687
324.9		0.652687
325		0.652687
325.1		0.654772
325.2		0.654772
325.3		0.654772
325.4		0.654772
325.5		0.654772
325.6		0.654772
325.7		0.654772
325.8		0.654772
325.9		0.654772
326		0.654772
326.1		0.655293
326.2		0.655293
326.3		0.655293
326.4		0.655293
326.5		0.655293
326.6		0.655293
326.7		0.655293
326.8		0.655293
326.9		0.655293
327		0.655293
327.1		0.655837
327.2		0.655837
327.3		0.655837
327.4		0.655837
327.5		0.655837
327.6		0.655837
327.7		0.655837
327.8		0.655837
327.9		0.655837
328		0.655837
328.1		0.659808
328.2		0.659808
328.3		0.659808
328.4		0.659808
328.5		0.659808
328.6		0.659808
328.7		0.659808
328.8		0.659808
328.9		0.659808
329		0.659808
329.1		0.660041
329.2		0.660041
329.3		0.660041
329.4		0.660041
329.5		0.660041
329.6		0.660041
329.7		0.660041
329.8		0.660041
329.9		0.660041
330		0.660041
330.1		0.663979
330.2		0.663979
330.3		0.663979
330.4		0.663979
330.5		0.663979
330.6		0.663979
330.7		0.663979
330.8		0.663979
330.9		0.663979
331		0.663979
331.1		0.665132
331.2		0.665132
331.3		0.665132
331.4		0.665132
331.5		0.665132
331.6		0.665132
331.7		0.665132
331.8		0.665132
331.9		0.665132
332		0.665132
332.1		0.669015
332.2		0.669015
332.3		0.669015
332.4		0.669015
332.5		0.669015
332.6		0.669015
332.7		0.669015
332.8		0.669015
332.9		0.669015
333		0.669015
333.1		0.669203
333.2		0.669203
333.3		0.669203
333.4		0.669203
333.5		0.669203
333.6		0.669203
333.7		0.669203
333.8		0.669203
333.9		0.669203
334		0.669203
334.1		0.670235
334.2		0.670235
334.3		0.670235
334.4		0.670235
334.5		0.670235
334.6		0.670235
334.7		0.670235
334.8		0.670235
334.9		0.670235
335		0.670235
335.1		0.670645
335.2		0.670645
335.3		0.670645
335.4		0.670645
335.5		0.670645
335.6		0.670645
335.7		0.670645
335.8		0.670645
335.9		0.670645
336		0.670645
336.1		0.674461
336.2		0.674461
336.3		0.674461
336.4		0.674461
336.5		0.674461
336.6		0.674461
336.7		0.674461
336.8		0.674461
336.9		0.674461
337		0.674461
337.1		0.675992
337.2		0.675992
337.3		0.675992
337.4		0.675992
337.5		0.675992
337.6		0.675992
337.7		0.675992
337.8		0.675992
337.9		0.675992
338		0.675992
338.1		0.679142
338.2		0.679142
338.3		0.679142
338.4		0.679142
338.5		0.679142
338.6		0.679142
338.7		0.679142
338.8		0.679142
338.9		0.679142
339		0.679142
339.1		0.682725
339.2		0.682725
339.3		0.682725
339.4		0.682725
339.5		0.682725
339.6		0.682725
339.7		0.682725
339.8		0.682725
339.9		0.682725
340		0.682725
340.1		0.684943
340.2		0.684943
340.3		0.684943
340.4		0.684943
340.5		0.684943
340.6		0.684943
340.7		0.684943
340.8		0.684943
340.9		0.684943
341		0.684943
341.1		0.689857
341.2		0.689857
341.3		0.689857
341.4		0.689857
341.5		0.689857
341.6		0.689857
341.7		0.689857
341.8		0.689857
341.9		0.689857
342		0.689857
342.1		0.691599
342.2		0.691599
342.3		0.691599
342.4		0.691599
342.5		0.691599
342.6		0.691599
342.7		0.691599
342.8		0.691599
342.9		0.691599
343		0.691599
343.1		0.693318
343.2		0.693318
343.3		0.693318
343.4		0.693318
343.5		0.693318
343.6		0.693318
343.7		0.693318
343.8		0.693318
343.9		0.693318
344		0.693318
344.1		0.693529
344.2		0.693529
344.3		0.693529
344.4		0.693529
344.5		0.693529
344.6		0.693529
344.7		0.693529
344.8		0.693529
344.9		0.693529
345		0.693529
345.1		0.695326
345.2		0.695326
345.3		0.695326
345.4		0.695326
345.5		0.695326
345.6		0.695326
345.7		0.695326
345.8		0.695326
345.9		0.695326
346		0.695326
346.1		0.699807
346.2		0.699807
346.3		0.699807
346.4		0.699807
346.5		0.699807
346.6		0.699807
346.7		0.699807
346.8		0.699807
346.9		0.699807
347		0.699807
347.1		0.702813
347.2		0.702813
347.3		0.702813
347.4		0.702813
347.5		0.702813
347.6		0.702813
347.7		0.702813
347.8		0.702813
347.9		0.702813
348		0.702813
348.1		0.703501
348.2		0.703501
348.3		0.703501
348.4		0.703501
348.5		0.703501
348.6		0.703501
348.7		0.703501
348.8		0.703501
348.9		0.703501
349		0.703501
349.1		0.703534
349.2		0.703534
349.3		0.703534
349.4		0.703534
349.5		0.703534
349.6		0.703534
349.7		0.703534
349.8		0.703534
349.9		0.703534
350		0.703534
350.1		0.70461
350.2		0.70461
350.3		0.70461
350.4		0.70461
350.5		0.70461
350.6		0.70461
350.7		0.70461
350.8		0.70461
350.9		0.70461
351		0.70461
351.1		0.707372
351.2		0.707372
351.3		0.707372
351.4		0.707372
351.5		0.707372
351.6		0.707372
351.7		0.707372
351.8		0.707372
351.9		0.707372
352		0.707372
352.1		0.713661
352.2		0.713661
352.3		0.713661
352.4		0.713661
352.5		0.713661
352.6		0.713661
352.7		0.713661
352.8		0.713661
352.9		0.713661
353		0.713661
353.1		0.714848
353.2		0.714848
353.3		0.714848
353.4		0.714848
353.5		0.714848
353.6		0.714848
353.7		0.714848
353.8		0.714848
353.9		0.714848
354		0.714848
354.1		0.715536
354.2		0.715536
354.3		0.715536
354.4		0.715536
354.5		0.715536
354.6		0.715536
354.7		0.715536
354.8		0.715536
354.9		0.715536
355		0.715536
355.1		0.718908
355.2		0.718908
355.3		0.718908
355.4		0.718908
355.5		0.718908
355.6		0.718908
355.7		0.718908
355.8		0.718908
355.9		0.718908
356		0.718908
356.1		0.725342
356.2		0.725342
356.3		0.725342
356.4		0.725342
356.5		0.725342
356.6		0.725342
356.7		0.725342
356.8		0.725342
356.9		0.725342
357		0.725342
357.1		0.727804
357.2		0.727804
357.3		0.727804
357.4		0.727804
357.5		0.727804
357.6		0.727804
357.7		0.727804
357.8		0.727804
357.9		0.727804
358		0.727804
358.1		0.729934
358.2		0.729934
358.3		0.729934
358.4		0.729934
358.5		0.729934
358.6		0.729934
358.7		0.729934
358.8		0.729934
358.9		0.729934
359		0.729934
359.1		0.730877
359.2		0.730877
359.3		0.730877
359.4		0.730877
359.5		0.730877
359.6		0.730877
359.7		0.730877
359.8		0.730877
359.9		0.730877
360		0.730877
360.1		0.734704
360.2		0.734704
360.3		0.734704
360.4		0.734704
360.5		0.734704
360.6		0.734704
360.7		0.734704
360.8		0.734704
360.9		0.734704
361		0.734704
361.1		0.736756
361.2		0.736756
361.3		0.736756
361.4		0.736756
361.5		0.736756
361.6		0.736756
361.7		0.736756
361.8		0.736756
361.9		0.736756
362		0.736756
362.1		0.736989
362.2		0.736989
362.3		0.736989
362.4		0.736989
362.5		0.736989
362.6		0.736989
362.7		0.736989
362.8		0.736989
362.9		0.736989
363		0.736989
363.1		0.742191
363.2		0.742191
363.3		0.742191
363.4		0.742191
363.5		0.742191
363.6		0.742191
363.7		0.742191
363.8		0.742191
363.9		0.742191
364		0.742191
364.1		0.743888
364.2		0.743888
364.3		0.743888
364.4		0.743888
364.5		0.743888
364.6		0.743888
364.7		0.743888
364.8		0.743888
364.9		0.743888
365		0.743888
365.1		0.744132
365.2		0.744132
365.3		0.744132
365.4		0.744132
365.5		0.744132
365.6		0.744132
365.7		0.744132
365.8		0.744132
365.9		0.744132
366		0.744132
366.1		0.747183
366.2		0.747183
366.3		0.747183
366.4		0.747183
366.5		0.747183
366.6		0.747183
366.7		0.747183
366.8		0.747183
366.9		0.747183
367		0.747183
367.1		0.748059
367.2		0.748059
367.3		0.748059
367.4		0.748059
367.5		0.748059
367.6		0.748059
367.7		0.748059
367.8		0.748059
367.9		0.748059
368		0.748059
368.1		0.75305
368.2		0.75305
368.3		0.75305
368.4		0.75305
368.5		0.75305
368.6		0.75305
368.7		0.75305
368.8		0.75305
368.9		0.75305
369		0.75305
369.1		0.754836
369.2		0.754836
369.3		0.754836
369.4		0.754836
369.5		0.754836
369.6		0.754836
369.7		0.754836
369.8		0.754836
369.9		0.754836
370		0.754836
370.1		0.756356
370.2		0.756356
370.3		0.756356
370.4		0.756356
370.5		0.756356
370.6		0.756356
370.7		0.756356
370.8		0.756356
370.9		0.756356
371		0.756356
371.1		0.757343
371.2		0.757343
371.3		0.757343
371.4		0.757343
371.5		0.757343
371.6		0.757343
371.7		0.757343
371.8		0.757343
371.9		0.757343
372		0.757343
372.1		0.758164
372.2		0.758164
372.3		0.758164
372.4		0.758164
372.5		0.758164
372.6		0.758164
372.7		0.758164
372.8		0.758164
372.9		0.758164
373		0.758164
373.1		0.762745
373.2		0.762745
373.3		0.762745
373.4		0.762745
373.5		0.762745
373.6		0.762745
373.7		0.762745
373.8		0.762745
373.9		0.762745
374		0.762745
374.1		0.764686
374.2		0.764686
374.3		0.764686
374.4		0.764686
374.5		0.764686
374.6		0.764686
374.7		0.764686
374.8		0.764686
374.9		0.764686
375		0.764686
375.1		0.766139
375.2		0.766139
375.3		0.766139
375.4		0.766139
375.5		0.766139
375.6		0.766139
375.7		0.766139
375.8		0.766139
375.9		0.766139
376		0.766139
376.1		0.76777
376.2		0.76777
376.3		0.76777
376.4		0.76777
376.5		0.76777
376.6		0.76777
376.7		0.76777
376.8		0.76777
376.9		0.76777
377		0.76777
377.1		0.77112
377.2		0.77112
377.3		0.77112
377.4		0.77112
377.5		0.77112
377.6		0.77112
377.7		0.77112
377.8		0.77112
377.9		0.77112
378		0.77112
378.1		0.773682
378.2		0.773682
378.3		0.773682
378.4		0.773682
378.5		0.773682
378.6		0.773682
378.7		0.773682
378.8		0.773682
378.9		0.773682
379		0.773682
379.1		0.77569
379.2		0.77569
379.3		0.77569
379.4		0.77569
379.5		0.77569
379.6		0.77569
379.7		0.77569
379.8		0.77569
379.9		0.77569
380		0.77569
380.1		0.776256
380.2		0.776256
380.3		0.776256
380.4		0.776256
380.5		0.776256
380.6		0.776256
380.7		0.776256
380.8		0.776256
380.9		0.776256
381		0.776256
381.1		0.776433
381.2		0.776433
381.3		0.776433
381.4		0.776433
381.5		0.776433
381.6		0.776433
381.7		0.776433
381.8		0.776433
381.9		0.776433
382		0.776433
382.1		0.781369
382.2		0.781369
382.3		0.781369
382.4		0.781369
382.5		0.781369
382.6		0.781369
382.7		0.781369
382.8		0.781369
382.9		0.781369
383		0.781369
383.1		0.783765
383.2		0.783765
383.3		0.783765
383.4		0.783765
383.5		0.783765
383.6		0.783765
383.7		0.783765
383.8		0.783765
383.9		0.783765
384		0.783765
384.1		0.784531
384.2		0.784531
384.3		0.784531
384.4		0.784531
384.5		0.784531
384.6		0.784531
384.7		0.784531
384.8		0.784531
384.9		0.784531
385		0.784531
385.1		0.786572
385.2		0.786572
385.3		0.786572
385.4		0.786572
385.5		0.786572
385.6		0.786572
385.7		0.786572
385.8		0.786572
385.9		0.786572
386		0.786572
386.1		0.789489
386.2		0.789489
386.3		0.789489
386.4		0.789489
386.5		0.789489
386.6		0.789489
386.7		0.789489
386.8		0.789489
386.9		0.789489
387		0.789489
387.1		0.791397
387.2		0.791397
387.3		0.791397
387.4		0.791397
387.5		0.791397
387.6		0.791397
387.7		0.791397
387.8		0.791397
387.9		0.791397
388		0.791397
388.1		0.792894
388.2		0.792894
388.3		0.792894
388.4		0.792894
388.5		0.792894
388.6		0.792894
388.7		0.792894
388.8		0.792894
388.9		0.792894
389		0.792894
389.1		0.796255
389.2		0.796255
389.3		0.796255
389.4		0.796255
389.5		0.796255
389.6		0.796255
389.7		0.796255
389.8		0.796255
389.9		0.796255
390		0.796255
390.1		0.798119
390.2		0.798119
390.3		0.798119
390.4		0.798119
390.5		0.798119
390.6		0.798119
390.7		0.798119
390.8		0.798119
390.9		0.798119
391		0.798119
391.1		0.799938
391.2		0.799938
391.3		0.799938
391.4		0.799938
391.5		0.799938
391.6		0.799938
391.7		0.799938
391.8		0.799938
391.9		0.799938
392		0.799938
392.1		0.801103
392.2		0.801103
392.3		0.801103
392.4		0.801103
392.5		0.801103
392.6		0.801103
392.7		0.801103
392.8		0.801103
392.9		0.801103
393		0.801103
393.1		0.80301
393.2		0.80301
393.3		0.80301
393.4		0.80301
393.5		0.80301
393.6		0.80301
393.7		0.80301
393.8		0.80301
393.9		0.80301
394		0.80301
394.1		0.805562
394.2		0.805562
394.3		0.805562
394.4		0.805562
394.5		0.805562
394.6		0.805562
394.7		0.805562
394.8		0.805562
394.9		0.805562
395		0.805562
395.1		0.808967
395.2		0.808967
395.3		0.808967
395.4		0.808967
395.5		0.808967
395.6		0.808967
395.7		0.808967
395.8		0.808967
395.9		0.808967
396		0.808967
396.1		0.811097
396.2		0.811097
396.3		0.811097
396.4		0.811097
396.5		0.811097
396.6		0.811097
396.7		0.811097
396.8		0.811097
396.9		0.811097
397		0.811097
397.1		0.812372
397.2		0.812372
397.3		0.812372
397.4		0.812372
397.5		0.812372
397.6		0.812372
397.7		0.812372
397.8		0.812372
397.9		0.812372
398		0.812372
398.1		0.81275
398.2		0.81275
398.3		0.81275
398.4		0.81275
398.5		0.81275
398.6		0.81275
398.7		0.81275
398.8		0.81275
398.9		0.81275
399		0.81275
399.1		0.81722
399.2		0.81722
399.3		0.81722
399.4		0.81722
399.5		0.81722
399.6		0.81722
399.7		0.81722
399.8		0.81722
399.9		0.81722
400		0.81722
400.1		0.818562
400.2		0.818562
400.3		0.818562
400.4		0.818562
400.5		0.818562
400.6		0.818562
400.7		0.818562
400.8		0.818562
400.9		0.818562
401		0.818562
401.1		0.821324
401.2		0.821324
401.3		0.821324
401.4		0.821324
401.5		0.821324
401.6		0.821324
401.7		0.821324
401.8		0.821324
401.9		0.821324
402		0.821324
402.1		0.822378
402.2		0.822378
402.3		0.822378
402.4		0.822378
402.5		0.822378
402.6		0.822378
402.7		0.822378
402.8		0.822378
402.9		0.822378
403		0.822378
403.1		0.824729
403.2		0.824729
403.3		0.824729
403.4		0.824729
403.5		0.824729
403.6		0.824729
403.7		0.824729
403.8		0.824729
403.9		0.824729
404		0.824729
404.1		0.8288
404.2		0.8288
404.3		0.8288
404.4		0.8288
404.5		0.8288
404.6		0.8288
404.7		0.8288
404.8		0.8288
404.9		0.8288
405		0.8288
405.1		0.830941
405.2		0.830941
405.3		0.830941
405.4		0.830941
405.5		0.830941
405.6		0.830941
405.7		0.830941
405.8		0.830941
405.9		0.830941
406		0.830941
406.1		0.83144
406.2		0.83144
406.3		0.83144
406.4		0.83144
406.5		0.83144
406.6		0.83144
406.7		0.83144
406.8		0.83144
406.9		0.83144
407		0.83144
407.1		0.833392
407.2		0.833392
407.3		0.833392
407.4		0.833392
407.5		0.833392
407.6		0.833392
407.7		0.833392
407.8		0.833392
407.9		0.833392
408		0.833392
408.1		0.835123
408.2		0.835123
408.3		0.835123
408.4		0.835123
408.5		0.835123
408.6		0.835123
408.7		0.835123
408.8		0.835123
408.9		0.835123
409		0.835123
409.1		0.835966
409.2		0.835966
409.3		0.835966
409.4		0.835966
409.5		0.835966
409.6		0.835966
409.7		0.835966
409.8		0.835966
409.9		0.835966
410		0.835966
410.1		0.839194
410.2		0.839194
410.3		0.839194
410.4		0.839194
410.5		0.839194
410.6		0.839194
410.7		0.839194
410.8		0.839194
410.9		0.839194
411		0.839194
411.1		0.843054
411.2		0.843054
411.3		0.843054
411.4		0.843054
411.5		0.843054
411.6		0.843054
411.7		0.843054
411.8		0.843054
411.9		0.843054
412		0.843054
412.1		0.844152
412.2		0.844152
412.3		0.844152
412.4		0.844152
412.5		0.844152
412.6		0.844152
412.7		0.844152
412.8		0.844152
412.9		0.844152
413		0.844152
413.1		0.844474
413.2		0.844474
413.3		0.844474
413.4		0.844474
413.5		0.844474
413.6		0.844474
413.7		0.844474
413.8		0.844474
413.9		0.844474
414		0.844474
414.1		0.846615
414.2		0.846615
414.3		0.846615
414.4		0.846615
414.5		0.846615
414.6		0.846615
414.7		0.846615
414.8		0.846615
414.9		0.846615
415		0.846615
415.1		0.847092
415.2		0.847092
415.3		0.847092
415.4		0.847092
415.5		0.847092
415.6		0.847092
415.7		0.847092
415.8		0.847092
415.9		0.847092
416		0.847092
416.1		0.853625
416.2		0.853625
416.3		0.853625
416.4		0.853625
416.5		0.853625
416.6		0.853625
416.7		0.853625
416.8		0.853625
416.9		0.853625
417		0.853625
417.1		0.854058
417.2		0.854058
417.3		0.854058
417.4		0.854058
417.5		0.854058
417.6		0.854058
417.7		0.854058
417.8		0.854058
417.9		0.854058
418		0.854058
418.1		0.854756
418.2		0.854756
418.3		0.854756
418.4		0.854756
418.5		0.854756
418.6		0.854756
418.7		0.854756
418.8		0.854756
418.9		0.854756
419		0.854756
419.1		0.85662
419.2		0.85662
419.3		0.85662
419.4		0.85662
419.5		0.85662
419.6		0.85662
419.7		0.85662
419.8		0.85662
419.9		0.85662
420		0.85662
420.1		0.861545
420.2		0.861545
420.3		0.861545
420.4		0.861545
420.5		0.861545
420.6		0.861545
420.7		0.861545
420.8		0.861545
420.9		0.861545
421		0.861545
421.1		0.863852
421.2		0.863852
421.3		0.863852
421.4		0.863852
421.5		0.863852
421.6		0.863852
421.7		0.863852
421.8		0.863852
421.9		0.863852
422		0.863852
422.1		0.864129
422.2		0.864129
422.3		0.864129
422.4		0.864129
422.5		0.864129
422.6		0.864129
422.7		0.864129
422.8		0.864129
422.9		0.864129
423		0.864129
423.1		0.864407
423.2		0.864407
423.3		0.864407
423.4		0.864407
423.5		0.864407
423.6		0.864407
423.7		0.864407
423.8		0.864407
423.9		0.864407
424		0.864407
424.1		0.86667
424.2		0.86667
424.3		0.86667
424.4		0.86667
424.5		0.86667
424.6		0.86667
424.7		0.86667
424.8		0.86667
424.9		0.86667
425		0.86667
425.1		0.870241
425.2		0.870241
425.3		0.870241
425.4		0.870241
425.5		0.870241
425.6		0.870241
425.7		0.870241
425.8		0.870241
425.9		0.870241
426		0.870241
426.1		0.870563
426.2		0.870563
426.3		0.870563
426.4		0.870563
426.5		0.870563
426.6		0.870563
426.7		0.870563
426.8		0.870563
426.9		0.870563
427		0.870563
427.1		0.873924
427.2		0.873924
427.3		0.873924
427.4		0.873924
427.5		0.873924
427.6		0.873924
427.7		0.873924
427.8		0.873924
427.9		0.873924
428		0.873924
428.1		0.875011
428.2		0.875011
428.3		0.875011
428.4		0.875011
428.5		0.875011
428.6		0.875011
428.7		0.875011
428.8		0.875011
428.9		0.875011
429		0.875011
429.1		0.877729
429.2		0.877729
429.3		0.877729
429.4		0.877729
429.5		0.877729
429.6		0.877729
429.7		0.877729
429.8		0.877729
429.9		0.877729
430		0.877729
430.1		0.878494
430.2		0.878494
430.3		0.878494
430.4		0.878494
430.5		0.878494
430.6		0.878494
430.7		0.878494
430.8		0.878494
430.9		0.878494
431		0.878494
431.1		0.881567
431.2		0.881567
431.3		0.881567
431.4		0.881567
431.5		0.881567
431.6		0.881567
431.7		0.881567
431.8		0.881567
431.9		0.881567
432		0.881567
432.1		0.8817
432.2		0.8817
432.3		0.8817
432.4		0.8817
432.5		0.8817
432.6		0.8817
432.7		0.8817
432.8		0.8817
432.9		0.8817
433		0.8817
433.1		0.882166
433.2		0.882166
433.3		0.882166
433.4		0.882166
433.5		0.882166
433.6		0.882166
433.7		0.882166
433.8		0.882166
433.9		0.882166
434		0.882166
434.1		0.88901
434.2		0.88901
434.3		0.88901
434.4		0.88901
434.5		0.88901
434.6		0.88901
434.7		0.88901
434.8		0.88901
434.9		0.88901
435		0.88901
435.1		0.891017
435.2		0.891017
435.3		0.891017
435.4		0.891017
435.5		0.891017
435.6		0.891017
435.7		0.891017
435.8		0.891017
435.9		0.891017
436		0.891017
436.1		0.891472
436.2		0.891472
436.3		0.891472
436.4		0.891472
436.5		0.891472
436.6		0.891472
436.7		0.891472
436.8		0.891472
436.9		0.891472
437		0.891472
437.1		0.891849
437.2		0.891849
437.3		0.891849
437.4		0.891849
437.5		0.891849
437.6		0.891849
437.7		0.891849
437.8		0.891849
437.9		0.891849
438		0.891849
438.1		0.897495
438.2		0.897495
438.3		0.897495
438.4		0.897495
438.5		0.897495
438.6		0.897495
438.7		0.897495
438.8		0.897495
438.9		0.897495
439		0.897495
439.1		0.898605
439.2		0.898605
439.3		0.898605
439.4		0.898605
439.5		0.898605
439.6		0.898605
439.7		0.898605
439.8		0.898605
439.9		0.898605
440		0.898605
440.1		0.899769
440.2		0.899769
440.3		0.899769
440.4		0.899769
440.5		0.899769
440.6		0.899769
440.7		0.899769
440.8		0.899769
440.9		0.899769
441		0.899769
441.1		0.902465
441.2		0.902465
441.3		0.902465
441.4		0.902465
441.5		0.902465
441.6		0.902465
441.7		0.902465
441.8		0.902465
441.9		0.902465
442		0.902465
442.1		0.906081
442.2		0.906081
442.3		0.906081
442.4		0.906081
442.5		0.906081
442.6		0.906081
442.7		0.906081
442.8		0.906081
442.9		0.906081
443		0.906081
443.1		0.90678
443.2		0.90678
443.3		0.90678
443.4		0.90678
443.5		0.90678
443.6		0.90678
443.7		0.90678
443.8		0.90678
443.9		0.90678
444		0.90678
444.1		0.907467
444.2		0.907467
444.3		0.907467
444.4		0.907467
444.5		0.907467
444.6		0.907467
444.7		0.907467
444.8		0.907467
444.9		0.907467
445		0.907467
445.1		0.909065
445.2		0.909065
445.3		0.909065
445.4		0.909065
445.5		0.909065
445.6		0.909065
445.7		0.909065
445.8		0.909065
445.9		0.909065
446		0.909065
446.1		0.912403
446.2		0.912403
446.3		0.912403
446.4		0.912403
446.5		0.912403
446.6		0.912403
446.7		0.912403
446.8		0.912403
446.9		0.912403
447		0.912403
447.1		0.915299
447.2		0.915299
447.3		0.915299
447.4		0.915299
447.5		0.915299
447.6		0.915299
447.7		0.915299
447.8		0.915299
447.9		0.915299
448		0.915299
448.1		0.917595
448.2		0.917595
448.3		0.917595
448.4		0.917595
448.5		0.917595
448.6		0.917595
448.7		0.917595
448.8		0.917595
448.9		0.917595
449		0.917595
449.1		0.918615
449.2		0.918615
449.3		0.918615
449.4		0.918615
449.5		0.918615
449.6		0.918615
449.7		0.918615
449.8		0.918615
449.9		0.918615
450		0.918615
450.1		0.921311
450.2		0.921311
450.3		0.921311
450.4		0.921311
450.5		0.921311
450.6		0.921311
450.7		0.921311
450.8		0.921311
450.9		0.921311
451		0.921311
451.1		0.921887
451.2		0.921887
451.3		0.921887
451.4		0.921887
451.5		0.921887
451.6		0.921887
451.7		0.921887
451.8		0.921887
451.9		0.921887
452		0.921887
452.1		0.923307
452.2		0.923307
452.3		0.923307
452.4		0.923307
452.5		0.923307
452.6		0.923307
452.7		0.923307
452.8		0.923307
452.9		0.923307
453		0.923307
453.1		0.926502
453.2		0.926502
453.3		0.926502
453.4		0.926502
453.5		0.926502
453.6		0.926502
453.7		0.926502
453.8		0.926502
453.9		0.926502
454		0.926502
454.1		0.92719
454.2		0.92719
454.3		0.92719
454.4		0.92719
454.5		0.92719
454.6		0.92719
454.7		0.92719
454.8		0.92719
454.9		0.92719
455		0.92719
455.1		0.930784
455.2		0.930784
455.3		0.930784
455.4		0.930784
455.5		0.930784
455.6		0.930784
455.7		0.930784
455.8		0.930784
455.9		0.930784
456		0.930784
456.1		0.933457
456.2		0.933457
456.3		0.933457
456.4		0.933457
456.5		0.933457
456.6		0.933457
456.7		0.933457
456.8		0.933457
456.9		0.933457
457		0.933457
457.1		0.933767
457.2		0.933767
457.3		0.933767
457.4		0.933767
457.5		0.933767
457.6		0.933767
457.7		0.933767
457.8		0.933767
457.9		0.933767
458		0.933767
458.1		0.938093
458.2		0.938093
458.3		0.938093
458.4		0.938093
458.5		0.938093
458.6		0.938093
458.7		0.938093
458.8		0.938093
458.9		0.938093
459		0.938093
459.1		0.939125
459.2		0.939125
459.3		0.939125
459.4		0.939125
459.5		0.939125
459.6		0.939125
459.7		0.939125
459.8		0.939125
459.9		0.939125
460		0.939125
460.1		0.940212
460.2		0.940212
460.3		0.940212
460.4		0.940212
460.5		0.940212
460.6		0.940212
460.7		0.940212
460.8		0.940212
460.9		0.940212
461		0.940212
461.1		0.943584
461.2		0.943584
461.3		0.943584
461.4		0.943584
461.5		0.943584
461.6		0.943584
461.7		0.943584
461.8		0.943584
461.9		0.943584
462		0.943584
462.1		0.94425
462.2		0.94425
462.3		0.94425
462.4		0.94425
462.5		0.94425
462.6		0.94425
462.7		0.94425
462.8		0.94425
462.9		0.94425
463		0.94425
463.1		0.946901
463.2		0.946901
463.3		0.946901
463.4		0.946901
463.5		0.946901
463.6		0.946901
463.7		0.946901
463.8		0.946901
463.9		0.946901
464		0.946901
464.1		0.950428
464.2		0.950428
464.3		0.950428
464.4		0.950428
464.5		0.950428
464.6		0.950428
464.7		0.950428
464.8		0.950428
464.9		0.950428
465		0.950428
465.1		0.950972
465.2		0.950972
465.3		0.950972
465.4		0.950972
465.5		0.950972
465.6		0.950972
465.7		0.950972
465.8		0.950972
465.9		0.950972
466		0.950972
466.1		0.951271
466.2		0.951271
466.3		0.951271
466.4		0.951271
466.5		0.951271
466.6		0.951271
466.7		0.951271
466.8		0.951271
466.9		0.951271
467		0.951271
467.1		0.955142
467.2		0.955142
467.3		0.955142
467.4		0.955142
467.5		0.955142
467.6		0.955142
467.7		0.955142
467.8		0.955142
467.9		0.955142
468		0.955142
468.1		0.95898
468.2		0.95898
468.3		0.95898
468.4		0.95898
468.5		0.95898
468.6		0.95898
468.7		0.95898
468.8		0.95898
468.9		0.95898
469		0.95898
469.1		0.95918
469.2		0.95918
469.3		0.95918
469.4		0.95918
469.5		0.95918
469.6		0.95918
469.7		0.95918
469.8		0.95918
469.9		0.95918
470		0.95918
470.1		0.959446
470.2		0.959446
470.3		0.959446
470.4		0.959446
470.5		0.959446
470.6		0.959446
470.7		0.959446
470.8		0.959446
470.9		0.959446
471		0.959446
471.1		0.96131
471.2		0.96131
471.3		0.96131
471.4		0.96131
471.5		0.96131
471.6		0.96131
471.7		0.96131
471.8		0.96131
471.9		0.96131
472		0.96131
472.1		0.966701
472.2		0.966701
472.3		0.966701
472.4		0.966701
472.5		0.966701
472.6		0.966701
472.7		0.966701
472.8		0.966701
472.9		0.966701
473		0.966701
473.1		0.968209
473.2		0.968209
473.3		0.968209
473.4		0.968209
473.5		0.968209
473.6		0.968209
473.7		0.968209
473.8		0.968209
473.9		0.968209
474		0.968209
474.1		0.969751
474.2		0.969751
474.3		0.969751
474.4		0.969751
474.5		0.969751
474.6		0.969751
474.7		0.969751
474.8		0.969751
474.9		0.969751
475		0.969751
475.1		0.970006
475.2		0.970006
475.3		0.970006
475.4		0.970006
475.5		0.970006
475.6		0.970006
475.7		0.970006
475.8		0.970006
475.9		0.970006
476		0.970006
476.1		0.974454
476.2		0.974454
476.3		0.974454
476.4		0.974454
476.5		0.974454
476.6		0.974454
476.7		0.974454
476.8		0.974454
476.9		0.974454
477		0.974454
477.1		0.975763
477.2		0.975763
477.3		0.975763
477.4		0.975763
477.5		0.975763
477.6		0.975763
477.7		0.975763
477.8		0.975763
477.9		0.975763
478		0.975763
478.1		0.977549
478.2		0.977549
478.3		0.977549
478.4		0.977549
478.5		0.977549
478.6		0.977549
478.7		0.977549
478.8		0.977549
478.9		0.977549
479		0.977549
479.1		0.979546
479.2		0.979546
479.3		0.979546
479.4		0.979546
479.5		0.979546
479.6		0.979546
479.7		0.979546
479.8		0.979546
479.9		0.979546
480		0.979546
480.1		0.981276
480.2		0.981276
480.3		0.981276
480.4		0.981276
480.5		0.981276
480.6		0.981276
480.7		0.981276
480.8		0.981276
480.9		0.981276
481		0.981276
481.1		0.985746
481.2		0.985746
481.3		0.985746
481.4		0.985746
481.5		0.985746
481.6		0.985746
481.7		0.985746
481.8		0.985746
481.9		0.985746
482		0.985746
482.1		0.985979
482.2		0.985979
482.3		0.985979
482.4		0.985979
482.5		0.985979
482.6		0.985979
482.7		0.985979
482.8		0.985979
482.9		0.985979
483		0.985979
483.1		0.986767
483.2		0.986767
483.3		0.986767
483.4		0.986767
483.5		0.986767
483.6		0.986767
483.7		0.986767
483.8		0.986767
483.9		0.986767
484		0.986767
484.1		0.988941
484.2		0.988941
484.3		0.988941
484.4		0.988941
484.5		0.988941
484.6		0.988941
484.7		0.988941
484.8		0.988941
484.9		0.988941
485		0.988941
485.1		0.991037
485.2		0.991037
485.3		0.991037
485.4		0.991037
485.5		0.991037
485.6		0.991037
485.7		0.991037
485.8		0.991037
485.9		0.991037
486		0.991037
486.1		0.996206
486.2		0.996206
486.3		0.996206
486.4		0.996206
486.5		0.996206
486.6		0.996206
486.7		0.996206
486.8		0.996206
486.9		0.996206
487		0.996206
487.1		0.996816
487.2		0.996816
487.3		0.996816
487.4		0.996816
487.5		0.996816
487.6		0.996816
487.7		0.996816
487.8		0.996816
487.9		0.996816
488		0.996816
488.1		0.997127
488.2		0.997127
488.3		0.997127
488.4		0.997127
488.5		0.997127
488.6		0.997127
488.7		0.997127
488.8		0.997127
488.9		0.997127
489		0.997127
489.1		0.99898
489.2		0.99898
489.3		0.99898
489.4		0.99898
489.5		0.99898
489.6		0.99898
489.7		0.99898
489.8		0.99898
489.9		0.99898
490		0.99898
490.1		0.999956
490.2		0.999956
490.3		0.999956
490.4		0.999956
490.5		0.999956
490.6		0.999956
490.7		0.999956
490.8		0.999956
490.9		0.999956
491		0.999956
491.1		1
491.2		1
491.3		1
491.4		1
491.5		1
491.6		1
491.7		1
491.8		1
491.9		1
492		1
492.1		1
492.2		1
492.3		1
492.4		1
492.5		1
492.6		1
492.7		1
492.8		1
492.9		1
493		1
493.1		1
493.2		1
493.3		1
493.4		1
493.5		1
493.6		1
493.7		1
493.8		1
493.9		1
494		1
494.1		1
494.2		1
494.3		1
494.4		1
494.5		1
494.6		1
494.7		1
494.8		1
494.9		1
495		1
495.1		1
495.2		1
495.3		1
495.4		1
495.5		1
495.6		1
495.7		1
495.8		1
495.9		1
496		1
496.1		1
496.2		1
496.3		1
496.4		1
496.5		1
496.6		1
496.7		1
496.8		1
496.9		1
497		1
497.1		1
497.2		1
497.3		1
497.4		1
497.5		1
497.6		1
497.7		1
497.8		1
497.9		1
498		1
498.1		1
498.2		1
498.3		1
498.4		1
498.5		1
498.6		1
498.7		1
498.8		1
498.9		1
499		1
499.1		1
499.2		1
499.3		1
499.4		1
499.5		1
499.6		1
499.7		1
499.8		1
499.9		1
500		1
500.1		1
500.2		1
500.3		1
500.4		1
500.5		1
500.6		1
500.7		1
500.8		1
500.9		1
501		1
501.1		1
501.2		1
501.3		1
501.4		1
501.5		1
501.6		1
501.7		1
501.8		1
501.9		1
502		1
502.1		1
502.2		1
502.3		1
502.4		1
502.5		1
502.6		1
502.7		1
502.8		1
502.9		1
503		1
503.1		1
503.2		1
503.3		1
503.4		1
503.5		1
503.6		1
503.7		1
503.8		1
503.9		1
504		1
504.1		1
504.2		1
504.3		1
504.4		1
504.5		1
504.6		1
504.7		1
504.8		1
504.9		1
505		1
505.1		1
505.2		1
505.3		1
505.4		1
505.5		1
505.6		1
505.7		1
505.8		1
505.9		1
506		1
506.1		1
506.2		1
506.3		1
506.4		1
506.5		1
506.6		1
506.7		1
506.8		1
506.9		1
507		1
507.1		1
507.2		1
507.3		1
507.4		1
507.5		1
507.6		1
507.7		1
507.8		1
507.9		1
508		1
508.1		1
508.2		1
508.3		1
508.4		1
508.5		1
508.6		1
508.7		1
508.8		1
508.9		1
509		1
509.1		1
509.2		1
509.3		1
509.4		1
509.5		1
509.6		1
509.7		1
509.8		1
509.9		1
510		1
510.1		1
510.2		1
510.3		1
510.4		1
510.5		1
510.6		1
510.7		1
510.8		1
510.9		1
511		1
511.1		1
511.2		1
511.3		1
511.4		1
511.5		1
511.6		1
511.7		1
511.8		1
511.9		1
512		1
512.1		1
512.2		1
512.3		1
512.4		1
512.5		1
512.6		1
512.7		1
512.8		1
512.9		1
513		1
513.1		1
513.2		1
513.3		1
513.4		1
513.5		1
513.6		1
513.7		1
513.8		1
513.9		1
514		1
514.1		1
514.2		1
514.3		1
514.4		1
514.5		1
514.6		1
514.7		1
514.8		1
514.9		1
515		1
515.1		1
515.2		1
515.3		1
515.4		1
515.5		1
515.6		1
515.7		1
515.8		1
515.9		1
516		1
516.1		1
516.2		1
516.3		1
516.4		1
516.5		1
516.6		1
516.7		1
516.8		1
516.9		1
517		1
517.1		1
517.2		1
517.3		1
517.4		1
517.5		1
517.6		1
517.7		1
517.8		1
517.9		1
518		1
518.1		1
518.2		1
518.3		1
518.4		1
518.5		1
518.6		1
518.7		1
518.8		1
518.9		1
519		1
519.1		1
519.2		1
519.3		1
519.4		1
519.5		1
519.6		1
519.7		1
519.8		1
519.9		1
520		1
520.1		1
520.2		1
520.3		1
520.4		1
520.5		1
520.6		1
520.7		1
520.8		1
520.9		1
521		1
521.1		1
521.2		1
521.3		1
521.4		1
521.5		1
521.6		1
521.7		1
521.8		1
521.9		1
522		1
522.1		1
522.2		1
522.3		1
522.4		1
522.5		1
522.6		1
522.7		1
522.8		1
522.9		1
523		1
523.1		1
523.2		1
523.3		1
523.4		1
523.5		1
523.6		1
523.7		1
523.8		1
523.9		1
524		1
524.1		1
524.2		1
524.3		1
524.4		1
524.5		1
524.6		1
524.7		1
524.8		1
524.9		1
525		1
525.1		1
525.2		1
525.3		1
525.4		1
525.5		1
525.6		1
525.7		1
525.8		1
525.9		1
526		1
526.1		1
526.2		1
526.3		1
526.4		1
526.5		1
526.6		1
526.7		1
526.8		1
526.9		1
527		1
527.1		1
527.2		1
527.3		1
527.4		1
527.5		1
527.6		1
527.7		1
527.8		1
527.9		1
528		1
528.1		1
528.2		1
528.3		1
528.4		1
528.5		1
528.6		1
528.7		1
528.8		1
528.9		1
529		1
529.1		1
529.2		1
529.3		1
529.4		1
529.5		1
529.6		1
529.7		1
529.8		1
529.9		1
530		1
530.1		1
530.2		1
530.3		1
530.4		1
530.5		1
530.6		1
530.7		1
530.8		1
530.9		1
531		1
531.1		1
531.2		1
531.3		1
531.4		1
531.5		1
531.6		1
531.7		1
531.8		1
531.9		1
532		1
532.1		1
532.2		1
532.3		1
532.4		1
532.5		1
532.6		1
532.7		1
532.8		1
532.9		1
533		1
533.1		1
533.2		1
533.3		1
533.4		1
533.5		1
533.6		1
533.7		1
533.8		1
533.9		1
534		1
534.1		1
534.2		1
534.3		1
534.4		1
534.5		1
534.6		1
534.7		1
534.8		1
534.9		1
535		1
535.1		1
535.2		1
535.3		1
535.4		1
535.5		1
535.6		1
535.7		1
535.8		1
535.9		1
536		1
536.1		1
536.2		1
536.3		1
536.4		1
536.5		1
536.6		1
536.7		1
536.8		1
536.9		1
537		1
537.1		1
537.2		1
537.3		1
537.4		1
537.5		1
537.6		1
537.7		1
537.8		1
537.9		1
538		1
538.1		1
538.2		1
538.3		1
538.4		1
538.5		1
538.6		1
538.7		1
538.8		1
538.9		1
539		1
539.1		1
539.2		1
539.3		1
539.4		1
539.5		1
539.6		1
539.7		1
539.8		1
539.9		1
540		1
540.1		1
540.2		1
540.3		1
540.4		1
540.5		1
540.6		1
540.7		1
540.8		1
540.9		1
541		1
541.1		1
541.2		1
541.3		1
541.4		1
541.5		1
541.6		1
541.7		1
541.8		1
541.9		1
542		1
542.1		1
542.2		1
542.3		1
542.4		1
542.5		1
542.6		1
542.7		1
542.8		1
542.9		1
543		1
543.1		1
543.2		1
543.3		1
543.4		1
543.5		1
543.6		1
543.7		1
543.8		1
543.9		1
544		1
544.1		1
544.2		1
544.3		1
544.4		1
544.5		1
544.6		1
544.7		1
544.8		1
544.9		1
545		1
545.1		1
545.2		1
545.3		1
545.4		1
545.5		1
545.6		1
545.7		1
545.8		1
545.9		1
546		1
546.1		1
546.2		1
546.3		1
546.4		1
546.5		1
546.6		1
546.7		1
546.8		1
546.9		1
547		1
547.1		1
547.2		1
547.3		1
547.4		1
547.5		1
547.6		1
547.7		1
547.8		1
547.9		1
548		1
548.1		1
548.2		1
548.3		1
548.4		1
548.5		1
548.6		1
548.7		1
548.8		1
548.9		1
549		1
549.1		1
549.2		1
549.3		1
549.4		1
549.5		1
549.6		1
549.7		1
549.8		1
549.9		1
550		1
550.1		1
550.2		1
550.3		1
550.4		1
550.5		1
550.6		1
550.7		1
550.8		1
550.9		1
551		1
551.1		1
551.2		1
551.3		1
551.4		1
551.5		1
551.6		1
551.7		1
551.8		1
551.9		1
552		1
552.1		1
552.2		1
552.3		1
552.4		1
552.5		1
552.6		1
552.7		1
552.8		1
552.9		1
553		1
553.1		1
553.2		1
553.3		1
553.4		1
553.5		1
553.6		1
553.7		1
553.8		1
553.9		1
554		1
554.1		1
554.2		1
554.3		1
554.4		1
554.5		1
554.6		1
554.7		1
554.8		1
554.9		1
555		1
555.1		1
555.2		1
555.3		1
555.4		1
555.5		1
555.6		1
555.7		1
555.8		1
555.9		1
556		1
556.1		1
556.2		1
556.3		1
556.4		1
556.5		1
556.6		1
556.7		1
556.8		1
556.9		1
557		1
557.1		1
557.2		1
557.3		1
557.4		1
557.5		1
557.6		1
557.7		1
557.8		1
557.9		1
558		1
558.1		1
558.2		1
558.3		1
558.4		1
558.5		1
558.6		1
558.7		1
558.8		1
558.9		1
559		1
559.1		1
559.2		1
559.3		1
559.4		1
559.5		1
559.6		1
559.7		1
559.8		1
559.9		1
560		1
560.1		1
560.2		1
560.3		1
560.4		1
560.5		1
560.6		1
560.7		1
560.8		1
560.9		1
561		1
561.1		1
561.2		1
561.3		1
561.4		1
561.5		1
561.6		1
561.7		1
561.8		1
561.9		1
562		1
562.1		1
562.2		1
562.3		1
562.4		1
562.5		1
562.6		1
562.7		1
562.8		1
562.9		1
563		1
563.1		1
563.2		1
563.3		1
563.4		1
563.5		1
563.6		1
563.7		1
563.8		1
563.9		1
564		1
564.1		1
564.2		1
564.3		1
564.4		1
564.5		1
564.6		1
564.7		1
564.8		1
564.9		1
565		1
565.1		1
565.2		1
565.3		1
565.4		1
565.5		1
565.6		1
565.7		1
565.8		1
565.9		1
566		1
566.1		1
566.2		1
566.3		1
566.4		1
566.5		1
566.6		1
566.7		1
566.8		1
566.9		1
567		1
567.1		1
567.2		1
567.3		1
567.4		1
567.5		1
567.6		1
567.7		1
567.8		1
567.9		1
568		1
568.1		1
568.2		1
568.3		1
568.4		1
568.5		1
568.6		1
568.7		1
568.8		1
568.9		1
569		1
569.1		1
569.2		1
569.3		1
569.4		1
569.5		1
569.6		1
569.7		1
569.8		1
569.9		1
570		1
570.1		1
570.2		1
570.3		1
570.4		1
570.5		1
570.6		1
570.7		1
570.8		1
570.9		1
571		1
571.1		1
571.2		1
571.3		1
571.4		1
571.5		1
571.6		1
571.7		1
571.8		1
571.9		1
572		1
572.1		1
572.2		1
572.3		1
572.4		1
572.5		1
572.6		1
572.7		1
572.8		1
572.9		1
573		1
573.1		1
573.2		1
573.3		1
573.4		1
573.5		1
573.6		1
573.7		1
573.8		1
573.9		1
574		1
574.1		1
574.2		1
574.3		1
574.4		1
574.5		1
574.6		1
574.7		1
574.8		1
574.9		1
575		1
575.1		1
575.2		1
575.3		1
575.4		1
575.5		1
575.6		1
575.7		1
575.8		1
575.9		1
576		1
576.1		1
576.2		1
576.3		1
576.4		1
576.5		1
576.6		1
576.7		1
576.8		1
576.9		1
577		1
577.1		1
577.2		1
577.3		1
577.4		1
577.5		1
577.6		1
577.7		1
577.8		1
577.9		1
578		1
578.1		1
578.2		1
578.3		1
578.4		1
578.5		1
578.6		1
578.7		1
578.8		1
578.9		1
579		1
579.1		1
579.2		1
579.3		1
579.4		1
579.5		1
579.6		1
579.7		1
579.8		1
579.9		1
580		1
580.1		1
580.2		1
580.3		1
580.4		1
580.5		1
580.6		1
580.7		1
580.8		1
580.9		1
581		1
581.1		1
581.2		1
581.3		1
581.4		1
581.5		1
581.6		1
581.7		1
581.8		1
581.9		1
582		1
582.1		1
582.2		1
582.3		1
582.4		1
582.5		1
582.6		1
582.7		1
582.8		1
582.9		1
583		1
583.1		1
583.2		1
583.3		1
583.4		1
583.5		1
583.6		1
583.7		1
583.8		1
583.9		1
584		1
584.1		1
584.2		1
584.3		1
584.4		1
584.5		1
584.6		1
584.7		1
584.8		1
584.9		1
585		1
585.1		1
585.2		1
585.3		1
585.4		1
585.5		1
585.6		1
585.7		1
585.8		1
585.9		1
586		1
586.1		1
586.2		1
586.3		1
586.4		1
586.5		1
586.6		1
586.7		1
586.8		1
586.9		1
587		1
587.1		1
587.2		1
587.3		1
587.4		1
587.5		1
587.6		1
587.7		1
587.8		1
587.9		1
588		1
588.1		1
588.2		1
588.3		1
588.4		1
588.5		1
588.6		1
588.7		1
588.8		1
588.9		1
589		1
589.1		1
589.2		1
589.3		1
589.4		1
589.5		1
589.6		1
589.7		1
589.8		1
589.9		1
590		1
590.1		1
590.2		1
590.3		1
590.4		1
590.5		1
590.6		1
590.7		1
590.8		1
590.9		1
591		1
591.1		1
591.2		1
591.3		1
591.4		1
591.5		1
591.6		1
591.7		1
591.8		1
591.9		1
592		1
592.1		1
592.2		1
592.3		1
592.4		1
592.5		1
592.6		1
592.7		1
592.8		1
592.9		1
593		1
593.1		1
593.2		1
593.3		1
593.4		1
593.5		1
593.6		1
593.7		1
593.8		1
593.9		1
594		1
594.1		1
594.2		1
594.3		1
594.4		1
594.5		1
594.6		1
594.7		1
594.8		1
594.9		1
595		1
595.1		1
595.2		1
595.3		1
595.4		1
595.5		1
595.6		1
595.7		1
595.8		1
595.9		1
596		1
596.1		1
596.2		1
596.3		1
596.4		1
596.5		1
596.6		1
596.7		1
596.8		1
596.9		1
597		1
597.1		1
597.2		1
597.3		1
597.4		1
597.5		1
597.6		1
597.7		1
597.8		1
597.9		1
598		1
598.1		1
598.2		1
598.3		1
598.4		1
598.5		1
598.6		1
598.7		1
598.8		1
598.9		1
599		1
599.1		1
599.2		1
599.3		1
599.4		1
599.5		1
599.6		1
599.7		1
599.8		1
599.9		1
600		1
