# Calibration file of tamex_id 1 @ channel 8
# fine_T bin		 Calibration value
0.1		0
0.2		0
0.3		0
0.4		0
0.5		0
0.6		0
0.7		0
0.8		0
0.9		0
1		0
1.1		0
1.2		0
1.3		0
1.4		0
1.5		0
1.6		0
1.7		0
1.8		0
1.9		0
2		0
2.1		0
2.2		0
2.3		0
2.4		0
2.5		0
2.6		0
2.7		0
2.8		0
2.9		0
3		0
3.1		0
3.2		0
3.3		0
3.4		0
3.5		0
3.6		0
3.7		0
3.8		0
3.9		0
4		0
4.1		0
4.2		0
4.3		0
4.4		0
4.5		0
4.6		0
4.7		0
4.8		0
4.9		0
5		0
5.1		0
5.2		0
5.3		0
5.4		0
5.5		0
5.6		0
5.7		0
5.8		0
5.9		0
6		0
6.1		0
6.2		0
6.3		0
6.4		0
6.5		0
6.6		0
6.7		0
6.8		0
6.9		0
7		0
7.1		0
7.2		0
7.3		0
7.4		0
7.5		0
7.6		0
7.7		0
7.8		0
7.9		0
8		0
8.1		0
8.2		0
8.3		0
8.4		0
8.5		0
8.6		0
8.7		0
8.8		0
8.9		0
9		0
9.1		0
9.2		0
9.3		0
9.4		0
9.5		0
9.6		0
9.7		0
9.8		0
9.9		0
10		0
10.1		0
10.2		0
10.3		0
10.4		0
10.5		0
10.6		0
10.7		0
10.8		0
10.9		0
11		0
11.1		0
11.2		0
11.3		0
11.4		0
11.5		0
11.6		0
11.7		0
11.8		0
11.9		0
12		0
12.1		0
12.2		0
12.3		0
12.4		0
12.5		0
12.6		0
12.7		0
12.8		0
12.9		0
13		0
13.1		0
13.2		0
13.3		0
13.4		0
13.5		0
13.6		0
13.7		0
13.8		0
13.9		0
14		0
14.1		0
14.2		0
14.3		0
14.4		0
14.5		0
14.6		0
14.7		0
14.8		0
14.9		0
15		0
15.1		0
15.2		0
15.3		0
15.4		0
15.5		0
15.6		0
15.7		0
15.8		0
15.9		0
16		0
16.1		0.00310145
16.2		0.00310145
16.3		0.00310145
16.4		0.00310145
16.5		0.00310145
16.6		0.00310145
16.7		0.00310145
16.8		0.00310145
16.9		0.00310145
17		0.00310145
17.1		0.00845529
17.2		0.00845529
17.3		0.00845529
17.4		0.00845529
17.5		0.00845529
17.6		0.00845529
17.7		0.00845529
17.8		0.00845529
17.9		0.00845529
18		0.00845529
18.1		0.0110497
18.2		0.0110497
18.3		0.0110497
18.4		0.0110497
18.5		0.0110497
18.6		0.0110497
18.7		0.0110497
18.8		0.0110497
18.9		0.0110497
19		0.0110497
19.1		0.0124766
19.2		0.0124766
19.3		0.0124766
19.4		0.0124766
19.5		0.0124766
19.6		0.0124766
19.7		0.0124766
19.8		0.0124766
19.9		0.0124766
20		0.0124766
20.1		0.0191512
20.2		0.0191512
20.3		0.0191512
20.4		0.0191512
20.5		0.0191512
20.6		0.0191512
20.7		0.0191512
20.8		0.0191512
20.9		0.0191512
21		0.0191512
21.1		0.0195757
21.2		0.0195757
21.3		0.0195757
21.4		0.0195757
21.5		0.0195757
21.6		0.0195757
21.7		0.0195757
21.8		0.0195757
21.9		0.0195757
22		0.0195757
22.1		0.021321
22.2		0.021321
22.3		0.021321
22.4		0.021321
22.5		0.021321
22.6		0.021321
22.7		0.021321
22.8		0.021321
22.9		0.021321
23		0.021321
23.1		0.0245522
23.2		0.0245522
23.3		0.0245522
23.4		0.0245522
23.5		0.0245522
23.6		0.0245522
23.7		0.0245522
23.8		0.0245522
23.9		0.0245522
24		0.0245522
24.1		0.0273706
24.2		0.0273706
24.3		0.0273706
24.4		0.0273706
24.5		0.0273706
24.6		0.0273706
24.7		0.0273706
24.8		0.0273706
24.9		0.0273706
25		0.0273706
25.1		0.0286442
25.2		0.0286442
25.3		0.0286442
25.4		0.0286442
25.5		0.0286442
25.6		0.0286442
25.7		0.0286442
25.8		0.0286442
25.9		0.0286442
26		0.0286442
26.1		0.0298235
26.2		0.0298235
26.3		0.0298235
26.4		0.0298235
26.5		0.0298235
26.6		0.0298235
26.7		0.0298235
26.8		0.0298235
26.9		0.0298235
27		0.0298235
27.1		0.0303777
27.2		0.0303777
27.3		0.0303777
27.4		0.0303777
27.5		0.0303777
27.6		0.0303777
27.7		0.0303777
27.8		0.0303777
27.9		0.0303777
28		0.0303777
28.1		0.0348589
28.2		0.0348589
28.3		0.0348589
28.4		0.0348589
28.5		0.0348589
28.6		0.0348589
28.7		0.0348589
28.8		0.0348589
28.9		0.0348589
29		0.0348589
29.1		0.0360382
29.2		0.0360382
29.3		0.0360382
29.4		0.0360382
29.5		0.0360382
29.6		0.0360382
29.7		0.0360382
29.8		0.0360382
29.9		0.0360382
30		0.0360382
30.1		0.0364863
30.2		0.0364863
30.3		0.0364863
30.4		0.0364863
30.5		0.0364863
30.6		0.0364863
30.7		0.0364863
30.8		0.0364863
30.9		0.0364863
31		0.0364863
31.1		0.0376655
31.2		0.0376655
31.3		0.0376655
31.4		0.0376655
31.5		0.0376655
31.6		0.0376655
31.7		0.0376655
31.8		0.0376655
31.9		0.0376655
32		0.0376655
32.1		0.0418637
32.2		0.0418637
32.3		0.0418637
32.4		0.0418637
32.5		0.0418637
32.6		0.0418637
32.7		0.0418637
32.8		0.0418637
32.9		0.0418637
33		0.0418637
33.1		0.0452128
33.2		0.0452128
33.3		0.0452128
33.4		0.0452128
33.5		0.0452128
33.6		0.0452128
33.7		0.0452128
33.8		0.0452128
33.9		0.0452128
34		0.0452128
34.1		0.0456963
34.2		0.0456963
34.3		0.0456963
34.4		0.0456963
34.5		0.0456963
34.6		0.0456963
34.7		0.0456963
34.8		0.0456963
34.9		0.0456963
35		0.0456963
35.1		0.0482907
35.2		0.0482907
35.3		0.0482907
35.4		0.0482907
35.5		0.0482907
35.6		0.0482907
35.7		0.0482907
35.8		0.0482907
35.9		0.0482907
36		0.0482907
36.1		0.04901
36.2		0.04901
36.3		0.04901
36.4		0.04901
36.5		0.04901
36.6		0.04901
36.7		0.04901
36.8		0.04901
36.9		0.04901
37		0.04901
37.1		0.0522176
37.2		0.0522176
37.3		0.0522176
37.4		0.0522176
37.5		0.0522176
37.6		0.0522176
37.7		0.0522176
37.8		0.0522176
37.9		0.0522176
38		0.0522176
38.1		0.0528544
38.2		0.0528544
38.3		0.0528544
38.4		0.0528544
38.5		0.0528544
38.6		0.0528544
38.7		0.0528544
38.8		0.0528544
38.9		0.0528544
39		0.0528544
39.1		0.0554606
39.2		0.0554606
39.3		0.0554606
39.4		0.0554606
39.5		0.0554606
39.6		0.0554606
39.7		0.0554606
39.8		0.0554606
39.9		0.0554606
40		0.0554606
40.1		0.0559205
40.2		0.0559205
40.3		0.0559205
40.4		0.0559205
40.5		0.0559205
40.6		0.0559205
40.7		0.0559205
40.8		0.0559205
40.9		0.0559205
41		0.0559205
41.1		0.0594818
41.2		0.0594818
41.3		0.0594818
41.4		0.0594818
41.5		0.0594818
41.6		0.0594818
41.7		0.0594818
41.8		0.0594818
41.9		0.0594818
42		0.0594818
42.1		0.0616753
42.2		0.0616753
42.3		0.0616753
42.4		0.0616753
42.5		0.0616753
42.6		0.0616753
42.7		0.0616753
42.8		0.0616753
42.9		0.0616753
43		0.0616753
43.1		0.064364
43.2		0.064364
43.3		0.064364
43.4		0.064364
43.5		0.064364
43.6		0.064364
43.7		0.064364
43.8		0.064364
43.9		0.064364
44		0.064364
44.1		0.064647
44.2		0.064647
44.3		0.064647
44.4		0.064647
44.5		0.064647
44.6		0.064647
44.7		0.064647
44.8		0.064647
44.9		0.064647
45		0.064647
45.1		0.0654607
45.2		0.0654607
45.3		0.0654607
45.4		0.0654607
45.5		0.0654607
45.6		0.0654607
45.7		0.0654607
45.8		0.0654607
45.9		0.0654607
46		0.0654607
46.1		0.0685975
46.2		0.0685975
46.3		0.0685975
46.4		0.0685975
46.5		0.0685975
46.6		0.0685975
46.7		0.0685975
46.8		0.0685975
46.9		0.0685975
47		0.0685975
47.1		0.0718994
47.2		0.0718994
47.3		0.0718994
47.4		0.0718994
47.5		0.0718994
47.6		0.0718994
47.7		0.0718994
47.8		0.0718994
47.9		0.0718994
48		0.0718994
48.1		0.071982
48.2		0.071982
48.3		0.071982
48.4		0.071982
48.5		0.071982
48.6		0.071982
48.7		0.071982
48.8		0.071982
48.9		0.071982
49		0.071982
49.1		0.0769585
49.2		0.0769585
49.3		0.0769585
49.4		0.0769585
49.5		0.0769585
49.6		0.0769585
49.7		0.0769585
49.8		0.0769585
49.9		0.0769585
50		0.0769585
50.1		0.0775599
50.2		0.0775599
50.3		0.0775599
50.4		0.0775599
50.5		0.0775599
50.6		0.0775599
50.7		0.0775599
50.8		0.0775599
50.9		0.0775599
51		0.0775599
51.1		0.0794939
51.2		0.0794939
51.3		0.0794939
51.4		0.0794939
51.5		0.0794939
51.6		0.0794939
51.7		0.0794939
51.8		0.0794939
51.9		0.0794939
52		0.0794939
52.1		0.0810033
52.2		0.0810033
52.3		0.0810033
52.4		0.0810033
52.5		0.0810033
52.6		0.0810033
52.7		0.0810033
52.8		0.0810033
52.9		0.0810033
53		0.0810033
53.1		0.0829019
53.2		0.0829019
53.3		0.0829019
53.4		0.0829019
53.5		0.0829019
53.6		0.0829019
53.7		0.0829019
53.8		0.0829019
53.9		0.0829019
54		0.0829019
54.1		0.0864751
54.2		0.0864751
54.3		0.0864751
54.4		0.0864751
54.5		0.0864751
54.6		0.0864751
54.7		0.0864751
54.8		0.0864751
54.9		0.0864751
55		0.0864751
55.1		0.0878784
55.2		0.0878784
55.3		0.0878784
55.4		0.0878784
55.5		0.0878784
55.6		0.0878784
55.7		0.0878784
55.8		0.0878784
55.9		0.0878784
56		0.0878784
56.1		0.0885977
56.2		0.0885977
56.3		0.0885977
56.4		0.0885977
56.5		0.0885977
56.6		0.0885977
56.7		0.0885977
56.8		0.0885977
56.9		0.0885977
57		0.0885977
57.1		0.0900718
57.2		0.0900718
57.3		0.0900718
57.4		0.0900718
57.5		0.0900718
57.6		0.0900718
57.7		0.0900718
57.8		0.0900718
57.9		0.0900718
58		0.0900718
58.1		0.0939398
58.2		0.0939398
58.3		0.0939398
58.4		0.0939398
58.5		0.0939398
58.6		0.0939398
58.7		0.0939398
58.8		0.0939398
58.9		0.0939398
59		0.0939398
59.1		0.0953549
59.2		0.0953549
59.3		0.0953549
59.4		0.0953549
59.5		0.0953549
59.6		0.0953549
59.7		0.0953549
59.8		0.0953549
59.9		0.0953549
60		0.0953549
60.1		0.0976427
60.2		0.0976427
60.3		0.0976427
60.4		0.0976427
60.5		0.0976427
60.6		0.0976427
60.7		0.0976427
60.8		0.0976427
60.9		0.0976427
61		0.0976427
61.1		0.100178
61.2		0.100178
61.3		0.100178
61.4		0.100178
61.5		0.100178
61.6		0.100178
61.7		0.100178
61.8		0.100178
61.9		0.100178
62		0.100178
62.1		0.104022
62.2		0.104022
62.3		0.104022
62.4		0.104022
62.5		0.104022
62.6		0.104022
62.7		0.104022
62.8		0.104022
62.9		0.104022
63		0.104022
63.1		0.105933
63.2		0.105933
63.3		0.105933
63.4		0.105933
63.5		0.105933
63.6		0.105933
63.7		0.105933
63.8		0.105933
63.9		0.105933
64		0.105933
64.1		0.106829
64.2		0.106829
64.3		0.106829
64.4		0.106829
64.5		0.106829
64.6		0.106829
64.7		0.106829
64.8		0.106829
64.9		0.106829
65		0.106829
65.1		0.107572
65.2		0.107572
65.3		0.107572
65.4		0.107572
65.5		0.107572
65.6		0.107572
65.7		0.107572
65.8		0.107572
65.9		0.107572
66		0.107572
66.1		0.111947
66.2		0.111947
66.3		0.111947
66.4		0.111947
66.5		0.111947
66.6		0.111947
66.7		0.111947
66.8		0.111947
66.9		0.111947
67		0.111947
67.1		0.114435
67.2		0.114435
67.3		0.114435
67.4		0.114435
67.5		0.114435
67.6		0.114435
67.7		0.114435
67.8		0.114435
67.9		0.114435
68		0.114435
68.1		0.114648
68.2		0.114648
68.3		0.114648
68.4		0.114648
68.5		0.114648
68.6		0.114648
68.7		0.114648
68.8		0.114648
68.9		0.114648
69		0.114648
69.1		0.115909
69.2		0.115909
69.3		0.115909
69.4		0.115909
69.5		0.115909
69.6		0.115909
69.7		0.115909
69.8		0.115909
69.9		0.115909
70		0.115909
70.1		0.120968
70.2		0.120968
70.3		0.120968
70.4		0.120968
70.5		0.120968
70.6		0.120968
70.7		0.120968
70.8		0.120968
70.9		0.120968
71		0.120968
71.1		0.122089
71.2		0.122089
71.3		0.122089
71.4		0.122089
71.5		0.122089
71.6		0.122089
71.7		0.122089
71.8		0.122089
71.9		0.122089
72		0.122089
72.1		0.122384
72.2		0.122384
72.3		0.122384
72.4		0.122384
72.5		0.122384
72.6		0.122384
72.7		0.122384
72.8		0.122384
72.9		0.122384
73		0.122384
73.1		0.125862
73.2		0.125862
73.3		0.125862
73.4		0.125862
73.5		0.125862
73.6		0.125862
73.7		0.125862
73.8		0.125862
73.9		0.125862
74		0.125862
74.1		0.127466
74.2		0.127466
74.3		0.127466
74.4		0.127466
74.5		0.127466
74.6		0.127466
74.7		0.127466
74.8		0.127466
74.9		0.127466
75		0.127466
75.1		0.132065
75.2		0.132065
75.3		0.132065
75.4		0.132065
75.5		0.132065
75.6		0.132065
75.7		0.132065
75.8		0.132065
75.9		0.132065
76		0.132065
76.1		0.13236
76.2		0.13236
76.3		0.13236
76.4		0.13236
76.5		0.13236
76.6		0.13236
76.7		0.13236
76.8		0.13236
76.9		0.13236
77		0.13236
77.1		0.13427
77.2		0.13427
77.3		0.13427
77.4		0.13427
77.5		0.13427
77.6		0.13427
77.7		0.13427
77.8		0.13427
77.9		0.13427
78		0.13427
78.1		0.136157
78.2		0.136157
78.3		0.136157
78.4		0.136157
78.5		0.136157
78.6		0.136157
78.7		0.136157
78.8		0.136157
78.9		0.136157
79		0.136157
79.1		0.137737
79.2		0.137737
79.3		0.137737
79.4		0.137737
79.5		0.137737
79.6		0.137737
79.7		0.137737
79.8		0.137737
79.9		0.137737
80		0.137737
80.1		0.141464
80.2		0.141464
80.3		0.141464
80.4		0.141464
80.5		0.141464
80.6		0.141464
80.7		0.141464
80.8		0.141464
80.9		0.141464
81		0.141464
81.1		0.141771
81.2		0.141771
81.3		0.141771
81.4		0.141771
81.5		0.141771
81.6		0.141771
81.7		0.141771
81.8		0.141771
81.9		0.141771
82		0.141771
82.1		0.142832
82.2		0.142832
82.3		0.142832
82.4		0.142832
82.5		0.142832
82.6		0.142832
82.7		0.142832
82.8		0.142832
82.9		0.142832
83		0.142832
83.1		0.146547
83.2		0.146547
83.3		0.146547
83.4		0.146547
83.5		0.146547
83.6		0.146547
83.7		0.146547
83.8		0.146547
83.9		0.146547
84		0.146547
84.1		0.150415
84.2		0.150415
84.3		0.150415
84.4		0.150415
84.5		0.150415
84.6		0.150415
84.7		0.150415
84.8		0.150415
84.9		0.150415
85		0.150415
85.1		0.151393
85.2		0.151393
85.3		0.151393
85.4		0.151393
85.5		0.151393
85.6		0.151393
85.7		0.151393
85.8		0.151393
85.9		0.151393
86		0.151393
86.1		0.151959
86.2		0.151959
86.3		0.151959
86.4		0.151959
86.5		0.151959
86.6		0.151959
86.7		0.151959
86.8		0.151959
86.9		0.151959
87		0.151959
87.1		0.154577
87.2		0.154577
87.3		0.154577
87.4		0.154577
87.5		0.154577
87.6		0.154577
87.7		0.154577
87.8		0.154577
87.9		0.154577
88		0.154577
88.1		0.157714
88.2		0.157714
88.3		0.157714
88.4		0.157714
88.5		0.157714
88.6		0.157714
88.7		0.157714
88.8		0.157714
88.9		0.157714
89		0.157714
89.1		0.158103
89.2		0.158103
89.3		0.158103
89.4		0.158103
89.5		0.158103
89.6		0.158103
89.7		0.158103
89.8		0.158103
89.9		0.158103
90		0.158103
90.1		0.161169
90.2		0.161169
90.3		0.161169
90.4		0.161169
90.5		0.161169
90.6		0.161169
90.7		0.161169
90.8		0.161169
90.9		0.161169
91		0.161169
91.1		0.161865
91.2		0.161865
91.3		0.161865
91.4		0.161865
91.5		0.161865
91.6		0.161865
91.7		0.161865
91.8		0.161865
91.9		0.161865
92		0.161865
92.1		0.167596
92.2		0.167596
92.3		0.167596
92.4		0.167596
92.5		0.167596
92.6		0.167596
92.7		0.167596
92.8		0.167596
92.9		0.167596
93		0.167596
93.1		0.16775
93.2		0.16775
93.3		0.16775
93.4		0.16775
93.5		0.16775
93.6		0.16775
93.7		0.16775
93.8		0.16775
93.9		0.16775
94		0.16775
94.1		0.169519
94.2		0.169519
94.3		0.169519
94.4		0.169519
94.5		0.169519
94.6		0.169519
94.7		0.169519
94.8		0.169519
94.9		0.169519
95		0.169519
95.1		0.169825
95.2		0.169825
95.3		0.169825
95.4		0.169825
95.5		0.169825
95.6		0.169825
95.7		0.169825
95.8		0.169825
95.9		0.169825
96		0.169825
96.1		0.173139
96.2		0.173139
96.3		0.173139
96.4		0.173139
96.5		0.173139
96.6		0.173139
96.7		0.173139
96.8		0.173139
96.9		0.173139
97		0.173139
97.1		0.176287
97.2		0.176287
97.3		0.176287
97.4		0.176287
97.5		0.176287
97.6		0.176287
97.7		0.176287
97.8		0.176287
97.9		0.176287
98		0.176287
98.1		0.177585
98.2		0.177585
98.3		0.177585
98.4		0.177585
98.5		0.177585
98.6		0.177585
98.7		0.177585
98.8		0.177585
98.9		0.177585
99		0.177585
99.1		0.178434
99.2		0.178434
99.3		0.178434
99.4		0.178434
99.5		0.178434
99.6		0.178434
99.7		0.178434
99.8		0.178434
99.9		0.178434
100		0.178434
100.1		0.181665
100.2		0.181665
100.3		0.181665
100.4		0.181665
100.5		0.181665
100.6		0.181665
100.7		0.181665
100.8		0.181665
100.9		0.181665
101		0.181665
101.1		0.184141
101.2		0.184141
101.3		0.184141
101.4		0.184141
101.5		0.184141
101.6		0.184141
101.7		0.184141
101.8		0.184141
101.9		0.184141
102		0.184141
102.1		0.185262
102.2		0.185262
102.3		0.185262
102.4		0.185262
102.5		0.185262
102.6		0.185262
102.7		0.185262
102.8		0.185262
102.9		0.185262
103		0.185262
103.1		0.187207
103.2		0.187207
103.3		0.187207
103.4		0.187207
103.5		0.187207
103.6		0.187207
103.7		0.187207
103.8		0.187207
103.9		0.187207
104		0.187207
104.1		0.190332
104.2		0.190332
104.3		0.190332
104.4		0.190332
104.5		0.190332
104.6		0.190332
104.7		0.190332
104.8		0.190332
104.9		0.190332
105		0.190332
105.1		0.193575
105.2		0.193575
105.3		0.193575
105.4		0.193575
105.5		0.193575
105.6		0.193575
105.7		0.193575
105.8		0.193575
105.9		0.193575
106		0.193575
106.1		0.193929
106.2		0.193929
106.3		0.193929
106.4		0.193929
106.5		0.193929
106.6		0.193929
106.7		0.193929
106.8		0.193929
106.9		0.193929
107		0.193929
107.1		0.19571
107.2		0.19571
107.3		0.19571
107.4		0.19571
107.5		0.19571
107.6		0.19571
107.7		0.19571
107.8		0.19571
107.9		0.19571
108		0.19571
108.1		0.197467
108.2		0.197467
108.3		0.197467
108.4		0.197467
108.5		0.197467
108.6		0.197467
108.7		0.197467
108.8		0.197467
108.9		0.197467
109		0.197467
109.1		0.20229
109.2		0.20229
109.3		0.20229
109.4		0.20229
109.5		0.20229
109.6		0.20229
109.7		0.20229
109.8		0.20229
109.9		0.20229
110		0.20229
110.1		0.202998
110.2		0.202998
110.3		0.202998
110.4		0.202998
110.5		0.202998
110.6		0.202998
110.7		0.202998
110.8		0.202998
110.9		0.202998
111		0.202998
111.1		0.204743
111.2		0.204743
111.3		0.204743
111.4		0.204743
111.5		0.204743
111.6		0.204743
111.7		0.204743
111.8		0.204743
111.9		0.204743
112		0.204743
112.1		0.205627
112.2		0.205627
112.3		0.205627
112.4		0.205627
112.5		0.205627
112.6		0.205627
112.7		0.205627
112.8		0.205627
112.9		0.205627
113		0.205627
113.1		0.206535
113.2		0.206535
113.3		0.206535
113.4		0.206535
113.5		0.206535
113.6		0.206535
113.7		0.206535
113.8		0.206535
113.9		0.206535
114		0.206535
114.1		0.212727
114.2		0.212727
114.3		0.212727
114.4		0.212727
114.5		0.212727
114.6		0.212727
114.7		0.212727
114.8		0.212727
114.9		0.212727
115		0.212727
115.1		0.214224
115.2		0.214224
115.3		0.214224
115.4		0.214224
115.5		0.214224
115.6		0.214224
115.7		0.214224
115.8		0.214224
115.9		0.214224
116		0.214224
116.1		0.214861
116.2		0.214861
116.3		0.214861
116.4		0.214861
116.5		0.214861
116.6		0.214861
116.7		0.214861
116.8		0.214861
116.9		0.214861
117		0.214861
117.1		0.218316
117.2		0.218316
117.3		0.218316
117.4		0.218316
117.5		0.218316
117.6		0.218316
117.7		0.218316
117.8		0.218316
117.9		0.218316
118		0.218316
118.1		0.218587
118.2		0.218587
118.3		0.218587
118.4		0.218587
118.5		0.218587
118.6		0.218587
118.7		0.218587
118.8		0.218587
118.9		0.218587
119		0.218587
119.1		0.219165
119.2		0.219165
119.3		0.219165
119.4		0.219165
119.5		0.219165
119.6		0.219165
119.7		0.219165
119.8		0.219165
119.9		0.219165
120		0.219165
120.1		0.222078
120.2		0.222078
120.3		0.222078
120.4		0.222078
120.5		0.222078
120.6		0.222078
120.7		0.222078
120.8		0.222078
120.9		0.222078
121		0.222078
121.1		0.224272
121.2		0.224272
121.3		0.224272
121.4		0.224272
121.5		0.224272
121.6		0.224272
121.7		0.224272
121.8		0.224272
121.9		0.224272
122		0.224272
122.1		0.226724
122.2		0.226724
122.3		0.226724
122.4		0.226724
122.5		0.226724
122.6		0.226724
122.7		0.226724
122.8		0.226724
122.9		0.226724
123		0.226724
123.1		0.228128
123.2		0.228128
123.3		0.228128
123.4		0.228128
123.5		0.228128
123.6		0.228128
123.7		0.228128
123.8		0.228128
123.9		0.228128
124		0.228128
124.1		0.229767
124.2		0.229767
124.3		0.229767
124.4		0.229767
124.5		0.229767
124.6		0.229767
124.7		0.229767
124.8		0.229767
124.9		0.229767
125		0.229767
125.1		0.230852
125.2		0.230852
125.3		0.230852
125.4		0.230852
125.5		0.230852
125.6		0.230852
125.7		0.230852
125.8		0.230852
125.9		0.230852
126		0.230852
126.1		0.236477
126.2		0.236477
126.3		0.236477
126.4		0.236477
126.5		0.236477
126.6		0.236477
126.7		0.236477
126.8		0.236477
126.9		0.236477
127		0.236477
127.1		0.237621
127.2		0.237621
127.3		0.237621
127.4		0.237621
127.5		0.237621
127.6		0.237621
127.7		0.237621
127.8		0.237621
127.9		0.237621
128		0.237621
128.1		0.239048
128.2		0.239048
128.3		0.239048
128.4		0.239048
128.5		0.239048
128.6		0.239048
128.7		0.239048
128.8		0.239048
128.9		0.239048
129		0.239048
129.1		0.240026
129.2		0.240026
129.3		0.240026
129.4		0.240026
129.5		0.240026
129.6		0.240026
129.7		0.240026
129.8		0.240026
129.9		0.240026
130		0.240026
130.1		0.242338
130.2		0.242338
130.3		0.242338
130.4		0.242338
130.5		0.242338
130.6		0.242338
130.7		0.242338
130.8		0.242338
130.9		0.242338
131		0.242338
131.1		0.245651
131.2		0.245651
131.3		0.245651
131.4		0.245651
131.5		0.245651
131.6		0.245651
131.7		0.245651
131.8		0.245651
131.9		0.245651
132		0.245651
132.1		0.248045
132.2		0.248045
132.3		0.248045
132.4		0.248045
132.5		0.248045
132.6		0.248045
132.7		0.248045
132.8		0.248045
132.9		0.248045
133		0.248045
133.1		0.248718
133.2		0.248718
133.3		0.248718
133.4		0.248718
133.5		0.248718
133.6		0.248718
133.7		0.248718
133.8		0.248718
133.9		0.248718
134		0.248718
134.1		0.251583
134.2		0.251583
134.3		0.251583
134.4		0.251583
134.5		0.251583
134.6		0.251583
134.7		0.251583
134.8		0.251583
134.9		0.251583
135		0.251583
135.1		0.252668
135.2		0.252668
135.3		0.252668
135.4		0.252668
135.5		0.252668
135.6		0.252668
135.7		0.252668
135.8		0.252668
135.9		0.252668
136		0.252668
136.1		0.25597
136.2		0.25597
136.3		0.25597
136.4		0.25597
136.5		0.25597
136.6		0.25597
136.7		0.25597
136.8		0.25597
136.9		0.25597
137		0.25597
137.1		0.256512
137.2		0.256512
137.3		0.256512
137.4		0.256512
137.5		0.256512
137.6		0.256512
137.7		0.256512
137.8		0.256512
137.9		0.256512
138		0.256512
138.1		0.259543
138.2		0.259543
138.3		0.259543
138.4		0.259543
138.5		0.259543
138.6		0.259543
138.7		0.259543
138.8		0.259543
138.9		0.259543
139		0.259543
139.1		0.262763
139.2		0.262763
139.3		0.262763
139.4		0.262763
139.5		0.262763
139.6		0.262763
139.7		0.262763
139.8		0.262763
139.9		0.262763
140		0.262763
140.1		0.26472
140.2		0.26472
140.3		0.26472
140.4		0.26472
140.5		0.26472
140.6		0.26472
140.7		0.26472
140.8		0.26472
140.9		0.26472
141		0.26472
141.1		0.268906
141.2		0.268906
141.3		0.268906
141.4		0.268906
141.5		0.268906
141.6		0.268906
141.7		0.268906
141.8		0.268906
141.9		0.268906
142		0.268906
142.1		0.269343
142.2		0.269343
142.3		0.269343
142.4		0.269343
142.5		0.269343
142.6		0.269343
142.7		0.269343
142.8		0.269343
142.9		0.269343
143		0.269343
143.1		0.272621
143.2		0.272621
143.3		0.272621
143.4		0.272621
143.5		0.272621
143.6		0.272621
143.7		0.272621
143.8		0.272621
143.9		0.272621
144		0.272621
144.1		0.273529
144.2		0.273529
144.3		0.273529
144.4		0.273529
144.5		0.273529
144.6		0.273529
144.7		0.273529
144.8		0.273529
144.9		0.273529
145		0.273529
145.1		0.275039
145.2		0.275039
145.3		0.275039
145.4		0.275039
145.5		0.275039
145.6		0.275039
145.7		0.275039
145.8		0.275039
145.9		0.275039
146		0.275039
146.1		0.275357
146.2		0.275357
146.3		0.275357
146.4		0.275357
146.5		0.275357
146.6		0.275357
146.7		0.275357
146.8		0.275357
146.9		0.275357
147		0.275357
147.1		0.27926
147.2		0.27926
147.3		0.27926
147.4		0.27926
147.5		0.27926
147.6		0.27926
147.7		0.27926
147.8		0.27926
147.9		0.27926
148		0.27926
148.1		0.283022
148.2		0.283022
148.3		0.283022
148.4		0.283022
148.5		0.283022
148.6		0.283022
148.7		0.283022
148.8		0.283022
148.9		0.283022
149		0.283022
149.1		0.283777
149.2		0.283777
149.3		0.283777
149.4		0.283777
149.5		0.283777
149.6		0.283777
149.7		0.283777
149.8		0.283777
149.9		0.283777
150		0.283777
150.1		0.284143
150.2		0.284143
150.3		0.284143
150.4		0.284143
150.5		0.284143
150.6		0.284143
150.7		0.284143
150.8		0.284143
150.9		0.284143
151		0.284143
151.1		0.28623
151.2		0.28623
151.3		0.28623
151.4		0.28623
151.5		0.28623
151.6		0.28623
151.7		0.28623
151.8		0.28623
151.9		0.28623
152		0.28623
152.1		0.288329
152.2		0.288329
152.3		0.288329
152.4		0.288329
152.5		0.288329
152.6		0.288329
152.7		0.288329
152.8		0.288329
152.9		0.288329
153		0.288329
153.1		0.292079
153.2		0.292079
153.3		0.292079
153.4		0.292079
153.5		0.292079
153.6		0.292079
153.7		0.292079
153.8		0.292079
153.9		0.292079
154		0.292079
154.1		0.29439
154.2		0.29439
154.3		0.29439
154.4		0.29439
154.5		0.29439
154.6		0.29439
154.7		0.29439
154.8		0.29439
154.9		0.29439
155		0.29439
155.1		0.296088
155.2		0.296088
155.3		0.296088
155.4		0.296088
155.5		0.296088
155.6		0.296088
155.7		0.296088
155.8		0.296088
155.9		0.296088
156		0.296088
156.1		0.298034
156.2		0.298034
156.3		0.298034
156.4		0.298034
156.5		0.298034
156.6		0.298034
156.7		0.298034
156.8		0.298034
156.9		0.298034
157		0.298034
157.1		0.29932
157.2		0.29932
157.3		0.29932
157.4		0.29932
157.5		0.29932
157.6		0.29932
157.7		0.29932
157.8		0.29932
157.9		0.29932
158		0.29932
158.1		0.300817
158.2		0.300817
158.3		0.300817
158.4		0.300817
158.5		0.300817
158.6		0.300817
158.7		0.300817
158.8		0.300817
158.9		0.300817
159		0.300817
159.1		0.301619
159.2		0.301619
159.3		0.301619
159.4		0.301619
159.5		0.301619
159.6		0.301619
159.7		0.301619
159.8		0.301619
159.9		0.301619
160		0.301619
160.1		0.30544
160.2		0.30544
160.3		0.30544
160.4		0.30544
160.5		0.30544
160.6		0.30544
160.7		0.30544
160.8		0.30544
160.9		0.30544
161		0.30544
161.1		0.309662
161.2		0.309662
161.3		0.309662
161.4		0.309662
161.5		0.309662
161.6		0.309662
161.7		0.309662
161.8		0.309662
161.9		0.309662
162		0.309662
162.1		0.310534
162.2		0.310534
162.3		0.310534
162.4		0.310534
162.5		0.310534
162.6		0.310534
162.7		0.310534
162.8		0.310534
162.9		0.310534
163		0.310534
163.1		0.310747
163.2		0.310747
163.3		0.310747
163.4		0.310747
163.5		0.310747
163.6		0.310747
163.7		0.310747
163.8		0.310747
163.9		0.310747
164		0.310747
164.1		0.313813
164.2		0.313813
164.3		0.313813
164.4		0.313813
164.5		0.313813
164.6		0.313813
164.7		0.313813
164.8		0.313813
164.9		0.313813
165		0.313813
165.1		0.317858
165.2		0.317858
165.3		0.317858
165.4		0.317858
165.5		0.317858
165.6		0.317858
165.7		0.317858
165.8		0.317858
165.9		0.317858
166		0.317858
166.1		0.319532
166.2		0.319532
166.3		0.319532
166.4		0.319532
166.5		0.319532
166.6		0.319532
166.7		0.319532
166.8		0.319532
166.9		0.319532
167		0.319532
167.1		0.322374
167.2		0.322374
167.3		0.322374
167.4		0.322374
167.5		0.322374
167.6		0.322374
167.7		0.322374
167.8		0.322374
167.9		0.322374
168		0.322374
168.1		0.323093
168.2		0.323093
168.3		0.323093
168.4		0.323093
168.5		0.323093
168.6		0.323093
168.7		0.323093
168.8		0.323093
168.9		0.323093
169		0.323093
169.1		0.324886
169.2		0.324886
169.3		0.324886
169.4		0.324886
169.5		0.324886
169.6		0.324886
169.7		0.324886
169.8		0.324886
169.9		0.324886
170		0.324886
170.1		0.327044
170.2		0.327044
170.3		0.327044
170.4		0.327044
170.5		0.327044
170.6		0.327044
170.7		0.327044
170.8		0.327044
170.9		0.327044
171		0.327044
171.1		0.328459
171.2		0.328459
171.3		0.328459
171.4		0.328459
171.5		0.328459
171.6		0.328459
171.7		0.328459
171.8		0.328459
171.9		0.328459
172		0.328459
172.1		0.331855
172.2		0.331855
172.3		0.331855
172.4		0.331855
172.5		0.331855
172.6		0.331855
172.7		0.331855
172.8		0.331855
172.9		0.331855
173		0.331855
173.1		0.33498
173.2		0.33498
173.3		0.33498
173.4		0.33498
173.5		0.33498
173.6		0.33498
173.7		0.33498
173.8		0.33498
173.9		0.33498
174		0.33498
174.1		0.33498
174.2		0.33498
174.3		0.33498
174.4		0.33498
174.5		0.33498
174.6		0.33498
174.7		0.33498
174.8		0.33498
174.9		0.33498
175		0.33498
175.1		0.337256
175.2		0.337256
175.3		0.337256
175.4		0.337256
175.5		0.337256
175.6		0.337256
175.7		0.337256
175.8		0.337256
175.9		0.337256
176		0.337256
176.1		0.337645
176.2		0.337645
176.3		0.337645
176.4		0.337645
176.5		0.337645
176.6		0.337645
176.7		0.337645
176.8		0.337645
176.9		0.337645
177		0.337645
177.1		0.341702
177.2		0.341702
177.3		0.341702
177.4		0.341702
177.5		0.341702
177.6		0.341702
177.7		0.341702
177.8		0.341702
177.9		0.341702
178		0.341702
178.1		0.343648
178.2		0.343648
178.3		0.343648
178.4		0.343648
178.5		0.343648
178.6		0.343648
178.7		0.343648
178.8		0.343648
178.9		0.343648
179		0.343648
179.1		0.344792
179.2		0.344792
179.3		0.344792
179.4		0.344792
179.5		0.344792
179.6		0.344792
179.7		0.344792
179.8		0.344792
179.9		0.344792
180		0.344792
180.1		0.346596
180.2		0.346596
180.3		0.346596
180.4		0.346596
180.5		0.346596
180.6		0.346596
180.7		0.346596
180.8		0.346596
180.9		0.346596
181		0.346596
181.1		0.347905
181.2		0.347905
181.3		0.347905
181.4		0.347905
181.5		0.347905
181.6		0.347905
181.7		0.347905
181.8		0.347905
181.9		0.347905
182		0.347905
182.1		0.352551
182.2		0.352551
182.3		0.352551
182.4		0.352551
182.5		0.352551
182.6		0.352551
182.7		0.352551
182.8		0.352551
182.9		0.352551
183		0.352551
183.1		0.353165
183.2		0.353165
183.3		0.353165
183.4		0.353165
183.5		0.353165
183.6		0.353165
183.7		0.353165
183.8		0.353165
183.9		0.353165
184		0.353165
184.1		0.355511
184.2		0.355511
184.3		0.355511
184.4		0.355511
184.5		0.355511
184.6		0.355511
184.7		0.355511
184.8		0.355511
184.9		0.355511
185		0.355511
185.1		0.355818
185.2		0.355818
185.3		0.355818
185.4		0.355818
185.5		0.355818
185.6		0.355818
185.7		0.355818
185.8		0.355818
185.9		0.355818
186		0.355818
186.1		0.362033
186.2		0.362033
186.3		0.362033
186.4		0.362033
186.5		0.362033
186.6		0.362033
186.7		0.362033
186.8		0.362033
186.9		0.362033
187		0.362033
187.1		0.362351
187.2		0.362351
187.3		0.362351
187.4		0.362351
187.5		0.362351
187.6		0.362351
187.7		0.362351
187.8		0.362351
187.9		0.362351
188		0.362351
188.1		0.362964
188.2		0.362964
188.3		0.362964
188.4		0.362964
188.5		0.362964
188.6		0.362964
188.7		0.362964
188.8		0.362964
188.9		0.362964
189		0.362964
189.1		0.364639
189.2		0.364639
189.3		0.364639
189.4		0.364639
189.5		0.364639
189.6		0.364639
189.7		0.364639
189.8		0.364639
189.9		0.364639
190		0.364639
190.1		0.368589
190.2		0.368589
190.3		0.368589
190.4		0.368589
190.5		0.368589
190.6		0.368589
190.7		0.368589
190.8		0.368589
190.9		0.368589
191		0.368589
191.1		0.370181
191.2		0.370181
191.3		0.370181
191.4		0.370181
191.5		0.370181
191.6		0.370181
191.7		0.370181
191.8		0.370181
191.9		0.370181
192		0.370181
192.1		0.370677
192.2		0.370677
192.3		0.370677
192.4		0.370677
192.5		0.370677
192.6		0.370677
192.7		0.370677
192.8		0.370677
192.9		0.370677
193		0.370677
193.1		0.373483
193.2		0.373483
193.3		0.373483
193.4		0.373483
193.5		0.373483
193.6		0.373483
193.7		0.373483
193.8		0.373483
193.9		0.373483
194		0.373483
194.1		0.373766
194.2		0.373766
194.3		0.373766
194.4		0.373766
194.5		0.373766
194.6		0.373766
194.7		0.373766
194.8		0.373766
194.9		0.373766
195		0.373766
195.1		0.379438
195.2		0.379438
195.3		0.379438
195.4		0.379438
195.5		0.379438
195.6		0.379438
195.7		0.379438
195.8		0.379438
195.9		0.379438
196		0.379438
196.1		0.380795
196.2		0.380795
196.3		0.380795
196.4		0.380795
196.5		0.380795
196.6		0.380795
196.7		0.380795
196.8		0.380795
196.9		0.380795
197		0.380795
197.1		0.381927
197.2		0.381927
197.3		0.381927
197.4		0.381927
197.5		0.381927
197.6		0.381927
197.7		0.381927
197.8		0.381927
197.9		0.381927
198		0.381927
198.1		0.384957
198.2		0.384957
198.3		0.384957
198.4		0.384957
198.5		0.384957
198.6		0.384957
198.7		0.384957
198.8		0.384957
198.9		0.384957
199		0.384957
199.1		0.385464
199.2		0.385464
199.3		0.385464
199.4		0.385464
199.5		0.385464
199.6		0.385464
199.7		0.385464
199.8		0.385464
199.9		0.385464
200		0.385464
200.1		0.388023
200.2		0.388023
200.3		0.388023
200.4		0.388023
200.5		0.388023
200.6		0.388023
200.7		0.388023
200.8		0.388023
200.9		0.388023
201		0.388023
201.1		0.392222
201.2		0.392222
201.3		0.392222
201.4		0.392222
201.5		0.392222
201.6		0.392222
201.7		0.392222
201.8		0.392222
201.9		0.392222
202		0.392222
202.1		0.392469
202.2		0.392469
202.3		0.392469
202.4		0.392469
202.5		0.392469
202.6		0.392469
202.7		0.392469
202.8		0.392469
202.9		0.392469
203		0.392469
203.1		0.393307
203.2		0.393307
203.3		0.393307
203.4		0.393307
203.5		0.393307
203.6		0.393307
203.7		0.393307
203.8		0.393307
203.9		0.393307
204		0.393307
204.1		0.396585
204.2		0.396585
204.3		0.396585
204.4		0.396585
204.5		0.396585
204.6		0.396585
204.7		0.396585
204.8		0.396585
204.9		0.396585
205		0.396585
205.1		0.39912
205.2		0.39912
205.3		0.39912
205.4		0.39912
205.5		0.39912
205.6		0.39912
205.7		0.39912
205.8		0.39912
205.9		0.39912
206		0.39912
206.1		0.399627
206.2		0.399627
206.3		0.399627
206.4		0.399627
206.5		0.399627
206.6		0.399627
206.7		0.399627
206.8		0.399627
206.9		0.399627
207		0.399627
207.1		0.403542
207.2		0.403542
207.3		0.403542
207.4		0.403542
207.5		0.403542
207.6		0.403542
207.7		0.403542
207.8		0.403542
207.9		0.403542
208		0.403542
208.1		0.405276
208.2		0.405276
208.3		0.405276
208.4		0.405276
208.5		0.405276
208.6		0.405276
208.7		0.405276
208.8		0.405276
208.9		0.405276
209		0.405276
209.1		0.406443
209.2		0.406443
209.3		0.406443
209.4		0.406443
209.5		0.406443
209.6		0.406443
209.7		0.406443
209.8		0.406443
209.9		0.406443
210		0.406443
210.1		0.406951
210.2		0.406951
210.3		0.406951
210.4		0.406951
210.5		0.406951
210.6		0.406951
210.7		0.406951
210.8		0.406951
210.9		0.406951
211		0.406951
211.1		0.410123
211.2		0.410123
211.3		0.410123
211.4		0.410123
211.5		0.410123
211.6		0.410123
211.7		0.410123
211.8		0.410123
211.9		0.410123
212		0.410123
212.1		0.415158
212.2		0.415158
212.3		0.415158
212.4		0.415158
212.5		0.415158
212.6		0.415158
212.7		0.415158
212.8		0.415158
212.9		0.415158
213		0.415158
213.1		0.415783
213.2		0.415783
213.3		0.415783
213.4		0.415783
213.5		0.415783
213.6		0.415783
213.7		0.415783
213.8		0.415783
213.9		0.415783
214		0.415783
214.1		0.416904
214.2		0.416904
214.3		0.416904
214.4		0.416904
214.5		0.416904
214.6		0.416904
214.7		0.416904
214.8		0.416904
214.9		0.416904
215		0.416904
215.1		0.417953
215.2		0.417953
215.3		0.417953
215.4		0.417953
215.5		0.417953
215.6		0.417953
215.7		0.417953
215.8		0.417953
215.9		0.417953
216		0.417953
216.1		0.423967
216.2		0.423967
216.3		0.423967
216.4		0.423967
216.5		0.423967
216.6		0.423967
216.7		0.423967
216.8		0.423967
216.9		0.423967
217		0.423967
217.1		0.424722
217.2		0.424722
217.3		0.424722
217.4		0.424722
217.5		0.424722
217.6		0.424722
217.7		0.424722
217.8		0.424722
217.9		0.424722
218		0.424722
218.1		0.424958
218.2		0.424958
218.3		0.424958
218.4		0.424958
218.5		0.424958
218.6		0.424958
218.7		0.424958
218.8		0.424958
218.9		0.424958
219		0.424958
219.1		0.427493
219.2		0.427493
219.3		0.427493
219.4		0.427493
219.5		0.427493
219.6		0.427493
219.7		0.427493
219.8		0.427493
219.9		0.427493
220		0.427493
220.1		0.431314
220.2		0.431314
220.3		0.431314
220.4		0.431314
220.5		0.431314
220.6		0.431314
220.7		0.431314
220.8		0.431314
220.9		0.431314
221		0.431314
221.1		0.431515
221.2		0.431515
221.3		0.431515
221.4		0.431515
221.5		0.431515
221.6		0.431515
221.7		0.431515
221.8		0.431515
221.9		0.431515
222		0.431515
222.1		0.432352
222.2		0.432352
222.3		0.432352
222.4		0.432352
222.5		0.432352
222.6		0.432352
222.7		0.432352
222.8		0.432352
222.9		0.432352
223		0.432352
223.1		0.434486
223.2		0.434486
223.3		0.434486
223.4		0.434486
223.5		0.434486
223.6		0.434486
223.7		0.434486
223.8		0.434486
223.9		0.434486
224		0.434486
224.1		0.439958
224.2		0.439958
224.3		0.439958
224.4		0.439958
224.5		0.439958
224.6		0.439958
224.7		0.439958
224.8		0.439958
224.9		0.439958
225		0.439958
225.1		0.440029
225.2		0.440029
225.3		0.440029
225.4		0.440029
225.5		0.440029
225.6		0.440029
225.7		0.440029
225.8		0.440029
225.9		0.440029
226		0.440029
226.1		0.442576
226.2		0.442576
226.3		0.442576
226.4		0.442576
226.5		0.442576
226.6		0.442576
226.7		0.442576
226.8		0.442576
226.9		0.442576
227		0.442576
227.1		0.443626
227.2		0.443626
227.3		0.443626
227.4		0.443626
227.5		0.443626
227.6		0.443626
227.7		0.443626
227.8		0.443626
227.9		0.443626
228		0.443626
228.1		0.445524
228.2		0.445524
228.3		0.445524
228.4		0.445524
228.5		0.445524
228.6		0.445524
228.7		0.445524
228.8		0.445524
228.9		0.445524
229		0.445524
229.1		0.451338
229.2		0.451338
229.3		0.451338
229.4		0.451338
229.5		0.451338
229.6		0.451338
229.7		0.451338
229.8		0.451338
229.9		0.451338
230		0.451338
230.1		0.451774
230.2		0.451774
230.3		0.451774
230.4		0.451774
230.5		0.451774
230.6		0.451774
230.7		0.451774
230.8		0.451774
230.9		0.451774
231		0.451774
231.1		0.453343
231.2		0.453343
231.3		0.453343
231.4		0.453343
231.5		0.453343
231.6		0.453343
231.7		0.453343
231.8		0.453343
231.9		0.453343
232		0.453343
232.1		0.454569
232.2		0.454569
232.3		0.454569
232.4		0.454569
232.5		0.454569
232.6		0.454569
232.7		0.454569
232.8		0.454569
232.9		0.454569
233		0.454569
233.1		0.45727
233.2		0.45727
233.3		0.45727
233.4		0.45727
233.5		0.45727
233.6		0.45727
233.7		0.45727
233.8		0.45727
233.9		0.45727
234		0.45727
234.1		0.460418
234.2		0.460418
234.3		0.460418
234.4		0.460418
234.5		0.460418
234.6		0.460418
234.7		0.460418
234.8		0.460418
234.9		0.460418
235		0.460418
235.1		0.461692
235.2		0.461692
235.3		0.461692
235.4		0.461692
235.5		0.461692
235.6		0.461692
235.7		0.461692
235.8		0.461692
235.9		0.461692
236		0.461692
236.1		0.46247
236.2		0.46247
236.3		0.46247
236.4		0.46247
236.5		0.46247
236.6		0.46247
236.7		0.46247
236.8		0.46247
236.9		0.46247
237		0.46247
237.1		0.463779
237.2		0.463779
237.3		0.463779
237.4		0.463779
237.5		0.463779
237.6		0.463779
237.7		0.463779
237.8		0.463779
237.9		0.463779
238		0.463779
238.1		0.468991
238.2		0.468991
238.3		0.468991
238.4		0.468991
238.5		0.468991
238.6		0.468991
238.7		0.468991
238.8		0.468991
238.9		0.468991
239		0.468991
239.1		0.470194
239.2		0.470194
239.3		0.470194
239.4		0.470194
239.5		0.470194
239.6		0.470194
239.7		0.470194
239.8		0.470194
239.9		0.470194
240		0.470194
240.1		0.470902
240.2		0.470902
240.3		0.470902
240.4		0.470902
240.5		0.470902
240.6		0.470902
240.7		0.470902
240.8		0.470902
240.9		0.470902
241		0.470902
241.1		0.471149
241.2		0.471149
241.3		0.471149
241.4		0.471149
241.5		0.471149
241.6		0.471149
241.7		0.471149
241.8		0.471149
241.9		0.471149
242		0.471149
242.1		0.476244
242.2		0.476244
242.3		0.476244
242.4		0.476244
242.5		0.476244
242.6		0.476244
242.7		0.476244
242.8		0.476244
242.9		0.476244
243		0.476244
243.1		0.477741
243.2		0.477741
243.3		0.477741
243.4		0.477741
243.5		0.477741
243.6		0.477741
243.7		0.477741
243.8		0.477741
243.9		0.477741
244		0.477741
244.1		0.480513
244.2		0.480513
244.3		0.480513
244.4		0.480513
244.5		0.480513
244.6		0.480513
244.7		0.480513
244.8		0.480513
244.9		0.480513
245		0.480513
245.1		0.480831
245.2		0.480831
245.3		0.480831
245.4		0.480831
245.5		0.480831
245.6		0.480831
245.7		0.480831
245.8		0.480831
245.9		0.480831
246		0.480831
246.1		0.485242
246.2		0.485242
246.3		0.485242
246.4		0.485242
246.5		0.485242
246.6		0.485242
246.7		0.485242
246.8		0.485242
246.9		0.485242
247		0.485242
247.1		0.487447
247.2		0.487447
247.3		0.487447
247.4		0.487447
247.5		0.487447
247.6		0.487447
247.7		0.487447
247.8		0.487447
247.9		0.487447
248		0.487447
248.1		0.488331
248.2		0.488331
248.3		0.488331
248.4		0.488331
248.5		0.488331
248.6		0.488331
248.7		0.488331
248.8		0.488331
248.9		0.488331
249		0.488331
249.1		0.489723
249.2		0.489723
249.3		0.489723
249.4		0.489723
249.5		0.489723
249.6		0.489723
249.7		0.489723
249.8		0.489723
249.9		0.489723
250		0.489723
250.1		0.493131
250.2		0.493131
250.3		0.493131
250.4		0.493131
250.5		0.493131
250.6		0.493131
250.7		0.493131
250.8		0.493131
250.9		0.493131
251		0.493131
251.1		0.493909
251.2		0.493909
251.3		0.493909
251.4		0.493909
251.5		0.493909
251.6		0.493909
251.7		0.493909
251.8		0.493909
251.9		0.493909
252		0.493909
252.1		0.495548
252.2		0.495548
252.3		0.495548
252.4		0.495548
252.5		0.495548
252.6		0.495548
252.7		0.495548
252.8		0.495548
252.9		0.495548
253		0.495548
253.1		0.497435
253.2		0.497435
253.3		0.497435
253.4		0.497435
253.5		0.497435
253.6		0.497435
253.7		0.497435
253.8		0.497435
253.9		0.497435
254		0.497435
254.1		0.498933
254.2		0.498933
254.3		0.498933
254.4		0.498933
254.5		0.498933
254.6		0.498933
254.7		0.498933
254.8		0.498933
254.9		0.498933
255		0.498933
255.1		0.501704
255.2		0.501704
255.3		0.501704
255.4		0.501704
255.5		0.501704
255.6		0.501704
255.7		0.501704
255.8		0.501704
255.9		0.501704
256		0.501704
256.1		0.503579
256.2		0.503579
256.3		0.503579
256.4		0.503579
256.5		0.503579
256.6		0.503579
256.7		0.503579
256.8		0.503579
256.9		0.503579
257		0.503579
257.1		0.507329
257.2		0.507329
257.3		0.507329
257.4		0.507329
257.5		0.507329
257.6		0.507329
257.7		0.507329
257.8		0.507329
257.9		0.507329
258		0.507329
258.1		0.508343
258.2		0.508343
258.3		0.508343
258.4		0.508343
258.5		0.508343
258.6		0.508343
258.7		0.508343
258.8		0.508343
258.9		0.508343
259		0.508343
259.1		0.509912
259.2		0.509912
259.3		0.509912
259.4		0.509912
259.5		0.509912
259.6		0.509912
259.7		0.509912
259.8		0.509912
259.9		0.509912
260		0.509912
260.1		0.512907
260.2		0.512907
260.3		0.512907
260.4		0.512907
260.5		0.512907
260.6		0.512907
260.7		0.512907
260.8		0.512907
260.9		0.512907
261		0.512907
261.1		0.514487
261.2		0.514487
261.3		0.514487
261.4		0.514487
261.5		0.514487
261.6		0.514487
261.7		0.514487
261.8		0.514487
261.9		0.514487
262		0.514487
262.1		0.514853
262.2		0.514853
262.3		0.514853
262.4		0.514853
262.5		0.514853
262.6		0.514853
262.7		0.514853
262.8		0.514853
262.9		0.514853
263		0.514853
263.1		0.519475
263.2		0.519475
263.3		0.519475
263.4		0.519475
263.5		0.519475
263.6		0.519475
263.7		0.519475
263.8		0.519475
263.9		0.519475
264		0.519475
264.1		0.523532
264.2		0.523532
264.3		0.523532
264.4		0.523532
264.5		0.523532
264.6		0.523532
264.7		0.523532
264.8		0.523532
264.9		0.523532
265		0.523532
265.1		0.52398
265.2		0.52398
265.3		0.52398
265.4		0.52398
265.5		0.52398
265.6		0.52398
265.7		0.52398
265.8		0.52398
265.9		0.52398
266		0.52398
266.1		0.524228
266.2		0.524228
266.3		0.524228
266.4		0.524228
266.5		0.524228
266.6		0.524228
266.7		0.524228
266.8		0.524228
266.9		0.524228
267		0.524228
267.1		0.527164
267.2		0.527164
267.3		0.527164
267.4		0.527164
267.5		0.527164
267.6		0.527164
267.7		0.527164
267.8		0.527164
267.9		0.527164
268		0.527164
268.1		0.531586
268.2		0.531586
268.3		0.531586
268.4		0.531586
268.5		0.531586
268.6		0.531586
268.7		0.531586
268.8		0.531586
268.9		0.531586
269		0.531586
269.1		0.531763
269.2		0.531763
269.3		0.531763
269.4		0.531763
269.5		0.531763
269.6		0.531763
269.7		0.531763
269.8		0.531763
269.9		0.531763
270		0.531763
270.1		0.533615
270.2		0.533615
270.3		0.533615
270.4		0.533615
270.5		0.533615
270.6		0.533615
270.7		0.533615
270.8		0.533615
270.9		0.533615
271		0.533615
271.1		0.533839
271.2		0.533839
271.3		0.533839
271.4		0.533839
271.5		0.533839
271.6		0.533839
271.7		0.533839
271.8		0.533839
271.9		0.533839
272		0.533839
272.1		0.54016
272.2		0.54016
272.3		0.54016
272.4		0.54016
272.5		0.54016
272.6		0.54016
272.7		0.54016
272.8		0.54016
272.9		0.54016
273		0.54016
273.1		0.540266
273.2		0.540266
273.3		0.540266
273.4		0.540266
273.5		0.540266
273.6		0.540266
273.7		0.540266
273.8		0.540266
273.9		0.540266
274		0.540266
274.1		0.540808
274.2		0.540808
274.3		0.540808
274.4		0.540808
274.5		0.540808
274.6		0.540808
274.7		0.540808
274.8		0.540808
274.9		0.540808
275		0.540808
275.1		0.543414
275.2		0.543414
275.3		0.543414
275.4		0.543414
275.5		0.543414
275.6		0.543414
275.7		0.543414
275.8		0.543414
275.9		0.543414
276		0.543414
276.1		0.546952
276.2		0.546952
276.3		0.546952
276.4		0.546952
276.5		0.546952
276.6		0.546952
276.7		0.546952
276.8		0.546952
276.9		0.546952
277		0.546952
277.1		0.54865
277.2		0.54865
277.3		0.54865
277.4		0.54865
277.5		0.54865
277.6		0.54865
277.7		0.54865
277.8		0.54865
277.9		0.54865
278		0.54865
278.1		0.549157
278.2		0.549157
278.3		0.549157
278.4		0.549157
278.5		0.549157
278.6		0.549157
278.7		0.549157
278.8		0.549157
278.9		0.549157
279		0.549157
279.1		0.5524
279.2		0.5524
279.3		0.5524
279.4		0.5524
279.5		0.5524
279.6		0.5524
279.7		0.5524
279.8		0.5524
279.9		0.5524
280		0.5524
280.1		0.557601
280.2		0.557601
280.3		0.557601
280.4		0.557601
280.5		0.557601
280.6		0.557601
280.7		0.557601
280.8		0.557601
280.9		0.557601
281		0.557601
281.1		0.558132
281.2		0.558132
281.3		0.558132
281.4		0.558132
281.5		0.558132
281.6		0.558132
281.7		0.558132
281.8		0.558132
281.9		0.558132
282		0.558132
282.1		0.559016
282.2		0.559016
282.3		0.559016
282.4		0.559016
282.5		0.559016
282.6		0.559016
282.7		0.559016
282.8		0.559016
282.9		0.559016
283		0.559016
283.1		0.561705
283.2		0.561705
283.3		0.561705
283.4		0.561705
283.5		0.561705
283.6		0.561705
283.7		0.561705
283.8		0.561705
283.9		0.561705
284		0.561705
284.1		0.565478
284.2		0.565478
284.3		0.565478
284.4		0.565478
284.5		0.565478
284.6		0.565478
284.7		0.565478
284.8		0.565478
284.9		0.565478
285		0.565478
285.1		0.567188
285.2		0.567188
285.3		0.567188
285.4		0.567188
285.5		0.567188
285.6		0.567188
285.7		0.567188
285.8		0.567188
285.9		0.567188
286		0.567188
286.1		0.568568
286.2		0.568568
286.3		0.568568
286.4		0.568568
286.5		0.568568
286.6		0.568568
286.7		0.568568
286.8		0.568568
286.9		0.568568
287		0.568568
287.1		0.574783
287.2		0.574783
287.3		0.574783
287.4		0.574783
287.5		0.574783
287.6		0.574783
287.7		0.574783
287.8		0.574783
287.9		0.574783
288		0.574783
288.1		0.577495
288.2		0.577495
288.3		0.577495
288.4		0.577495
288.5		0.577495
288.6		0.577495
288.7		0.577495
288.8		0.577495
288.9		0.577495
289		0.577495
289.1		0.577825
289.2		0.577825
289.3		0.577825
289.4		0.577825
289.5		0.577825
289.6		0.577825
289.7		0.577825
289.8		0.577825
289.9		0.577825
290		0.577825
290.1		0.578049
290.2		0.578049
290.3		0.578049
290.4		0.578049
290.5		0.578049
290.6		0.578049
290.7		0.578049
290.8		0.578049
290.9		0.578049
291		0.578049
291.1		0.584075
291.2		0.584075
291.3		0.584075
291.4		0.584075
291.5		0.584075
291.6		0.584075
291.7		0.584075
291.8		0.584075
291.9		0.584075
292		0.584075
292.1		0.584087
292.2		0.584087
292.3		0.584087
292.4		0.584087
292.5		0.584087
292.6		0.584087
292.7		0.584087
292.8		0.584087
292.9		0.584087
293		0.584087
293.1		0.584488
293.2		0.584488
293.3		0.584488
293.4		0.584488
293.5		0.584488
293.6		0.584488
293.7		0.584488
293.8		0.584488
293.9		0.584488
294		0.584488
294.1		0.587436
294.2		0.587436
294.3		0.587436
294.4		0.587436
294.5		0.587436
294.6		0.587436
294.7		0.587436
294.8		0.587436
294.9		0.587436
295		0.587436
295.1		0.590113
295.2		0.590113
295.3		0.590113
295.4		0.590113
295.5		0.590113
295.6		0.590113
295.7		0.590113
295.8		0.590113
295.9		0.590113
296		0.590113
296.1		0.592684
296.2		0.592684
296.3		0.592684
296.4		0.592684
296.5		0.592684
296.6		0.592684
296.7		0.592684
296.8		0.592684
296.9		0.592684
297		0.592684
297.1		0.593639
297.2		0.593639
297.3		0.593639
297.4		0.593639
297.5		0.593639
297.6		0.593639
297.7		0.593639
297.8		0.593639
297.9		0.593639
298		0.593639
298.1		0.595538
298.2		0.595538
298.3		0.595538
298.4		0.595538
298.5		0.595538
298.6		0.595538
298.7		0.595538
298.8		0.595538
298.9		0.595538
299		0.595538
299.1		0.601599
299.2		0.601599
299.3		0.601599
299.4		0.601599
299.5		0.601599
299.6		0.601599
299.7		0.601599
299.8		0.601599
299.9		0.601599
300		0.601599
300.1		0.60529
300.2		0.60529
300.3		0.60529
300.4		0.60529
300.5		0.60529
300.6		0.60529
300.7		0.60529
300.8		0.60529
300.9		0.60529
301		0.60529
301.1		0.60575
301.2		0.60575
301.3		0.60575
301.4		0.60575
301.5		0.60575
301.6		0.60575
301.7		0.60575
301.8		0.60575
301.9		0.60575
302		0.60575
302.1		0.609288
302.2		0.609288
302.3		0.609288
302.4		0.609288
302.5		0.609288
302.6		0.609288
302.7		0.609288
302.8		0.609288
302.9		0.609288
303		0.609288
303.1		0.613592
303.2		0.613592
303.3		0.613592
303.4		0.613592
303.5		0.613592
303.6		0.613592
303.7		0.613592
303.8		0.613592
303.9		0.613592
304		0.613592
304.1		0.614064
304.2		0.614064
304.3		0.614064
304.4		0.614064
304.5		0.614064
304.6		0.614064
304.7		0.614064
304.8		0.614064
304.9		0.614064
305		0.614064
305.1		0.615455
305.2		0.615455
305.3		0.615455
305.4		0.615455
305.5		0.615455
305.6		0.615455
305.7		0.615455
305.8		0.615455
305.9		0.615455
306		0.615455
306.1		0.619901
306.2		0.619901
306.3		0.619901
306.4		0.619901
306.5		0.619901
306.6		0.619901
306.7		0.619901
306.8		0.619901
306.9		0.619901
307		0.619901
307.1		0.620302
307.2		0.620302
307.3		0.620302
307.4		0.620302
307.5		0.620302
307.6		0.620302
307.7		0.620302
307.8		0.620302
307.9		0.620302
308		0.620302
308.1		0.621257
308.2		0.621257
308.3		0.621257
308.4		0.621257
308.5		0.621257
308.6		0.621257
308.7		0.621257
308.8		0.621257
308.9		0.621257
309		0.621257
309.1		0.624665
309.2		0.624665
309.3		0.624665
309.4		0.624665
309.5		0.624665
309.6		0.624665
309.7		0.624665
309.8		0.624665
309.9		0.624665
310		0.624665
310.1		0.628427
310.2		0.628427
310.3		0.628427
310.4		0.628427
310.5		0.628427
310.6		0.628427
310.7		0.628427
310.8		0.628427
310.9		0.628427
311		0.628427
311.1		0.629123
311.2		0.629123
311.3		0.629123
311.4		0.629123
311.5		0.629123
311.6		0.629123
311.7		0.629123
311.8		0.629123
311.9		0.629123
312		0.629123
312.1		0.631116
312.2		0.631116
312.3		0.631116
312.4		0.631116
312.5		0.631116
312.6		0.631116
312.7		0.631116
312.8		0.631116
312.9		0.631116
313		0.631116
313.1		0.631623
313.2		0.631623
313.3		0.631623
313.4		0.631623
313.5		0.631623
313.6		0.631623
313.7		0.631623
313.8		0.631623
313.9		0.631623
314		0.631623
314.1		0.635007
314.2		0.635007
314.3		0.635007
314.4		0.635007
314.5		0.635007
314.6		0.635007
314.7		0.635007
314.8		0.635007
314.9		0.635007
315		0.635007
315.1		0.637283
315.2		0.637283
315.3		0.637283
315.4		0.637283
315.5		0.637283
315.6		0.637283
315.7		0.637283
315.8		0.637283
315.9		0.637283
316		0.637283
316.1		0.640055
316.2		0.640055
316.3		0.640055
316.4		0.640055
316.5		0.640055
316.6		0.640055
316.7		0.640055
316.8		0.640055
316.9		0.640055
317		0.640055
317.1		0.640338
317.2		0.640338
317.3		0.640338
317.4		0.640338
317.5		0.640338
317.6		0.640338
317.7		0.640338
317.8		0.640338
317.9		0.640338
318		0.640338
318.1		0.642708
318.2		0.642708
318.3		0.642708
318.4		0.642708
318.5		0.642708
318.6		0.642708
318.7		0.642708
318.8		0.642708
318.9		0.642708
319		0.642708
319.1		0.64397
319.2		0.64397
319.3		0.64397
319.4		0.64397
319.5		0.64397
319.6		0.64397
319.7		0.64397
319.8		0.64397
319.9		0.64397
320		0.64397
320.1		0.645055
320.2		0.645055
320.3		0.645055
320.4		0.645055
320.5		0.645055
320.6		0.645055
320.7		0.645055
320.8		0.645055
320.9		0.645055
321		0.645055
321.1		0.64588
321.2		0.64588
321.3		0.64588
321.4		0.64588
321.5		0.64588
321.6		0.64588
321.7		0.64588
321.8		0.64588
321.9		0.64588
322		0.64588
322.1		0.651788
322.2		0.651788
322.3		0.651788
322.4		0.651788
322.5		0.651788
322.6		0.651788
322.7		0.651788
322.8		0.651788
322.9		0.651788
323		0.651788
323.1		0.65259
323.2		0.65259
323.3		0.65259
323.4		0.65259
323.5		0.65259
323.6		0.65259
323.7		0.65259
323.8		0.65259
323.9		0.65259
324		0.65259
324.1		0.654548
324.2		0.654548
324.3		0.654548
324.4		0.654548
324.5		0.654548
324.6		0.654548
324.7		0.654548
324.8		0.654548
324.9		0.654548
325		0.654548
325.1		0.654654
325.2		0.654654
325.3		0.654654
325.4		0.654654
325.5		0.654654
325.6		0.654654
325.7		0.654654
325.8		0.654654
325.9		0.654654
326		0.654654
326.1		0.654866
326.2		0.654866
326.3		0.654866
326.4		0.654866
326.5		0.654866
326.6		0.654866
326.7		0.654866
326.8		0.654866
326.9		0.654866
327		0.654866
327.1		0.663215
327.2		0.663215
327.3		0.663215
327.4		0.663215
327.5		0.663215
327.6		0.663215
327.7		0.663215
327.8		0.663215
327.9		0.663215
328		0.663215
328.1		0.663663
328.2		0.663663
328.3		0.663663
328.4		0.663663
328.5		0.663663
328.6		0.663663
328.7		0.663663
328.8		0.663663
328.9		0.663663
329		0.663663
329.1		0.666317
329.2		0.666317
329.3		0.666317
329.4		0.666317
329.5		0.666317
329.6		0.666317
329.7		0.666317
329.8		0.666317
329.9		0.666317
330		0.666317
330.1		0.666671
330.2		0.666671
330.3		0.666671
330.4		0.666671
330.5		0.666671
330.6		0.666671
330.7		0.666671
330.8		0.666671
330.9		0.666671
331		0.666671
331.1		0.667013
331.2		0.667013
331.3		0.667013
331.4		0.667013
331.5		0.667013
331.6		0.667013
331.7		0.667013
331.8		0.667013
331.9		0.667013
332		0.667013
332.1		0.671954
332.2		0.671954
332.3		0.671954
332.4		0.671954
332.5		0.671954
332.6		0.671954
332.7		0.671954
332.8		0.671954
332.9		0.671954
333		0.671954
333.1		0.673428
333.2		0.673428
333.3		0.673428
333.4		0.673428
333.5		0.673428
333.6		0.673428
333.7		0.673428
333.8		0.673428
333.9		0.673428
334		0.673428
334.1		0.673734
334.2		0.673734
334.3		0.673734
334.4		0.673734
334.5		0.673734
334.6		0.673734
334.7		0.673734
334.8		0.673734
334.9		0.673734
335		0.673734
335.1		0.678463
335.2		0.678463
335.3		0.678463
335.4		0.678463
335.5		0.678463
335.6		0.678463
335.7		0.678463
335.8		0.678463
335.9		0.678463
336		0.678463
336.1		0.681411
336.2		0.681411
336.3		0.681411
336.4		0.681411
336.5		0.681411
336.6		0.681411
336.7		0.681411
336.8		0.681411
336.9		0.681411
337		0.681411
337.1		0.683051
337.2		0.683051
337.3		0.683051
337.4		0.683051
337.5		0.683051
337.6		0.683051
337.7		0.683051
337.8		0.683051
337.9		0.683051
338		0.683051
338.1		0.684301
338.2		0.684301
338.3		0.684301
338.4		0.684301
338.5		0.684301
338.6		0.684301
338.7		0.684301
338.8		0.684301
338.9		0.684301
339		0.684301
339.1		0.689643
339.2		0.689643
339.3		0.689643
339.4		0.689643
339.5		0.689643
339.6		0.689643
339.7		0.689643
339.8		0.689643
339.9		0.689643
340		0.689643
340.1		0.691919
340.2		0.691919
340.3		0.691919
340.4		0.691919
340.5		0.691919
340.6		0.691919
340.7		0.691919
340.8		0.691919
340.9		0.691919
341		0.691919
341.1		0.69252
341.2		0.69252
341.3		0.69252
341.4		0.69252
341.5		0.69252
341.6		0.69252
341.7		0.69252
341.8		0.69252
341.9		0.69252
342		0.69252
342.1		0.696388
342.2		0.696388
342.3		0.696388
342.4		0.696388
342.5		0.696388
342.6		0.696388
342.7		0.696388
342.8		0.696388
342.9		0.696388
343		0.696388
343.1		0.697131
343.2		0.697131
343.3		0.697131
343.4		0.697131
343.5		0.697131
343.6		0.697131
343.7		0.697131
343.8		0.697131
343.9		0.697131
344		0.697131
344.1		0.697508
344.2		0.697508
344.3		0.697508
344.4		0.697508
344.5		0.697508
344.6		0.697508
344.7		0.697508
344.8		0.697508
344.9		0.697508
345		0.697508
345.1		0.703098
345.2		0.703098
345.3		0.703098
345.4		0.703098
345.5		0.703098
345.6		0.703098
345.7		0.703098
345.8		0.703098
345.9		0.703098
346		0.703098
346.1		0.704596
346.2		0.704596
346.3		0.704596
346.4		0.704596
346.5		0.704596
346.6		0.704596
346.7		0.704596
346.8		0.704596
346.9		0.704596
347		0.704596
347.1		0.704607
347.2		0.704607
347.3		0.704607
347.4		0.704607
347.5		0.704607
347.6		0.704607
347.7		0.704607
347.8		0.704607
347.9		0.704607
348		0.704607
348.1		0.70482
348.2		0.70482
348.3		0.70482
348.4		0.70482
348.5		0.70482
348.6		0.70482
348.7		0.70482
348.8		0.70482
348.9		0.70482
349		0.70482
349.1		0.707001
349.2		0.707001
349.3		0.707001
349.4		0.707001
349.5		0.707001
349.6		0.707001
349.7		0.707001
349.8		0.707001
349.9		0.707001
350		0.707001
350.1		0.710834
350.2		0.710834
350.3		0.710834
350.4		0.710834
350.5		0.710834
350.6		0.710834
350.7		0.710834
350.8		0.710834
350.9		0.710834
351		0.710834
351.1		0.713499
351.2		0.713499
351.3		0.713499
351.4		0.713499
351.5		0.713499
351.6		0.713499
351.7		0.713499
351.8		0.713499
351.9		0.713499
352		0.713499
352.1		0.716895
352.2		0.716895
352.3		0.716895
352.4		0.716895
352.5		0.716895
352.6		0.716895
352.7		0.716895
352.8		0.716895
352.9		0.716895
353		0.716895
353.1		0.718475
353.2		0.718475
353.3		0.718475
353.4		0.718475
353.5		0.718475
353.6		0.718475
353.7		0.718475
353.8		0.718475
353.9		0.718475
354		0.718475
354.1		0.721365
354.2		0.721365
354.3		0.721365
354.4		0.721365
354.5		0.721365
354.6		0.721365
354.7		0.721365
354.8		0.721365
354.9		0.721365
355		0.721365
355.1		0.725634
355.2		0.725634
355.3		0.725634
355.4		0.725634
355.5		0.725634
355.6		0.725634
355.7		0.725634
355.8		0.725634
355.9		0.725634
356		0.725634
356.1		0.728476
356.2		0.728476
356.3		0.728476
356.4		0.728476
356.5		0.728476
356.6		0.728476
356.7		0.728476
356.8		0.728476
356.9		0.728476
357		0.728476
357.1		0.728782
357.2		0.728782
357.3		0.728782
357.4		0.728782
357.5		0.728782
357.6		0.728782
357.7		0.728782
357.8		0.728782
357.9		0.728782
358		0.728782
358.1		0.733535
358.2		0.733535
358.3		0.733535
358.4		0.733535
358.5		0.733535
358.6		0.733535
358.7		0.733535
358.8		0.733535
358.9		0.733535
359		0.733535
359.1		0.735492
359.2		0.735492
359.3		0.735492
359.4		0.735492
359.5		0.735492
359.6		0.735492
359.7		0.735492
359.8		0.735492
359.9		0.735492
360		0.735492
360.1		0.737167
360.2		0.737167
360.3		0.737167
360.4		0.737167
360.5		0.737167
360.6		0.737167
360.7		0.737167
360.8		0.737167
360.9		0.737167
361		0.737167
361.1		0.739454
361.2		0.739454
361.3		0.739454
361.4		0.739454
361.5		0.739454
361.6		0.739454
361.7		0.739454
361.8		0.739454
361.9		0.739454
362		0.739454
362.1		0.741624
362.2		0.741624
362.3		0.741624
362.4		0.741624
362.5		0.741624
362.6		0.741624
362.7		0.741624
362.8		0.741624
362.9		0.741624
363		0.741624
363.1		0.743971
363.2		0.743971
363.3		0.743971
363.4		0.743971
363.5		0.743971
363.6		0.743971
363.7		0.743971
363.8		0.743971
363.9		0.743971
364		0.743971
364.1		0.744761
364.2		0.744761
364.3		0.744761
364.4		0.744761
364.5		0.744761
364.6		0.744761
364.7		0.744761
364.8		0.744761
364.9		0.744761
365		0.744761
365.1		0.747155
365.2		0.747155
365.3		0.747155
365.4		0.747155
365.5		0.747155
365.6		0.747155
365.7		0.747155
365.8		0.747155
365.9		0.747155
366		0.747155
366.1		0.748004
366.2		0.748004
366.3		0.748004
366.4		0.748004
366.5		0.748004
366.6		0.748004
366.7		0.748004
366.8		0.748004
366.9		0.748004
367		0.748004
367.1		0.751389
367.2		0.751389
367.3		0.751389
367.4		0.751389
367.5		0.751389
367.6		0.751389
367.7		0.751389
367.8		0.751389
367.9		0.751389
368		0.751389
368.1		0.754337
368.2		0.754337
368.3		0.754337
368.4		0.754337
368.5		0.754337
368.6		0.754337
368.7		0.754337
368.8		0.754337
368.9		0.754337
369		0.754337
369.1		0.754537
369.2		0.754537
369.3		0.754537
369.4		0.754537
369.5		0.754537
369.6		0.754537
369.7		0.754537
369.8		0.754537
369.9		0.754537
370		0.754537
370.1		0.755139
370.2		0.755139
370.3		0.755139
370.4		0.755139
370.5		0.755139
370.6		0.755139
370.7		0.755139
370.8		0.755139
370.9		0.755139
371		0.755139
371.1		0.758216
371.2		0.758216
371.3		0.758216
371.4		0.758216
371.5		0.758216
371.6		0.758216
371.7		0.758216
371.8		0.758216
371.9		0.758216
372		0.758216
372.1		0.762025
372.2		0.762025
372.3		0.762025
372.4		0.762025
372.5		0.762025
372.6		0.762025
372.7		0.762025
372.8		0.762025
372.9		0.762025
373		0.762025
373.1		0.763358
373.2		0.763358
373.3		0.763358
373.4		0.763358
373.5		0.763358
373.6		0.763358
373.7		0.763358
373.8		0.763358
373.9		0.763358
374		0.763358
374.1		0.76482
374.2		0.76482
374.3		0.76482
374.4		0.76482
374.5		0.76482
374.6		0.76482
374.7		0.76482
374.8		0.76482
374.9		0.76482
375		0.76482
375.1		0.766035
375.2		0.766035
375.3		0.766035
375.4		0.766035
375.5		0.766035
375.6		0.766035
375.7		0.766035
375.8		0.766035
375.9		0.766035
376		0.766035
376.1		0.768618
376.2		0.768618
376.3		0.768618
376.4		0.768618
376.5		0.768618
376.6		0.768618
376.7		0.768618
376.8		0.768618
376.9		0.768618
377		0.768618
377.1		0.769443
377.2		0.769443
377.3		0.769443
377.4		0.769443
377.5		0.769443
377.6		0.769443
377.7		0.769443
377.8		0.769443
377.9		0.769443
378		0.769443
378.1		0.772733
378.2		0.772733
378.3		0.772733
378.4		0.772733
378.5		0.772733
378.6		0.772733
378.7		0.772733
378.8		0.772733
378.9		0.772733
379		0.772733
379.1		0.774431
379.2		0.774431
379.3		0.774431
379.4		0.774431
379.5		0.774431
379.6		0.774431
379.7		0.774431
379.8		0.774431
379.9		0.774431
380		0.774431
380.1		0.776118
380.2		0.776118
380.3		0.776118
380.4		0.776118
380.5		0.776118
380.6		0.776118
380.7		0.776118
380.8		0.776118
380.9		0.776118
381		0.776118
381.1		0.778653
381.2		0.778653
381.3		0.778653
381.4		0.778653
381.5		0.778653
381.6		0.778653
381.7		0.778653
381.8		0.778653
381.9		0.778653
382		0.778653
382.1		0.781
382.2		0.781
382.3		0.781
382.4		0.781
382.5		0.781
382.6		0.781
382.7		0.781
382.8		0.781
382.9		0.781
383		0.781
383.1		0.781071
383.2		0.781071
383.3		0.781071
383.4		0.781071
383.5		0.781071
383.6		0.781071
383.7		0.781071
383.8		0.781071
383.9		0.781071
384		0.781071
384.1		0.783158
384.2		0.783158
384.3		0.783158
384.4		0.783158
384.5		0.783158
384.6		0.783158
384.7		0.783158
384.8		0.783158
384.9		0.783158
385		0.783158
385.1		0.786094
385.2		0.786094
385.3		0.786094
385.4		0.786094
385.5		0.786094
385.6		0.786094
385.7		0.786094
385.8		0.786094
385.9		0.786094
386		0.786094
386.1		0.788559
386.2		0.788559
386.3		0.788559
386.4		0.788559
386.5		0.788559
386.6		0.788559
386.7		0.788559
386.8		0.788559
386.9		0.788559
387		0.788559
387.1		0.790976
387.2		0.790976
387.3		0.790976
387.4		0.790976
387.5		0.790976
387.6		0.790976
387.7		0.790976
387.8		0.790976
387.9		0.790976
388		0.790976
388.1		0.791307
388.2		0.791307
388.3		0.791307
388.4		0.791307
388.5		0.791307
388.6		0.791307
388.7		0.791307
388.8		0.791307
388.9		0.791307
389		0.791307
389.1		0.793299
389.2		0.793299
389.3		0.793299
389.4		0.793299
389.5		0.793299
389.6		0.793299
389.7		0.793299
389.8		0.793299
389.9		0.793299
390		0.793299
390.1		0.796554
390.2		0.796554
390.3		0.796554
390.4		0.796554
390.5		0.796554
390.6		0.796554
390.7		0.796554
390.8		0.796554
390.9		0.796554
391		0.796554
391.1		0.797026
391.2		0.797026
391.3		0.797026
391.4		0.797026
391.5		0.797026
391.6		0.797026
391.7		0.797026
391.8		0.797026
391.9		0.797026
392		0.797026
392.1		0.798689
392.2		0.798689
392.3		0.798689
392.4		0.798689
392.5		0.798689
392.6		0.798689
392.7		0.798689
392.8		0.798689
392.9		0.798689
393		0.798689
393.1		0.802769
393.2		0.802769
393.3		0.802769
393.4		0.802769
393.5		0.802769
393.6		0.802769
393.7		0.802769
393.8		0.802769
393.9		0.802769
394		0.802769
394.1		0.805741
394.2		0.805741
394.3		0.805741
394.4		0.805741
394.5		0.805741
394.6		0.805741
394.7		0.805741
394.8		0.805741
394.9		0.805741
395		0.805741
395.1		0.805965
395.2		0.805965
395.3		0.805965
395.4		0.805965
395.5		0.805965
395.6		0.805965
395.7		0.805965
395.8		0.805965
395.9		0.805965
396		0.805965
396.1		0.808429
396.2		0.808429
396.3		0.808429
396.4		0.808429
396.5		0.808429
396.6		0.808429
396.7		0.808429
396.8		0.808429
396.9		0.808429
397		0.808429
397.1		0.808948
397.2		0.808948
397.3		0.808948
397.4		0.808948
397.5		0.808948
397.6		0.808948
397.7		0.808948
397.8		0.808948
397.9		0.808948
398		0.808948
398.1		0.814243
398.2		0.814243
398.3		0.814243
398.4		0.814243
398.5		0.814243
398.6		0.814243
398.7		0.814243
398.8		0.814243
398.9		0.814243
399		0.814243
399.1		0.814774
399.2		0.814774
399.3		0.814774
399.4		0.814774
399.5		0.814774
399.6		0.814774
399.7		0.814774
399.8		0.814774
399.9		0.814774
400		0.814774
400.1		0.816661
400.2		0.816661
400.3		0.816661
400.4		0.816661
400.5		0.816661
400.6		0.816661
400.7		0.816661
400.8		0.816661
400.9		0.816661
401		0.816661
401.1		0.818559
401.2		0.818559
401.3		0.818559
401.4		0.818559
401.5		0.818559
401.6		0.818559
401.7		0.818559
401.8		0.818559
401.9		0.818559
402		0.818559
402.1		0.82113
402.2		0.82113
402.3		0.82113
402.4		0.82113
402.5		0.82113
402.6		0.82113
402.7		0.82113
402.8		0.82113
402.9		0.82113
403		0.82113
403.1		0.821991
403.2		0.821991
403.3		0.821991
403.4		0.821991
403.5		0.821991
403.6		0.821991
403.7		0.821991
403.8		0.821991
403.9		0.821991
404		0.821991
404.1		0.822816
404.2		0.822816
404.3		0.822816
404.4		0.822816
404.5		0.822816
404.6		0.822816
404.7		0.822816
404.8		0.822816
404.9		0.822816
405		0.822816
405.1		0.825139
405.2		0.825139
405.3		0.825139
405.4		0.825139
405.5		0.825139
405.6		0.825139
405.7		0.825139
405.8		0.825139
405.9		0.825139
406		0.825139
406.1		0.829939
406.2		0.829939
406.3		0.829939
406.4		0.829939
406.5		0.829939
406.6		0.829939
406.7		0.829939
406.8		0.829939
406.9		0.829939
407		0.829939
407.1		0.830151
407.2		0.830151
407.3		0.830151
407.4		0.830151
407.5		0.830151
407.6		0.830151
407.7		0.830151
407.8		0.830151
407.9		0.830151
408		0.830151
408.1		0.83238
408.2		0.83238
408.3		0.83238
408.4		0.83238
408.5		0.83238
408.6		0.83238
408.7		0.83238
408.8		0.83238
408.9		0.83238
409		0.83238
409.1		0.833772
409.2		0.833772
409.3		0.833772
409.4		0.833772
409.5		0.833772
409.6		0.833772
409.7		0.833772
409.8		0.833772
409.9		0.833772
410		0.833772
410.1		0.836991
410.2		0.836991
410.3		0.836991
410.4		0.836991
410.5		0.836991
410.6		0.836991
410.7		0.836991
410.8		0.836991
410.9		0.836991
411		0.836991
411.1		0.840057
411.2		0.840057
411.3		0.840057
411.4		0.840057
411.5		0.840057
411.6		0.840057
411.7		0.840057
411.8		0.840057
411.9		0.840057
412		0.840057
412.1		0.84034
412.2		0.84034
412.3		0.84034
412.4		0.84034
412.5		0.84034
412.6		0.84034
412.7		0.84034
412.8		0.84034
412.9		0.84034
413		0.84034
413.1		0.840658
413.2		0.840658
413.3		0.840658
413.4		0.840658
413.5		0.840658
413.6		0.840658
413.7		0.840658
413.8		0.840658
413.9		0.840658
414		0.840658
414.1		0.844633
414.2		0.844633
414.3		0.844633
414.4		0.844633
414.5		0.844633
414.6		0.844633
414.7		0.844633
414.8		0.844633
414.9		0.844633
415		0.844633
415.1		0.846968
415.2		0.846968
415.3		0.846968
415.4		0.846968
415.5		0.846968
415.6		0.846968
415.7		0.846968
415.8		0.846968
415.9		0.846968
416		0.846968
416.1		0.847368
416.2		0.847368
416.3		0.847368
416.4		0.847368
416.5		0.847368
416.6		0.847368
416.7		0.847368
416.8		0.847368
416.9		0.847368
417		0.847368
417.1		0.851425
417.2		0.851425
417.3		0.851425
417.4		0.851425
417.5		0.851425
417.6		0.851425
417.7		0.851425
417.8		0.851425
417.9		0.851425
418		0.851425
418.1		0.853713
418.2		0.853713
418.3		0.853713
418.4		0.853713
418.5		0.853713
418.6		0.853713
418.7		0.853713
418.8		0.853713
418.9		0.853713
419		0.853713
419.1		0.85468
419.2		0.85468
419.3		0.85468
419.4		0.85468
419.5		0.85468
419.6		0.85468
419.7		0.85468
419.8		0.85468
419.9		0.85468
420		0.85468
420.1		0.855777
420.2		0.855777
420.3		0.855777
420.4		0.855777
420.5		0.855777
420.6		0.855777
420.7		0.855777
420.8		0.855777
420.9		0.855777
421		0.855777
421.1		0.857015
421.2		0.857015
421.3		0.857015
421.4		0.857015
421.5		0.857015
421.6		0.857015
421.7		0.857015
421.8		0.857015
421.9		0.857015
422		0.857015
422.1		0.85731
422.2		0.85731
422.3		0.85731
422.4		0.85731
422.5		0.85731
422.6		0.85731
422.7		0.85731
422.8		0.85731
422.9		0.85731
423		0.85731
423.1		0.861791
423.2		0.861791
423.3		0.861791
423.4		0.861791
423.5		0.861791
423.6		0.861791
423.7		0.861791
423.8		0.861791
423.9		0.861791
424		0.861791
424.1		0.864515
424.2		0.864515
424.3		0.864515
424.4		0.864515
424.5		0.864515
424.6		0.864515
424.7		0.864515
424.8		0.864515
424.9		0.864515
425		0.864515
425.1		0.866968
425.2		0.866968
425.3		0.866968
425.4		0.866968
425.5		0.866968
425.6		0.866968
425.7		0.866968
425.8		0.866968
425.9		0.866968
426		0.866968
426.1		0.867451
426.2		0.867451
426.3		0.867451
426.4		0.867451
426.5		0.867451
426.6		0.867451
426.7		0.867451
426.8		0.867451
426.9		0.867451
427		0.867451
427.1		0.867817
427.2		0.867817
427.3		0.867817
427.4		0.867817
427.5		0.867817
427.6		0.867817
427.7		0.867817
427.8		0.867817
427.9		0.867817
428		0.867817
428.1		0.873289
428.2		0.873289
428.3		0.873289
428.4		0.873289
428.5		0.873289
428.6		0.873289
428.7		0.873289
428.8		0.873289
428.9		0.873289
429		0.873289
429.1		0.874491
429.2		0.874491
429.3		0.874491
429.4		0.874491
429.5		0.874491
429.6		0.874491
429.7		0.874491
429.8		0.874491
429.9		0.874491
430		0.874491
430.1		0.876708
430.2		0.876708
430.3		0.876708
430.4		0.876708
430.5		0.876708
430.6		0.876708
430.7		0.876708
430.8		0.876708
430.9		0.876708
431		0.876708
431.1		0.878631
431.2		0.878631
431.3		0.878631
431.4		0.878631
431.5		0.878631
431.6		0.878631
431.7		0.878631
431.8		0.878631
431.9		0.878631
432		0.878631
432.1		0.879397
432.2		0.879397
432.3		0.879397
432.4		0.879397
432.5		0.879397
432.6		0.879397
432.7		0.879397
432.8		0.879397
432.9		0.879397
433		0.879397
433.1		0.882723
433.2		0.882723
433.3		0.882723
433.4		0.882723
433.5		0.882723
433.6		0.882723
433.7		0.882723
433.8		0.882723
433.9		0.882723
434		0.882723
434.1		0.884834
434.2		0.884834
434.3		0.884834
434.4		0.884834
434.5		0.884834
434.6		0.884834
434.7		0.884834
434.8		0.884834
434.9		0.884834
435		0.884834
435.1		0.885659
435.2		0.885659
435.3		0.885659
435.4		0.885659
435.5		0.885659
435.6		0.885659
435.7		0.885659
435.8		0.885659
435.9		0.885659
436		0.885659
436.1		0.887322
436.2		0.887322
436.3		0.887322
436.4		0.887322
436.5		0.887322
436.6		0.887322
436.7		0.887322
436.8		0.887322
436.9		0.887322
437		0.887322
437.1		0.889881
437.2		0.889881
437.3		0.889881
437.4		0.889881
437.5		0.889881
437.6		0.889881
437.7		0.889881
437.8		0.889881
437.9		0.889881
438		0.889881
438.1		0.89073
438.2		0.89073
438.3		0.89073
438.4		0.89073
438.5		0.89073
438.6		0.89073
438.7		0.89073
438.8		0.89073
438.9		0.89073
439		0.89073
439.1		0.893088
439.2		0.893088
439.3		0.893088
439.4		0.893088
439.5		0.893088
439.6		0.893088
439.7		0.893088
439.8		0.893088
439.9		0.893088
440		0.893088
440.1		0.896992
440.2		0.896992
440.3		0.896992
440.4		0.896992
440.5		0.896992
440.6		0.896992
440.7		0.896992
440.8		0.896992
440.9		0.896992
441		0.896992
441.1		0.899008
441.2		0.899008
441.3		0.899008
441.4		0.899008
441.5		0.899008
441.6		0.899008
441.7		0.899008
441.8		0.899008
441.9		0.899008
442		0.899008
442.1		0.899268
442.2		0.899268
442.3		0.899268
442.4		0.899268
442.5		0.899268
442.6		0.899268
442.7		0.899268
442.8		0.899268
442.9		0.899268
443		0.899268
443.1		0.901874
443.2		0.901874
443.3		0.901874
443.4		0.901874
443.5		0.901874
443.6		0.901874
443.7		0.901874
443.8		0.901874
443.9		0.901874
444		0.901874
444.1		0.902534
444.2		0.902534
444.3		0.902534
444.4		0.902534
444.5		0.902534
444.6		0.902534
444.7		0.902534
444.8		0.902534
444.9		0.902534
445		0.902534
445.1		0.907581
445.2		0.907581
445.3		0.907581
445.4		0.907581
445.5		0.907581
445.6		0.907581
445.7		0.907581
445.8		0.907581
445.9		0.907581
446		0.907581
446.1		0.910317
446.2		0.910317
446.3		0.910317
446.4		0.910317
446.5		0.910317
446.6		0.910317
446.7		0.910317
446.8		0.910317
446.9		0.910317
447		0.910317
447.1		0.910671
447.2		0.910671
447.3		0.910671
447.4		0.910671
447.5		0.910671
447.6		0.910671
447.7		0.910671
447.8		0.910671
447.9		0.910671
448		0.910671
448.1		0.911945
448.2		0.911945
448.3		0.911945
448.4		0.911945
448.5		0.911945
448.6		0.911945
448.7		0.911945
448.8		0.911945
448.9		0.911945
449		0.911945
449.1		0.913065
449.2		0.913065
449.3		0.913065
449.4		0.913065
449.5		0.913065
449.6		0.913065
449.7		0.913065
449.8		0.913065
449.9		0.913065
450		0.913065
450.1		0.919044
450.2		0.919044
450.3		0.919044
450.4		0.919044
450.5		0.919044
450.6		0.919044
450.7		0.919044
450.8		0.919044
450.9		0.919044
451		0.919044
451.1		0.919799
451.2		0.919799
451.3		0.919799
451.4		0.919799
451.5		0.919799
451.6		0.919799
451.7		0.919799
451.8		0.919799
451.9		0.919799
452		0.919799
452.1		0.921874
452.2		0.921874
452.3		0.921874
452.4		0.921874
452.5		0.921874
452.6		0.921874
452.7		0.921874
452.8		0.921874
452.9		0.921874
453		0.921874
453.1		0.922417
453.2		0.922417
453.3		0.922417
453.4		0.922417
453.5		0.922417
453.6		0.922417
453.7		0.922417
453.8		0.922417
453.9		0.922417
454		0.922417
454.1		0.926226
454.2		0.926226
454.3		0.926226
454.4		0.926226
454.5		0.926226
454.6		0.926226
454.7		0.926226
454.8		0.926226
454.9		0.926226
455		0.926226
455.1		0.926886
455.2		0.926886
455.3		0.926886
455.4		0.926886
455.5		0.926886
455.6		0.926886
455.7		0.926886
455.8		0.926886
455.9		0.926886
456		0.926886
456.1		0.928242
456.2		0.928242
456.3		0.928242
456.4		0.928242
456.5		0.928242
456.6		0.928242
456.7		0.928242
456.8		0.928242
456.9		0.928242
457		0.928242
457.1		0.929221
457.2		0.929221
457.3		0.929221
457.4		0.929221
457.5		0.929221
457.6		0.929221
457.7		0.929221
457.8		0.929221
457.9		0.929221
458		0.929221
458.1		0.93277
458.2		0.93277
458.3		0.93277
458.4		0.93277
458.5		0.93277
458.6		0.93277
458.7		0.93277
458.8		0.93277
458.9		0.93277
459		0.93277
459.1		0.934315
459.2		0.934315
459.3		0.934315
459.4		0.934315
459.5		0.934315
459.6		0.934315
459.7		0.934315
459.8		0.934315
459.9		0.934315
460		0.934315
460.1		0.936839
460.2		0.936839
460.3		0.936839
460.4		0.936839
460.5		0.936839
460.6		0.936839
460.7		0.936839
460.8		0.936839
460.9		0.936839
461		0.936839
461.1		0.937322
461.2		0.937322
461.3		0.937322
461.4		0.937322
461.5		0.937322
461.6		0.937322
461.7		0.937322
461.8		0.937322
461.9		0.937322
462		0.937322
462.1		0.942263
462.2		0.942263
462.3		0.942263
462.4		0.942263
462.5		0.942263
462.6		0.942263
462.7		0.942263
462.8		0.942263
462.9		0.942263
463		0.942263
463.1		0.943844
463.2		0.943844
463.3		0.943844
463.4		0.943844
463.5		0.943844
463.6		0.943844
463.7		0.943844
463.8		0.943844
463.9		0.943844
464		0.943844
464.1		0.944009
464.2		0.944009
464.3		0.944009
464.4		0.944009
464.5		0.944009
464.6		0.944009
464.7		0.944009
464.8		0.944009
464.9		0.944009
465		0.944009
465.1		0.945247
465.2		0.945247
465.3		0.945247
465.4		0.945247
465.5		0.945247
465.6		0.945247
465.7		0.945247
465.8		0.945247
465.9		0.945247
466		0.945247
466.1		0.949374
466.2		0.949374
466.3		0.949374
466.4		0.949374
466.5		0.949374
466.6		0.949374
466.7		0.949374
466.8		0.949374
466.9		0.949374
467		0.949374
467.1		0.951155
467.2		0.951155
467.3		0.951155
467.4		0.951155
467.5		0.951155
467.6		0.951155
467.7		0.951155
467.8		0.951155
467.9		0.951155
468		0.951155
468.1		0.953231
468.2		0.953231
468.3		0.953231
468.4		0.953231
468.5		0.953231
468.6		0.953231
468.7		0.953231
468.8		0.953231
468.9		0.953231
469		0.953231
469.1		0.954115
469.2		0.954115
469.3		0.954115
469.4		0.954115
469.5		0.954115
469.6		0.954115
469.7		0.954115
469.8		0.954115
469.9		0.954115
470		0.954115
470.1		0.956886
470.2		0.956886
470.3		0.956886
470.4		0.956886
470.5		0.956886
470.6		0.956886
470.7		0.956886
470.8		0.956886
470.9		0.956886
471		0.956886
471.1		0.960011
471.2		0.960011
471.3		0.960011
471.4		0.960011
471.5		0.960011
471.6		0.960011
471.7		0.960011
471.8		0.960011
471.9		0.960011
472		0.960011
472.1		0.962252
472.2		0.962252
472.3		0.962252
472.4		0.962252
472.5		0.962252
472.6		0.962252
472.7		0.962252
472.8		0.962252
472.9		0.962252
473		0.962252
473.1		0.96336
473.2		0.96336
473.3		0.96336
473.4		0.96336
473.5		0.96336
473.6		0.96336
473.7		0.96336
473.8		0.96336
473.9		0.96336
474		0.96336
474.1		0.965919
474.2		0.965919
474.3		0.965919
474.4		0.965919
474.5		0.965919
474.6		0.965919
474.7		0.965919
474.8		0.965919
474.9		0.965919
475		0.965919
475.1		0.966179
475.2		0.966179
475.3		0.966179
475.4		0.966179
475.5		0.966179
475.6		0.966179
475.7		0.966179
475.8		0.966179
475.9		0.966179
476		0.966179
476.1		0.971026
476.2		0.971026
476.3		0.971026
476.4		0.971026
476.5		0.971026
476.6		0.971026
476.7		0.971026
476.8		0.971026
476.9		0.971026
477		0.971026
477.1		0.971686
477.2		0.971686
477.3		0.971686
477.4		0.971686
477.5		0.971686
477.6		0.971686
477.7		0.971686
477.8		0.971686
477.9		0.971686
478		0.971686
478.1		0.973195
478.2		0.973195
478.3		0.973195
478.4		0.973195
478.5		0.973195
478.6		0.973195
478.7		0.973195
478.8		0.973195
478.9		0.973195
479		0.973195
479.1		0.974799
479.2		0.974799
479.3		0.974799
479.4		0.974799
479.5		0.974799
479.6		0.974799
479.7		0.974799
479.8		0.974799
479.9		0.974799
480		0.974799
480.1		0.979469
480.2		0.979469
480.3		0.979469
480.4		0.979469
480.5		0.979469
480.6		0.979469
480.7		0.979469
480.8		0.979469
480.9		0.979469
481		0.979469
481.1		0.980165
481.2		0.980165
481.3		0.980165
481.4		0.980165
481.5		0.980165
481.6		0.980165
481.7		0.980165
481.8		0.980165
481.9		0.980165
482		0.980165
482.1		0.981651
482.2		0.981651
482.3		0.981651
482.4		0.981651
482.5		0.981651
482.6		0.981651
482.7		0.981651
482.8		0.981651
482.9		0.981651
483		0.981651
483.1		0.982606
483.2		0.982606
483.3		0.982606
483.4		0.982606
483.5		0.982606
483.6		0.982606
483.7		0.982606
483.8		0.982606
483.9		0.982606
484		0.982606
484.1		0.988207
484.2		0.988207
484.3		0.988207
484.4		0.988207
484.5		0.988207
484.6		0.988207
484.7		0.988207
484.8		0.988207
484.9		0.988207
485		0.988207
485.1		0.988891
485.2		0.988891
485.3		0.988891
485.4		0.988891
485.5		0.988891
485.6		0.988891
485.7		0.988891
485.8		0.988891
485.9		0.988891
486		0.988891
486.1		0.990884
486.2		0.990884
486.3		0.990884
486.4		0.990884
486.5		0.990884
486.6		0.990884
486.7		0.990884
486.8		0.990884
486.9		0.990884
487		0.990884
487.1		0.991179
487.2		0.991179
487.3		0.991179
487.4		0.991179
487.5		0.991179
487.6		0.991179
487.7		0.991179
487.8		0.991179
487.9		0.991179
488		0.991179
488.1		0.996674
488.2		0.996674
488.3		0.996674
488.4		0.996674
488.5		0.996674
488.6		0.996674
488.7		0.996674
488.8		0.996674
488.9		0.996674
489		0.996674
489.1		0.998361
489.2		0.998361
489.3		0.998361
489.4		0.998361
489.5		0.998361
489.6		0.998361
489.7		0.998361
489.8		0.998361
489.9		0.998361
490		0.998361
490.1		0.999316
490.2		0.999316
490.3		0.999316
490.4		0.999316
490.5		0.999316
490.6		0.999316
490.7		0.999316
490.8		0.999316
490.9		0.999316
491		0.999316
491.1		0.999976
491.2		0.999976
491.3		0.999976
491.4		0.999976
491.5		0.999976
491.6		0.999976
491.7		0.999976
491.8		0.999976
491.9		0.999976
492		0.999976
492.1		1
492.2		1
492.3		1
492.4		1
492.5		1
492.6		1
492.7		1
492.8		1
492.9		1
493		1
493.1		1
493.2		1
493.3		1
493.4		1
493.5		1
493.6		1
493.7		1
493.8		1
493.9		1
494		1
494.1		1
494.2		1
494.3		1
494.4		1
494.5		1
494.6		1
494.7		1
494.8		1
494.9		1
495		1
495.1		1
495.2		1
495.3		1
495.4		1
495.5		1
495.6		1
495.7		1
495.8		1
495.9		1
496		1
496.1		1
496.2		1
496.3		1
496.4		1
496.5		1
496.6		1
496.7		1
496.8		1
496.9		1
497		1
497.1		1
497.2		1
497.3		1
497.4		1
497.5		1
497.6		1
497.7		1
497.8		1
497.9		1
498		1
498.1		1
498.2		1
498.3		1
498.4		1
498.5		1
498.6		1
498.7		1
498.8		1
498.9		1
499		1
499.1		1
499.2		1
499.3		1
499.4		1
499.5		1
499.6		1
499.7		1
499.8		1
499.9		1
500		1
500.1		1
500.2		1
500.3		1
500.4		1
500.5		1
500.6		1
500.7		1
500.8		1
500.9		1
501		1
501.1		1
501.2		1
501.3		1
501.4		1
501.5		1
501.6		1
501.7		1
501.8		1
501.9		1
502		1
502.1		1
502.2		1
502.3		1
502.4		1
502.5		1
502.6		1
502.7		1
502.8		1
502.9		1
503		1
503.1		1
503.2		1
503.3		1
503.4		1
503.5		1
503.6		1
503.7		1
503.8		1
503.9		1
504		1
504.1		1
504.2		1
504.3		1
504.4		1
504.5		1
504.6		1
504.7		1
504.8		1
504.9		1
505		1
505.1		1
505.2		1
505.3		1
505.4		1
505.5		1
505.6		1
505.7		1
505.8		1
505.9		1
506		1
506.1		1
506.2		1
506.3		1
506.4		1
506.5		1
506.6		1
506.7		1
506.8		1
506.9		1
507		1
507.1		1
507.2		1
507.3		1
507.4		1
507.5		1
507.6		1
507.7		1
507.8		1
507.9		1
508		1
508.1		1
508.2		1
508.3		1
508.4		1
508.5		1
508.6		1
508.7		1
508.8		1
508.9		1
509		1
509.1		1
509.2		1
509.3		1
509.4		1
509.5		1
509.6		1
509.7		1
509.8		1
509.9		1
510		1
510.1		1
510.2		1
510.3		1
510.4		1
510.5		1
510.6		1
510.7		1
510.8		1
510.9		1
511		1
511.1		1
511.2		1
511.3		1
511.4		1
511.5		1
511.6		1
511.7		1
511.8		1
511.9		1
512		1
512.1		1
512.2		1
512.3		1
512.4		1
512.5		1
512.6		1
512.7		1
512.8		1
512.9		1
513		1
513.1		1
513.2		1
513.3		1
513.4		1
513.5		1
513.6		1
513.7		1
513.8		1
513.9		1
514		1
514.1		1
514.2		1
514.3		1
514.4		1
514.5		1
514.6		1
514.7		1
514.8		1
514.9		1
515		1
515.1		1
515.2		1
515.3		1
515.4		1
515.5		1
515.6		1
515.7		1
515.8		1
515.9		1
516		1
516.1		1
516.2		1
516.3		1
516.4		1
516.5		1
516.6		1
516.7		1
516.8		1
516.9		1
517		1
517.1		1
517.2		1
517.3		1
517.4		1
517.5		1
517.6		1
517.7		1
517.8		1
517.9		1
518		1
518.1		1
518.2		1
518.3		1
518.4		1
518.5		1
518.6		1
518.7		1
518.8		1
518.9		1
519		1
519.1		1
519.2		1
519.3		1
519.4		1
519.5		1
519.6		1
519.7		1
519.8		1
519.9		1
520		1
520.1		1
520.2		1
520.3		1
520.4		1
520.5		1
520.6		1
520.7		1
520.8		1
520.9		1
521		1
521.1		1
521.2		1
521.3		1
521.4		1
521.5		1
521.6		1
521.7		1
521.8		1
521.9		1
522		1
522.1		1
522.2		1
522.3		1
522.4		1
522.5		1
522.6		1
522.7		1
522.8		1
522.9		1
523		1
523.1		1
523.2		1
523.3		1
523.4		1
523.5		1
523.6		1
523.7		1
523.8		1
523.9		1
524		1
524.1		1
524.2		1
524.3		1
524.4		1
524.5		1
524.6		1
524.7		1
524.8		1
524.9		1
525		1
525.1		1
525.2		1
525.3		1
525.4		1
525.5		1
525.6		1
525.7		1
525.8		1
525.9		1
526		1
526.1		1
526.2		1
526.3		1
526.4		1
526.5		1
526.6		1
526.7		1
526.8		1
526.9		1
527		1
527.1		1
527.2		1
527.3		1
527.4		1
527.5		1
527.6		1
527.7		1
527.8		1
527.9		1
528		1
528.1		1
528.2		1
528.3		1
528.4		1
528.5		1
528.6		1
528.7		1
528.8		1
528.9		1
529		1
529.1		1
529.2		1
529.3		1
529.4		1
529.5		1
529.6		1
529.7		1
529.8		1
529.9		1
530		1
530.1		1
530.2		1
530.3		1
530.4		1
530.5		1
530.6		1
530.7		1
530.8		1
530.9		1
531		1
531.1		1
531.2		1
531.3		1
531.4		1
531.5		1
531.6		1
531.7		1
531.8		1
531.9		1
532		1
532.1		1
532.2		1
532.3		1
532.4		1
532.5		1
532.6		1
532.7		1
532.8		1
532.9		1
533		1
533.1		1
533.2		1
533.3		1
533.4		1
533.5		1
533.6		1
533.7		1
533.8		1
533.9		1
534		1
534.1		1
534.2		1
534.3		1
534.4		1
534.5		1
534.6		1
534.7		1
534.8		1
534.9		1
535		1
535.1		1
535.2		1
535.3		1
535.4		1
535.5		1
535.6		1
535.7		1
535.8		1
535.9		1
536		1
536.1		1
536.2		1
536.3		1
536.4		1
536.5		1
536.6		1
536.7		1
536.8		1
536.9		1
537		1
537.1		1
537.2		1
537.3		1
537.4		1
537.5		1
537.6		1
537.7		1
537.8		1
537.9		1
538		1
538.1		1
538.2		1
538.3		1
538.4		1
538.5		1
538.6		1
538.7		1
538.8		1
538.9		1
539		1
539.1		1
539.2		1
539.3		1
539.4		1
539.5		1
539.6		1
539.7		1
539.8		1
539.9		1
540		1
540.1		1
540.2		1
540.3		1
540.4		1
540.5		1
540.6		1
540.7		1
540.8		1
540.9		1
541		1
541.1		1
541.2		1
541.3		1
541.4		1
541.5		1
541.6		1
541.7		1
541.8		1
541.9		1
542		1
542.1		1
542.2		1
542.3		1
542.4		1
542.5		1
542.6		1
542.7		1
542.8		1
542.9		1
543		1
543.1		1
543.2		1
543.3		1
543.4		1
543.5		1
543.6		1
543.7		1
543.8		1
543.9		1
544		1
544.1		1
544.2		1
544.3		1
544.4		1
544.5		1
544.6		1
544.7		1
544.8		1
544.9		1
545		1
545.1		1
545.2		1
545.3		1
545.4		1
545.5		1
545.6		1
545.7		1
545.8		1
545.9		1
546		1
546.1		1
546.2		1
546.3		1
546.4		1
546.5		1
546.6		1
546.7		1
546.8		1
546.9		1
547		1
547.1		1
547.2		1
547.3		1
547.4		1
547.5		1
547.6		1
547.7		1
547.8		1
547.9		1
548		1
548.1		1
548.2		1
548.3		1
548.4		1
548.5		1
548.6		1
548.7		1
548.8		1
548.9		1
549		1
549.1		1
549.2		1
549.3		1
549.4		1
549.5		1
549.6		1
549.7		1
549.8		1
549.9		1
550		1
550.1		1
550.2		1
550.3		1
550.4		1
550.5		1
550.6		1
550.7		1
550.8		1
550.9		1
551		1
551.1		1
551.2		1
551.3		1
551.4		1
551.5		1
551.6		1
551.7		1
551.8		1
551.9		1
552		1
552.1		1
552.2		1
552.3		1
552.4		1
552.5		1
552.6		1
552.7		1
552.8		1
552.9		1
553		1
553.1		1
553.2		1
553.3		1
553.4		1
553.5		1
553.6		1
553.7		1
553.8		1
553.9		1
554		1
554.1		1
554.2		1
554.3		1
554.4		1
554.5		1
554.6		1
554.7		1
554.8		1
554.9		1
555		1
555.1		1
555.2		1
555.3		1
555.4		1
555.5		1
555.6		1
555.7		1
555.8		1
555.9		1
556		1
556.1		1
556.2		1
556.3		1
556.4		1
556.5		1
556.6		1
556.7		1
556.8		1
556.9		1
557		1
557.1		1
557.2		1
557.3		1
557.4		1
557.5		1
557.6		1
557.7		1
557.8		1
557.9		1
558		1
558.1		1
558.2		1
558.3		1
558.4		1
558.5		1
558.6		1
558.7		1
558.8		1
558.9		1
559		1
559.1		1
559.2		1
559.3		1
559.4		1
559.5		1
559.6		1
559.7		1
559.8		1
559.9		1
560		1
560.1		1
560.2		1
560.3		1
560.4		1
560.5		1
560.6		1
560.7		1
560.8		1
560.9		1
561		1
561.1		1
561.2		1
561.3		1
561.4		1
561.5		1
561.6		1
561.7		1
561.8		1
561.9		1
562		1
562.1		1
562.2		1
562.3		1
562.4		1
562.5		1
562.6		1
562.7		1
562.8		1
562.9		1
563		1
563.1		1
563.2		1
563.3		1
563.4		1
563.5		1
563.6		1
563.7		1
563.8		1
563.9		1
564		1
564.1		1
564.2		1
564.3		1
564.4		1
564.5		1
564.6		1
564.7		1
564.8		1
564.9		1
565		1
565.1		1
565.2		1
565.3		1
565.4		1
565.5		1
565.6		1
565.7		1
565.8		1
565.9		1
566		1
566.1		1
566.2		1
566.3		1
566.4		1
566.5		1
566.6		1
566.7		1
566.8		1
566.9		1
567		1
567.1		1
567.2		1
567.3		1
567.4		1
567.5		1
567.6		1
567.7		1
567.8		1
567.9		1
568		1
568.1		1
568.2		1
568.3		1
568.4		1
568.5		1
568.6		1
568.7		1
568.8		1
568.9		1
569		1
569.1		1
569.2		1
569.3		1
569.4		1
569.5		1
569.6		1
569.7		1
569.8		1
569.9		1
570		1
570.1		1
570.2		1
570.3		1
570.4		1
570.5		1
570.6		1
570.7		1
570.8		1
570.9		1
571		1
571.1		1
571.2		1
571.3		1
571.4		1
571.5		1
571.6		1
571.7		1
571.8		1
571.9		1
572		1
572.1		1
572.2		1
572.3		1
572.4		1
572.5		1
572.6		1
572.7		1
572.8		1
572.9		1
573		1
573.1		1
573.2		1
573.3		1
573.4		1
573.5		1
573.6		1
573.7		1
573.8		1
573.9		1
574		1
574.1		1
574.2		1
574.3		1
574.4		1
574.5		1
574.6		1
574.7		1
574.8		1
574.9		1
575		1
575.1		1
575.2		1
575.3		1
575.4		1
575.5		1
575.6		1
575.7		1
575.8		1
575.9		1
576		1
576.1		1
576.2		1
576.3		1
576.4		1
576.5		1
576.6		1
576.7		1
576.8		1
576.9		1
577		1
577.1		1
577.2		1
577.3		1
577.4		1
577.5		1
577.6		1
577.7		1
577.8		1
577.9		1
578		1
578.1		1
578.2		1
578.3		1
578.4		1
578.5		1
578.6		1
578.7		1
578.8		1
578.9		1
579		1
579.1		1
579.2		1
579.3		1
579.4		1
579.5		1
579.6		1
579.7		1
579.8		1
579.9		1
580		1
580.1		1
580.2		1
580.3		1
580.4		1
580.5		1
580.6		1
580.7		1
580.8		1
580.9		1
581		1
581.1		1
581.2		1
581.3		1
581.4		1
581.5		1
581.6		1
581.7		1
581.8		1
581.9		1
582		1
582.1		1
582.2		1
582.3		1
582.4		1
582.5		1
582.6		1
582.7		1
582.8		1
582.9		1
583		1
583.1		1
583.2		1
583.3		1
583.4		1
583.5		1
583.6		1
583.7		1
583.8		1
583.9		1
584		1
584.1		1
584.2		1
584.3		1
584.4		1
584.5		1
584.6		1
584.7		1
584.8		1
584.9		1
585		1
585.1		1
585.2		1
585.3		1
585.4		1
585.5		1
585.6		1
585.7		1
585.8		1
585.9		1
586		1
586.1		1
586.2		1
586.3		1
586.4		1
586.5		1
586.6		1
586.7		1
586.8		1
586.9		1
587		1
587.1		1
587.2		1
587.3		1
587.4		1
587.5		1
587.6		1
587.7		1
587.8		1
587.9		1
588		1
588.1		1
588.2		1
588.3		1
588.4		1
588.5		1
588.6		1
588.7		1
588.8		1
588.9		1
589		1
589.1		1
589.2		1
589.3		1
589.4		1
589.5		1
589.6		1
589.7		1
589.8		1
589.9		1
590		1
590.1		1
590.2		1
590.3		1
590.4		1
590.5		1
590.6		1
590.7		1
590.8		1
590.9		1
591		1
591.1		1
591.2		1
591.3		1
591.4		1
591.5		1
591.6		1
591.7		1
591.8		1
591.9		1
592		1
592.1		1
592.2		1
592.3		1
592.4		1
592.5		1
592.6		1
592.7		1
592.8		1
592.9		1
593		1
593.1		1
593.2		1
593.3		1
593.4		1
593.5		1
593.6		1
593.7		1
593.8		1
593.9		1
594		1
594.1		1
594.2		1
594.3		1
594.4		1
594.5		1
594.6		1
594.7		1
594.8		1
594.9		1
595		1
595.1		1
595.2		1
595.3		1
595.4		1
595.5		1
595.6		1
595.7		1
595.8		1
595.9		1
596		1
596.1		1
596.2		1
596.3		1
596.4		1
596.5		1
596.6		1
596.7		1
596.8		1
596.9		1
597		1
597.1		1
597.2		1
597.3		1
597.4		1
597.5		1
597.6		1
597.7		1
597.8		1
597.9		1
598		1
598.1		1
598.2		1
598.3		1
598.4		1
598.5		1
598.6		1
598.7		1
598.8		1
598.9		1
599		1
599.1		1
599.2		1
599.3		1
599.4		1
599.5		1
599.6		1
599.7		1
599.8		1
599.9		1
600		1
