# Calibration file of tamex_id 1 @ channel 39
# fine_T bin		 Calibration value
0.1		0
0.2		0
0.3		0
0.4		0
0.5		0
0.6		0
0.7		0
0.8		0
0.9		0
1		0
1.1		0
1.2		0
1.3		0
1.4		0
1.5		0
1.6		0
1.7		0
1.8		0
1.9		0
2		0
2.1		0
2.2		0
2.3		0
2.4		0
2.5		0
2.6		0
2.7		0
2.8		0
2.9		0
3		0
3.1		0
3.2		0
3.3		0
3.4		0
3.5		0
3.6		0
3.7		0
3.8		0
3.9		0
4		0
4.1		0
4.2		0
4.3		0
4.4		0
4.5		0
4.6		0
4.7		0
4.8		0
4.9		0
5		0
5.1		0
5.2		0
5.3		0
5.4		0
5.5		0
5.6		0
5.7		0
5.8		0
5.9		0
6		0
6.1		0
6.2		0
6.3		0
6.4		0
6.5		0
6.6		0
6.7		0
6.8		0
6.9		0
7		0
7.1		0
7.2		0
7.3		0
7.4		0
7.5		0
7.6		0
7.7		0
7.8		0
7.9		0
8		0
8.1		0
8.2		0
8.3		0
8.4		0
8.5		0
8.6		0
8.7		0
8.8		0
8.9		0
9		0
9.1		0
9.2		0
9.3		0
9.4		0
9.5		0
9.6		0
9.7		0
9.8		0
9.9		0
10		0
10.1		0
10.2		0
10.3		0
10.4		0
10.5		0
10.6		0
10.7		0
10.8		0
10.9		0
11		0
11.1		0
11.2		0
11.3		0
11.4		0
11.5		0
11.6		0
11.7		0
11.8		0
11.9		0
12		0
12.1		0
12.2		0
12.3		0
12.4		0
12.5		0
12.6		0
12.7		0
12.8		0
12.9		0
13		0
13.1		0
13.2		0
13.3		0
13.4		0
13.5		0
13.6		0
13.7		0
13.8		0
13.9		0
14		0
14.1		0
14.2		0
14.3		0
14.4		0
14.5		0
14.6		0
14.7		0
14.8		0
14.9		0
15		0
15.1		0
15.2		0
15.3		0
15.4		0
15.5		0
15.6		0
15.7		0
15.8		0
15.9		0
16		0
16.1		0.00331715
16.2		0.00331715
16.3		0.00331715
16.4		0.00331715
16.5		0.00331715
16.6		0.00331715
16.7		0.00331715
16.8		0.00331715
16.9		0.00331715
17		0.00331715
17.1		0.00907305
17.2		0.00907305
17.3		0.00907305
17.4		0.00907305
17.5		0.00907305
17.6		0.00907305
17.7		0.00907305
17.8		0.00907305
17.9		0.00907305
18		0.00907305
18.1		0.0103791
18.2		0.0103791
18.3		0.0103791
18.4		0.0103791
18.5		0.0103791
18.6		0.0103791
18.7		0.0103791
18.8		0.0103791
18.9		0.0103791
19		0.0103791
19.1		0.0124942
19.2		0.0124942
19.3		0.0124942
19.4		0.0124942
19.5		0.0124942
19.6		0.0124942
19.7		0.0124942
19.8		0.0124942
19.9		0.0124942
20		0.0124942
20.1		0.0188165
20.2		0.0188165
20.3		0.0188165
20.4		0.0188165
20.5		0.0188165
20.6		0.0188165
20.7		0.0188165
20.8		0.0188165
20.9		0.0188165
21		0.0188165
21.1		0.0200878
21.2		0.0200878
21.3		0.0200878
21.4		0.0200878
21.5		0.0200878
21.6		0.0200878
21.7		0.0200878
21.8		0.0200878
21.9		0.0200878
22		0.0200878
22.1		0.0209778
22.2		0.0209778
22.3		0.0209778
22.4		0.0209778
22.5		0.0209778
22.6		0.0209778
22.7		0.0209778
22.8		0.0209778
22.9		0.0209778
23		0.0209778
23.1		0.0238442
23.2		0.0238442
23.3		0.0238442
23.4		0.0238442
23.5		0.0238442
23.6		0.0238442
23.7		0.0238442
23.8		0.0238442
23.9		0.0238442
24		0.0238442
24.1		0.0239482
24.2		0.0239482
24.3		0.0239482
24.4		0.0239482
24.5		0.0239482
24.6		0.0239482
24.7		0.0239482
24.8		0.0239482
24.9		0.0239482
25		0.0239482
25.1		0.0292302
25.2		0.0292302
25.3		0.0292302
25.4		0.0292302
25.5		0.0292302
25.6		0.0292302
25.7		0.0292302
25.8		0.0292302
25.9		0.0292302
26		0.0292302
26.1		0.029577
26.2		0.029577
26.3		0.029577
26.4		0.029577
26.5		0.029577
26.6		0.029577
26.7		0.029577
26.8		0.029577
26.9		0.029577
27		0.029577
27.1		0.0321429
27.2		0.0321429
27.3		0.0321429
27.4		0.0321429
27.5		0.0321429
27.6		0.0321429
27.7		0.0321429
27.8		0.0321429
27.9		0.0321429
28		0.0321429
28.1		0.0327901
28.2		0.0327901
28.3		0.0327901
28.4		0.0327901
28.5		0.0327901
28.6		0.0327901
28.7		0.0327901
28.8		0.0327901
28.9		0.0327901
29		0.0327901
29.1		0.033472
29.2		0.033472
29.3		0.033472
29.4		0.033472
29.5		0.033472
29.6		0.033472
29.7		0.033472
29.8		0.033472
29.9		0.033472
30		0.033472
30.1		0.0372284
30.2		0.0372284
30.3		0.0372284
30.4		0.0372284
30.5		0.0372284
30.6		0.0372284
30.7		0.0372284
30.8		0.0372284
30.9		0.0372284
31		0.0372284
31.1		0.0384882
31.2		0.0384882
31.3		0.0384882
31.4		0.0384882
31.5		0.0384882
31.6		0.0384882
31.7		0.0384882
31.8		0.0384882
31.9		0.0384882
32		0.0384882
32.1		0.0385922
32.2		0.0385922
32.3		0.0385922
32.4		0.0385922
32.5		0.0385922
32.6		0.0385922
32.7		0.0385922
32.8		0.0385922
32.9		0.0385922
33		0.0385922
33.1		0.0407305
33.2		0.0407305
33.3		0.0407305
33.4		0.0407305
33.5		0.0407305
33.6		0.0407305
33.7		0.0407305
33.8		0.0407305
33.9		0.0407305
34		0.0407305
34.1		0.0440707
34.2		0.0440707
34.3		0.0440707
34.4		0.0440707
34.5		0.0440707
34.6		0.0440707
34.7		0.0440707
34.8		0.0440707
34.9		0.0440707
35		0.0440707
35.1		0.04681
35.2		0.04681
35.3		0.04681
35.4		0.04681
35.5		0.04681
35.6		0.04681
35.7		0.04681
35.8		0.04681
35.9		0.04681
36		0.04681
36.1		0.0484281
36.2		0.0484281
36.3		0.0484281
36.4		0.0484281
36.5		0.0484281
36.6		0.0484281
36.7		0.0484281
36.8		0.0484281
36.9		0.0484281
37		0.0484281
37.1		0.0495724
37.2		0.0495724
37.3		0.0495724
37.4		0.0495724
37.5		0.0495724
37.6		0.0495724
37.7		0.0495724
37.8		0.0495724
37.9		0.0495724
38		0.0495724
38.1		0.0519764
38.2		0.0519764
38.3		0.0519764
38.4		0.0519764
38.5		0.0519764
38.6		0.0519764
38.7		0.0519764
38.8		0.0519764
38.9		0.0519764
39		0.0519764
39.1		0.0547388
39.2		0.0547388
39.3		0.0547388
39.4		0.0547388
39.5		0.0547388
39.6		0.0547388
39.7		0.0547388
39.8		0.0547388
39.9		0.0547388
40		0.0547388
40.1		0.0554901
40.2		0.0554901
40.3		0.0554901
40.4		0.0554901
40.5		0.0554901
40.6		0.0554901
40.7		0.0554901
40.8		0.0554901
40.9		0.0554901
41		0.0554901
41.1		0.0588881
41.2		0.0588881
41.3		0.0588881
41.4		0.0588881
41.5		0.0588881
41.6		0.0588881
41.7		0.0588881
41.8		0.0588881
41.9		0.0588881
42		0.0588881
42.1		0.0611073
42.2		0.0611073
42.3		0.0611073
42.4		0.0611073
42.5		0.0611073
42.6		0.0611073
42.7		0.0611073
42.8		0.0611073
42.9		0.0611073
43		0.0611073
43.1		0.0625289
43.2		0.0625289
43.3		0.0625289
43.4		0.0625289
43.5		0.0625289
43.6		0.0625289
43.7		0.0625289
43.8		0.0625289
43.9		0.0625289
44		0.0625289
44.1		0.0635576
44.2		0.0635576
44.3		0.0635576
44.4		0.0635576
44.5		0.0635576
44.6		0.0635576
44.7		0.0635576
44.8		0.0635576
44.9		0.0635576
45		0.0635576
45.1		0.064147
45.2		0.064147
45.3		0.064147
45.4		0.064147
45.5		0.064147
45.6		0.064147
45.7		0.064147
45.8		0.064147
45.9		0.064147
46		0.064147
46.1		0.0688974
46.2		0.0688974
46.3		0.0688974
46.4		0.0688974
46.5		0.0688974
46.6		0.0688974
46.7		0.0688974
46.8		0.0688974
46.9		0.0688974
47		0.0688974
47.1		0.0696024
47.2		0.0696024
47.3		0.0696024
47.4		0.0696024
47.5		0.0696024
47.6		0.0696024
47.7		0.0696024
47.8		0.0696024
47.9		0.0696024
48		0.0696024
48.1		0.0711281
48.2		0.0711281
48.3		0.0711281
48.4		0.0711281
48.5		0.0711281
48.6		0.0711281
48.7		0.0711281
48.8		0.0711281
48.9		0.0711281
49		0.0711281
49.1		0.0723532
49.2		0.0723532
49.3		0.0723532
49.4		0.0723532
49.5		0.0723532
49.6		0.0723532
49.7		0.0723532
49.8		0.0723532
49.9		0.0723532
50		0.0723532
50.1		0.0761327
50.2		0.0761327
50.3		0.0761327
50.4		0.0761327
50.5		0.0761327
50.6		0.0761327
50.7		0.0761327
50.8		0.0761327
50.9		0.0761327
51		0.0761327
51.1		0.0773
51.2		0.0773
51.3		0.0773
51.4		0.0773
51.5		0.0773
51.6		0.0773
51.7		0.0773
51.8		0.0773
51.9		0.0773
52		0.0773
52.1		0.0802242
52.2		0.0802242
52.3		0.0802242
52.4		0.0802242
52.5		0.0802242
52.6		0.0802242
52.7		0.0802242
52.8		0.0802242
52.9		0.0802242
53		0.0802242
53.1		0.0809408
53.2		0.0809408
53.3		0.0809408
53.4		0.0809408
53.5		0.0809408
53.6		0.0809408
53.7		0.0809408
53.8		0.0809408
53.9		0.0809408
54		0.0809408
54.1		0.084258
54.2		0.084258
54.3		0.084258
54.4		0.084258
54.5		0.084258
54.6		0.084258
54.7		0.084258
54.8		0.084258
54.9		0.084258
55		0.084258
55.1		0.0857836
55.2		0.0857836
55.3		0.0857836
55.4		0.0857836
55.5		0.0857836
55.6		0.0857836
55.7		0.0857836
55.8		0.0857836
55.9		0.0857836
56		0.0857836
56.1		0.0860495
56.2		0.0860495
56.3		0.0860495
56.4		0.0860495
56.5		0.0860495
56.6		0.0860495
56.7		0.0860495
56.8		0.0860495
56.9		0.0860495
57		0.0860495
57.1		0.0874018
57.2		0.0874018
57.3		0.0874018
57.4		0.0874018
57.5		0.0874018
57.6		0.0874018
57.7		0.0874018
57.8		0.0874018
57.9		0.0874018
58		0.0874018
58.1		0.0935737
58.2		0.0935737
58.3		0.0935737
58.4		0.0935737
58.5		0.0935737
58.6		0.0935737
58.7		0.0935737
58.8		0.0935737
58.9		0.0935737
59		0.0935737
59.1		0.0952381
59.2		0.0952381
59.3		0.0952381
59.4		0.0952381
59.5		0.0952381
59.6		0.0952381
59.7		0.0952381
59.8		0.0952381
59.9		0.0952381
60		0.0952381
60.1		0.0963823
60.2		0.0963823
60.3		0.0963823
60.4		0.0963823
60.5		0.0963823
60.6		0.0963823
60.7		0.0963823
60.8		0.0963823
60.9		0.0963823
61		0.0963823
61.1		0.0974226
61.2		0.0974226
61.3		0.0974226
61.4		0.0974226
61.5		0.0974226
61.6		0.0974226
61.7		0.0974226
61.8		0.0974226
61.9		0.0974226
62		0.0974226
62.1		0.0987286
62.2		0.0987286
62.3		0.0987286
62.4		0.0987286
62.5		0.0987286
62.6		0.0987286
62.7		0.0987286
62.8		0.0987286
62.9		0.0987286
63		0.0987286
63.1		0.10341
63.2		0.10341
63.3		0.10341
63.4		0.10341
63.5		0.10341
63.6		0.10341
63.7		0.10341
63.8		0.10341
63.9		0.10341
64		0.10341
64.1		0.105005
64.2		0.105005
64.3		0.105005
64.4		0.105005
64.5		0.105005
64.6		0.105005
64.7		0.105005
64.8		0.105005
64.9		0.105005
65		0.105005
65.1		0.108599
65.2		0.108599
65.3		0.108599
65.4		0.108599
65.5		0.108599
65.6		0.108599
65.7		0.108599
65.8		0.108599
65.9		0.108599
66		0.108599
66.1		0.11009
66.2		0.11009
66.3		0.11009
66.4		0.11009
66.5		0.11009
66.6		0.11009
66.7		0.11009
66.8		0.11009
66.9		0.11009
67		0.11009
67.1		0.110818
67.2		0.110818
67.3		0.110818
67.4		0.110818
67.5		0.110818
67.6		0.110818
67.7		0.110818
67.8		0.110818
67.9		0.110818
68		0.110818
68.1		0.113985
68.2		0.113985
68.3		0.113985
68.4		0.113985
68.5		0.113985
68.6		0.113985
68.7		0.113985
68.8		0.113985
68.9		0.113985
69		0.113985
69.1		0.116493
69.2		0.116493
69.3		0.116493
69.4		0.116493
69.5		0.116493
69.6		0.116493
69.7		0.116493
69.8		0.116493
69.9		0.116493
70		0.116493
70.1		0.117383
70.2		0.117383
70.3		0.117383
70.4		0.117383
70.5		0.117383
70.6		0.117383
70.7		0.117383
70.8		0.117383
70.9		0.117383
71		0.117383
71.1		0.121567
71.2		0.121567
71.3		0.121567
71.4		0.121567
71.5		0.121567
71.6		0.121567
71.7		0.121567
71.8		0.121567
71.9		0.121567
72		0.121567
72.1		0.122619
72.2		0.122619
72.3		0.122619
72.4		0.122619
72.5		0.122619
72.6		0.122619
72.7		0.122619
72.8		0.122619
72.9		0.122619
73		0.122619
73.1		0.123752
73.2		0.123752
73.3		0.123752
73.4		0.123752
73.5		0.123752
73.6		0.123752
73.7		0.123752
73.8		0.123752
73.9		0.123752
74		0.123752
74.1		0.125116
74.2		0.125116
74.3		0.125116
74.4		0.125116
74.5		0.125116
74.6		0.125116
74.7		0.125116
74.8		0.125116
74.9		0.125116
75		0.125116
75.1		0.127416
75.2		0.127416
75.3		0.127416
75.4		0.127416
75.5		0.127416
75.6		0.127416
75.7		0.127416
75.8		0.127416
75.9		0.127416
76		0.127416
76.1		0.132975
76.2		0.132975
76.3		0.132975
76.4		0.132975
76.5		0.132975
76.6		0.132975
76.7		0.132975
76.8		0.132975
76.9		0.132975
77		0.132975
77.1		0.133183
77.2		0.133183
77.3		0.133183
77.4		0.133183
77.5		0.133183
77.6		0.133183
77.7		0.133183
77.8		0.133183
77.9		0.133183
78		0.133183
78.1		0.134963
78.2		0.134963
78.3		0.134963
78.4		0.134963
78.5		0.134963
78.6		0.134963
78.7		0.134963
78.8		0.134963
78.9		0.134963
79		0.134963
79.1		0.135472
79.2		0.135472
79.3		0.135472
79.4		0.135472
79.5		0.135472
79.6		0.135472
79.7		0.135472
79.8		0.135472
79.9		0.135472
80		0.135472
80.1		0.139401
80.2		0.139401
80.3		0.139401
80.4		0.139401
80.5		0.139401
80.6		0.139401
80.7		0.139401
80.8		0.139401
80.9		0.139401
81		0.139401
81.1		0.1408
81.2		0.1408
81.3		0.1408
81.4		0.1408
81.5		0.1408
81.6		0.1408
81.7		0.1408
81.8		0.1408
81.9		0.1408
82		0.1408
82.1		0.141123
82.2		0.141123
82.3		0.141123
82.4		0.141123
82.5		0.141123
82.6		0.141123
82.7		0.141123
82.8		0.141123
82.9		0.141123
83		0.141123
83.1		0.143296
83.2		0.143296
83.3		0.143296
83.4		0.143296
83.5		0.143296
83.6		0.143296
83.7		0.143296
83.8		0.143296
83.9		0.143296
84		0.143296
84.1		0.148151
84.2		0.148151
84.3		0.148151
84.4		0.148151
84.5		0.148151
84.6		0.148151
84.7		0.148151
84.8		0.148151
84.9		0.148151
85		0.148151
85.1		0.150613
85.2		0.150613
85.3		0.150613
85.4		0.150613
85.5		0.150613
85.6		0.150613
85.7		0.150613
85.8		0.150613
85.9		0.150613
86		0.150613
86.1		0.150913
86.2		0.150913
86.3		0.150913
86.4		0.150913
86.5		0.150913
86.6		0.150913
86.7		0.150913
86.8		0.150913
86.9		0.150913
87		0.150913
87.1		0.153063
87.2		0.153063
87.3		0.153063
87.4		0.153063
87.5		0.153063
87.6		0.153063
87.7		0.153063
87.8		0.153063
87.9		0.153063
88		0.153063
88.1		0.156184
88.2		0.156184
88.3		0.156184
88.4		0.156184
88.5		0.156184
88.6		0.156184
88.7		0.156184
88.8		0.156184
88.9		0.156184
89		0.156184
89.1		0.156969
89.2		0.156969
89.3		0.156969
89.4		0.156969
89.5		0.156969
89.6		0.156969
89.7		0.156969
89.8		0.156969
89.9		0.156969
90		0.156969
90.1		0.1592
90.2		0.1592
90.3		0.1592
90.4		0.1592
90.5		0.1592
90.6		0.1592
90.7		0.1592
90.8		0.1592
90.9		0.1592
91		0.1592
91.1		0.162436
91.2		0.162436
91.3		0.162436
91.4		0.162436
91.5		0.162436
91.6		0.162436
91.7		0.162436
91.8		0.162436
91.9		0.162436
92		0.162436
92.1		0.163165
92.2		0.163165
92.3		0.163165
92.4		0.163165
92.5		0.163165
92.6		0.163165
92.7		0.163165
92.8		0.163165
92.9		0.163165
93		0.163165
93.1		0.165314
93.2		0.165314
93.3		0.165314
93.4		0.165314
93.5		0.165314
93.6		0.165314
93.7		0.165314
93.8		0.165314
93.9		0.165314
94		0.165314
94.1		0.166251
94.2		0.166251
94.3		0.166251
94.4		0.166251
94.5		0.166251
94.6		0.166251
94.7		0.166251
94.8		0.166251
94.9		0.166251
95		0.166251
95.1		0.167649
95.2		0.167649
95.3		0.167649
95.4		0.167649
95.5		0.167649
95.6		0.167649
95.7		0.167649
95.8		0.167649
95.9		0.167649
96		0.167649
96.1		0.171221
96.2		0.171221
96.3		0.171221
96.4		0.171221
96.5		0.171221
96.6		0.171221
96.7		0.171221
96.8		0.171221
96.9		0.171221
97		0.171221
97.1		0.173671
97.2		0.173671
97.3		0.173671
97.4		0.173671
97.5		0.173671
97.6		0.173671
97.7		0.173671
97.8		0.173671
97.9		0.173671
98		0.173671
98.1		0.173798
98.2		0.173798
98.3		0.173798
98.4		0.173798
98.5		0.173798
98.6		0.173798
98.7		0.173798
98.8		0.173798
98.9		0.173798
99		0.173798
99.1		0.177485
99.2		0.177485
99.3		0.177485
99.4		0.177485
99.5		0.177485
99.6		0.177485
99.7		0.177485
99.8		0.177485
99.9		0.177485
100		0.177485
100.1		0.178687
100.2		0.178687
100.3		0.178687
100.4		0.178687
100.5		0.178687
100.6		0.178687
100.7		0.178687
100.8		0.178687
100.9		0.178687
101		0.178687
101.1		0.181496
101.2		0.181496
101.3		0.181496
101.4		0.181496
101.5		0.181496
101.6		0.181496
101.7		0.181496
101.8		0.181496
101.9		0.181496
102		0.181496
102.1		0.182074
102.2		0.182074
102.3		0.182074
102.4		0.182074
102.5		0.182074
102.6		0.182074
102.7		0.182074
102.8		0.182074
102.9		0.182074
103		0.182074
103.1		0.184524
103.2		0.184524
103.3		0.184524
103.4		0.184524
103.5		0.184524
103.6		0.184524
103.7		0.184524
103.8		0.184524
103.9		0.184524
104		0.184524
104.1		0.187737
104.2		0.187737
104.3		0.187737
104.4		0.187737
104.5		0.187737
104.6		0.187737
104.7		0.187737
104.8		0.187737
104.9		0.187737
105		0.187737
105.1		0.18917
105.2		0.18917
105.3		0.18917
105.4		0.18917
105.5		0.18917
105.6		0.18917
105.7		0.18917
105.8		0.18917
105.9		0.18917
106		0.18917
106.1		0.191424
106.2		0.191424
106.3		0.191424
106.4		0.191424
106.5		0.191424
106.6		0.191424
106.7		0.191424
106.8		0.191424
106.9		0.191424
107		0.191424
107.1		0.192094
107.2		0.192094
107.3		0.192094
107.4		0.192094
107.5		0.192094
107.6		0.192094
107.7		0.192094
107.8		0.192094
107.9		0.192094
108		0.192094
108.1		0.192372
108.2		0.192372
108.3		0.192372
108.4		0.192372
108.5		0.192372
108.6		0.192372
108.7		0.192372
108.8		0.192372
108.9		0.192372
109		0.192372
109.1		0.198463
109.2		0.198463
109.3		0.198463
109.4		0.198463
109.5		0.198463
109.6		0.198463
109.7		0.198463
109.8		0.198463
109.9		0.198463
110		0.198463
110.1		0.202057
110.2		0.202057
110.3		0.202057
110.4		0.202057
110.5		0.202057
110.6		0.202057
110.7		0.202057
110.8		0.202057
110.9		0.202057
111		0.202057
111.1		0.2023
111.2		0.2023
111.3		0.2023
111.4		0.2023
111.5		0.2023
111.6		0.2023
111.7		0.2023
111.8		0.2023
111.9		0.2023
112		0.2023
112.1		0.203225
112.2		0.203225
112.3		0.203225
112.4		0.203225
112.5		0.203225
112.6		0.203225
112.7		0.203225
112.8		0.203225
112.9		0.203225
113		0.203225
113.1		0.204149
113.2		0.204149
113.3		0.204149
113.4		0.204149
113.5		0.204149
113.6		0.204149
113.7		0.204149
113.8		0.204149
113.9		0.204149
114		0.204149
114.1		0.208276
114.2		0.208276
114.3		0.208276
114.4		0.208276
114.5		0.208276
114.6		0.208276
114.7		0.208276
114.8		0.208276
114.9		0.208276
115		0.208276
115.1		0.208495
115.2		0.208495
115.3		0.208495
115.4		0.208495
115.5		0.208495
115.6		0.208495
115.7		0.208495
115.8		0.208495
115.9		0.208495
116		0.208495
116.1		0.212945
116.2		0.212945
116.3		0.212945
116.4		0.212945
116.5		0.212945
116.6		0.212945
116.7		0.212945
116.8		0.212945
116.9		0.212945
117		0.212945
117.1		0.214552
117.2		0.214552
117.3		0.214552
117.4		0.214552
117.5		0.214552
117.6		0.214552
117.7		0.214552
117.8		0.214552
117.9		0.214552
118		0.214552
118.1		0.218192
118.2		0.218192
118.3		0.218192
118.4		0.218192
118.5		0.218192
118.6		0.218192
118.7		0.218192
118.8		0.218192
118.9		0.218192
119		0.218192
119.1		0.219568
119.2		0.219568
119.3		0.219568
119.4		0.219568
119.5		0.219568
119.6		0.219568
119.7		0.219568
119.8		0.219568
119.9		0.219568
120		0.219568
120.1		0.220631
120.2		0.220631
120.3		0.220631
120.4		0.220631
120.5		0.220631
120.6		0.220631
120.7		0.220631
120.8		0.220631
120.9		0.220631
121		0.220631
121.1		0.220932
121.2		0.220932
121.3		0.220932
121.4		0.220932
121.5		0.220932
121.6		0.220932
121.7		0.220932
121.8		0.220932
121.9		0.220932
122		0.220932
122.1		0.225971
122.2		0.225971
122.3		0.225971
122.4		0.225971
122.5		0.225971
122.6		0.225971
122.7		0.225971
122.8		0.225971
122.9		0.225971
123		0.225971
123.1		0.226838
123.2		0.226838
123.3		0.226838
123.4		0.226838
123.5		0.226838
123.6		0.226838
123.7		0.226838
123.8		0.226838
123.9		0.226838
124		0.226838
124.1		0.228155
124.2		0.228155
124.3		0.228155
124.4		0.228155
124.5		0.228155
124.6		0.228155
124.7		0.228155
124.8		0.228155
124.9		0.228155
125		0.228155
125.1		0.228571
125.2		0.228571
125.3		0.228571
125.4		0.228571
125.5		0.228571
125.6		0.228571
125.7		0.228571
125.8		0.228571
125.9		0.228571
126		0.228571
126.1		0.234027
126.2		0.234027
126.3		0.234027
126.4		0.234027
126.5		0.234027
126.6		0.234027
126.7		0.234027
126.8		0.234027
126.9		0.234027
127		0.234027
127.1		0.23405
127.2		0.23405
127.3		0.23405
127.4		0.23405
127.5		0.23405
127.6		0.23405
127.7		0.23405
127.8		0.23405
127.9		0.23405
128		0.23405
128.1		0.236662
128.2		0.236662
128.3		0.236662
128.4		0.236662
128.5		0.236662
128.6		0.236662
128.7		0.236662
128.8		0.236662
128.9		0.236662
129		0.236662
129.1		0.238095
129.2		0.238095
129.3		0.238095
129.4		0.238095
129.5		0.238095
129.6		0.238095
129.7		0.238095
129.8		0.238095
129.9		0.238095
130		0.238095
130.1		0.239736
130.2		0.239736
130.3		0.239736
130.4		0.239736
130.5		0.239736
130.6		0.239736
130.7		0.239736
130.8		0.239736
130.9		0.239736
131		0.239736
131.1		0.243851
131.2		0.243851
131.3		0.243851
131.4		0.243851
131.5		0.243851
131.6		0.243851
131.7		0.243851
131.8		0.243851
131.9		0.243851
132		0.243851
132.1		0.245908
132.2		0.245908
132.3		0.245908
132.4		0.245908
132.5		0.245908
132.6		0.245908
132.7		0.245908
132.8		0.245908
132.9		0.245908
133		0.245908
133.1		0.246394
133.2		0.246394
133.3		0.246394
133.4		0.246394
133.5		0.246394
133.6		0.246394
133.7		0.246394
133.8		0.246394
133.9		0.246394
134		0.246394
134.1		0.250532
134.2		0.250532
134.3		0.250532
134.4		0.250532
134.5		0.250532
134.6		0.250532
134.7		0.250532
134.8		0.250532
134.9		0.250532
135		0.250532
135.1		0.250751
135.2		0.250751
135.3		0.250751
135.4		0.250751
135.5		0.250751
135.6		0.250751
135.7		0.250751
135.8		0.250751
135.9		0.250751
136		0.250751
136.1		0.255398
136.2		0.255398
136.3		0.255398
136.4		0.255398
136.5		0.255398
136.6		0.255398
136.7		0.255398
136.8		0.255398
136.9		0.255398
137		0.255398
137.1		0.255559
137.2		0.255559
137.3		0.255559
137.4		0.255559
137.5		0.255559
137.6		0.255559
137.7		0.255559
137.8		0.255559
137.9		0.255559
138		0.255559
138.1		0.256218
138.2		0.256218
138.3		0.256218
138.4		0.256218
138.5		0.256218
138.6		0.256218
138.7		0.256218
138.8		0.256218
138.9		0.256218
139		0.256218
139.1		0.261419
139.2		0.261419
139.3		0.261419
139.4		0.261419
139.5		0.261419
139.6		0.261419
139.7		0.261419
139.8		0.261419
139.9		0.261419
140		0.261419
140.1		0.261697
140.2		0.261697
140.3		0.261697
140.4		0.261697
140.5		0.261697
140.6		0.261697
140.7		0.261697
140.8		0.261697
140.9		0.261697
141		0.261697
141.1		0.261939
141.2		0.261939
141.3		0.261939
141.4		0.261939
141.5		0.261939
141.6		0.261939
141.7		0.261939
141.8		0.261939
141.9		0.261939
142		0.261939
142.1		0.265834
142.2		0.265834
142.3		0.265834
142.4		0.265834
142.5		0.265834
142.6		0.265834
142.7		0.265834
142.8		0.265834
142.9		0.265834
143		0.265834
143.1		0.266366
143.2		0.266366
143.3		0.266366
143.4		0.266366
143.5		0.266366
143.6		0.266366
143.7		0.266366
143.8		0.266366
143.9		0.266366
144		0.266366
144.1		0.271902
144.2		0.271902
144.3		0.271902
144.4		0.271902
144.5		0.271902
144.6		0.271902
144.7		0.271902
144.8		0.271902
144.9		0.271902
145		0.271902
145.1		0.272064
145.2		0.272064
145.3		0.272064
145.4		0.272064
145.5		0.272064
145.6		0.272064
145.7		0.272064
145.8		0.272064
145.9		0.272064
146		0.272064
146.1		0.273497
146.2		0.273497
146.3		0.273497
146.4		0.273497
146.5		0.273497
146.6		0.273497
146.7		0.273497
146.8		0.273497
146.9		0.273497
147		0.273497
147.1		0.273786
147.2		0.273786
147.3		0.273786
147.4		0.273786
147.5		0.273786
147.6		0.273786
147.7		0.273786
147.8		0.273786
147.9		0.273786
148		0.273786
148.1		0.28175
148.2		0.28175
148.3		0.28175
148.4		0.28175
148.5		0.28175
148.6		0.28175
148.7		0.28175
148.8		0.28175
148.9		0.28175
149		0.28175
149.1		0.282316
149.2		0.282316
149.3		0.282316
149.4		0.282316
149.5		0.282316
149.6		0.282316
149.7		0.282316
149.8		0.282316
149.9		0.282316
150		0.282316
150.1		0.282952
150.2		0.282952
150.3		0.282952
150.4		0.282952
150.5		0.282952
150.6		0.282952
150.7		0.282952
150.8		0.282952
150.9		0.282952
151		0.282952
151.1		0.283322
151.2		0.283322
151.3		0.283322
151.4		0.283322
151.5		0.283322
151.6		0.283322
151.7		0.283322
151.8		0.283322
151.9		0.283322
152		0.283322
152.1		0.285356
152.2		0.285356
152.3		0.285356
152.4		0.285356
152.5		0.285356
152.6		0.285356
152.7		0.285356
152.8		0.285356
152.9		0.285356
153		0.285356
153.1		0.291516
153.2		0.291516
153.3		0.291516
153.4		0.291516
153.5		0.291516
153.6		0.291516
153.7		0.291516
153.8		0.291516
153.9		0.291516
154		0.291516
154.1		0.293354
154.2		0.293354
154.3		0.293354
154.4		0.293354
154.5		0.293354
154.6		0.293354
154.7		0.293354
154.8		0.293354
154.9		0.293354
155		0.293354
155.1		0.293597
155.2		0.293597
155.3		0.293597
155.4		0.293597
155.5		0.293597
155.6		0.293597
155.7		0.293597
155.8		0.293597
155.9		0.293597
156		0.293597
156.1		0.295932
156.2		0.295932
156.3		0.295932
156.4		0.295932
156.5		0.295932
156.6		0.295932
156.7		0.295932
156.8		0.295932
156.9		0.295932
157		0.295932
157.1		0.296117
157.2		0.296117
157.3		0.296117
157.4		0.296117
157.5		0.296117
157.6		0.296117
157.7		0.296117
157.8		0.296117
157.9		0.296117
158		0.296117
158.1		0.298
158.2		0.298
158.3		0.298
158.4		0.298
158.5		0.298
158.6		0.298
158.7		0.298
158.8		0.298
158.9		0.298
159		0.298
159.1		0.30252
159.2		0.30252
159.3		0.30252
159.4		0.30252
159.5		0.30252
159.6		0.30252
159.7		0.30252
159.8		0.30252
159.9		0.30252
160		0.30252
160.1		0.304785
160.2		0.304785
160.3		0.304785
160.4		0.304785
160.5		0.304785
160.6		0.304785
160.7		0.304785
160.8		0.304785
160.9		0.304785
161		0.304785
161.1		0.306935
161.2		0.306935
161.3		0.306935
161.4		0.306935
161.5		0.306935
161.6		0.306935
161.7		0.306935
161.8		0.306935
161.9		0.306935
162		0.306935
162.1		0.308888
162.2		0.308888
162.3		0.308888
162.4		0.308888
162.5		0.308888
162.6		0.308888
162.7		0.308888
162.8		0.308888
162.9		0.308888
163		0.308888
163.1		0.310587
163.2		0.310587
163.3		0.310587
163.4		0.310587
163.5		0.310587
163.6		0.310587
163.7		0.310587
163.8		0.310587
163.9		0.310587
164		0.310587
164.1		0.310807
164.2		0.310807
164.3		0.310807
164.4		0.310807
164.5		0.310807
164.6		0.310807
164.7		0.310807
164.8		0.310807
164.9		0.310807
165		0.310807
165.1		0.315372
165.2		0.315372
165.3		0.315372
165.4		0.315372
165.5		0.315372
165.6		0.315372
165.7		0.315372
165.8		0.315372
165.9		0.315372
166		0.315372
166.1		0.316112
166.2		0.316112
166.3		0.316112
166.4		0.316112
166.5		0.316112
166.6		0.316112
166.7		0.316112
166.8		0.316112
166.9		0.316112
167		0.316112
167.1		0.318181
167.2		0.318181
167.3		0.318181
167.4		0.318181
167.5		0.318181
167.6		0.318181
167.7		0.318181
167.8		0.318181
167.9		0.318181
168		0.318181
168.1		0.319013
168.2		0.319013
168.3		0.319013
168.4		0.319013
168.5		0.319013
168.6		0.319013
168.7		0.319013
168.8		0.319013
168.9		0.319013
169		0.319013
169.1		0.32129
169.2		0.32129
169.3		0.32129
169.4		0.32129
169.5		0.32129
169.6		0.32129
169.7		0.32129
169.8		0.32129
169.9		0.32129
170		0.32129
170.1		0.326248
170.2		0.326248
170.3		0.326248
170.4		0.326248
170.5		0.326248
170.6		0.326248
170.7		0.326248
170.8		0.326248
170.9		0.326248
171		0.326248
171.1		0.328005
171.2		0.328005
171.3		0.328005
171.4		0.328005
171.5		0.328005
171.6		0.328005
171.7		0.328005
171.8		0.328005
171.9		0.328005
172		0.328005
172.1		0.329103
172.2		0.329103
172.3		0.329103
172.4		0.329103
172.5		0.329103
172.6		0.329103
172.7		0.329103
172.8		0.329103
172.9		0.329103
173		0.329103
173.1		0.3296
173.2		0.3296
173.3		0.3296
173.4		0.3296
173.5		0.3296
173.6		0.3296
173.7		0.3296
173.8		0.3296
173.9		0.3296
174		0.3296
174.1		0.333553
174.2		0.333553
174.3		0.333553
174.4		0.333553
174.5		0.333553
174.6		0.333553
174.7		0.333553
174.8		0.333553
174.9		0.333553
175		0.333553
175.1		0.333969
175.2		0.333969
175.3		0.333969
175.4		0.333969
175.5		0.333969
175.6		0.333969
175.7		0.333969
175.8		0.333969
175.9		0.333969
176		0.333969
176.1		0.337009
176.2		0.337009
176.3		0.337009
176.4		0.337009
176.5		0.337009
176.6		0.337009
176.7		0.337009
176.8		0.337009
176.9		0.337009
177		0.337009
177.1		0.337922
177.2		0.337922
177.3		0.337922
177.4		0.337922
177.5		0.337922
177.6		0.337922
177.7		0.337922
177.8		0.337922
177.9		0.337922
178		0.337922
178.1		0.341355
178.2		0.341355
178.3		0.341355
178.4		0.341355
178.5		0.341355
178.6		0.341355
178.7		0.341355
178.8		0.341355
178.9		0.341355
179		0.341355
179.1		0.34184
179.2		0.34184
179.3		0.34184
179.4		0.34184
179.5		0.34184
179.6		0.34184
179.7		0.34184
179.8		0.34184
179.9		0.34184
180		0.34184
180.1		0.344776
180.2		0.344776
180.3		0.344776
180.4		0.344776
180.5		0.344776
180.6		0.344776
180.7		0.344776
180.8		0.344776
180.9		0.344776
181		0.344776
181.1		0.34607
181.2		0.34607
181.3		0.34607
181.4		0.34607
181.5		0.34607
181.6		0.34607
181.7		0.34607
181.8		0.34607
181.9		0.34607
182		0.34607
182.1		0.348544
182.2		0.348544
182.3		0.348544
182.4		0.348544
182.5		0.348544
182.6		0.348544
182.7		0.348544
182.8		0.348544
182.9		0.348544
183		0.348544
183.1		0.352797
183.2		0.352797
183.3		0.352797
183.4		0.352797
183.5		0.352797
183.6		0.352797
183.7		0.352797
183.8		0.352797
183.9		0.352797
184		0.352797
184.1		0.353271
184.2		0.353271
184.3		0.353271
184.4		0.353271
184.5		0.353271
184.6		0.353271
184.7		0.353271
184.8		0.353271
184.9		0.353271
185		0.353271
185.1		0.353444
185.2		0.353444
185.3		0.353444
185.4		0.353444
185.5		0.353444
185.6		0.353444
185.7		0.353444
185.8		0.353444
185.9		0.353444
186		0.353444
186.1		0.357848
186.2		0.357848
186.3		0.357848
186.4		0.357848
186.5		0.357848
186.6		0.357848
186.7		0.357848
186.8		0.357848
186.9		0.357848
187		0.357848
187.1		0.358356
187.2		0.358356
187.3		0.358356
187.4		0.358356
187.5		0.358356
187.6		0.358356
187.7		0.358356
187.8		0.358356
187.9		0.358356
188		0.358356
188.1		0.361743
188.2		0.361743
188.3		0.361743
188.4		0.361743
188.5		0.361743
188.6		0.361743
188.7		0.361743
188.8		0.361743
188.9		0.361743
189		0.361743
189.1		0.36246
189.2		0.36246
189.3		0.36246
189.4		0.36246
189.5		0.36246
189.6		0.36246
189.7		0.36246
189.8		0.36246
189.9		0.36246
190		0.36246
190.1		0.364401
190.2		0.364401
190.3		0.364401
190.4		0.364401
190.5		0.364401
190.6		0.364401
190.7		0.364401
190.8		0.364401
190.9		0.364401
191		0.364401
191.1		0.367245
191.2		0.367245
191.3		0.367245
191.4		0.367245
191.5		0.367245
191.6		0.367245
191.7		0.367245
191.8		0.367245
191.9		0.367245
192		0.367245
192.1		0.368319
192.2		0.368319
192.3		0.368319
192.4		0.368319
192.5		0.368319
192.6		0.368319
192.7		0.368319
192.8		0.368319
192.9		0.368319
193		0.368319
193.1		0.372712
193.2		0.372712
193.3		0.372712
193.4		0.372712
193.5		0.372712
193.6		0.372712
193.7		0.372712
193.8		0.372712
193.9		0.372712
194		0.372712
194.1		0.373255
194.2		0.373255
194.3		0.373255
194.4		0.373255
194.5		0.373255
194.6		0.373255
194.7		0.373255
194.8		0.373255
194.9		0.373255
195		0.373255
195.1		0.373729
195.2		0.373729
195.3		0.373729
195.4		0.373729
195.5		0.373729
195.6		0.373729
195.7		0.373729
195.8		0.373729
195.9		0.373729
196		0.373729
196.1		0.375324
196.2		0.375324
196.3		0.375324
196.4		0.375324
196.5		0.375324
196.6		0.375324
196.7		0.375324
196.8		0.375324
196.9		0.375324
197		0.375324
197.1		0.378375
197.2		0.378375
197.3		0.378375
197.4		0.378375
197.5		0.378375
197.6		0.378375
197.7		0.378375
197.8		0.378375
197.9		0.378375
198		0.378375
198.1		0.379265
198.2		0.379265
198.3		0.379265
198.4		0.379265
198.5		0.379265
198.6		0.379265
198.7		0.379265
198.8		0.379265
198.9		0.379265
199		0.379265
199.1		0.38457
199.2		0.38457
199.3		0.38457
199.4		0.38457
199.5		0.38457
199.6		0.38457
199.7		0.38457
199.8		0.38457
199.9		0.38457
200		0.38457
200.1		0.387853
200.2		0.387853
200.3		0.387853
200.4		0.387853
200.5		0.387853
200.6		0.387853
200.7		0.387853
200.8		0.387853
200.9		0.387853
201		0.387853
201.1		0.388014
201.2		0.388014
201.3		0.388014
201.4		0.388014
201.5		0.388014
201.6		0.388014
201.7		0.388014
201.8		0.388014
201.9		0.388014
202		0.388014
202.1		0.389193
202.2		0.389193
202.3		0.389193
202.4		0.389193
202.5		0.389193
202.6		0.389193
202.7		0.389193
202.8		0.389193
202.9		0.389193
203		0.389193
203.1		0.390257
203.2		0.390257
203.3		0.390257
203.4		0.390257
203.5		0.390257
203.6		0.390257
203.7		0.390257
203.8		0.390257
203.9		0.390257
204		0.390257
204.1		0.396348
204.2		0.396348
204.3		0.396348
204.4		0.396348
204.5		0.396348
204.6		0.396348
204.7		0.396348
204.8		0.396348
204.9		0.396348
205		0.396348
205.1		0.396625
205.2		0.396625
205.3		0.396625
205.4		0.396625
205.5		0.396625
205.6		0.396625
205.7		0.396625
205.8		0.396625
205.9		0.396625
206		0.396625
206.1		0.397492
206.2		0.397492
206.3		0.397492
206.4		0.397492
206.5		0.397492
206.6		0.397492
206.7		0.397492
206.8		0.397492
206.9		0.397492
207		0.397492
207.1		0.399434
207.2		0.399434
207.3		0.399434
207.4		0.399434
207.5		0.399434
207.6		0.399434
207.7		0.399434
207.8		0.399434
207.9		0.399434
208		0.399434
208.1		0.403236
208.2		0.403236
208.3		0.403236
208.4		0.403236
208.5		0.403236
208.6		0.403236
208.7		0.403236
208.8		0.403236
208.9		0.403236
209		0.403236
209.1		0.403652
209.2		0.403652
209.3		0.403652
209.4		0.403652
209.5		0.403652
209.6		0.403652
209.7		0.403652
209.8		0.403652
209.9		0.403652
210		0.403652
210.1		0.406368
210.2		0.406368
210.3		0.406368
210.4		0.406368
210.5		0.406368
210.6		0.406368
210.7		0.406368
210.8		0.406368
210.9		0.406368
211		0.406368
211.1		0.407998
211.2		0.407998
211.3		0.407998
211.4		0.407998
211.5		0.407998
211.6		0.407998
211.7		0.407998
211.8		0.407998
211.9		0.407998
212		0.407998
212.1		0.412321
212.2		0.412321
212.3		0.412321
212.4		0.412321
212.5		0.412321
212.6		0.412321
212.7		0.412321
212.8		0.412321
212.9		0.412321
213		0.412321
213.1		0.414482
213.2		0.414482
213.3		0.414482
213.4		0.414482
213.5		0.414482
213.6		0.414482
213.7		0.414482
213.8		0.414482
213.9		0.414482
214		0.414482
214.1		0.415337
214.2		0.415337
214.3		0.415337
214.4		0.415337
214.5		0.415337
214.6		0.415337
214.7		0.415337
214.8		0.415337
214.9		0.415337
215		0.415337
215.1		0.416979
215.2		0.416979
215.3		0.416979
215.4		0.416979
215.5		0.416979
215.6		0.416979
215.7		0.416979
215.8		0.416979
215.9		0.416979
216		0.416979
216.1		0.420469
216.2		0.420469
216.3		0.420469
216.4		0.420469
216.5		0.420469
216.6		0.420469
216.7		0.420469
216.8		0.420469
216.9		0.420469
217		0.420469
217.1		0.424087
217.2		0.424087
217.3		0.424087
217.4		0.424087
217.5		0.424087
217.6		0.424087
217.7		0.424087
217.8		0.424087
217.9		0.424087
218		0.424087
218.1		0.424468
218.2		0.424468
218.3		0.424468
218.4		0.424468
218.5		0.424468
218.6		0.424468
218.7		0.424468
218.8		0.424468
218.9		0.424468
219		0.424468
219.1		0.424838
219.2		0.424838
219.3		0.424838
219.4		0.424838
219.5		0.424838
219.6		0.424838
219.7		0.424838
219.8		0.424838
219.9		0.424838
220		0.424838
220.1		0.426734
220.2		0.426734
220.3		0.426734
220.4		0.426734
220.5		0.426734
220.6		0.426734
220.7		0.426734
220.8		0.426734
220.9		0.426734
221		0.426734
221.1		0.431472
221.2		0.431472
221.3		0.431472
221.4		0.431472
221.5		0.431472
221.6		0.431472
221.7		0.431472
221.8		0.431472
221.9		0.431472
222		0.431472
222.1		0.432929
222.2		0.432929
222.3		0.432929
222.4		0.432929
222.5		0.432929
222.6		0.432929
222.7		0.432929
222.8		0.432929
222.9		0.432929
223		0.432929
223.1		0.434663
223.2		0.434663
223.3		0.434663
223.4		0.434663
223.5		0.434663
223.6		0.434663
223.7		0.434663
223.8		0.434663
223.9		0.434663
224		0.434663
224.1		0.435472
224.2		0.435472
224.3		0.435472
224.4		0.435472
224.5		0.435472
224.6		0.435472
224.7		0.435472
224.8		0.435472
224.9		0.435472
225		0.435472
225.1		0.435865
225.2		0.435865
225.3		0.435865
225.4		0.435865
225.5		0.435865
225.6		0.435865
225.7		0.435865
225.8		0.435865
225.9		0.435865
226		0.435865
226.1		0.440962
226.2		0.440962
226.3		0.440962
226.4		0.440962
226.5		0.440962
226.6		0.440962
226.7		0.440962
226.8		0.440962
226.9		0.440962
227		0.440962
227.1		0.443736
227.2		0.443736
227.3		0.443736
227.4		0.443736
227.5		0.443736
227.6		0.443736
227.7		0.443736
227.8		0.443736
227.9		0.443736
228		0.443736
228.1		0.444117
228.2		0.444117
228.3		0.444117
228.4		0.444117
228.5		0.444117
228.6		0.444117
228.7		0.444117
228.8		0.444117
228.9		0.444117
229		0.444117
229.1		0.445319
229.2		0.445319
229.3		0.445319
229.4		0.445319
229.5		0.445319
229.6		0.445319
229.7		0.445319
229.8		0.445319
229.9		0.445319
230		0.445319
230.1		0.451514
230.2		0.451514
230.3		0.451514
230.4		0.451514
230.5		0.451514
230.6		0.451514
230.7		0.451514
230.8		0.451514
230.9		0.451514
231		0.451514
231.1		0.451907
231.2		0.451907
231.3		0.451907
231.4		0.451907
231.5		0.451907
231.6		0.451907
231.7		0.451907
231.8		0.451907
231.9		0.451907
232		0.451907
232.1		0.453167
232.2		0.453167
232.3		0.453167
232.4		0.453167
232.5		0.453167
232.6		0.453167
232.7		0.453167
232.8		0.453167
232.9		0.453167
233		0.453167
233.1		0.453675
233.2		0.453675
233.3		0.453675
233.4		0.453675
233.5		0.453675
233.6		0.453675
233.7		0.453675
233.8		0.453675
233.9		0.453675
234		0.453675
234.1		0.457513
234.2		0.457513
234.3		0.457513
234.4		0.457513
234.5		0.457513
234.6		0.457513
234.7		0.457513
234.8		0.457513
234.9		0.457513
235		0.457513
235.1		0.45957
235.2		0.45957
235.3		0.45957
235.4		0.45957
235.5		0.45957
235.6		0.45957
235.7		0.45957
235.8		0.45957
235.9		0.45957
236		0.45957
236.1		0.461142
236.2		0.461142
236.3		0.461142
236.4		0.461142
236.5		0.461142
236.6		0.461142
236.7		0.461142
236.8		0.461142
236.9		0.461142
237		0.461142
237.1		0.462656
237.2		0.462656
237.3		0.462656
237.4		0.462656
237.5		0.462656
237.6		0.462656
237.7		0.462656
237.8		0.462656
237.9		0.462656
238		0.462656
238.1		0.46565
238.2		0.46565
238.3		0.46565
238.4		0.46565
238.5		0.46565
238.6		0.46565
238.7		0.46565
238.8		0.46565
238.9		0.46565
239		0.46565
239.1		0.469441
239.2		0.469441
239.3		0.469441
239.4		0.469441
239.5		0.469441
239.6		0.469441
239.7		0.469441
239.8		0.469441
239.9		0.469441
240		0.469441
240.1		0.469487
240.2		0.469487
240.3		0.469487
240.4		0.469487
240.5		0.469487
240.6		0.469487
240.7		0.469487
240.8		0.469487
240.9		0.469487
241		0.469487
241.1		0.470932
241.2		0.470932
241.3		0.470932
241.4		0.470932
241.5		0.470932
241.6		0.470932
241.7		0.470932
241.8		0.470932
241.9		0.470932
242		0.470932
242.1		0.475058
242.2		0.475058
242.3		0.475058
242.4		0.475058
242.5		0.475058
242.6		0.475058
242.7		0.475058
242.8		0.475058
242.9		0.475058
243		0.475058
243.1		0.477184
243.2		0.477184
243.3		0.477184
243.4		0.477184
243.5		0.477184
243.6		0.477184
243.7		0.477184
243.8		0.477184
243.9		0.477184
244		0.477184
244.1		0.47752
244.2		0.47752
244.3		0.47752
244.4		0.47752
244.5		0.47752
244.6		0.47752
244.7		0.47752
244.8		0.47752
244.9		0.47752
245		0.47752
245.1		0.481392
245.2		0.481392
245.3		0.481392
245.4		0.481392
245.5		0.481392
245.6		0.481392
245.7		0.481392
245.8		0.481392
245.9		0.481392
246		0.481392
246.1		0.482247
246.2		0.482247
246.3		0.482247
246.4		0.482247
246.5		0.482247
246.6		0.482247
246.7		0.482247
246.8		0.482247
246.9		0.482247
247		0.482247
247.1		0.483807
247.2		0.483807
247.3		0.483807
247.4		0.483807
247.5		0.483807
247.6		0.483807
247.7		0.483807
247.8		0.483807
247.9		0.483807
248		0.483807
248.1		0.485391
248.2		0.485391
248.3		0.485391
248.4		0.485391
248.5		0.485391
248.6		0.485391
248.7		0.485391
248.8		0.485391
248.9		0.485391
249		0.485391
249.1		0.486766
249.2		0.486766
249.3		0.486766
249.4		0.486766
249.5		0.486766
249.6		0.486766
249.7		0.486766
249.8		0.486766
249.9		0.486766
250		0.486766
250.1		0.488118
250.2		0.488118
250.3		0.488118
250.4		0.488118
250.5		0.488118
250.6		0.488118
250.7		0.488118
250.8		0.488118
250.9		0.488118
251		0.488118
251.1		0.491343
251.2		0.491343
251.3		0.491343
251.4		0.491343
251.5		0.491343
251.6		0.491343
251.7		0.491343
251.8		0.491343
251.9		0.491343
252		0.491343
252.1		0.494961
252.2		0.494961
252.3		0.494961
252.4		0.494961
252.5		0.494961
252.6		0.494961
252.7		0.494961
252.8		0.494961
252.9		0.494961
253		0.494961
253.1		0.496602
253.2		0.496602
253.3		0.496602
253.4		0.496602
253.5		0.496602
253.6		0.496602
253.7		0.496602
253.8		0.496602
253.9		0.496602
254		0.496602
254.1		0.496752
254.2		0.496752
254.3		0.496752
254.4		0.496752
254.5		0.496752
254.6		0.496752
254.7		0.496752
254.8		0.496752
254.9		0.496752
255		0.496752
255.1		0.500474
255.2		0.500474
255.3		0.500474
255.4		0.500474
255.5		0.500474
255.6		0.500474
255.7		0.500474
255.8		0.500474
255.9		0.500474
256		0.500474
256.1		0.502705
256.2		0.502705
256.3		0.502705
256.4		0.502705
256.5		0.502705
256.6		0.502705
256.7		0.502705
256.8		0.502705
256.9		0.502705
257		0.502705
257.1		0.503051
257.2		0.503051
257.3		0.503051
257.4		0.503051
257.5		0.503051
257.6		0.503051
257.7		0.503051
257.8		0.503051
257.9		0.503051
258		0.503051
258.1		0.507039
258.2		0.507039
258.3		0.507039
258.4		0.507039
258.5		0.507039
258.6		0.507039
258.7		0.507039
258.8		0.507039
258.9		0.507039
259		0.507039
259.1		0.507247
259.2		0.507247
259.3		0.507247
259.4		0.507247
259.5		0.507247
259.6		0.507247
259.7		0.507247
259.8		0.507247
259.9		0.507247
260		0.507247
260.1		0.512032
260.2		0.512032
260.3		0.512032
260.4		0.512032
260.5		0.512032
260.6		0.512032
260.7		0.512032
260.8		0.512032
260.9		0.512032
261		0.512032
261.1		0.513742
261.2		0.513742
261.3		0.513742
261.4		0.513742
261.5		0.513742
261.6		0.513742
261.7		0.513742
261.8		0.513742
261.9		0.513742
262		0.513742
262.1		0.514043
262.2		0.514043
262.3		0.514043
262.4		0.514043
262.5		0.514043
262.6		0.514043
262.7		0.514043
262.8		0.514043
262.9		0.514043
263		0.514043
263.1		0.514286
263.2		0.514286
263.3		0.514286
263.4		0.514286
263.5		0.514286
263.6		0.514286
263.7		0.514286
263.8		0.514286
263.9		0.514286
264		0.514286
264.1		0.518701
264.2		0.518701
264.3		0.518701
264.4		0.518701
264.5		0.518701
264.6		0.518701
264.7		0.518701
264.8		0.518701
264.9		0.518701
265		0.518701
265.1		0.521221
265.2		0.521221
265.3		0.521221
265.4		0.521221
265.5		0.521221
265.6		0.521221
265.7		0.521221
265.8		0.521221
265.9		0.521221
266		0.521221
266.1		0.523012
266.2		0.523012
266.3		0.523012
266.4		0.523012
266.5		0.523012
266.6		0.523012
266.7		0.523012
266.8		0.523012
266.9		0.523012
267		0.523012
267.1		0.524156
267.2		0.524156
267.3		0.524156
267.4		0.524156
267.5		0.524156
267.6		0.524156
267.7		0.524156
267.8		0.524156
267.9		0.524156
268		0.524156
268.1		0.526271
268.2		0.526271
268.3		0.526271
268.4		0.526271
268.5		0.526271
268.6		0.526271
268.7		0.526271
268.8		0.526271
268.9		0.526271
269		0.526271
269.1		0.529265
269.2		0.529265
269.3		0.529265
269.4		0.529265
269.5		0.529265
269.6		0.529265
269.7		0.529265
269.8		0.529265
269.9		0.529265
270		0.529265
270.1		0.529589
270.2		0.529589
270.3		0.529589
270.4		0.529589
270.5		0.529589
270.6		0.529589
270.7		0.529589
270.8		0.529589
270.9		0.529589
271		0.529589
271.1		0.531831
271.2		0.531831
271.3		0.531831
271.4		0.531831
271.5		0.531831
271.6		0.531831
271.7		0.531831
271.8		0.531831
271.9		0.531831
272		0.531831
272.1		0.53665
272.2		0.53665
272.3		0.53665
272.4		0.53665
272.5		0.53665
272.6		0.53665
272.7		0.53665
272.8		0.53665
272.9		0.53665
273		0.53665
273.1		0.53709
273.2		0.53709
273.3		0.53709
273.4		0.53709
273.5		0.53709
273.6		0.53709
273.7		0.53709
273.8		0.53709
273.9		0.53709
274		0.53709
274.1		0.537656
274.2		0.537656
274.3		0.537656
274.4		0.537656
274.5		0.537656
274.6		0.537656
274.7		0.537656
274.8		0.537656
274.9		0.537656
275		0.537656
275.1		0.539783
275.2		0.539783
275.3		0.539783
275.4		0.539783
275.5		0.539783
275.6		0.539783
275.7		0.539783
275.8		0.539783
275.9		0.539783
276		0.539783
276.1		0.542961
276.2		0.542961
276.3		0.542961
276.4		0.542961
276.5		0.542961
276.6		0.542961
276.7		0.542961
276.8		0.542961
276.9		0.542961
277		0.542961
277.1		0.545342
277.2		0.545342
277.3		0.545342
277.4		0.545342
277.5		0.545342
277.6		0.545342
277.7		0.545342
277.8		0.545342
277.9		0.545342
278		0.545342
278.1		0.545735
278.2		0.545735
278.3		0.545735
278.4		0.545735
278.5		0.545735
278.6		0.545735
278.7		0.545735
278.8		0.545735
278.9		0.545735
279		0.545735
279.1		0.548833
279.2		0.548833
279.3		0.548833
279.4		0.548833
279.5		0.548833
279.6		0.548833
279.7		0.548833
279.8		0.548833
279.9		0.548833
280		0.548833
280.1		0.551329
280.2		0.551329
280.3		0.551329
280.4		0.551329
280.5		0.551329
280.6		0.551329
280.7		0.551329
280.8		0.551329
280.9		0.551329
281		0.551329
281.1		0.553017
281.2		0.553017
281.3		0.553017
281.4		0.553017
281.5		0.553017
281.6		0.553017
281.7		0.553017
281.8		0.553017
281.9		0.553017
282		0.553017
282.1		0.555409
282.2		0.555409
282.3		0.555409
282.4		0.555409
282.5		0.555409
282.6		0.555409
282.7		0.555409
282.8		0.555409
282.9		0.555409
283		0.555409
283.1		0.557362
283.2		0.557362
283.3		0.557362
283.4		0.557362
283.5		0.557362
283.6		0.557362
283.7		0.557362
283.8		0.557362
283.9		0.557362
284		0.557362
284.1		0.562853
284.2		0.562853
284.3		0.562853
284.4		0.562853
284.5		0.562853
284.6		0.562853
284.7		0.562853
284.8		0.562853
284.9		0.562853
285		0.562853
285.1		0.564713
285.2		0.564713
285.3		0.564713
285.4		0.564713
285.5		0.564713
285.6		0.564713
285.7		0.564713
285.8		0.564713
285.9		0.564713
286		0.564713
286.1		0.566551
286.2		0.566551
286.3		0.566551
286.4		0.566551
286.5		0.566551
286.6		0.566551
286.7		0.566551
286.8		0.566551
286.9		0.566551
287		0.566551
287.1		0.568516
287.2		0.568516
287.3		0.568516
287.4		0.568516
287.5		0.568516
287.6		0.568516
287.7		0.568516
287.8		0.568516
287.9		0.568516
288		0.568516
288.1		0.574064
288.2		0.574064
288.3		0.574064
288.4		0.574064
288.5		0.574064
288.6		0.574064
288.7		0.574064
288.8		0.574064
288.9		0.574064
289		0.574064
289.1		0.575613
289.2		0.575613
289.3		0.575613
289.4		0.575613
289.5		0.575613
289.6		0.575613
289.7		0.575613
289.8		0.575613
289.9		0.575613
290		0.575613
290.1		0.577924
290.2		0.577924
290.3		0.577924
290.4		0.577924
290.5		0.577924
290.6		0.577924
290.7		0.577924
290.8		0.577924
290.9		0.577924
291		0.577924
291.1		0.581438
291.2		0.581438
291.3		0.581438
291.4		0.581438
291.5		0.581438
291.6		0.581438
291.7		0.581438
291.8		0.581438
291.9		0.581438
292		0.581438
292.1		0.582605
292.2		0.582605
292.3		0.582605
292.4		0.582605
292.5		0.582605
292.6		0.582605
292.7		0.582605
292.8		0.582605
292.9		0.582605
293		0.582605
293.1		0.58435
293.2		0.58435
293.3		0.58435
293.4		0.58435
293.5		0.58435
293.6		0.58435
293.7		0.58435
293.8		0.58435
293.9		0.58435
294		0.58435
294.1		0.584801
294.2		0.584801
294.3		0.584801
294.4		0.584801
294.5		0.584801
294.6		0.584801
294.7		0.584801
294.8		0.584801
294.9		0.584801
295		0.584801
295.1		0.587529
295.2		0.587529
295.3		0.587529
295.4		0.587529
295.5		0.587529
295.6		0.587529
295.7		0.587529
295.8		0.587529
295.9		0.587529
296		0.587529
296.1		0.591343
296.2		0.591343
296.3		0.591343
296.4		0.591343
296.5		0.591343
296.6		0.591343
296.7		0.591343
296.8		0.591343
296.9		0.591343
297		0.591343
297.1		0.592071
297.2		0.592071
297.3		0.592071
297.4		0.592071
297.5		0.592071
297.6		0.592071
297.7		0.592071
297.8		0.592071
297.9		0.592071
298		0.592071
298.1		0.593632
298.2		0.593632
298.3		0.593632
298.4		0.593632
298.5		0.593632
298.6		0.593632
298.7		0.593632
298.8		0.593632
298.9		0.593632
299		0.593632
299.1		0.600231
299.2		0.600231
299.3		0.600231
299.4		0.600231
299.5		0.600231
299.6		0.600231
299.7		0.600231
299.8		0.600231
299.9		0.600231
300		0.600231
300.1		0.601861
300.2		0.601861
300.3		0.601861
300.4		0.601861
300.5		0.601861
300.6		0.601861
300.7		0.601861
300.8		0.601861
300.9		0.601861
301		0.601861
301.1		0.603329
301.2		0.603329
301.3		0.603329
301.4		0.603329
301.5		0.603329
301.6		0.603329
301.7		0.603329
301.8		0.603329
301.9		0.603329
302		0.603329
302.1		0.607466
302.2		0.607466
302.3		0.607466
302.4		0.607466
302.5		0.607466
302.6		0.607466
302.7		0.607466
302.8		0.607466
302.9		0.607466
303		0.607466
303.1		0.608345
303.2		0.608345
303.3		0.608345
303.4		0.608345
303.5		0.608345
303.6		0.608345
303.7		0.608345
303.8		0.608345
303.9		0.608345
304		0.608345
304.1		0.610853
304.2		0.610853
304.3		0.610853
304.4		0.610853
304.5		0.610853
304.6		0.610853
304.7		0.610853
304.8		0.610853
304.9		0.610853
305		0.610853
305.1		0.611882
305.2		0.611882
305.3		0.611882
305.4		0.611882
305.5		0.611882
305.6		0.611882
305.7		0.611882
305.8		0.611882
305.9		0.611882
306		0.611882
306.1		0.613222
306.2		0.613222
306.3		0.613222
306.4		0.613222
306.5		0.613222
306.6		0.613222
306.7		0.613222
306.8		0.613222
306.9		0.613222
307		0.613222
307.1		0.615361
307.2		0.615361
307.3		0.615361
307.4		0.615361
307.5		0.615361
307.6		0.615361
307.7		0.615361
307.8		0.615361
307.9		0.615361
308		0.615361
308.1		0.616123
308.2		0.616123
308.3		0.616123
308.4		0.616123
308.5		0.616123
308.6		0.616123
308.7		0.616123
308.8		0.616123
308.9		0.616123
309		0.616123
309.1		0.618412
309.2		0.618412
309.3		0.618412
309.4		0.618412
309.5		0.618412
309.6		0.618412
309.7		0.618412
309.8		0.618412
309.9		0.618412
310		0.618412
310.1		0.623301
310.2		0.623301
310.3		0.623301
310.4		0.623301
310.5		0.623301
310.6		0.623301
310.7		0.623301
310.8		0.623301
310.9		0.623301
311		0.623301
311.1		0.625647
311.2		0.625647
311.3		0.625647
311.4		0.625647
311.5		0.625647
311.6		0.625647
311.7		0.625647
311.8		0.625647
311.9		0.625647
312		0.625647
312.1		0.62619
312.2		0.62619
312.3		0.62619
312.4		0.62619
312.5		0.62619
312.6		0.62619
312.7		0.62619
312.8		0.62619
312.9		0.62619
313		0.62619
313.1		0.627393
313.2		0.627393
313.3		0.627393
313.4		0.627393
313.5		0.627393
313.6		0.627393
313.7		0.627393
313.8		0.627393
313.9		0.627393
314		0.627393
314.1		0.631091
314.2		0.631091
314.3		0.631091
314.4		0.631091
314.5		0.631091
314.6		0.631091
314.7		0.631091
314.8		0.631091
314.9		0.631091
315		0.631091
315.1		0.633576
315.2		0.633576
315.3		0.633576
315.4		0.633576
315.5		0.633576
315.6		0.633576
315.7		0.633576
315.8		0.633576
315.9		0.633576
316		0.633576
316.1		0.635298
316.2		0.635298
316.3		0.635298
316.4		0.635298
316.5		0.635298
316.6		0.635298
316.7		0.635298
316.8		0.635298
316.9		0.635298
317		0.635298
317.1		0.6362
317.2		0.6362
317.3		0.6362
317.4		0.6362
317.5		0.6362
317.6		0.6362
317.7		0.6362
317.8		0.6362
317.9		0.6362
318		0.6362
318.1		0.63657
318.2		0.63657
318.3		0.63657
318.4		0.63657
318.5		0.63657
318.6		0.63657
318.7		0.63657
318.8		0.63657
318.9		0.63657
319		0.63657
319.1		0.642857
319.2		0.642857
319.3		0.642857
319.4		0.642857
319.5		0.642857
319.6		0.642857
319.7		0.642857
319.8		0.642857
319.9		0.642857
320		0.642857
320.1		0.644071
320.2		0.644071
320.3		0.644071
320.4		0.644071
320.5		0.644071
320.6		0.644071
320.7		0.644071
320.8		0.644071
320.9		0.644071
321		0.644071
321.1		0.645839
321.2		0.645839
321.3		0.645839
321.4		0.645839
321.5		0.645839
321.6		0.645839
321.7		0.645839
321.8		0.645839
321.9		0.645839
322		0.645839
322.1		0.646521
322.2		0.646521
322.3		0.646521
322.4		0.646521
322.5		0.646521
322.6		0.646521
322.7		0.646521
322.8		0.646521
322.9		0.646521
323		0.646521
323.1		0.648706
323.2		0.648706
323.3		0.648706
323.4		0.648706
323.5		0.648706
323.6		0.648706
323.7		0.648706
323.8		0.648706
323.9		0.648706
324		0.648706
324.1		0.652797
324.2		0.652797
324.3		0.652797
324.4		0.652797
324.5		0.652797
324.6		0.652797
324.7		0.652797
324.8		0.652797
324.9		0.652797
325		0.652797
325.1		0.653098
325.2		0.653098
325.3		0.653098
325.4		0.653098
325.5		0.653098
325.6		0.653098
325.7		0.653098
325.8		0.653098
325.9		0.653098
326		0.653098
326.1		0.655721
326.2		0.655721
326.3		0.655721
326.4		0.655721
326.5		0.655721
326.6		0.655721
326.7		0.655721
326.8		0.655721
326.9		0.655721
327		0.655721
327.1		0.657062
327.2		0.657062
327.3		0.657062
327.4		0.657062
327.5		0.657062
327.6		0.657062
327.7		0.657062
327.8		0.657062
327.9		0.657062
328		0.657062
328.1		0.660841
328.2		0.660841
328.3		0.660841
328.4		0.660841
328.5		0.660841
328.6		0.660841
328.7		0.660841
328.8		0.660841
328.9		0.660841
329		0.660841
329.1		0.663095
329.2		0.663095
329.3		0.663095
329.4		0.663095
329.5		0.663095
329.6		0.663095
329.7		0.663095
329.8		0.663095
329.9		0.663095
330		0.663095
330.1		0.663326
330.2		0.663326
330.3		0.663326
330.4		0.663326
330.5		0.663326
330.6		0.663326
330.7		0.663326
330.8		0.663326
330.9		0.663326
331		0.663326
331.1		0.664066
331.2		0.664066
331.3		0.664066
331.4		0.664066
331.5		0.664066
331.6		0.664066
331.7		0.664066
331.8		0.664066
331.9		0.664066
332		0.664066
332.1		0.668539
332.2		0.668539
332.3		0.668539
332.4		0.668539
332.5		0.668539
332.6		0.668539
332.7		0.668539
332.8		0.668539
332.9		0.668539
333		0.668539
333.1		0.669545
333.2		0.669545
333.3		0.669545
333.4		0.669545
333.5		0.669545
333.6		0.669545
333.7		0.669545
333.8		0.669545
333.9		0.669545
334		0.669545
334.1		0.67062
334.2		0.67062
334.3		0.67062
334.4		0.67062
334.5		0.67062
334.6		0.67062
334.7		0.67062
334.8		0.67062
334.9		0.67062
335		0.67062
335.1		0.672434
335.2		0.672434
335.3		0.672434
335.4		0.672434
335.5		0.672434
335.6		0.672434
335.7		0.672434
335.8		0.672434
335.9		0.672434
336		0.672434
336.1		0.676803
336.2		0.676803
336.3		0.676803
336.4		0.676803
336.5		0.676803
336.6		0.676803
336.7		0.676803
336.8		0.676803
336.9		0.676803
337		0.676803
337.1		0.678918
337.2		0.678918
337.3		0.678918
337.4		0.678918
337.5		0.678918
337.6		0.678918
337.7		0.678918
337.8		0.678918
337.9		0.678918
338		0.678918
338.1		0.679716
338.2		0.679716
338.3		0.679716
338.4		0.679716
338.5		0.679716
338.6		0.679716
338.7		0.679716
338.8		0.679716
338.9		0.679716
339		0.679716
339.1		0.683484
339.2		0.683484
339.3		0.683484
339.4		0.683484
339.5		0.683484
339.6		0.683484
339.7		0.683484
339.8		0.683484
339.9		0.683484
340		0.683484
340.1		0.685379
340.2		0.685379
340.3		0.685379
340.4		0.685379
340.5		0.685379
340.6		0.685379
340.7		0.685379
340.8		0.685379
340.9		0.685379
341		0.685379
341.1		0.691586
341.2		0.691586
341.3		0.691586
341.4		0.691586
341.5		0.691586
341.6		0.691586
341.7		0.691586
341.8		0.691586
341.9		0.691586
342		0.691586
342.1		0.692661
342.2		0.692661
342.3		0.692661
342.4		0.692661
342.5		0.692661
342.6		0.692661
342.7		0.692661
342.8		0.692661
342.9		0.692661
343		0.692661
343.1		0.695157
343.2		0.695157
343.3		0.695157
343.4		0.695157
343.5		0.695157
343.6		0.695157
343.7		0.695157
343.8		0.695157
343.9		0.695157
344		0.695157
344.1		0.695423
344.2		0.695423
344.3		0.695423
344.4		0.695423
344.5		0.695423
344.6		0.695423
344.7		0.695423
344.8		0.695423
344.9		0.695423
345		0.695423
345.1		0.699307
345.2		0.699307
345.3		0.699307
345.4		0.699307
345.5		0.699307
345.6		0.699307
345.7		0.699307
345.8		0.699307
345.9		0.699307
346		0.699307
346.1		0.701318
346.2		0.701318
346.3		0.701318
346.4		0.701318
346.5		0.701318
346.6		0.701318
346.7		0.701318
346.8		0.701318
346.9		0.701318
347		0.701318
347.1		0.703074
347.2		0.703074
347.3		0.703074
347.4		0.703074
347.5		0.703074
347.6		0.703074
347.7		0.703074
347.8		0.703074
347.9		0.703074
348		0.703074
348.1		0.704196
348.2		0.704196
348.3		0.704196
348.4		0.704196
348.5		0.704196
348.6		0.704196
348.7		0.704196
348.8		0.704196
348.9		0.704196
349		0.704196
349.1		0.706438
349.2		0.706438
349.3		0.706438
349.4		0.706438
349.5		0.706438
349.6		0.706438
349.7		0.706438
349.8		0.706438
349.9		0.706438
350		0.706438
350.1		0.708541
350.2		0.708541
350.3		0.708541
350.4		0.708541
350.5		0.708541
350.6		0.708541
350.7		0.708541
350.8		0.708541
350.9		0.708541
351		0.708541
351.1		0.710148
351.2		0.710148
351.3		0.710148
351.4		0.710148
351.5		0.710148
351.6		0.710148
351.7		0.710148
351.8		0.710148
351.9		0.710148
352		0.710148
352.1		0.713858
352.2		0.713858
352.3		0.713858
352.4		0.713858
352.5		0.713858
352.6		0.713858
352.7		0.713858
352.8		0.713858
352.9		0.713858
353		0.713858
353.1		0.715765
353.2		0.715765
353.3		0.715765
353.4		0.715765
353.5		0.715765
353.6		0.715765
353.7		0.715765
353.8		0.715765
353.9		0.715765
354		0.715765
354.1		0.718643
354.2		0.718643
354.3		0.718643
354.4		0.718643
354.5		0.718643
354.6		0.718643
354.7		0.718643
354.8		0.718643
354.9		0.718643
355		0.718643
355.1		0.721001
355.2		0.721001
355.3		0.721001
355.4		0.721001
355.5		0.721001
355.6		0.721001
355.7		0.721001
355.8		0.721001
355.9		0.721001
356		0.721001
356.1		0.724757
356.2		0.724757
356.3		0.724757
356.4		0.724757
356.5		0.724757
356.6		0.724757
356.7		0.724757
356.8		0.724757
356.9		0.724757
357		0.724757
357.1		0.726976
357.2		0.726976
357.3		0.726976
357.4		0.726976
357.5		0.726976
357.6		0.726976
357.7		0.726976
357.8		0.726976
357.9		0.726976
358		0.726976
358.1		0.73108
358.2		0.73108
358.3		0.73108
358.4		0.73108
358.5		0.73108
358.6		0.73108
358.7		0.73108
358.8		0.73108
358.9		0.73108
359		0.73108
359.1		0.732108
359.2		0.732108
359.3		0.732108
359.4		0.732108
359.5		0.732108
359.6		0.732108
359.7		0.732108
359.8		0.732108
359.9		0.732108
360		0.732108
360.1		0.732998
360.2		0.732998
360.3		0.732998
360.4		0.732998
360.5		0.732998
360.6		0.732998
360.7		0.732998
360.8		0.732998
360.9		0.732998
361		0.732998
361.1		0.736362
361.2		0.736362
361.3		0.736362
361.4		0.736362
361.5		0.736362
361.6		0.736362
361.7		0.736362
361.8		0.736362
361.9		0.736362
362		0.736362
362.1		0.739078
362.2		0.739078
362.3		0.739078
362.4		0.739078
362.5		0.739078
362.6		0.739078
362.7		0.739078
362.8		0.739078
362.9		0.739078
363		0.739078
363.1		0.740407
363.2		0.740407
363.3		0.740407
363.4		0.740407
363.5		0.740407
363.6		0.740407
363.7		0.740407
363.8		0.740407
363.9		0.740407
364		0.740407
364.1		0.742268
364.2		0.742268
364.3		0.742268
364.4		0.742268
364.5		0.742268
364.6		0.742268
364.7		0.742268
364.8		0.742268
364.9		0.742268
365		0.742268
365.1		0.744244
365.2		0.744244
365.3		0.744244
365.4		0.744244
365.5		0.744244
365.6		0.744244
365.7		0.744244
365.8		0.744244
365.9		0.744244
366		0.744244
366.1		0.745943
366.2		0.745943
366.3		0.745943
366.4		0.745943
366.5		0.745943
366.6		0.745943
366.7		0.745943
366.8		0.745943
366.9		0.745943
367		0.745943
367.1		0.750994
367.2		0.750994
367.3		0.750994
367.4		0.750994
367.5		0.750994
367.6		0.750994
367.7		0.750994
367.8		0.750994
367.9		0.750994
368		0.750994
368.1		0.752624
368.2		0.752624
368.3		0.752624
368.4		0.752624
368.5		0.752624
368.6		0.752624
368.7		0.752624
368.8		0.752624
368.9		0.752624
369		0.752624
369.1		0.753895
369.2		0.753895
369.3		0.753895
369.4		0.753895
369.5		0.753895
369.6		0.753895
369.7		0.753895
369.8		0.753895
369.9		0.753895
370		0.753895
370.1		0.754473
370.2		0.754473
370.3		0.754473
370.4		0.754473
370.5		0.754473
370.6		0.754473
370.7		0.754473
370.8		0.754473
370.9		0.754473
371		0.754473
371.1		0.755629
371.2		0.755629
371.3		0.755629
371.4		0.755629
371.5		0.755629
371.6		0.755629
371.7		0.755629
371.8		0.755629
371.9		0.755629
372		0.755629
372.1		0.761015
372.2		0.761015
372.3		0.761015
372.4		0.761015
372.5		0.761015
372.6		0.761015
372.7		0.761015
372.8		0.761015
372.9		0.761015
373		0.761015
373.1		0.762575
373.2		0.762575
373.3		0.762575
373.4		0.762575
373.5		0.762575
373.6		0.762575
373.7		0.762575
373.8		0.762575
373.9		0.762575
374		0.762575
374.1		0.764598
374.2		0.764598
374.3		0.764598
374.4		0.764598
374.5		0.764598
374.6		0.764598
374.7		0.764598
374.8		0.764598
374.9		0.764598
375		0.764598
375.1		0.765557
375.2		0.765557
375.3		0.765557
375.4		0.765557
375.5		0.765557
375.6		0.765557
375.7		0.765557
375.8		0.765557
375.9		0.765557
376		0.765557
376.1		0.768377
376.2		0.768377
376.3		0.768377
376.4		0.768377
376.5		0.768377
376.6		0.768377
376.7		0.768377
376.8		0.768377
376.9		0.768377
377		0.768377
377.1		0.768909
377.2		0.768909
377.3		0.768909
377.4		0.768909
377.5		0.768909
377.6		0.768909
377.7		0.768909
377.8		0.768909
377.9		0.768909
378		0.768909
378.1		0.771856
378.2		0.771856
378.3		0.771856
378.4		0.771856
378.5		0.771856
378.6		0.771856
378.7		0.771856
378.8		0.771856
378.9		0.771856
379		0.771856
379.1		0.773116
379.2		0.773116
379.3		0.773116
379.4		0.773116
379.5		0.773116
379.6		0.773116
379.7		0.773116
379.8		0.773116
379.9		0.773116
380		0.773116
380.1		0.778051
380.2		0.778051
380.3		0.778051
380.4		0.778051
380.5		0.778051
380.6		0.778051
380.7		0.778051
380.8		0.778051
380.9		0.778051
381		0.778051
381.1		0.778548
381.2		0.778548
381.3		0.778548
381.4		0.778548
381.5		0.778548
381.6		0.778548
381.7		0.778548
381.8		0.778548
381.9		0.778548
382		0.778548
382.1		0.780155
382.2		0.780155
382.3		0.780155
382.4		0.780155
382.5		0.780155
382.6		0.780155
382.7		0.780155
382.8		0.780155
382.9		0.780155
383		0.780155
383.1		0.780363
383.2		0.780363
383.3		0.780363
383.4		0.780363
383.5		0.780363
383.6		0.780363
383.7		0.780363
383.8		0.780363
383.9		0.780363
384		0.780363
384.1		0.783484
384.2		0.783484
384.3		0.783484
384.4		0.783484
384.5		0.783484
384.6		0.783484
384.7		0.783484
384.8		0.783484
384.9		0.783484
385		0.783484
385.1		0.786396
385.2		0.786396
385.3		0.786396
385.4		0.786396
385.5		0.786396
385.6		0.786396
385.7		0.786396
385.8		0.786396
385.9		0.786396
386		0.786396
386.1		0.787494
386.2		0.787494
386.3		0.787494
386.4		0.787494
386.5		0.787494
386.6		0.787494
386.7		0.787494
386.8		0.787494
386.9		0.787494
387		0.787494
387.1		0.789494
387.2		0.789494
387.3		0.789494
387.4		0.789494
387.5		0.789494
387.6		0.789494
387.7		0.789494
387.8		0.789494
387.9		0.789494
388		0.789494
388.1		0.790777
388.2		0.790777
388.3		0.790777
388.4		0.790777
388.5		0.790777
388.6		0.790777
388.7		0.790777
388.8		0.790777
388.9		0.790777
389		0.790777
389.1		0.794626
389.2		0.794626
389.3		0.794626
389.4		0.794626
389.5		0.794626
389.6		0.794626
389.7		0.794626
389.8		0.794626
389.9		0.794626
390		0.794626
390.1		0.796521
390.2		0.796521
390.3		0.796521
390.4		0.796521
390.5		0.796521
390.6		0.796521
390.7		0.796521
390.8		0.796521
390.9		0.796521
391		0.796521
391.1		0.797018
391.2		0.797018
391.3		0.797018
391.4		0.797018
391.5		0.797018
391.6		0.797018
391.7		0.797018
391.8		0.797018
391.9		0.797018
392		0.797018
392.1		0.797261
392.2		0.797261
392.3		0.797261
392.4		0.797261
392.5		0.797261
392.6		0.797261
392.7		0.797261
392.8		0.797261
392.9		0.797261
393		0.797261
393.1		0.798752
393.2		0.798752
393.3		0.798752
393.4		0.798752
393.5		0.798752
393.6		0.798752
393.7		0.798752
393.8		0.798752
393.9		0.798752
394		0.798752
394.1		0.80549
394.2		0.80549
394.3		0.80549
394.4		0.80549
394.5		0.80549
394.6		0.80549
394.7		0.80549
394.8		0.80549
394.9		0.80549
395		0.80549
395.1		0.807154
395.2		0.807154
395.3		0.807154
395.4		0.807154
395.5		0.807154
395.6		0.807154
395.7		0.807154
395.8		0.807154
395.9		0.807154
396		0.807154
396.1		0.808703
396.2		0.808703
396.3		0.808703
396.4		0.808703
396.5		0.808703
396.6		0.808703
396.7		0.808703
396.8		0.808703
396.9		0.808703
397		0.808703
397.1		0.808957
397.2		0.808957
397.3		0.808957
397.4		0.808957
397.5		0.808957
397.6		0.808957
397.7		0.808957
397.8		0.808957
397.9		0.808957
398		0.808957
398.1		0.81469
398.2		0.81469
398.3		0.81469
398.4		0.81469
398.5		0.81469
398.6		0.81469
398.7		0.81469
398.8		0.81469
398.9		0.81469
399		0.81469
399.1		0.815083
399.2		0.815083
399.3		0.815083
399.4		0.815083
399.5		0.815083
399.6		0.815083
399.7		0.815083
399.8		0.815083
399.9		0.815083
400		0.815083
400.1		0.817256
400.2		0.817256
400.3		0.817256
400.4		0.817256
400.5		0.817256
400.6		0.817256
400.7		0.817256
400.8		0.817256
400.9		0.817256
401		0.817256
401.1		0.818944
401.2		0.818944
401.3		0.818944
401.4		0.818944
401.5		0.818944
401.6		0.818944
401.7		0.818944
401.8		0.818944
401.9		0.818944
402		0.818944
402.1		0.822781
402.2		0.822781
402.3		0.822781
402.4		0.822781
402.5		0.822781
402.6		0.822781
402.7		0.822781
402.8		0.822781
402.9		0.822781
403		0.822781
403.1		0.823359
403.2		0.823359
403.3		0.823359
403.4		0.823359
403.5		0.823359
403.6		0.823359
403.7		0.823359
403.8		0.823359
403.9		0.823359
404		0.823359
404.1		0.824145
404.2		0.824145
404.3		0.824145
404.4		0.824145
404.5		0.824145
404.6		0.824145
404.7		0.824145
404.8		0.824145
404.9		0.824145
405		0.824145
405.1		0.824376
405.2		0.824376
405.3		0.824376
405.4		0.824376
405.5		0.824376
405.6		0.824376
405.7		0.824376
405.8		0.824376
405.9		0.824376
406		0.824376
406.1		0.829727
406.2		0.829727
406.3		0.829727
406.4		0.829727
406.5		0.829727
406.6		0.829727
406.7		0.829727
406.8		0.829727
406.9		0.829727
407		0.829727
407.1		0.833195
407.2		0.833195
407.3		0.833195
407.4		0.833195
407.5		0.833195
407.6		0.833195
407.7		0.833195
407.8		0.833195
407.9		0.833195
408		0.833195
408.1		0.833911
408.2		0.833911
408.3		0.833911
408.4		0.833911
408.5		0.833911
408.6		0.833911
408.7		0.833911
408.8		0.833911
408.9		0.833911
409		0.833911
409.1		0.8342
409.2		0.8342
409.3		0.8342
409.4		0.8342
409.5		0.8342
409.6		0.8342
409.7		0.8342
409.8		0.8342
409.9		0.8342
410		0.8342
410.1		0.835194
410.2		0.835194
410.3		0.835194
410.4		0.835194
410.5		0.835194
410.6		0.835194
410.7		0.835194
410.8		0.835194
410.9		0.835194
411		0.835194
411.1		0.840407
411.2		0.840407
411.3		0.840407
411.4		0.840407
411.5		0.840407
411.6		0.840407
411.7		0.840407
411.8		0.840407
411.9		0.840407
412		0.840407
412.1		0.840661
412.2		0.840661
412.3		0.840661
412.4		0.840661
412.5		0.840661
412.6		0.840661
412.7		0.840661
412.8		0.840661
412.9		0.840661
413		0.840661
413.1		0.845099
413.2		0.845099
413.3		0.845099
413.4		0.845099
413.5		0.845099
413.6		0.845099
413.7		0.845099
413.8		0.845099
413.9		0.845099
414		0.845099
414.1		0.845365
414.2		0.845365
414.3		0.845365
414.4		0.845365
414.5		0.845365
414.6		0.845365
414.7		0.845365
414.8		0.845365
414.9		0.845365
415		0.845365
415.1		0.846567
415.2		0.846567
415.3		0.846567
415.4		0.846567
415.5		0.846567
415.6		0.846567
415.7		0.846567
415.8		0.846567
415.9		0.846567
416		0.846567
416.1		0.850844
416.2		0.850844
416.3		0.850844
416.4		0.850844
416.5		0.850844
416.6		0.850844
416.7		0.850844
416.8		0.850844
416.9		0.850844
417		0.850844
417.1		0.85104
417.2		0.85104
417.3		0.85104
417.4		0.85104
417.5		0.85104
417.6		0.85104
417.7		0.85104
417.8		0.85104
417.9		0.85104
418		0.85104
418.1		0.853132
418.2		0.853132
418.3		0.853132
418.4		0.853132
418.5		0.853132
418.6		0.853132
418.7		0.853132
418.8		0.853132
418.9		0.853132
419		0.853132
419.1		0.856056
419.2		0.856056
419.3		0.856056
419.4		0.856056
419.5		0.856056
419.6		0.856056
419.7		0.856056
419.8		0.856056
419.9		0.856056
420		0.856056
420.1		0.857975
420.2		0.857975
420.3		0.857975
420.4		0.857975
420.5		0.857975
420.6		0.857975
420.7		0.857975
420.8		0.857975
420.9		0.857975
421		0.857975
421.1		0.85868
421.2		0.85868
421.3		0.85868
421.4		0.85868
421.5		0.85868
421.6		0.85868
421.7		0.85868
421.8		0.85868
421.9		0.85868
422		0.85868
422.1		0.862887
422.2		0.862887
422.3		0.862887
422.4		0.862887
422.5		0.862887
422.6		0.862887
422.7		0.862887
422.8		0.862887
422.9		0.862887
423		0.862887
423.1		0.863199
423.2		0.863199
423.3		0.863199
423.4		0.863199
423.5		0.863199
423.6		0.863199
423.7		0.863199
423.8		0.863199
423.9		0.863199
424		0.863199
424.1		0.867869
424.2		0.867869
424.3		0.867869
424.4		0.867869
424.5		0.867869
424.6		0.867869
424.7		0.867869
424.8		0.867869
424.9		0.867869
425		0.867869
425.1		0.869105
425.2		0.869105
425.3		0.869105
425.4		0.869105
425.5		0.869105
425.6		0.869105
425.7		0.869105
425.8		0.869105
425.9		0.869105
426		0.869105
426.1		0.869799
426.2		0.869799
426.3		0.869799
426.4		0.869799
426.5		0.869799
426.6		0.869799
426.7		0.869799
426.8		0.869799
426.9		0.869799
427		0.869799
427.1		0.870053
427.2		0.870053
427.3		0.870053
427.4		0.870053
427.5		0.870053
427.6		0.870053
427.7		0.870053
427.8		0.870053
427.9		0.870053
428		0.870053
428.1		0.875497
428.2		0.875497
428.3		0.875497
428.4		0.875497
428.5		0.875497
428.6		0.875497
428.7		0.875497
428.8		0.875497
428.9		0.875497
429		0.875497
429.1		0.877497
429.2		0.877497
429.3		0.877497
429.4		0.877497
429.5		0.877497
429.6		0.877497
429.7		0.877497
429.8		0.877497
429.9		0.877497
430		0.877497
430.1		0.879924
430.2		0.879924
430.3		0.879924
430.4		0.879924
430.5		0.879924
430.6		0.879924
430.7		0.879924
430.8		0.879924
430.9		0.879924
431		0.879924
431.1		0.880166
431.2		0.880166
431.3		0.880166
431.4		0.880166
431.5		0.880166
431.6		0.880166
431.7		0.880166
431.8		0.880166
431.9		0.880166
432		0.880166
432.1		0.88338
432.2		0.88338
432.3		0.88338
432.4		0.88338
432.5		0.88338
432.6		0.88338
432.7		0.88338
432.8		0.88338
432.9		0.88338
433		0.88338
433.1		0.885402
433.2		0.885402
433.3		0.885402
433.4		0.885402
433.5		0.885402
433.6		0.885402
433.7		0.885402
433.8		0.885402
433.9		0.885402
434		0.885402
434.1		0.886963
434.2		0.886963
434.3		0.886963
434.4		0.886963
434.5		0.886963
434.6		0.886963
434.7		0.886963
434.8		0.886963
434.9		0.886963
435		0.886963
435.1		0.887159
435.2		0.887159
435.3		0.887159
435.4		0.887159
435.5		0.887159
435.6		0.887159
435.7		0.887159
435.8		0.887159
435.9		0.887159
436		0.887159
436.1		0.891019
436.2		0.891019
436.3		0.891019
436.4		0.891019
436.5		0.891019
436.6		0.891019
436.7		0.891019
436.8		0.891019
436.9		0.891019
437		0.891019
437.1		0.892129
437.2		0.892129
437.3		0.892129
437.4		0.892129
437.5		0.892129
437.6		0.892129
437.7		0.892129
437.8		0.892129
437.9		0.892129
438		0.892129
438.1		0.894984
438.2		0.894984
438.3		0.894984
438.4		0.894984
438.5		0.894984
438.6		0.894984
438.7		0.894984
438.8		0.894984
438.9		0.894984
439		0.894984
439.1		0.89822
439.2		0.89822
439.3		0.89822
439.4		0.89822
439.5		0.89822
439.6		0.89822
439.7		0.89822
439.8		0.89822
439.9		0.89822
440		0.89822
440.1		0.898798
440.2		0.898798
440.3		0.898798
440.4		0.898798
440.5		0.898798
440.6		0.898798
440.7		0.898798
440.8		0.898798
440.9		0.898798
441		0.898798
441.1		0.900566
441.2		0.900566
441.3		0.900566
441.4		0.900566
441.5		0.900566
441.6		0.900566
441.7		0.900566
441.8		0.900566
441.9		0.900566
442		0.900566
442.1		0.903733
442.2		0.903733
442.3		0.903733
442.4		0.903733
442.5		0.903733
442.6		0.903733
442.7		0.903733
442.8		0.903733
442.9		0.903733
443		0.903733
443.1		0.904253
443.2		0.904253
443.3		0.904253
443.4		0.904253
443.5		0.904253
443.6		0.904253
443.7		0.904253
443.8		0.904253
443.9		0.904253
444		0.904253
444.1		0.907628
444.2		0.907628
444.3		0.907628
444.4		0.907628
444.5		0.907628
444.6		0.907628
444.7		0.907628
444.8		0.907628
444.9		0.907628
445		0.907628
445.1		0.909408
445.2		0.909408
445.3		0.909408
445.4		0.909408
445.5		0.909408
445.6		0.909408
445.7		0.909408
445.8		0.909408
445.9		0.909408
446		0.909408
446.1		0.912171
446.2		0.912171
446.3		0.912171
446.4		0.912171
446.5		0.912171
446.6		0.912171
446.7		0.912171
446.8		0.912171
446.9		0.912171
447		0.912171
447.1		0.913766
447.2		0.913766
447.3		0.913766
447.4		0.913766
447.5		0.913766
447.6		0.913766
447.7		0.913766
447.8		0.913766
447.9		0.913766
448		0.913766
448.1		0.915187
448.2		0.915187
448.3		0.915187
448.4		0.915187
448.5		0.915187
448.6		0.915187
448.7		0.915187
448.8		0.915187
448.9		0.915187
449		0.915187
449.1		0.915418
449.2		0.915418
449.3		0.915418
449.4		0.915418
449.5		0.915418
449.6		0.915418
449.7		0.915418
449.8		0.915418
449.9		0.915418
450		0.915418
450.1		0.920758
450.2		0.920758
450.3		0.920758
450.4		0.920758
450.5		0.920758
450.6		0.920758
450.7		0.920758
450.8		0.920758
450.9		0.920758
451		0.920758
451.1		0.922145
451.2		0.922145
451.3		0.922145
451.4		0.922145
451.5		0.922145
451.6		0.922145
451.7		0.922145
451.8		0.922145
451.9		0.922145
452		0.922145
452.1		0.922746
452.2		0.922746
452.3		0.922746
452.4		0.922746
452.5		0.922746
452.6		0.922746
452.7		0.922746
452.8		0.922746
452.9		0.922746
453		0.922746
453.1		0.923209
453.2		0.923209
453.3		0.923209
453.4		0.923209
453.5		0.923209
453.6		0.923209
453.7		0.923209
453.8		0.923209
453.9		0.923209
454		0.923209
454.1		0.92604
454.2		0.92604
454.3		0.92604
454.4		0.92604
454.5		0.92604
454.6		0.92604
454.7		0.92604
454.8		0.92604
454.9		0.92604
455		0.92604
455.1		0.931449
455.2		0.931449
455.3		0.931449
455.4		0.931449
455.5		0.931449
455.6		0.931449
455.7		0.931449
455.8		0.931449
455.9		0.931449
456		0.931449
456.1		0.933518
456.2		0.933518
456.3		0.933518
456.4		0.933518
456.5		0.933518
456.6		0.933518
456.7		0.933518
456.8		0.933518
456.9		0.933518
457		0.933518
457.1		0.934408
457.2		0.934408
457.3		0.934408
457.4		0.934408
457.5		0.934408
457.6		0.934408
457.7		0.934408
457.8		0.934408
457.9		0.934408
458		0.934408
458.1		0.935969
458.2		0.935969
458.3		0.935969
458.4		0.935969
458.5		0.935969
458.6		0.935969
458.7		0.935969
458.8		0.935969
458.9		0.935969
459		0.935969
459.1		0.936604
459.2		0.936604
459.3		0.936604
459.4		0.936604
459.5		0.936604
459.6		0.936604
459.7		0.936604
459.8		0.936604
459.9		0.936604
460		0.936604
460.1		0.938245
460.2		0.938245
460.3		0.938245
460.4		0.938245
460.5		0.938245
460.6		0.938245
460.7		0.938245
460.8		0.938245
460.9		0.938245
461		0.938245
461.1		0.941967
461.2		0.941967
461.3		0.941967
461.4		0.941967
461.5		0.941967
461.6		0.941967
461.7		0.941967
461.8		0.941967
461.9		0.941967
462		0.941967
462.1		0.943632
462.2		0.943632
462.3		0.943632
462.4		0.943632
462.5		0.943632
462.6		0.943632
462.7		0.943632
462.8		0.943632
462.9		0.943632
463		0.943632
463.1		0.946475
463.2		0.946475
463.3		0.946475
463.4		0.946475
463.5		0.946475
463.6		0.946475
463.7		0.946475
463.8		0.946475
463.9		0.946475
464		0.946475
464.1		0.948174
464.2		0.948174
464.3		0.948174
464.4		0.948174
464.5		0.948174
464.6		0.948174
464.7		0.948174
464.8		0.948174
464.9		0.948174
465		0.948174
465.1		0.949619
465.2		0.949619
465.3		0.949619
465.4		0.949619
465.5		0.949619
465.6		0.949619
465.7		0.949619
465.8		0.949619
465.9		0.949619
466		0.949619
466.1		0.952173
466.2		0.952173
466.3		0.952173
466.4		0.952173
466.5		0.952173
466.6		0.952173
466.7		0.952173
466.8		0.952173
466.9		0.952173
467		0.952173
467.1		0.953548
467.2		0.953548
467.3		0.953548
467.4		0.953548
467.5		0.953548
467.6		0.953548
467.7		0.953548
467.8		0.953548
467.9		0.953548
468		0.953548
468.1		0.954635
468.2		0.954635
468.3		0.954635
468.4		0.954635
468.5		0.954635
468.6		0.954635
468.7		0.954635
468.8		0.954635
468.9		0.954635
469		0.954635
469.1		0.956311
469.2		0.956311
469.3		0.956311
469.4		0.956311
469.5		0.956311
469.6		0.956311
469.7		0.956311
469.8		0.956311
469.9		0.956311
470		0.956311
470.1		0.960795
470.2		0.960795
470.3		0.960795
470.4		0.960795
470.5		0.960795
470.6		0.960795
470.7		0.960795
470.8		0.960795
470.9		0.960795
471		0.960795
471.1		0.96387
471.2		0.96387
471.3		0.96387
471.4		0.96387
471.5		0.96387
471.6		0.96387
471.7		0.96387
471.8		0.96387
471.9		0.96387
472		0.96387
472.1		0.964332
472.2		0.964332
472.3		0.964332
472.4		0.964332
472.5		0.964332
472.6		0.964332
472.7		0.964332
472.8		0.964332
472.9		0.964332
473		0.964332
473.1		0.965707
473.2		0.965707
473.3		0.965707
473.4		0.965707
473.5		0.965707
473.6		0.965707
473.7		0.965707
473.8		0.965707
473.9		0.965707
474		0.965707
474.1		0.967996
474.2		0.967996
474.3		0.967996
474.4		0.967996
474.5		0.967996
474.6		0.967996
474.7		0.967996
474.8		0.967996
474.9		0.967996
475		0.967996
475.1		0.972319
475.2		0.972319
475.3		0.972319
475.4		0.972319
475.5		0.972319
475.6		0.972319
475.7		0.972319
475.8		0.972319
475.9		0.972319
476		0.972319
476.1		0.97359
476.2		0.97359
476.3		0.97359
476.4		0.97359
476.5		0.97359
476.6		0.97359
476.7		0.97359
476.8		0.97359
476.9		0.97359
477		0.97359
477.1		0.975139
477.2		0.975139
477.3		0.975139
477.4		0.975139
477.5		0.975139
477.6		0.975139
477.7		0.975139
477.8		0.975139
477.9		0.975139
478		0.975139
478.1		0.976641
478.2		0.976641
478.3		0.976641
478.4		0.976641
478.5		0.976641
478.6		0.976641
478.7		0.976641
478.8		0.976641
478.9		0.976641
479		0.976641
479.1		0.980224
479.2		0.980224
479.3		0.980224
479.4		0.980224
479.5		0.980224
479.6		0.980224
479.7		0.980224
479.8		0.980224
479.9		0.980224
480		0.980224
480.1		0.981126
480.2		0.981126
480.3		0.981126
480.4		0.981126
480.5		0.981126
480.6		0.981126
480.7		0.981126
480.8		0.981126
480.9		0.981126
481		0.981126
481.1		0.983957
481.2		0.983957
481.3		0.983957
481.4		0.983957
481.5		0.983957
481.6		0.983957
481.7		0.983957
481.8		0.983957
481.9		0.983957
482		0.983957
482.1		0.98516
482.2		0.98516
482.3		0.98516
482.4		0.98516
482.5		0.98516
482.6		0.98516
482.7		0.98516
482.8		0.98516
482.9		0.98516
483		0.98516
483.1		0.986258
483.2		0.986258
483.3		0.986258
483.4		0.986258
483.5		0.986258
483.6		0.986258
483.7		0.986258
483.8		0.986258
483.9		0.986258
484		0.986258
484.1		0.991181
484.2		0.991181
484.3		0.991181
484.4		0.991181
484.5		0.991181
484.6		0.991181
484.7		0.991181
484.8		0.991181
484.9		0.991181
485		0.991181
485.1		0.99169
485.2		0.99169
485.3		0.99169
485.4		0.99169
485.5		0.99169
485.6		0.99169
485.7		0.99169
485.8		0.99169
485.9		0.99169
486		0.99169
486.1		0.992221
486.2		0.992221
486.3		0.992221
486.4		0.992221
486.5		0.992221
486.6		0.992221
486.7		0.992221
486.8		0.992221
486.9		0.992221
487		0.992221
487.1		0.995458
487.2		0.995458
487.3		0.995458
487.4		0.995458
487.5		0.995458
487.6		0.995458
487.7		0.995458
487.8		0.995458
487.9		0.995458
488		0.995458
488.1		0.997099
488.2		0.997099
488.3		0.997099
488.4		0.997099
488.5		0.997099
488.6		0.997099
488.7		0.997099
488.8		0.997099
488.9		0.997099
489		0.997099
489.1		0.999364
489.2		0.999364
489.3		0.999364
489.4		0.999364
489.5		0.999364
489.6		0.999364
489.7		0.999364
489.8		0.999364
489.9		0.999364
490		0.999364
490.1		0.999954
490.2		0.999954
490.3		0.999954
490.4		0.999954
490.5		0.999954
490.6		0.999954
490.7		0.999954
490.8		0.999954
490.9		0.999954
491		0.999954
491.1		1
491.2		1
491.3		1
491.4		1
491.5		1
491.6		1
491.7		1
491.8		1
491.9		1
492		1
492.1		1
492.2		1
492.3		1
492.4		1
492.5		1
492.6		1
492.7		1
492.8		1
492.9		1
493		1
493.1		1
493.2		1
493.3		1
493.4		1
493.5		1
493.6		1
493.7		1
493.8		1
493.9		1
494		1
494.1		1
494.2		1
494.3		1
494.4		1
494.5		1
494.6		1
494.7		1
494.8		1
494.9		1
495		1
495.1		1
495.2		1
495.3		1
495.4		1
495.5		1
495.6		1
495.7		1
495.8		1
495.9		1
496		1
496.1		1
496.2		1
496.3		1
496.4		1
496.5		1
496.6		1
496.7		1
496.8		1
496.9		1
497		1
497.1		1
497.2		1
497.3		1
497.4		1
497.5		1
497.6		1
497.7		1
497.8		1
497.9		1
498		1
498.1		1
498.2		1
498.3		1
498.4		1
498.5		1
498.6		1
498.7		1
498.8		1
498.9		1
499		1
499.1		1
499.2		1
499.3		1
499.4		1
499.5		1
499.6		1
499.7		1
499.8		1
499.9		1
500		1
500.1		1
500.2		1
500.3		1
500.4		1
500.5		1
500.6		1
500.7		1
500.8		1
500.9		1
501		1
501.1		1
501.2		1
501.3		1
501.4		1
501.5		1
501.6		1
501.7		1
501.8		1
501.9		1
502		1
502.1		1
502.2		1
502.3		1
502.4		1
502.5		1
502.6		1
502.7		1
502.8		1
502.9		1
503		1
503.1		1
503.2		1
503.3		1
503.4		1
503.5		1
503.6		1
503.7		1
503.8		1
503.9		1
504		1
504.1		1
504.2		1
504.3		1
504.4		1
504.5		1
504.6		1
504.7		1
504.8		1
504.9		1
505		1
505.1		1
505.2		1
505.3		1
505.4		1
505.5		1
505.6		1
505.7		1
505.8		1
505.9		1
506		1
506.1		1
506.2		1
506.3		1
506.4		1
506.5		1
506.6		1
506.7		1
506.8		1
506.9		1
507		1
507.1		1
507.2		1
507.3		1
507.4		1
507.5		1
507.6		1
507.7		1
507.8		1
507.9		1
508		1
508.1		1
508.2		1
508.3		1
508.4		1
508.5		1
508.6		1
508.7		1
508.8		1
508.9		1
509		1
509.1		1
509.2		1
509.3		1
509.4		1
509.5		1
509.6		1
509.7		1
509.8		1
509.9		1
510		1
510.1		1
510.2		1
510.3		1
510.4		1
510.5		1
510.6		1
510.7		1
510.8		1
510.9		1
511		1
511.1		1
511.2		1
511.3		1
511.4		1
511.5		1
511.6		1
511.7		1
511.8		1
511.9		1
512		1
512.1		1
512.2		1
512.3		1
512.4		1
512.5		1
512.6		1
512.7		1
512.8		1
512.9		1
513		1
513.1		1
513.2		1
513.3		1
513.4		1
513.5		1
513.6		1
513.7		1
513.8		1
513.9		1
514		1
514.1		1
514.2		1
514.3		1
514.4		1
514.5		1
514.6		1
514.7		1
514.8		1
514.9		1
515		1
515.1		1
515.2		1
515.3		1
515.4		1
515.5		1
515.6		1
515.7		1
515.8		1
515.9		1
516		1
516.1		1
516.2		1
516.3		1
516.4		1
516.5		1
516.6		1
516.7		1
516.8		1
516.9		1
517		1
517.1		1
517.2		1
517.3		1
517.4		1
517.5		1
517.6		1
517.7		1
517.8		1
517.9		1
518		1
518.1		1
518.2		1
518.3		1
518.4		1
518.5		1
518.6		1
518.7		1
518.8		1
518.9		1
519		1
519.1		1
519.2		1
519.3		1
519.4		1
519.5		1
519.6		1
519.7		1
519.8		1
519.9		1
520		1
520.1		1
520.2		1
520.3		1
520.4		1
520.5		1
520.6		1
520.7		1
520.8		1
520.9		1
521		1
521.1		1
521.2		1
521.3		1
521.4		1
521.5		1
521.6		1
521.7		1
521.8		1
521.9		1
522		1
522.1		1
522.2		1
522.3		1
522.4		1
522.5		1
522.6		1
522.7		1
522.8		1
522.9		1
523		1
523.1		1
523.2		1
523.3		1
523.4		1
523.5		1
523.6		1
523.7		1
523.8		1
523.9		1
524		1
524.1		1
524.2		1
524.3		1
524.4		1
524.5		1
524.6		1
524.7		1
524.8		1
524.9		1
525		1
525.1		1
525.2		1
525.3		1
525.4		1
525.5		1
525.6		1
525.7		1
525.8		1
525.9		1
526		1
526.1		1
526.2		1
526.3		1
526.4		1
526.5		1
526.6		1
526.7		1
526.8		1
526.9		1
527		1
527.1		1
527.2		1
527.3		1
527.4		1
527.5		1
527.6		1
527.7		1
527.8		1
527.9		1
528		1
528.1		1
528.2		1
528.3		1
528.4		1
528.5		1
528.6		1
528.7		1
528.8		1
528.9		1
529		1
529.1		1
529.2		1
529.3		1
529.4		1
529.5		1
529.6		1
529.7		1
529.8		1
529.9		1
530		1
530.1		1
530.2		1
530.3		1
530.4		1
530.5		1
530.6		1
530.7		1
530.8		1
530.9		1
531		1
531.1		1
531.2		1
531.3		1
531.4		1
531.5		1
531.6		1
531.7		1
531.8		1
531.9		1
532		1
532.1		1
532.2		1
532.3		1
532.4		1
532.5		1
532.6		1
532.7		1
532.8		1
532.9		1
533		1
533.1		1
533.2		1
533.3		1
533.4		1
533.5		1
533.6		1
533.7		1
533.8		1
533.9		1
534		1
534.1		1
534.2		1
534.3		1
534.4		1
534.5		1
534.6		1
534.7		1
534.8		1
534.9		1
535		1
535.1		1
535.2		1
535.3		1
535.4		1
535.5		1
535.6		1
535.7		1
535.8		1
535.9		1
536		1
536.1		1
536.2		1
536.3		1
536.4		1
536.5		1
536.6		1
536.7		1
536.8		1
536.9		1
537		1
537.1		1
537.2		1
537.3		1
537.4		1
537.5		1
537.6		1
537.7		1
537.8		1
537.9		1
538		1
538.1		1
538.2		1
538.3		1
538.4		1
538.5		1
538.6		1
538.7		1
538.8		1
538.9		1
539		1
539.1		1
539.2		1
539.3		1
539.4		1
539.5		1
539.6		1
539.7		1
539.8		1
539.9		1
540		1
540.1		1
540.2		1
540.3		1
540.4		1
540.5		1
540.6		1
540.7		1
540.8		1
540.9		1
541		1
541.1		1
541.2		1
541.3		1
541.4		1
541.5		1
541.6		1
541.7		1
541.8		1
541.9		1
542		1
542.1		1
542.2		1
542.3		1
542.4		1
542.5		1
542.6		1
542.7		1
542.8		1
542.9		1
543		1
543.1		1
543.2		1
543.3		1
543.4		1
543.5		1
543.6		1
543.7		1
543.8		1
543.9		1
544		1
544.1		1
544.2		1
544.3		1
544.4		1
544.5		1
544.6		1
544.7		1
544.8		1
544.9		1
545		1
545.1		1
545.2		1
545.3		1
545.4		1
545.5		1
545.6		1
545.7		1
545.8		1
545.9		1
546		1
546.1		1
546.2		1
546.3		1
546.4		1
546.5		1
546.6		1
546.7		1
546.8		1
546.9		1
547		1
547.1		1
547.2		1
547.3		1
547.4		1
547.5		1
547.6		1
547.7		1
547.8		1
547.9		1
548		1
548.1		1
548.2		1
548.3		1
548.4		1
548.5		1
548.6		1
548.7		1
548.8		1
548.9		1
549		1
549.1		1
549.2		1
549.3		1
549.4		1
549.5		1
549.6		1
549.7		1
549.8		1
549.9		1
550		1
550.1		1
550.2		1
550.3		1
550.4		1
550.5		1
550.6		1
550.7		1
550.8		1
550.9		1
551		1
551.1		1
551.2		1
551.3		1
551.4		1
551.5		1
551.6		1
551.7		1
551.8		1
551.9		1
552		1
552.1		1
552.2		1
552.3		1
552.4		1
552.5		1
552.6		1
552.7		1
552.8		1
552.9		1
553		1
553.1		1
553.2		1
553.3		1
553.4		1
553.5		1
553.6		1
553.7		1
553.8		1
553.9		1
554		1
554.1		1
554.2		1
554.3		1
554.4		1
554.5		1
554.6		1
554.7		1
554.8		1
554.9		1
555		1
555.1		1
555.2		1
555.3		1
555.4		1
555.5		1
555.6		1
555.7		1
555.8		1
555.9		1
556		1
556.1		1
556.2		1
556.3		1
556.4		1
556.5		1
556.6		1
556.7		1
556.8		1
556.9		1
557		1
557.1		1
557.2		1
557.3		1
557.4		1
557.5		1
557.6		1
557.7		1
557.8		1
557.9		1
558		1
558.1		1
558.2		1
558.3		1
558.4		1
558.5		1
558.6		1
558.7		1
558.8		1
558.9		1
559		1
559.1		1
559.2		1
559.3		1
559.4		1
559.5		1
559.6		1
559.7		1
559.8		1
559.9		1
560		1
560.1		1
560.2		1
560.3		1
560.4		1
560.5		1
560.6		1
560.7		1
560.8		1
560.9		1
561		1
561.1		1
561.2		1
561.3		1
561.4		1
561.5		1
561.6		1
561.7		1
561.8		1
561.9		1
562		1
562.1		1
562.2		1
562.3		1
562.4		1
562.5		1
562.6		1
562.7		1
562.8		1
562.9		1
563		1
563.1		1
563.2		1
563.3		1
563.4		1
563.5		1
563.6		1
563.7		1
563.8		1
563.9		1
564		1
564.1		1
564.2		1
564.3		1
564.4		1
564.5		1
564.6		1
564.7		1
564.8		1
564.9		1
565		1
565.1		1
565.2		1
565.3		1
565.4		1
565.5		1
565.6		1
565.7		1
565.8		1
565.9		1
566		1
566.1		1
566.2		1
566.3		1
566.4		1
566.5		1
566.6		1
566.7		1
566.8		1
566.9		1
567		1
567.1		1
567.2		1
567.3		1
567.4		1
567.5		1
567.6		1
567.7		1
567.8		1
567.9		1
568		1
568.1		1
568.2		1
568.3		1
568.4		1
568.5		1
568.6		1
568.7		1
568.8		1
568.9		1
569		1
569.1		1
569.2		1
569.3		1
569.4		1
569.5		1
569.6		1
569.7		1
569.8		1
569.9		1
570		1
570.1		1
570.2		1
570.3		1
570.4		1
570.5		1
570.6		1
570.7		1
570.8		1
570.9		1
571		1
571.1		1
571.2		1
571.3		1
571.4		1
571.5		1
571.6		1
571.7		1
571.8		1
571.9		1
572		1
572.1		1
572.2		1
572.3		1
572.4		1
572.5		1
572.6		1
572.7		1
572.8		1
572.9		1
573		1
573.1		1
573.2		1
573.3		1
573.4		1
573.5		1
573.6		1
573.7		1
573.8		1
573.9		1
574		1
574.1		1
574.2		1
574.3		1
574.4		1
574.5		1
574.6		1
574.7		1
574.8		1
574.9		1
575		1
575.1		1
575.2		1
575.3		1
575.4		1
575.5		1
575.6		1
575.7		1
575.8		1
575.9		1
576		1
576.1		1
576.2		1
576.3		1
576.4		1
576.5		1
576.6		1
576.7		1
576.8		1
576.9		1
577		1
577.1		1
577.2		1
577.3		1
577.4		1
577.5		1
577.6		1
577.7		1
577.8		1
577.9		1
578		1
578.1		1
578.2		1
578.3		1
578.4		1
578.5		1
578.6		1
578.7		1
578.8		1
578.9		1
579		1
579.1		1
579.2		1
579.3		1
579.4		1
579.5		1
579.6		1
579.7		1
579.8		1
579.9		1
580		1
580.1		1
580.2		1
580.3		1
580.4		1
580.5		1
580.6		1
580.7		1
580.8		1
580.9		1
581		1
581.1		1
581.2		1
581.3		1
581.4		1
581.5		1
581.6		1
581.7		1
581.8		1
581.9		1
582		1
582.1		1
582.2		1
582.3		1
582.4		1
582.5		1
582.6		1
582.7		1
582.8		1
582.9		1
583		1
583.1		1
583.2		1
583.3		1
583.4		1
583.5		1
583.6		1
583.7		1
583.8		1
583.9		1
584		1
584.1		1
584.2		1
584.3		1
584.4		1
584.5		1
584.6		1
584.7		1
584.8		1
584.9		1
585		1
585.1		1
585.2		1
585.3		1
585.4		1
585.5		1
585.6		1
585.7		1
585.8		1
585.9		1
586		1
586.1		1
586.2		1
586.3		1
586.4		1
586.5		1
586.6		1
586.7		1
586.8		1
586.9		1
587		1
587.1		1
587.2		1
587.3		1
587.4		1
587.5		1
587.6		1
587.7		1
587.8		1
587.9		1
588		1
588.1		1
588.2		1
588.3		1
588.4		1
588.5		1
588.6		1
588.7		1
588.8		1
588.9		1
589		1
589.1		1
589.2		1
589.3		1
589.4		1
589.5		1
589.6		1
589.7		1
589.8		1
589.9		1
590		1
590.1		1
590.2		1
590.3		1
590.4		1
590.5		1
590.6		1
590.7		1
590.8		1
590.9		1
591		1
591.1		1
591.2		1
591.3		1
591.4		1
591.5		1
591.6		1
591.7		1
591.8		1
591.9		1
592		1
592.1		1
592.2		1
592.3		1
592.4		1
592.5		1
592.6		1
592.7		1
592.8		1
592.9		1
593		1
593.1		1
593.2		1
593.3		1
593.4		1
593.5		1
593.6		1
593.7		1
593.8		1
593.9		1
594		1
594.1		1
594.2		1
594.3		1
594.4		1
594.5		1
594.6		1
594.7		1
594.8		1
594.9		1
595		1
595.1		1
595.2		1
595.3		1
595.4		1
595.5		1
595.6		1
595.7		1
595.8		1
595.9		1
596		1
596.1		1
596.2		1
596.3		1
596.4		1
596.5		1
596.6		1
596.7		1
596.8		1
596.9		1
597		1
597.1		1
597.2		1
597.3		1
597.4		1
597.5		1
597.6		1
597.7		1
597.8		1
597.9		1
598		1
598.1		1
598.2		1
598.3		1
598.4		1
598.5		1
598.6		1
598.7		1
598.8		1
598.9		1
599		1
599.1		1
599.2		1
599.3		1
599.4		1
599.5		1
599.6		1
599.7		1
599.8		1
599.9		1
600		1
