# Calibration file of tamex_id 1 @ channel 21
# fine_T bin		 Calibration value
0.1		0
0.2		0
0.3		0
0.4		0
0.5		0
0.6		0
0.7		0
0.8		0
0.9		0
1		0
1.1		0
1.2		0
1.3		0
1.4		0
1.5		0
1.6		0
1.7		0
1.8		0
1.9		0
2		0
2.1		0
2.2		0
2.3		0
2.4		0
2.5		0
2.6		0
2.7		0
2.8		0
2.9		0
3		0
3.1		0
3.2		0
3.3		0
3.4		0
3.5		0
3.6		0
3.7		0
3.8		0
3.9		0
4		0
4.1		0
4.2		0
4.3		0
4.4		0
4.5		0
4.6		0
4.7		0
4.8		0
4.9		0
5		0
5.1		0
5.2		0
5.3		0
5.4		0
5.5		0
5.6		0
5.7		0
5.8		0
5.9		0
6		0
6.1		0
6.2		0
6.3		0
6.4		0
6.5		0
6.6		0
6.7		0
6.8		0
6.9		0
7		0
7.1		0
7.2		0
7.3		0
7.4		0
7.5		0
7.6		0
7.7		0
7.8		0
7.9		0
8		0
8.1		0
8.2		0
8.3		0
8.4		0
8.5		0
8.6		0
8.7		0
8.8		0
8.9		0
9		0
9.1		0
9.2		0
9.3		0
9.4		0
9.5		0
9.6		0
9.7		0
9.8		0
9.9		0
10		0
10.1		0
10.2		0
10.3		0
10.4		0
10.5		0
10.6		0
10.7		0
10.8		0
10.9		0
11		0
11.1		0
11.2		0
11.3		0
11.4		0
11.5		0
11.6		0
11.7		0
11.8		0
11.9		0
12		0
12.1		0
12.2		0
12.3		0
12.4		0
12.5		0
12.6		0
12.7		0
12.8		0
12.9		0
13		0
13.1		0
13.2		0
13.3		0
13.4		0
13.5		0
13.6		0
13.7		0
13.8		0
13.9		0
14		0
14.1		0
14.2		0
14.3		0
14.4		0
14.5		0
14.6		0
14.7		0
14.8		0
14.9		0
15		0
15.1		0
15.2		0
15.3		0
15.4		0
15.5		0
15.6		0
15.7		0
15.8		0
15.9		0
16		0
16.1		0.00572978
16.2		0.00572978
16.3		0.00572978
16.4		0.00572978
16.5		0.00572978
16.6		0.00572978
16.7		0.00572978
16.8		0.00572978
16.9		0.00572978
17		0.00572978
17.1		0.00966966
17.2		0.00966966
17.3		0.00966966
17.4		0.00966966
17.5		0.00966966
17.6		0.00966966
17.7		0.00966966
17.8		0.00966966
17.9		0.00966966
18		0.00966966
18.1		0.0113219
18.2		0.0113219
18.3		0.0113219
18.4		0.0113219
18.5		0.0113219
18.6		0.0113219
18.7		0.0113219
18.8		0.0113219
18.9		0.0113219
19		0.0113219
19.1		0.0114807
19.2		0.0114807
19.3		0.0114807
19.4		0.0114807
19.5		0.0114807
19.6		0.0114807
19.7		0.0114807
19.8		0.0114807
19.9		0.0114807
20		0.0114807
20.1		0.0181531
20.2		0.0181531
20.3		0.0181531
20.4		0.0181531
20.5		0.0181531
20.6		0.0181531
20.7		0.0181531
20.8		0.0181531
20.9		0.0181531
21		0.0181531
21.1		0.0190004
21.2		0.0190004
21.3		0.0190004
21.4		0.0190004
21.5		0.0190004
21.6		0.0190004
21.7		0.0190004
21.8		0.0190004
21.9		0.0190004
22		0.0190004
22.1		0.0192122
22.2		0.0192122
22.3		0.0192122
22.4		0.0192122
22.5		0.0192122
22.6		0.0192122
22.7		0.0192122
22.8		0.0192122
22.9		0.0192122
23		0.0192122
23.1		0.0203031
23.2		0.0203031
23.3		0.0203031
23.4		0.0203031
23.5		0.0203031
23.6		0.0203031
23.7		0.0203031
23.8		0.0203031
23.9		0.0203031
24		0.0203031
24.1		0.0247726
24.2		0.0247726
24.3		0.0247726
24.4		0.0247726
24.5		0.0247726
24.6		0.0247726
24.7		0.0247726
24.8		0.0247726
24.9		0.0247726
25		0.0247726
25.1		0.0278863
25.2		0.0278863
25.3		0.0278863
25.4		0.0278863
25.5		0.0278863
25.6		0.0278863
25.7		0.0278863
25.8		0.0278863
25.9		0.0278863
26		0.0278863
26.1		0.0296656
26.2		0.0296656
26.3		0.0296656
26.4		0.0296656
26.5		0.0296656
26.6		0.0296656
26.7		0.0296656
26.8		0.0296656
26.9		0.0296656
27		0.0296656
27.1		0.0309578
27.2		0.0309578
27.3		0.0309578
27.4		0.0309578
27.5		0.0309578
27.6		0.0309578
27.7		0.0309578
27.8		0.0309578
27.9		0.0309578
28		0.0309578
28.1		0.0356602
28.2		0.0356602
28.3		0.0356602
28.4		0.0356602
28.5		0.0356602
28.6		0.0356602
28.7		0.0356602
28.8		0.0356602
28.9		0.0356602
29		0.0356602
29.1		0.0366452
29.2		0.0366452
29.3		0.0366452
29.4		0.0366452
29.5		0.0366452
29.6		0.0366452
29.7		0.0366452
29.8		0.0366452
29.9		0.0366452
30		0.0366452
30.1		0.037609
30.2		0.037609
30.3		0.037609
30.4		0.037609
30.5		0.037609
30.6		0.037609
30.7		0.037609
30.8		0.037609
30.9		0.037609
31		0.037609
31.1		0.0379796
31.2		0.0379796
31.3		0.0379796
31.4		0.0379796
31.5		0.0379796
31.6		0.0379796
31.7		0.0379796
31.8		0.0379796
31.9		0.0379796
32		0.0379796
32.1		0.0416018
32.2		0.0416018
32.3		0.0416018
32.4		0.0416018
32.5		0.0416018
32.6		0.0416018
32.7		0.0416018
32.8		0.0416018
32.9		0.0416018
33		0.0416018
33.1		0.0438259
33.2		0.0438259
33.3		0.0438259
33.4		0.0438259
33.5		0.0438259
33.6		0.0438259
33.7		0.0438259
33.8		0.0438259
33.9		0.0438259
34		0.0438259
34.1		0.0439424
34.2		0.0439424
34.3		0.0439424
34.4		0.0439424
34.5		0.0439424
34.6		0.0439424
34.7		0.0439424
34.8		0.0439424
34.9		0.0439424
35		0.0439424
35.1		0.0469397
35.2		0.0469397
35.3		0.0469397
35.4		0.0469397
35.5		0.0469397
35.6		0.0469397
35.7		0.0469397
35.8		0.0469397
35.9		0.0469397
36		0.0469397
36.1		0.0491109
36.2		0.0491109
36.3		0.0491109
36.4		0.0491109
36.5		0.0491109
36.6		0.0491109
36.7		0.0491109
36.8		0.0491109
36.9		0.0491109
37		0.0491109
37.1		0.0503818
37.2		0.0503818
37.3		0.0503818
37.4		0.0503818
37.5		0.0503818
37.6		0.0503818
37.7		0.0503818
37.8		0.0503818
37.9		0.0503818
38		0.0503818
38.1		0.0510279
38.2		0.0510279
38.3		0.0510279
38.4		0.0510279
38.5		0.0510279
38.6		0.0510279
38.7		0.0510279
38.8		0.0510279
38.9		0.0510279
39		0.0510279
39.1		0.0559845
39.2		0.0559845
39.3		0.0559845
39.4		0.0559845
39.5		0.0559845
39.6		0.0559845
39.7		0.0559845
39.8		0.0559845
39.9		0.0559845
40		0.0559845
40.1		0.0567259
40.2		0.0567259
40.3		0.0567259
40.4		0.0567259
40.5		0.0567259
40.6		0.0567259
40.7		0.0567259
40.8		0.0567259
40.9		0.0567259
41		0.0567259
41.1		0.0580498
41.2		0.0580498
41.3		0.0580498
41.4		0.0580498
41.5		0.0580498
41.6		0.0580498
41.7		0.0580498
41.8		0.0580498
41.9		0.0580498
42		0.0580498
42.1		0.0600727
42.2		0.0600727
42.3		0.0600727
42.4		0.0600727
42.5		0.0600727
42.6		0.0600727
42.7		0.0600727
42.8		0.0600727
42.9		0.0600727
43		0.0600727
43.1		0.0615236
43.2		0.0615236
43.3		0.0615236
43.4		0.0615236
43.5		0.0615236
43.6		0.0615236
43.7		0.0615236
43.8		0.0615236
43.9		0.0615236
44		0.0615236
44.1		0.06558
44.2		0.06558
44.3		0.06558
44.4		0.06558
44.5		0.06558
44.6		0.06558
44.7		0.06558
44.8		0.06558
44.9		0.06558
45		0.06558
45.1		0.0689586
45.2		0.0689586
45.3		0.0689586
45.4		0.0689586
45.5		0.0689586
45.6		0.0689586
45.7		0.0689586
45.8		0.0689586
45.9		0.0689586
46		0.0689586
46.1		0.0702401
46.2		0.0702401
46.3		0.0702401
46.4		0.0702401
46.5		0.0702401
46.6		0.0702401
46.7		0.0702401
46.8		0.0702401
46.9		0.0702401
47		0.0702401
47.1		0.072729
47.2		0.072729
47.3		0.072729
47.4		0.072729
47.5		0.072729
47.6		0.072729
47.7		0.072729
47.8		0.072729
47.9		0.072729
48		0.072729
48.1		0.0734386
48.2		0.0734386
48.3		0.0734386
48.4		0.0734386
48.5		0.0734386
48.6		0.0734386
48.7		0.0734386
48.8		0.0734386
48.9		0.0734386
49		0.0734386
49.1		0.0768913
49.2		0.0768913
49.3		0.0768913
49.4		0.0768913
49.5		0.0768913
49.6		0.0768913
49.7		0.0768913
49.8		0.0768913
49.9		0.0768913
50		0.0768913
50.1		0.0794332
50.2		0.0794332
50.3		0.0794332
50.4		0.0794332
50.5		0.0794332
50.6		0.0794332
50.7		0.0794332
50.8		0.0794332
50.9		0.0794332
51		0.0794332
51.1		0.0795285
51.2		0.0795285
51.3		0.0795285
51.4		0.0795285
51.5		0.0795285
51.6		0.0795285
51.7		0.0795285
51.8		0.0795285
51.9		0.0795285
52		0.0795285
52.1		0.0816573
52.2		0.0816573
52.3		0.0816573
52.4		0.0816573
52.5		0.0816573
52.6		0.0816573
52.7		0.0816573
52.8		0.0816573
52.9		0.0816573
53		0.0816573
53.1		0.0839132
53.2		0.0839132
53.3		0.0839132
53.4		0.0839132
53.5		0.0839132
53.6		0.0839132
53.7		0.0839132
53.8		0.0839132
53.9		0.0839132
54		0.0839132
54.1		0.0855442
54.2		0.0855442
54.3		0.0855442
54.4		0.0855442
54.5		0.0855442
54.6		0.0855442
54.7		0.0855442
54.8		0.0855442
54.9		0.0855442
55		0.0855442
55.1		0.0882979
55.2		0.0882979
55.3		0.0882979
55.4		0.0882979
55.5		0.0882979
55.6		0.0882979
55.7		0.0882979
55.8		0.0882979
55.9		0.0882979
56		0.0882979
56.1		0.0906068
56.2		0.0906068
56.3		0.0906068
56.4		0.0906068
56.5		0.0906068
56.6		0.0906068
56.7		0.0906068
56.8		0.0906068
56.9		0.0906068
57		0.0906068
57.1		0.0908927
57.2		0.0908927
57.3		0.0908927
57.4		0.0908927
57.5		0.0908927
57.6		0.0908927
57.7		0.0908927
57.8		0.0908927
57.9		0.0908927
58		0.0908927
58.1		0.0940489
58.2		0.0940489
58.3		0.0940489
58.4		0.0940489
58.5		0.0940489
58.6		0.0940489
58.7		0.0940489
58.8		0.0940489
58.9		0.0940489
59		0.0940489
59.1		0.0966966
59.2		0.0966966
59.3		0.0966966
59.4		0.0966966
59.5		0.0966966
59.6		0.0966966
59.7		0.0966966
59.8		0.0966966
59.9		0.0966966
60		0.0966966
60.1		0.0971309
60.2		0.0971309
60.3		0.0971309
60.4		0.0971309
60.5		0.0971309
60.6		0.0971309
60.7		0.0971309
60.8		0.0971309
60.9		0.0971309
61		0.0971309
61.1		0.0993338
61.2		0.0993338
61.3		0.0993338
61.4		0.0993338
61.5		0.0993338
61.6		0.0993338
61.7		0.0993338
61.8		0.0993338
61.9		0.0993338
62		0.0993338
62.1		0.100721
62.2		0.100721
62.3		0.100721
62.4		0.100721
62.5		0.100721
62.6		0.100721
62.7		0.100721
62.8		0.100721
62.9		0.100721
63		0.100721
63.1		0.103401
63.2		0.103401
63.3		0.103401
63.4		0.103401
63.5		0.103401
63.6		0.103401
63.7		0.103401
63.8		0.103401
63.9		0.103401
64		0.103401
64.1		0.103761
64.2		0.103761
64.3		0.103761
64.4		0.103761
64.5		0.103761
64.6		0.103761
64.7		0.103761
64.8		0.103761
64.9		0.103761
65		0.103761
65.1		0.107341
65.2		0.107341
65.3		0.107341
65.4		0.107341
65.5		0.107341
65.6		0.107341
65.7		0.107341
65.8		0.107341
65.9		0.107341
66		0.107341
66.1		0.109501
66.2		0.109501
66.3		0.109501
66.4		0.109501
66.5		0.109501
66.6		0.109501
66.7		0.109501
66.8		0.109501
66.9		0.109501
67		0.109501
67.1		0.110889
67.2		0.110889
67.3		0.110889
67.4		0.110889
67.5		0.110889
67.6		0.110889
67.7		0.110889
67.8		0.110889
67.9		0.110889
68		0.110889
68.1		0.113844
68.2		0.113844
68.3		0.113844
68.4		0.113844
68.5		0.113844
68.6		0.113844
68.7		0.113844
68.8		0.113844
68.9		0.113844
69		0.113844
69.1		0.114087
69.2		0.114087
69.3		0.114087
69.4		0.114087
69.5		0.114087
69.6		0.114087
69.7		0.114087
69.8		0.114087
69.9		0.114087
70		0.114087
70.1		0.117349
70.2		0.117349
70.3		0.117349
70.4		0.117349
70.5		0.117349
70.6		0.117349
70.7		0.117349
70.8		0.117349
70.9		0.117349
71		0.117349
71.1		0.120781
71.2		0.120781
71.3		0.120781
71.4		0.120781
71.5		0.120781
71.6		0.120781
71.7		0.120781
71.8		0.120781
71.9		0.120781
72		0.120781
72.1		0.121967
72.2		0.121967
72.3		0.121967
72.4		0.121967
72.5		0.121967
72.6		0.121967
72.7		0.121967
72.8		0.121967
72.9		0.121967
73		0.121967
73.1		0.125081
73.2		0.125081
73.3		0.125081
73.4		0.125081
73.5		0.125081
73.6		0.125081
73.7		0.125081
73.8		0.125081
73.9		0.125081
74		0.125081
74.1		0.12561
74.2		0.12561
74.3		0.12561
74.4		0.12561
74.5		0.12561
74.6		0.12561
74.7		0.12561
74.8		0.12561
74.9		0.12561
75		0.12561
75.1		0.128597
75.2		0.128597
75.3		0.128597
75.4		0.128597
75.5		0.128597
75.6		0.128597
75.7		0.128597
75.8		0.128597
75.9		0.128597
76		0.128597
76.1		0.131446
76.2		0.131446
76.3		0.131446
76.4		0.131446
76.5		0.131446
76.6		0.131446
76.7		0.131446
76.8		0.131446
76.9		0.131446
77		0.131446
77.1		0.133469
77.2		0.133469
77.3		0.133469
77.4		0.133469
77.5		0.133469
77.6		0.133469
77.7		0.133469
77.8		0.133469
77.9		0.133469
78		0.133469
78.1		0.135312
78.2		0.135312
78.3		0.135312
78.4		0.135312
78.5		0.135312
78.6		0.135312
78.7		0.135312
78.8		0.135312
78.9		0.135312
79		0.135312
79.1		0.135587
79.2		0.135587
79.3		0.135587
79.4		0.135587
79.5		0.135587
79.6		0.135587
79.7		0.135587
79.8		0.135587
79.9		0.135587
80		0.135587
80.1		0.140395
80.2		0.140395
80.3		0.140395
80.4		0.140395
80.5		0.140395
80.6		0.140395
80.7		0.140395
80.8		0.140395
80.9		0.140395
81		0.140395
81.1		0.140883
81.2		0.140883
81.3		0.140883
81.4		0.140883
81.5		0.140883
81.6		0.140883
81.7		0.140883
81.8		0.140883
81.9		0.140883
82		0.140883
82.1		0.141878
82.2		0.141878
82.3		0.141878
82.4		0.141878
82.5		0.141878
82.6		0.141878
82.7		0.141878
82.8		0.141878
82.9		0.141878
83		0.141878
83.1		0.14477
83.2		0.14477
83.3		0.14477
83.4		0.14477
83.5		0.14477
83.6		0.14477
83.7		0.14477
83.8		0.14477
83.9		0.14477
84		0.14477
84.1		0.148487
84.2		0.148487
84.3		0.148487
84.4		0.148487
84.5		0.148487
84.6		0.148487
84.7		0.148487
84.8		0.148487
84.9		0.148487
85		0.148487
85.1		0.148657
85.2		0.148657
85.3		0.148657
85.4		0.148657
85.5		0.148657
85.6		0.148657
85.7		0.148657
85.8		0.148657
85.9		0.148657
86		0.148657
86.1		0.150828
86.2		0.150828
86.3		0.150828
86.4		0.150828
86.5		0.150828
86.6		0.150828
86.7		0.150828
86.8		0.150828
86.9		0.150828
87		0.150828
87.1		0.150965
87.2		0.150965
87.3		0.150965
87.4		0.150965
87.5		0.150965
87.6		0.150965
87.7		0.150965
87.8		0.150965
87.9		0.150965
88		0.150965
88.1		0.15589
88.2		0.15589
88.3		0.15589
88.4		0.15589
88.5		0.15589
88.6		0.15589
88.7		0.15589
88.8		0.15589
88.9		0.15589
89		0.15589
89.1		0.158167
89.2		0.158167
89.3		0.158167
89.4		0.158167
89.5		0.158167
89.6		0.158167
89.7		0.158167
89.8		0.158167
89.9		0.158167
90		0.158167
90.1		0.158538
90.2		0.158538
90.3		0.158538
90.4		0.158538
90.5		0.158538
90.6		0.158538
90.7		0.158538
90.8		0.158538
90.9		0.158538
91		0.158538
91.1		0.158686
91.2		0.158686
91.3		0.158686
91.4		0.158686
91.5		0.158686
91.6		0.158686
91.7		0.158686
91.8		0.158686
91.9		0.158686
92		0.158686
92.1		0.164924
92.2		0.164924
92.3		0.164924
92.4		0.164924
92.5		0.164924
92.6		0.164924
92.7		0.164924
92.8		0.164924
92.9		0.164924
93		0.164924
93.1		0.165613
93.2		0.165613
93.3		0.165613
93.4		0.165613
93.5		0.165613
93.6		0.165613
93.7		0.165613
93.8		0.165613
93.9		0.165613
94		0.165613
94.1		0.167911
94.2		0.167911
94.3		0.167911
94.4		0.167911
94.5		0.167911
94.6		0.167911
94.7		0.167911
94.8		0.167911
94.9		0.167911
95		0.167911
95.1		0.168292
95.2		0.168292
95.3		0.168292
95.4		0.168292
95.5		0.168292
95.6		0.168292
95.7		0.168292
95.8		0.168292
95.9		0.168292
96		0.168292
96.1		0.17237
96.2		0.17237
96.3		0.17237
96.4		0.17237
96.5		0.17237
96.6		0.17237
96.7		0.17237
96.8		0.17237
96.9		0.17237
97		0.17237
97.1		0.176087
97.2		0.176087
97.3		0.176087
97.4		0.176087
97.5		0.176087
97.6		0.176087
97.7		0.176087
97.8		0.176087
97.9		0.176087
98		0.176087
98.1		0.176384
98.2		0.176384
98.3		0.176384
98.4		0.176384
98.5		0.176384
98.6		0.176384
98.7		0.176384
98.8		0.176384
98.9		0.176384
99		0.176384
99.1		0.176935
99.2		0.176935
99.3		0.176935
99.4		0.176935
99.5		0.176935
99.6		0.176935
99.7		0.176935
99.8		0.176935
99.9		0.176935
100		0.176935
100.1		0.182071
100.2		0.182071
100.3		0.182071
100.4		0.182071
100.5		0.182071
100.6		0.182071
100.7		0.182071
100.8		0.182071
100.9		0.182071
101		0.182071
101.1		0.183342
101.2		0.183342
101.3		0.183342
101.4		0.183342
101.5		0.183342
101.6		0.183342
101.7		0.183342
101.8		0.183342
101.9		0.183342
102		0.183342
102.1		0.183491
102.2		0.183491
102.3		0.183491
102.4		0.183491
102.5		0.183491
102.6		0.183491
102.7		0.183491
102.8		0.183491
102.9		0.183491
103		0.183491
103.1		0.187049
103.2		0.187049
103.3		0.187049
103.4		0.187049
103.5		0.187049
103.6		0.187049
103.7		0.187049
103.8		0.187049
103.9		0.187049
104		0.187049
104.1		0.18993
104.2		0.18993
104.3		0.18993
104.4		0.18993
104.5		0.18993
104.6		0.18993
104.7		0.18993
104.8		0.18993
104.9		0.18993
105		0.18993
105.1		0.191233
105.2		0.191233
105.3		0.191233
105.4		0.191233
105.5		0.191233
105.6		0.191233
105.7		0.191233
105.8		0.191233
105.9		0.191233
106		0.191233
106.1		0.193414
106.2		0.193414
106.3		0.193414
106.4		0.193414
106.5		0.193414
106.6		0.193414
106.7		0.193414
106.8		0.193414
106.9		0.193414
107		0.193414
107.1		0.194685
107.2		0.194685
107.3		0.194685
107.4		0.194685
107.5		0.194685
107.6		0.194685
107.7		0.194685
107.8		0.194685
107.9		0.194685
108		0.194685
108.1		0.196613
108.2		0.196613
108.3		0.196613
108.4		0.196613
108.5		0.196613
108.6		0.196613
108.7		0.196613
108.8		0.196613
108.9		0.196613
109		0.196613
109.1		0.199769
109.2		0.199769
109.3		0.199769
109.4		0.199769
109.5		0.199769
109.6		0.199769
109.7		0.199769
109.8		0.199769
109.9		0.199769
110		0.199769
110.1		0.203074
110.2		0.203074
110.3		0.203074
110.4		0.203074
110.5		0.203074
110.6		0.203074
110.7		0.203074
110.8		0.203074
110.9		0.203074
111		0.203074
111.1		0.2039
111.2		0.2039
111.3		0.2039
111.4		0.2039
111.5		0.2039
111.6		0.2039
111.7		0.2039
111.8		0.2039
111.9		0.2039
112		0.2039
112.1		0.204514
112.2		0.204514
112.3		0.204514
112.4		0.204514
112.5		0.204514
112.6		0.204514
112.7		0.204514
112.8		0.204514
112.9		0.204514
113		0.204514
113.1		0.206759
113.2		0.206759
113.3		0.206759
113.4		0.206759
113.5		0.206759
113.6		0.206759
113.7		0.206759
113.8		0.206759
113.9		0.206759
114		0.206759
114.1		0.211493
114.2		0.211493
114.3		0.211493
114.4		0.211493
114.5		0.211493
114.6		0.211493
114.7		0.211493
114.8		0.211493
114.9		0.211493
115		0.211493
115.1		0.214046
115.2		0.214046
115.3		0.214046
115.4		0.214046
115.5		0.214046
115.6		0.214046
115.7		0.214046
115.8		0.214046
115.9		0.214046
116		0.214046
116.1		0.214395
116.2		0.214395
116.3		0.214395
116.4		0.214395
116.5		0.214395
116.6		0.214395
116.7		0.214395
116.8		0.214395
116.9		0.214395
117		0.214395
117.1		0.21555
117.2		0.21555
117.3		0.21555
117.4		0.21555
117.5		0.21555
117.6		0.21555
117.7		0.21555
117.8		0.21555
117.9		0.21555
118		0.21555
118.1		0.220729
118.2		0.220729
118.3		0.220729
118.4		0.220729
118.5		0.220729
118.6		0.220729
118.7		0.220729
118.8		0.220729
118.9		0.220729
119		0.220729
119.1		0.22182
119.2		0.22182
119.3		0.22182
119.4		0.22182
119.5		0.22182
119.6		0.22182
119.7		0.22182
119.8		0.22182
119.9		0.22182
120		0.22182
120.1		0.222053
120.2		0.222053
120.3		0.222053
120.4		0.222053
120.5		0.222053
120.6		0.222053
120.7		0.222053
120.8		0.222053
120.9		0.222053
121		0.222053
121.1		0.222678
121.2		0.222678
121.3		0.222678
121.4		0.222678
121.5		0.222678
121.6		0.222678
121.7		0.222678
121.8		0.222678
121.9		0.222678
122		0.222678
122.1		0.229371
122.2		0.229371
122.3		0.229371
122.4		0.229371
122.5		0.229371
122.6		0.229371
122.7		0.229371
122.8		0.229371
122.9		0.229371
123		0.229371
123.1		0.229572
123.2		0.229572
123.3		0.229572
123.4		0.229572
123.5		0.229572
123.6		0.229572
123.7		0.229572
123.8		0.229572
123.9		0.229572
124		0.229572
124.1		0.232135
124.2		0.232135
124.3		0.232135
124.4		0.232135
124.5		0.232135
124.6		0.232135
124.7		0.232135
124.8		0.232135
124.9		0.232135
125		0.232135
125.1		0.23276
125.2		0.23276
125.3		0.23276
125.4		0.23276
125.5		0.23276
125.6		0.23276
125.7		0.23276
125.8		0.23276
125.9		0.23276
126		0.23276
126.1		0.236478
126.2		0.236478
126.3		0.236478
126.4		0.236478
126.5		0.236478
126.6		0.236478
126.7		0.236478
126.8		0.236478
126.9		0.236478
127		0.236478
127.1		0.237738
127.2		0.237738
127.3		0.237738
127.4		0.237738
127.5		0.237738
127.6		0.237738
127.7		0.237738
127.8		0.237738
127.9		0.237738
128		0.237738
128.1		0.240672
128.2		0.240672
128.3		0.240672
128.4		0.240672
128.5		0.240672
128.6		0.240672
128.7		0.240672
128.8		0.240672
128.9		0.240672
129		0.240672
129.1		0.241985
129.2		0.241985
129.3		0.241985
129.4		0.241985
129.5		0.241985
129.6		0.241985
129.7		0.241985
129.8		0.241985
129.9		0.241985
130		0.241985
130.1		0.242314
130.2		0.242314
130.3		0.242314
130.4		0.242314
130.5		0.242314
130.6		0.242314
130.7		0.242314
130.8		0.242314
130.9		0.242314
131		0.242314
131.1		0.247874
131.2		0.247874
131.3		0.247874
131.4		0.247874
131.5		0.247874
131.6		0.247874
131.7		0.247874
131.8		0.247874
131.9		0.247874
132		0.247874
132.1		0.248149
132.2		0.248149
132.3		0.248149
132.4		0.248149
132.5		0.248149
132.6		0.248149
132.7		0.248149
132.8		0.248149
132.9		0.248149
133		0.248149
133.1		0.250765
133.2		0.250765
133.3		0.250765
133.4		0.250765
133.5		0.250765
133.6		0.250765
133.7		0.250765
133.8		0.250765
133.9		0.250765
134		0.250765
134.1		0.253201
134.2		0.253201
134.3		0.253201
134.4		0.253201
134.5		0.253201
134.6		0.253201
134.7		0.253201
134.8		0.253201
134.9		0.253201
135		0.253201
135.1		0.253858
135.2		0.253858
135.3		0.253858
135.4		0.253858
135.5		0.253858
135.6		0.253858
135.7		0.253858
135.8		0.253858
135.9		0.253858
136		0.253858
136.1		0.25892
136.2		0.25892
136.3		0.25892
136.4		0.25892
136.5		0.25892
136.6		0.25892
136.7		0.25892
136.8		0.25892
136.9		0.25892
137		0.25892
137.1		0.258994
137.2		0.258994
137.3		0.258994
137.4		0.258994
137.5		0.258994
137.6		0.258994
137.7		0.258994
137.8		0.258994
137.9		0.258994
138		0.258994
138.1		0.26053
138.2		0.26053
138.3		0.26053
138.4		0.26053
138.5		0.26053
138.6		0.26053
138.7		0.26053
138.8		0.26053
138.9		0.26053
139		0.26053
139.1		0.265677
139.2		0.265677
139.3		0.265677
139.4		0.265677
139.5		0.265677
139.6		0.265677
139.7		0.265677
139.8		0.265677
139.9		0.265677
140		0.265677
140.1		0.265932
140.2		0.265932
140.3		0.265932
140.4		0.265932
140.5		0.265932
140.6		0.265932
140.7		0.265932
140.8		0.265932
140.9		0.265932
141		0.265932
141.1		0.268855
141.2		0.268855
141.3		0.268855
141.4		0.268855
141.5		0.268855
141.6		0.268855
141.7		0.268855
141.8		0.268855
141.9		0.268855
142		0.268855
142.1		0.269628
142.2		0.269628
142.3		0.269628
142.4		0.269628
142.5		0.269628
142.6		0.269628
142.7		0.269628
142.8		0.269628
142.9		0.269628
143		0.269628
143.1		0.270772
143.2		0.270772
143.3		0.270772
143.4		0.270772
143.5		0.270772
143.6		0.270772
143.7		0.270772
143.8		0.270772
143.9		0.270772
144		0.270772
144.1		0.274563
144.2		0.274563
144.3		0.274563
144.4		0.274563
144.5		0.274563
144.6		0.274563
144.7		0.274563
144.8		0.274563
144.9		0.274563
145		0.274563
145.1		0.275993
145.2		0.275993
145.3		0.275993
145.4		0.275993
145.5		0.275993
145.6		0.275993
145.7		0.275993
145.8		0.275993
145.9		0.275993
146		0.275993
146.1		0.276131
146.2		0.276131
146.3		0.276131
146.4		0.276131
146.5		0.276131
146.6		0.276131
146.7		0.276131
146.8		0.276131
146.9		0.276131
147		0.276131
147.1		0.279351
147.2		0.279351
147.3		0.279351
147.4		0.279351
147.5		0.279351
147.6		0.279351
147.7		0.279351
147.8		0.279351
147.9		0.279351
148		0.279351
148.1		0.282602
148.2		0.282602
148.3		0.282602
148.4		0.282602
148.5		0.282602
148.6		0.282602
148.7		0.282602
148.8		0.282602
148.9		0.282602
149		0.282602
149.1		0.285366
149.2		0.285366
149.3		0.285366
149.4		0.285366
149.5		0.285366
149.6		0.285366
149.7		0.285366
149.8		0.285366
149.9		0.285366
150		0.285366
150.1		0.28704
150.2		0.28704
150.3		0.28704
150.4		0.28704
150.5		0.28704
150.6		0.28704
150.7		0.28704
150.8		0.28704
150.9		0.28704
151		0.28704
151.1		0.287919
151.2		0.287919
151.3		0.287919
151.4		0.287919
151.5		0.287919
151.6		0.287919
151.7		0.287919
151.8		0.287919
151.9		0.287919
152		0.287919
152.1		0.29116
152.2		0.29116
152.3		0.29116
152.4		0.29116
152.5		0.29116
152.6		0.29116
152.7		0.29116
152.8		0.29116
152.9		0.29116
153		0.29116
153.1		0.293193
153.2		0.293193
153.3		0.293193
153.4		0.293193
153.5		0.293193
153.6		0.293193
153.7		0.293193
153.8		0.293193
153.9		0.293193
154		0.293193
154.1		0.294242
154.2		0.294242
154.3		0.294242
154.4		0.294242
154.5		0.294242
154.6		0.294242
154.7		0.294242
154.8		0.294242
154.9		0.294242
155		0.294242
155.1		0.296762
155.2		0.296762
155.3		0.296762
155.4		0.296762
155.5		0.296762
155.6		0.296762
155.7		0.296762
155.8		0.296762
155.9		0.296762
156		0.296762
156.1		0.29995
156.2		0.29995
156.3		0.29995
156.4		0.29995
156.5		0.29995
156.6		0.29995
156.7		0.29995
156.8		0.29995
156.9		0.29995
157		0.29995
157.1		0.301264
157.2		0.301264
157.3		0.301264
157.4		0.301264
157.5		0.301264
157.6		0.301264
157.7		0.301264
157.8		0.301264
157.9		0.301264
158		0.301264
158.1		0.301761
158.2		0.301761
158.3		0.301761
158.4		0.301761
158.5		0.301761
158.6		0.301761
158.7		0.301761
158.8		0.301761
158.9		0.301761
159		0.301761
159.1		0.304197
159.2		0.304197
159.3		0.304197
159.4		0.304197
159.5		0.304197
159.6		0.304197
159.7		0.304197
159.8		0.304197
159.9		0.304197
160		0.304197
160.1		0.309461
160.2		0.309461
160.3		0.309461
160.4		0.309461
160.5		0.309461
160.6		0.309461
160.7		0.309461
160.8		0.309461
160.9		0.309461
161		0.309461
161.1		0.309768
161.2		0.309768
161.3		0.309768
161.4		0.309768
161.5		0.309768
161.6		0.309768
161.7		0.309768
161.8		0.309768
161.9		0.309768
162		0.309768
162.1		0.31159
162.2		0.31159
162.3		0.31159
162.4		0.31159
162.5		0.31159
162.6		0.31159
162.7		0.31159
162.8		0.31159
162.9		0.31159
163		0.31159
163.1		0.314312
163.2		0.314312
163.3		0.314312
163.4		0.314312
163.5		0.314312
163.6		0.314312
163.7		0.314312
163.8		0.314312
163.9		0.314312
164		0.314312
164.1		0.318262
164.2		0.318262
164.3		0.318262
164.4		0.318262
164.5		0.318262
164.6		0.318262
164.7		0.318262
164.8		0.318262
164.9		0.318262
165		0.318262
165.1		0.319099
165.2		0.319099
165.3		0.319099
165.4		0.319099
165.5		0.319099
165.6		0.319099
165.7		0.319099
165.8		0.319099
165.9		0.319099
166		0.319099
166.1		0.322192
166.2		0.322192
166.3		0.322192
166.4		0.322192
166.5		0.322192
166.6		0.322192
166.7		0.322192
166.8		0.322192
166.9		0.322192
167		0.322192
167.1		0.322552
167.2		0.322552
167.3		0.322552
167.4		0.322552
167.5		0.322552
167.6		0.322552
167.7		0.322552
167.8		0.322552
167.9		0.322552
168		0.322552
168.1		0.324808
168.2		0.324808
168.3		0.324808
168.4		0.324808
168.5		0.324808
168.6		0.324808
168.7		0.324808
168.8		0.324808
168.9		0.324808
169		0.324808
169.1		0.326491
169.2		0.326491
169.3		0.326491
169.4		0.326491
169.5		0.326491
169.6		0.326491
169.7		0.326491
169.8		0.326491
169.9		0.326491
170		0.326491
170.1		0.32807
170.2		0.32807
170.3		0.32807
170.4		0.32807
170.5		0.32807
170.6		0.32807
170.7		0.32807
170.8		0.32807
170.9		0.32807
171		0.32807
171.1		0.330209
171.2		0.330209
171.3		0.330209
171.4		0.330209
171.5		0.330209
171.6		0.330209
171.7		0.330209
171.8		0.330209
171.9		0.330209
172		0.330209
172.1		0.331967
172.2		0.331967
172.3		0.331967
172.4		0.331967
172.5		0.331967
172.6		0.331967
172.7		0.331967
172.8		0.331967
172.9		0.331967
173		0.331967
173.1		0.337305
173.2		0.337305
173.3		0.337305
173.4		0.337305
173.5		0.337305
173.6		0.337305
173.7		0.337305
173.8		0.337305
173.9		0.337305
174		0.337305
174.1		0.338724
174.2		0.338724
174.3		0.338724
174.4		0.338724
174.5		0.338724
174.6		0.338724
174.7		0.338724
174.8		0.338724
174.9		0.338724
175		0.338724
175.1		0.340461
175.2		0.340461
175.3		0.340461
175.4		0.340461
175.5		0.340461
175.6		0.340461
175.7		0.340461
175.8		0.340461
175.9		0.340461
176		0.340461
176.1		0.340821
176.2		0.340821
176.3		0.340821
176.4		0.340821
176.5		0.340821
176.6		0.340821
176.7		0.340821
176.8		0.340821
176.9		0.340821
177		0.340821
177.1		0.34277
177.2		0.34277
177.3		0.34277
177.4		0.34277
177.5		0.34277
177.6		0.34277
177.7		0.34277
177.8		0.34277
177.9		0.34277
178		0.34277
178.1		0.346223
178.2		0.346223
178.3		0.346223
178.4		0.346223
178.5		0.346223
178.6		0.346223
178.7		0.346223
178.8		0.346223
178.9		0.346223
179		0.346223
179.1		0.348013
179.2		0.348013
179.3		0.348013
179.4		0.348013
179.5		0.348013
179.6		0.348013
179.7		0.348013
179.8		0.348013
179.9		0.348013
180		0.348013
180.1		0.34975
180.2		0.34975
180.3		0.34975
180.4		0.34975
180.5		0.34975
180.6		0.34975
180.7		0.34975
180.8		0.34975
180.9		0.34975
181		0.34975
181.1		0.351095
181.2		0.351095
181.3		0.351095
181.4		0.351095
181.5		0.351095
181.6		0.351095
181.7		0.351095
181.8		0.351095
181.9		0.351095
182		0.351095
182.1		0.356316
182.2		0.356316
182.3		0.356316
182.4		0.356316
182.5		0.356316
182.6		0.356316
182.7		0.356316
182.8		0.356316
182.9		0.356316
183		0.356316
183.1		0.357068
183.2		0.357068
183.3		0.357068
183.4		0.357068
183.5		0.357068
183.6		0.357068
183.7		0.357068
183.8		0.357068
183.9		0.357068
184		0.357068
184.1		0.358191
184.2		0.358191
184.3		0.358191
184.4		0.358191
184.5		0.358191
184.6		0.358191
184.7		0.358191
184.8		0.358191
184.9		0.358191
185		0.358191
185.1		0.359091
185.2		0.359091
185.3		0.359091
185.4		0.359091
185.5		0.359091
185.6		0.359091
185.7		0.359091
185.8		0.359091
185.9		0.359091
186		0.359091
186.1		0.3641
186.2		0.3641
186.3		0.3641
186.4		0.3641
186.5		0.3641
186.6		0.3641
186.7		0.3641
186.8		0.3641
186.9		0.3641
187		0.3641
187.1		0.367002
187.2		0.367002
187.3		0.367002
187.4		0.367002
187.5		0.367002
187.6		0.367002
187.7		0.367002
187.8		0.367002
187.9		0.367002
188		0.367002
188.1		0.367363
188.2		0.367363
188.3		0.367363
188.4		0.367363
188.5		0.367363
188.6		0.367363
188.7		0.367363
188.8		0.367363
188.9		0.367363
189		0.367363
189.1		0.369449
189.2		0.369449
189.3		0.369449
189.4		0.369449
189.5		0.369449
189.6		0.369449
189.7		0.369449
189.8		0.369449
189.9		0.369449
190		0.369449
190.1		0.37054
190.2		0.37054
190.3		0.37054
190.4		0.37054
190.5		0.37054
190.6		0.37054
190.7		0.37054
190.8		0.37054
190.9		0.37054
191		0.37054
191.1		0.372647
191.2		0.372647
191.3		0.372647
191.4		0.372647
191.5		0.372647
191.6		0.372647
191.7		0.372647
191.8		0.372647
191.9		0.372647
192		0.372647
192.1		0.375147
192.2		0.375147
192.3		0.375147
192.4		0.375147
192.5		0.375147
192.6		0.375147
192.7		0.375147
192.8		0.375147
192.9		0.375147
193		0.375147
193.1		0.377488
193.2		0.377488
193.3		0.377488
193.4		0.377488
193.5		0.377488
193.6		0.377488
193.7		0.377488
193.8		0.377488
193.9		0.377488
194		0.377488
194.1		0.380591
194.2		0.380591
194.3		0.380591
194.4		0.380591
194.5		0.380591
194.6		0.380591
194.7		0.380591
194.8		0.380591
194.9		0.380591
195		0.380591
195.1		0.381904
195.2		0.381904
195.3		0.381904
195.4		0.381904
195.5		0.381904
195.6		0.381904
195.7		0.381904
195.8		0.381904
195.9		0.381904
196		0.381904
196.1		0.383281
196.2		0.383281
196.3		0.383281
196.4		0.383281
196.5		0.383281
196.6		0.383281
196.7		0.383281
196.8		0.383281
196.9		0.383281
197		0.383281
197.1		0.38452
197.2		0.38452
197.3		0.38452
197.4		0.38452
197.5		0.38452
197.6		0.38452
197.7		0.38452
197.8		0.38452
197.9		0.38452
198		0.38452
198.1		0.387486
198.2		0.387486
198.3		0.387486
198.4		0.387486
198.5		0.387486
198.6		0.387486
198.7		0.387486
198.8		0.387486
198.9		0.387486
199		0.387486
199.1		0.391764
199.2		0.391764
199.3		0.391764
199.4		0.391764
199.5		0.391764
199.6		0.391764
199.7		0.391764
199.8		0.391764
199.9		0.391764
200		0.391764
200.1		0.39509
200.2		0.39509
200.3		0.39509
200.4		0.39509
200.5		0.39509
200.6		0.39509
200.7		0.39509
200.8		0.39509
200.9		0.39509
201		0.39509
201.1		0.395715
201.2		0.395715
201.3		0.395715
201.4		0.395715
201.5		0.395715
201.6		0.395715
201.7		0.395715
201.8		0.395715
201.9		0.395715
202		0.395715
202.1		0.396191
202.2		0.396191
202.3		0.396191
202.4		0.396191
202.5		0.396191
202.6		0.396191
202.7		0.396191
202.8		0.396191
202.9		0.396191
203		0.396191
203.1		0.39688
203.2		0.39688
203.3		0.39688
203.4		0.39688
203.5		0.39688
203.6		0.39688
203.7		0.39688
203.8		0.39688
203.9		0.39688
204		0.39688
204.1		0.403912
204.2		0.403912
204.3		0.403912
204.4		0.403912
204.5		0.403912
204.6		0.403912
204.7		0.403912
204.8		0.403912
204.9		0.403912
205		0.403912
205.1		0.404738
205.2		0.404738
205.3		0.404738
205.4		0.404738
205.5		0.404738
205.6		0.404738
205.7		0.404738
205.8		0.404738
205.9		0.404738
206		0.404738
206.1		0.405353
206.2		0.405353
206.3		0.405353
206.4		0.405353
206.5		0.405353
206.6		0.405353
206.7		0.405353
206.8		0.405353
206.9		0.405353
207		0.405353
207.1		0.405543
207.2		0.405543
207.3		0.405543
207.4		0.405543
207.5		0.405543
207.6		0.405543
207.7		0.405543
207.8		0.405543
207.9		0.405543
208		0.405543
208.1		0.411739
208.2		0.411739
208.3		0.411739
208.4		0.411739
208.5		0.411739
208.6		0.411739
208.7		0.411739
208.8		0.411739
208.9		0.411739
209		0.411739
209.1		0.412788
209.2		0.412788
209.3		0.412788
209.4		0.412788
209.5		0.412788
209.6		0.412788
209.7		0.412788
209.8		0.412788
209.9		0.412788
210		0.412788
210.1		0.413857
210.2		0.413857
210.3		0.413857
210.4		0.413857
210.5		0.413857
210.6		0.413857
210.7		0.413857
210.8		0.413857
210.9		0.413857
211		0.413857
211.1		0.416399
211.2		0.416399
211.3		0.416399
211.4		0.416399
211.5		0.416399
211.6		0.416399
211.7		0.416399
211.8		0.416399
211.9		0.416399
212		0.416399
212.1		0.420148
212.2		0.420148
212.3		0.420148
212.4		0.420148
212.5		0.420148
212.6		0.420148
212.7		0.420148
212.8		0.420148
212.9		0.420148
213		0.420148
213.1		0.42036
213.2		0.42036
213.3		0.42036
213.4		0.42036
213.5		0.42036
213.6		0.42036
213.7		0.42036
213.8		0.42036
213.9		0.42036
214		0.42036
214.1		0.422489
214.2		0.422489
214.3		0.422489
214.4		0.422489
214.5		0.422489
214.6		0.422489
214.7		0.422489
214.8		0.422489
214.9		0.422489
215		0.422489
215.1		0.422775
215.2		0.422775
215.3		0.422775
215.4		0.422775
215.5		0.422775
215.6		0.422775
215.7		0.422775
215.8		0.422775
215.9		0.422775
216		0.422775
216.1		0.428759
216.2		0.428759
216.3		0.428759
216.4		0.428759
216.5		0.428759
216.6		0.428759
216.7		0.428759
216.8		0.428759
216.9		0.428759
217		0.428759
217.1		0.430845
217.2		0.430845
217.3		0.430845
217.4		0.430845
217.5		0.430845
217.6		0.430845
217.7		0.430845
217.8		0.430845
217.9		0.430845
218		0.430845
218.1		0.431661
218.2		0.431661
218.3		0.431661
218.4		0.431661
218.5		0.431661
218.6		0.431661
218.7		0.431661
218.8		0.431661
218.9		0.431661
219		0.431661
219.1		0.431958
219.2		0.431958
219.3		0.431958
219.4		0.431958
219.5		0.431958
219.6		0.431958
219.7		0.431958
219.8		0.431958
219.9		0.431958
220		0.431958
220.1		0.436967
220.2		0.436967
220.3		0.436967
220.4		0.436967
220.5		0.436967
220.6		0.436967
220.7		0.436967
220.8		0.436967
220.9		0.436967
221		0.436967
221.1		0.43809
221.2		0.43809
221.3		0.43809
221.4		0.43809
221.5		0.43809
221.6		0.43809
221.7		0.43809
221.8		0.43809
221.9		0.43809
222		0.43809
222.1		0.440928
222.2		0.440928
222.3		0.440928
222.4		0.440928
222.5		0.440928
222.6		0.440928
222.7		0.440928
222.8		0.440928
222.9		0.440928
223		0.440928
223.1		0.442591
223.2		0.442591
223.3		0.442591
223.4		0.442591
223.5		0.442591
223.6		0.442591
223.7		0.442591
223.8		0.442591
223.9		0.442591
224		0.442591
224.1		0.444921
224.2		0.444921
224.3		0.444921
224.4		0.444921
224.5		0.444921
224.6		0.444921
224.7		0.444921
224.8		0.444921
224.9		0.444921
225		0.444921
225.1		0.44526
225.2		0.44526
225.3		0.44526
225.4		0.44526
225.5		0.44526
225.6		0.44526
225.7		0.44526
225.8		0.44526
225.9		0.44526
226		0.44526
226.1		0.448808
226.2		0.448808
226.3		0.448808
226.4		0.448808
226.5		0.448808
226.6		0.448808
226.7		0.448808
226.8		0.448808
226.9		0.448808
227		0.448808
227.1		0.450428
227.2		0.450428
227.3		0.450428
227.4		0.450428
227.5		0.450428
227.6		0.450428
227.7		0.450428
227.8		0.450428
227.9		0.450428
228		0.450428
228.1		0.451074
228.2		0.451074
228.3		0.451074
228.4		0.451074
228.5		0.451074
228.6		0.451074
228.7		0.451074
228.8		0.451074
228.9		0.451074
229		0.451074
229.1		0.455205
229.2		0.455205
229.3		0.455205
229.4		0.455205
229.5		0.455205
229.6		0.455205
229.7		0.455205
229.8		0.455205
229.9		0.455205
230		0.455205
230.1		0.457302
230.2		0.457302
230.3		0.457302
230.4		0.457302
230.5		0.457302
230.6		0.457302
230.7		0.457302
230.8		0.457302
230.9		0.457302
231		0.457302
231.1		0.459198
231.2		0.459198
231.3		0.459198
231.4		0.459198
231.5		0.459198
231.6		0.459198
231.7		0.459198
231.8		0.459198
231.9		0.459198
232		0.459198
232.1		0.461125
232.2		0.461125
232.3		0.461125
232.4		0.461125
232.5		0.461125
232.6		0.461125
232.7		0.461125
232.8		0.461125
232.9		0.461125
233		0.461125
233.1		0.462386
233.2		0.462386
233.3		0.462386
233.4		0.462386
233.5		0.462386
233.6		0.462386
233.7		0.462386
233.8		0.462386
233.9		0.462386
234		0.462386
234.1		0.465457
234.2		0.465457
234.3		0.465457
234.4		0.465457
234.5		0.465457
234.6		0.465457
234.7		0.465457
234.8		0.465457
234.9		0.465457
235		0.465457
235.1		0.468084
235.2		0.468084
235.3		0.468084
235.4		0.468084
235.5		0.468084
235.6		0.468084
235.7		0.468084
235.8		0.468084
235.9		0.468084
236		0.468084
236.1		0.470107
236.2		0.470107
236.3		0.470107
236.4		0.470107
236.5		0.470107
236.6		0.470107
236.7		0.470107
236.8		0.470107
236.9		0.470107
237		0.470107
237.1		0.472045
237.2		0.472045
237.3		0.472045
237.4		0.472045
237.5		0.472045
237.6		0.472045
237.7		0.472045
237.8		0.472045
237.9		0.472045
238		0.472045
238.1		0.476419
238.2		0.476419
238.3		0.476419
238.4		0.476419
238.5		0.476419
238.6		0.476419
238.7		0.476419
238.8		0.476419
238.9		0.476419
239		0.476419
239.1		0.478135
239.2		0.478135
239.3		0.478135
239.4		0.478135
239.5		0.478135
239.6		0.478135
239.7		0.478135
239.8		0.478135
239.9		0.478135
240		0.478135
240.1		0.47895
240.2		0.47895
240.3		0.47895
240.4		0.47895
240.5		0.47895
240.6		0.47895
240.7		0.47895
240.8		0.47895
240.9		0.47895
241		0.47895
241.1		0.480761
241.2		0.480761
241.3		0.480761
241.4		0.480761
241.5		0.480761
241.6		0.480761
241.7		0.480761
241.8		0.480761
241.9		0.480761
242		0.480761
242.1		0.485008
242.2		0.485008
242.3		0.485008
242.4		0.485008
242.5		0.485008
242.6		0.485008
242.7		0.485008
242.8		0.485008
242.9		0.485008
243		0.485008
243.1		0.486406
243.2		0.486406
243.3		0.486406
243.4		0.486406
243.5		0.486406
243.6		0.486406
243.7		0.486406
243.8		0.486406
243.9		0.486406
244		0.486406
244.1		0.488895
244.2		0.488895
244.3		0.488895
244.4		0.488895
244.5		0.488895
244.6		0.488895
244.7		0.488895
244.8		0.488895
244.9		0.488895
245		0.488895
245.1		0.49005
245.2		0.49005
245.3		0.49005
245.4		0.49005
245.5		0.49005
245.6		0.49005
245.7		0.49005
245.8		0.49005
245.9		0.49005
246		0.49005
246.1		0.493915
246.2		0.493915
246.3		0.493915
246.4		0.493915
246.5		0.493915
246.6		0.493915
246.7		0.493915
246.8		0.493915
246.9		0.493915
247		0.493915
247.1		0.494593
247.2		0.494593
247.3		0.494593
247.4		0.494593
247.5		0.494593
247.6		0.494593
247.7		0.494593
247.8		0.494593
247.9		0.494593
248		0.494593
248.1		0.495059
248.2		0.495059
248.3		0.495059
248.4		0.495059
248.5		0.495059
248.6		0.495059
248.7		0.495059
248.8		0.495059
248.9		0.495059
249		0.495059
249.1		0.496913
249.2		0.496913
249.3		0.496913
249.4		0.496913
249.5		0.496913
249.6		0.496913
249.7		0.496913
249.8		0.496913
249.9		0.496913
250		0.496913
250.1		0.501435
250.2		0.501435
250.3		0.501435
250.4		0.501435
250.5		0.501435
250.6		0.501435
250.7		0.501435
250.8		0.501435
250.9		0.501435
251		0.501435
251.1		0.504019
251.2		0.504019
251.3		0.504019
251.4		0.504019
251.5		0.504019
251.6		0.504019
251.7		0.504019
251.8		0.504019
251.9		0.504019
252		0.504019
252.1		0.505428
252.2		0.505428
252.3		0.505428
252.4		0.505428
252.5		0.505428
252.6		0.505428
252.7		0.505428
252.8		0.505428
252.9		0.505428
253		0.505428
253.1		0.506392
253.2		0.506392
253.3		0.506392
253.4		0.506392
253.5		0.506392
253.6		0.506392
253.7		0.506392
253.8		0.506392
253.9		0.506392
254		0.506392
254.1		0.510501
254.2		0.510501
254.3		0.510501
254.4		0.510501
254.5		0.510501
254.6		0.510501
254.7		0.510501
254.8		0.510501
254.9		0.510501
255		0.510501
255.1		0.511846
255.2		0.511846
255.3		0.511846
255.4		0.511846
255.5		0.511846
255.6		0.511846
255.7		0.511846
255.8		0.511846
255.9		0.511846
256		0.511846
256.1		0.513551
256.2		0.513551
256.3		0.513551
256.4		0.513551
256.5		0.513551
256.6		0.513551
256.7		0.513551
256.8		0.513551
256.9		0.513551
257		0.513551
257.1		0.516771
257.2		0.516771
257.3		0.516771
257.4		0.516771
257.5		0.516771
257.6		0.516771
257.7		0.516771
257.8		0.516771
257.9		0.516771
258		0.516771
258.1		0.517417
258.2		0.517417
258.3		0.517417
258.4		0.517417
258.5		0.517417
258.6		0.517417
258.7		0.517417
258.8		0.517417
258.9		0.517417
259		0.517417
259.1		0.518381
259.2		0.518381
259.3		0.518381
259.4		0.518381
259.5		0.518381
259.6		0.518381
259.7		0.518381
259.8		0.518381
259.9		0.518381
260		0.518381
260.1		0.52285
260.2		0.52285
260.3		0.52285
260.4		0.52285
260.5		0.52285
260.6		0.52285
260.7		0.52285
260.8		0.52285
260.9		0.52285
261		0.52285
261.1		0.524651
261.2		0.524651
261.3		0.524651
261.4		0.524651
261.5		0.524651
261.6		0.524651
261.7		0.524651
261.8		0.524651
261.9		0.524651
262		0.524651
262.1		0.525773
262.2		0.525773
262.3		0.525773
262.4		0.525773
262.5		0.525773
262.6		0.525773
262.7		0.525773
262.8		0.525773
262.9		0.525773
263		0.525773
263.1		0.528389
263.2		0.528389
263.3		0.528389
263.4		0.528389
263.5		0.528389
263.6		0.528389
263.7		0.528389
263.8		0.528389
263.9		0.528389
264		0.528389
264.1		0.53288
264.2		0.53288
264.3		0.53288
264.4		0.53288
264.5		0.53288
264.6		0.53288
264.7		0.53288
264.8		0.53288
264.9		0.53288
265		0.53288
265.1		0.534034
265.2		0.534034
265.3		0.534034
265.4		0.534034
265.5		0.534034
265.6		0.534034
265.7		0.534034
265.8		0.534034
265.9		0.534034
266		0.534034
266.1		0.534522
266.2		0.534522
266.3		0.534522
266.4		0.534522
266.5		0.534522
266.6		0.534522
266.7		0.534522
266.8		0.534522
266.9		0.534522
267		0.534522
267.1		0.538758
267.2		0.538758
267.3		0.538758
267.4		0.538758
267.5		0.538758
267.6		0.538758
267.7		0.538758
267.8		0.538758
267.9		0.538758
268		0.538758
268.1		0.5404
268.2		0.5404
268.3		0.5404
268.4		0.5404
268.5		0.5404
268.6		0.5404
268.7		0.5404
268.8		0.5404
268.9		0.5404
269		0.5404
269.1		0.541374
269.2		0.541374
269.3		0.541374
269.4		0.541374
269.5		0.541374
269.6		0.541374
269.7		0.541374
269.8		0.541374
269.9		0.541374
270		0.541374
270.1		0.545759
270.2		0.545759
270.3		0.545759
270.4		0.545759
270.5		0.545759
270.6		0.545759
270.7		0.545759
270.8		0.545759
270.9		0.545759
271		0.545759
271.1		0.546002
271.2		0.546002
271.3		0.546002
271.4		0.546002
271.5		0.546002
271.6		0.546002
271.7		0.546002
271.8		0.546002
271.9		0.546002
272		0.546002
272.1		0.548332
272.2		0.548332
272.3		0.548332
272.4		0.548332
272.5		0.548332
272.6		0.548332
272.7		0.548332
272.8		0.548332
272.9		0.548332
273		0.548332
273.1		0.548565
273.2		0.548565
273.3		0.548565
273.4		0.548565
273.5		0.548565
273.6		0.548565
273.7		0.548565
273.8		0.548565
273.9		0.548565
274		0.548565
274.1		0.551107
274.2		0.551107
274.3		0.551107
274.4		0.551107
274.5		0.551107
274.6		0.551107
274.7		0.551107
274.8		0.551107
274.9		0.551107
275		0.551107
275.1		0.552092
275.2		0.552092
275.3		0.552092
275.4		0.552092
275.5		0.552092
275.6		0.552092
275.7		0.552092
275.8		0.552092
275.9		0.552092
276		0.552092
276.1		0.556996
276.2		0.556996
276.3		0.556996
276.4		0.556996
276.5		0.556996
276.6		0.556996
276.7		0.556996
276.8		0.556996
276.9		0.556996
277		0.556996
277.1		0.558627
277.2		0.558627
277.3		0.558627
277.4		0.558627
277.5		0.558627
277.6		0.558627
277.7		0.558627
277.8		0.558627
277.9		0.558627
278		0.558627
278.1		0.559548
278.2		0.559548
278.3		0.559548
278.4		0.559548
278.5		0.559548
278.6		0.559548
278.7		0.559548
278.8		0.559548
278.9		0.559548
279		0.559548
279.1		0.561635
279.2		0.561635
279.3		0.561635
279.4		0.561635
279.5		0.561635
279.6		0.561635
279.7		0.561635
279.8		0.561635
279.9		0.561635
280		0.561635
280.1		0.562588
280.2		0.562588
280.3		0.562588
280.4		0.562588
280.5		0.562588
280.6		0.562588
280.7		0.562588
280.8		0.562588
280.9		0.562588
281		0.562588
281.1		0.564727
281.2		0.564727
281.3		0.564727
281.4		0.564727
281.5		0.564727
281.6		0.564727
281.7		0.564727
281.8		0.564727
281.9		0.564727
282		0.564727
282.1		0.567682
282.2		0.567682
282.3		0.567682
282.4		0.567682
282.5		0.567682
282.6		0.567682
282.7		0.567682
282.8		0.567682
282.9		0.567682
283		0.567682
283.1		0.56979
283.2		0.56979
283.3		0.56979
283.4		0.56979
283.5		0.56979
283.6		0.56979
283.7		0.56979
283.8		0.56979
283.9		0.56979
284		0.56979
284.1		0.573952
284.2		0.573952
284.3		0.573952
284.4		0.573952
284.5		0.573952
284.6		0.573952
284.7		0.573952
284.8		0.573952
284.9		0.573952
285		0.573952
285.1		0.574143
285.2		0.574143
285.3		0.574143
285.4		0.574143
285.5		0.574143
285.6		0.574143
285.7		0.574143
285.8		0.574143
285.9		0.574143
286		0.574143
286.1		0.578295
286.2		0.578295
286.3		0.578295
286.4		0.578295
286.5		0.578295
286.6		0.578295
286.7		0.578295
286.8		0.578295
286.9		0.578295
287		0.578295
287.1		0.580466
287.2		0.580466
287.3		0.580466
287.4		0.580466
287.5		0.580466
287.6		0.580466
287.7		0.580466
287.8		0.580466
287.9		0.580466
288		0.580466
288.1		0.582701
288.2		0.582701
288.3		0.582701
288.4		0.582701
288.5		0.582701
288.6		0.582701
288.7		0.582701
288.8		0.582701
288.9		0.582701
289		0.582701
289.1		0.585253
289.2		0.585253
289.3		0.585253
289.4		0.585253
289.5		0.585253
289.6		0.585253
289.7		0.585253
289.8		0.585253
289.9		0.585253
290		0.585253
290.1		0.587244
290.2		0.587244
290.3		0.587244
290.4		0.587244
290.5		0.587244
290.6		0.587244
290.7		0.587244
290.8		0.587244
290.9		0.587244
291		0.587244
291.1		0.591533
291.2		0.591533
291.3		0.591533
291.4		0.591533
291.5		0.591533
291.6		0.591533
291.7		0.591533
291.8		0.591533
291.9		0.591533
292		0.591533
292.1		0.591533
292.2		0.591533
292.3		0.591533
292.4		0.591533
292.5		0.591533
292.6		0.591533
292.7		0.591533
292.8		0.591533
292.9		0.591533
293		0.591533
293.1		0.591597
293.2		0.591597
293.3		0.591597
293.4		0.591597
293.5		0.591597
293.6		0.591597
293.7		0.591597
293.8		0.591597
293.9		0.591597
294		0.591597
294.1		0.591597
294.2		0.591597
294.3		0.591597
294.4		0.591597
294.5		0.591597
294.6		0.591597
294.7		0.591597
294.8		0.591597
294.9		0.591597
295		0.591597
295.1		0.596066
295.2		0.596066
295.3		0.596066
295.4		0.596066
295.5		0.596066
295.6		0.596066
295.7		0.596066
295.8		0.596066
295.9		0.596066
296		0.596066
296.1		0.596257
296.2		0.596257
296.3		0.596257
296.4		0.596257
296.5		0.596257
296.6		0.596257
296.7		0.596257
296.8		0.596257
296.9		0.596257
297		0.596257
297.1		0.597104
297.2		0.597104
297.3		0.597104
297.4		0.597104
297.5		0.597104
297.6		0.597104
297.7		0.597104
297.8		0.597104
297.9		0.597104
298		0.597104
298.1		0.601489
298.2		0.601489
298.3		0.601489
298.4		0.601489
298.5		0.601489
298.6		0.601489
298.7		0.601489
298.8		0.601489
298.9		0.601489
299		0.601489
299.1		0.603162
299.2		0.603162
299.3		0.603162
299.4		0.603162
299.5		0.603162
299.6		0.603162
299.7		0.603162
299.8		0.603162
299.9		0.603162
300		0.603162
300.1		0.603332
300.2		0.603332
300.3		0.603332
300.4		0.603332
300.5		0.603332
300.6		0.603332
300.7		0.603332
300.8		0.603332
300.9		0.603332
301		0.603332
301.1		0.60438
301.2		0.60438
301.3		0.60438
301.4		0.60438
301.5		0.60438
301.6		0.60438
301.7		0.60438
301.8		0.60438
301.9		0.60438
302		0.60438
302.1		0.607685
302.2		0.607685
302.3		0.607685
302.4		0.607685
302.5		0.607685
302.6		0.607685
302.7		0.607685
302.8		0.607685
302.9		0.607685
303		0.607685
303.1		0.608257
303.2		0.608257
303.3		0.608257
303.4		0.608257
303.5		0.608257
303.6		0.608257
303.7		0.608257
303.8		0.608257
303.9		0.608257
304		0.608257
304.1		0.613722
304.2		0.613722
304.3		0.613722
304.4		0.613722
304.5		0.613722
304.6		0.613722
304.7		0.613722
304.8		0.613722
304.9		0.613722
305		0.613722
305.1		0.614304
305.2		0.614304
305.3		0.614304
305.4		0.614304
305.5		0.614304
305.6		0.614304
305.7		0.614304
305.8		0.614304
305.9		0.614304
306		0.614304
306.1		0.615522
306.2		0.615522
306.3		0.615522
306.4		0.615522
306.5		0.615522
306.6		0.615522
306.7		0.615522
306.8		0.615522
306.9		0.615522
307		0.615522
307.1		0.61602
307.2		0.61602
307.3		0.61602
307.4		0.61602
307.5		0.61602
307.6		0.61602
307.7		0.61602
307.8		0.61602
307.9		0.61602
308		0.61602
308.1		0.621623
308.2		0.621623
308.3		0.621623
308.4		0.621623
308.5		0.621623
308.6		0.621623
308.7		0.621623
308.8		0.621623
308.9		0.621623
309		0.621623
309.1		0.622459
309.2		0.622459
309.3		0.622459
309.4		0.622459
309.5		0.622459
309.6		0.622459
309.7		0.622459
309.8		0.622459
309.9		0.622459
310		0.622459
310.1		0.624048
310.2		0.624048
310.3		0.624048
310.4		0.624048
310.5		0.624048
310.6		0.624048
310.7		0.624048
310.8		0.624048
310.9		0.624048
311		0.624048
311.1		0.624546
311.2		0.624546
311.3		0.624546
311.4		0.624546
311.5		0.624546
311.6		0.624546
311.7		0.624546
311.8		0.624546
311.9		0.624546
312		0.624546
312.1		0.628856
312.2		0.628856
312.3		0.628856
312.4		0.628856
312.5		0.628856
312.6		0.628856
312.7		0.628856
312.8		0.628856
312.9		0.628856
313		0.628856
313.1		0.63178
313.2		0.63178
313.3		0.63178
313.4		0.63178
313.5		0.63178
313.6		0.63178
313.7		0.63178
313.8		0.63178
313.9		0.63178
314		0.63178
314.1		0.632193
314.2		0.632193
314.3		0.632193
314.4		0.632193
314.5		0.632193
314.6		0.632193
314.7		0.632193
314.8		0.632193
314.9		0.632193
315		0.632193
315.1		0.633442
315.2		0.633442
315.3		0.633442
315.4		0.633442
315.5		0.633442
315.6		0.633442
315.7		0.633442
315.8		0.633442
315.9		0.633442
316		0.633442
316.1		0.639183
316.2		0.639183
316.3		0.639183
316.4		0.639183
316.5		0.639183
316.6		0.639183
316.7		0.639183
316.8		0.639183
316.9		0.639183
317		0.639183
317.1		0.640729
317.2		0.640729
317.3		0.640729
317.4		0.640729
317.5		0.640729
317.6		0.640729
317.7		0.640729
317.8		0.640729
317.9		0.640729
318		0.640729
318.1		0.642117
318.2		0.642117
318.3		0.642117
318.4		0.642117
318.5		0.642117
318.6		0.642117
318.7		0.642117
318.8		0.642117
318.9		0.642117
319		0.642117
319.1		0.644722
319.2		0.644722
319.3		0.644722
319.4		0.644722
319.5		0.644722
319.6		0.644722
319.7		0.644722
319.8		0.644722
319.9		0.644722
320		0.644722
320.1		0.645103
320.2		0.645103
320.3		0.645103
320.4		0.645103
320.5		0.645103
320.6		0.645103
320.7		0.645103
320.8		0.645103
320.9		0.645103
321		0.645103
321.1		0.650219
321.2		0.650219
321.3		0.650219
321.4		0.650219
321.5		0.650219
321.6		0.650219
321.7		0.650219
321.8		0.650219
321.9		0.650219
322		0.650219
322.1		0.652379
322.2		0.652379
322.3		0.652379
322.4		0.652379
322.5		0.652379
322.6		0.652379
322.7		0.652379
322.8		0.652379
322.9		0.652379
323		0.652379
323.1		0.653428
323.2		0.653428
323.3		0.653428
323.4		0.653428
323.5		0.653428
323.6		0.653428
323.7		0.653428
323.8		0.653428
323.9		0.653428
324		0.653428
324.1		0.654074
324.2		0.654074
324.3		0.654074
324.4		0.654074
324.5		0.654074
324.6		0.654074
324.7		0.654074
324.8		0.654074
324.9		0.654074
325		0.654074
325.1		0.655059
325.2		0.655059
325.3		0.655059
325.4		0.655059
325.5		0.655059
325.6		0.655059
325.7		0.655059
325.8		0.655059
325.9		0.655059
326		0.655059
326.1		0.661615
326.2		0.661615
326.3		0.661615
326.4		0.661615
326.5		0.661615
326.6		0.661615
326.7		0.661615
326.8		0.661615
326.9		0.661615
327		0.661615
327.1		0.662441
327.2		0.662441
327.3		0.662441
327.4		0.662441
327.5		0.662441
327.6		0.662441
327.7		0.662441
327.8		0.662441
327.9		0.662441
328		0.662441
328.1		0.66278
328.2		0.66278
328.3		0.66278
328.4		0.66278
328.5		0.66278
328.6		0.66278
328.7		0.66278
328.8		0.66278
328.9		0.66278
329		0.66278
329.1		0.665809
329.2		0.665809
329.3		0.665809
329.4		0.665809
329.5		0.665809
329.6		0.665809
329.7		0.665809
329.8		0.665809
329.9		0.665809
330		0.665809
330.1		0.669886
330.2		0.669886
330.3		0.669886
330.4		0.669886
330.5		0.669886
330.6		0.669886
330.7		0.669886
330.8		0.669886
330.9		0.669886
331		0.669886
331.1		0.670257
331.2		0.670257
331.3		0.670257
331.4		0.670257
331.5		0.670257
331.6		0.670257
331.7		0.670257
331.8		0.670257
331.9		0.670257
332		0.670257
332.1		0.67174
332.2		0.67174
332.3		0.67174
332.4		0.67174
332.5		0.67174
332.6		0.67174
332.7		0.67174
332.8		0.67174
332.9		0.67174
333		0.67174
333.1		0.673699
333.2		0.673699
333.3		0.673699
333.4		0.673699
333.5		0.673699
333.6		0.673699
333.7		0.673699
333.8		0.673699
333.9		0.673699
334		0.673699
334.1		0.678804
334.2		0.678804
334.3		0.678804
334.4		0.678804
334.5		0.678804
334.6		0.678804
334.7		0.678804
334.8		0.678804
334.9		0.678804
335		0.678804
335.1		0.679376
335.2		0.679376
335.3		0.679376
335.4		0.679376
335.5		0.679376
335.6		0.679376
335.7		0.679376
335.8		0.679376
335.9		0.679376
336		0.679376
336.1		0.680064
336.2		0.680064
336.3		0.680064
336.4		0.680064
336.5		0.680064
336.6		0.680064
336.7		0.680064
336.8		0.680064
336.9		0.680064
337		0.680064
337.1		0.680393
337.2		0.680393
337.3		0.680393
337.4		0.680393
337.5		0.680393
337.6		0.680393
337.7		0.680393
337.8		0.680393
337.9		0.680393
338		0.680393
338.1		0.686493
338.2		0.686493
338.3		0.686493
338.4		0.686493
338.5		0.686493
338.6		0.686493
338.7		0.686493
338.8		0.686493
338.9		0.686493
339		0.686493
339.1		0.687701
339.2		0.687701
339.3		0.687701
339.4		0.687701
339.5		0.687701
339.6		0.687701
339.7		0.687701
339.8		0.687701
339.9		0.687701
340		0.687701
340.1		0.688082
340.2		0.688082
340.3		0.688082
340.4		0.688082
340.5		0.688082
340.6		0.688082
340.7		0.688082
340.8		0.688082
340.9		0.688082
341		0.688082
341.1		0.689533
341.2		0.689533
341.3		0.689533
341.4		0.689533
341.5		0.689533
341.6		0.689533
341.7		0.689533
341.8		0.689533
341.9		0.689533
342		0.689533
342.1		0.693038
342.2		0.693038
342.3		0.693038
342.4		0.693038
342.5		0.693038
342.6		0.693038
342.7		0.693038
342.8		0.693038
342.9		0.693038
343		0.693038
343.1		0.696904
343.2		0.696904
343.3		0.696904
343.4		0.696904
343.5		0.696904
343.6		0.696904
343.7		0.696904
343.8		0.696904
343.9		0.696904
344		0.696904
344.1		0.69719
344.2		0.69719
344.3		0.69719
344.4		0.69719
344.5		0.69719
344.6		0.69719
344.7		0.69719
344.8		0.69719
344.9		0.69719
345		0.69719
345.1		0.701395
345.2		0.701395
345.3		0.701395
345.4		0.701395
345.5		0.701395
345.6		0.701395
345.7		0.701395
345.8		0.701395
345.9		0.701395
346		0.701395
346.1		0.704053
346.2		0.704053
346.3		0.704053
346.4		0.704053
346.5		0.704053
346.6		0.704053
346.7		0.704053
346.8		0.704053
346.9		0.704053
347		0.704053
347.1		0.709677
347.2		0.709677
347.3		0.709677
347.4		0.709677
347.5		0.709677
347.6		0.709677
347.7		0.709677
347.8		0.709677
347.9		0.709677
348		0.709677
348.1		0.709995
348.2		0.709995
348.3		0.709995
348.4		0.709995
348.5		0.709995
348.6		0.709995
348.7		0.709995
348.8		0.709995
348.9		0.709995
349		0.709995
349.1		0.710355
349.2		0.710355
349.3		0.710355
349.4		0.710355
349.5		0.710355
349.6		0.710355
349.7		0.710355
349.8		0.710355
349.9		0.710355
350		0.710355
350.1		0.710959
350.2		0.710959
350.3		0.710959
350.4		0.710959
350.5		0.710959
350.6		0.710959
350.7		0.710959
350.8		0.710959
350.9		0.710959
351		0.710959
351.1		0.716911
351.2		0.716911
351.3		0.716911
351.4		0.716911
351.5		0.716911
351.6		0.716911
351.7		0.716911
351.8		0.716911
351.9		0.716911
352		0.716911
352.1		0.720649
352.2		0.720649
352.3		0.720649
352.4		0.720649
352.5		0.720649
352.6		0.720649
352.7		0.720649
352.8		0.720649
352.9		0.720649
353		0.720649
353.1		0.720649
353.2		0.720649
353.3		0.720649
353.4		0.720649
353.5		0.720649
353.6		0.720649
353.7		0.720649
353.8		0.720649
353.9		0.720649
354		0.720649
354.1		0.721836
354.2		0.721836
354.3		0.721836
354.4		0.721836
354.5		0.721836
354.6		0.721836
354.7		0.721836
354.8		0.721836
354.9		0.721836
355		0.721836
355.1		0.72209
355.2		0.72209
355.3		0.72209
355.4		0.72209
355.5		0.72209
355.6		0.72209
355.7		0.72209
355.8		0.72209
355.9		0.72209
356		0.72209
356.1		0.722439
356.2		0.722439
356.3		0.722439
356.4		0.722439
356.5		0.722439
356.6		0.722439
356.7		0.722439
356.8		0.722439
356.9		0.722439
357		0.722439
357.1		0.725437
357.2		0.725437
357.3		0.725437
357.4		0.725437
357.5		0.725437
357.6		0.725437
357.7		0.725437
357.8		0.725437
357.9		0.725437
358		0.725437
358.1		0.728201
358.2		0.728201
358.3		0.728201
358.4		0.728201
358.5		0.728201
358.6		0.728201
358.7		0.728201
358.8		0.728201
358.9		0.728201
359		0.728201
359.1		0.729387
359.2		0.729387
359.3		0.729387
359.4		0.729387
359.5		0.729387
359.6		0.729387
359.7		0.729387
359.8		0.729387
359.9		0.729387
360		0.729387
360.1		0.729387
360.2		0.729387
360.3		0.729387
360.4		0.729387
360.5		0.729387
360.6		0.729387
360.7		0.729387
360.8		0.729387
360.9		0.729387
361		0.729387
361.1		0.733412
361.2		0.733412
361.3		0.733412
361.4		0.733412
361.5		0.733412
361.6		0.733412
361.7		0.733412
361.8		0.733412
361.9		0.733412
362		0.733412
362.1		0.735382
362.2		0.735382
362.3		0.735382
362.4		0.735382
362.5		0.735382
362.6		0.735382
362.7		0.735382
362.8		0.735382
362.9		0.735382
363		0.735382
363.1		0.738252
363.2		0.738252
363.3		0.738252
363.4		0.738252
363.5		0.738252
363.6		0.738252
363.7		0.738252
363.8		0.738252
363.9		0.738252
364		0.738252
364.1		0.738813
364.2		0.738813
364.3		0.738813
364.4		0.738813
364.5		0.738813
364.6		0.738813
364.7		0.738813
364.8		0.738813
364.9		0.738813
365		0.738813
365.1		0.73966
365.2		0.73966
365.3		0.73966
365.4		0.73966
365.5		0.73966
365.6		0.73966
365.7		0.73966
365.8		0.73966
365.9		0.73966
366		0.73966
366.1		0.740455
366.2		0.740455
366.3		0.740455
366.4		0.740455
366.5		0.740455
366.6		0.740455
366.7		0.740455
366.8		0.740455
366.9		0.740455
367		0.740455
367.1		0.745284
367.2		0.745284
367.3		0.745284
367.4		0.745284
367.5		0.745284
367.6		0.745284
367.7		0.745284
367.8		0.745284
367.9		0.745284
368		0.745284
368.1		0.748906
368.2		0.748906
368.3		0.748906
368.4		0.748906
368.5		0.748906
368.6		0.748906
368.7		0.748906
368.8		0.748906
368.9		0.748906
369		0.748906
369.1		0.749108
369.2		0.749108
369.3		0.749108
369.4		0.749108
369.5		0.749108
369.6		0.749108
369.7		0.749108
369.8		0.749108
369.9		0.749108
370		0.749108
370.1		0.750707
370.2		0.750707
370.3		0.750707
370.4		0.750707
370.5		0.750707
370.6		0.750707
370.7		0.750707
370.8		0.750707
370.9		0.750707
371		0.750707
371.1		0.75256
371.2		0.75256
371.3		0.75256
371.4		0.75256
371.5		0.75256
371.6		0.75256
371.7		0.75256
371.8		0.75256
371.9		0.75256
372		0.75256
372.1		0.758354
372.2		0.758354
372.3		0.758354
372.4		0.758354
372.5		0.758354
372.6		0.758354
372.7		0.758354
372.8		0.758354
372.9		0.758354
373		0.758354
373.1		0.759085
373.2		0.759085
373.3		0.759085
373.4		0.759085
373.5		0.759085
373.6		0.759085
373.7		0.759085
373.8		0.759085
373.9		0.759085
374		0.759085
374.1		0.759233
374.2		0.759233
374.3		0.759233
374.4		0.759233
374.5		0.759233
374.6		0.759233
374.7		0.759233
374.8		0.759233
374.9		0.759233
375		0.759233
375.1		0.760377
375.2		0.760377
375.3		0.760377
375.4		0.760377
375.5		0.760377
375.6		0.760377
375.7		0.760377
375.8		0.760377
375.9		0.760377
376		0.760377
376.1		0.764359
376.2		0.764359
376.3		0.764359
376.4		0.764359
376.5		0.764359
376.6		0.764359
376.7		0.764359
376.8		0.764359
376.9		0.764359
377		0.764359
377.1		0.766551
377.2		0.766551
377.3		0.766551
377.4		0.766551
377.5		0.766551
377.6		0.766551
377.7		0.766551
377.8		0.766551
377.9		0.766551
378		0.766551
378.1		0.769157
378.2		0.769157
378.3		0.769157
378.4		0.769157
378.5		0.769157
378.6		0.769157
378.7		0.769157
378.8		0.769157
378.9		0.769157
379		0.769157
379.1		0.7694
379.2		0.7694
379.3		0.7694
379.4		0.7694
379.5		0.7694
379.6		0.7694
379.7		0.7694
379.8		0.7694
379.9		0.7694
380		0.7694
380.1		0.771402
380.2		0.771402
380.3		0.771402
380.4		0.771402
380.5		0.771402
380.6		0.771402
380.7		0.771402
380.8		0.771402
380.9		0.771402
381		0.771402
381.1		0.773531
381.2		0.773531
381.3		0.773531
381.4		0.773531
381.5		0.773531
381.6		0.773531
381.7		0.773531
381.8		0.773531
381.9		0.773531
382		0.773531
382.1		0.777598
382.2		0.777598
382.3		0.777598
382.4		0.777598
382.5		0.777598
382.6		0.777598
382.7		0.777598
382.8		0.777598
382.9		0.777598
383		0.777598
383.1		0.778922
383.2		0.778922
383.3		0.778922
383.4		0.778922
383.5		0.778922
383.6		0.778922
383.7		0.778922
383.8		0.778922
383.9		0.778922
384		0.778922
384.1		0.782628
384.2		0.782628
384.3		0.782628
384.4		0.782628
384.5		0.782628
384.6		0.782628
384.7		0.782628
384.8		0.782628
384.9		0.782628
385		0.782628
385.1		0.782989
385.2		0.782989
385.3		0.782989
385.4		0.782989
385.5		0.782989
385.6		0.782989
385.7		0.782989
385.8		0.782989
385.9		0.782989
386		0.782989
386.1		0.785393
386.2		0.785393
386.3		0.785393
386.4		0.785393
386.5		0.785393
386.6		0.785393
386.7		0.785393
386.8		0.785393
386.9		0.785393
387		0.785393
387.1		0.789068
387.2		0.789068
387.3		0.789068
387.4		0.789068
387.5		0.789068
387.6		0.789068
387.7		0.789068
387.8		0.789068
387.9		0.789068
388		0.789068
388.1		0.790445
388.2		0.790445
388.3		0.790445
388.4		0.790445
388.5		0.790445
388.6		0.790445
388.7		0.790445
388.8		0.790445
388.9		0.790445
389		0.790445
389.1		0.793082
389.2		0.793082
389.3		0.793082
389.4		0.793082
389.5		0.793082
389.6		0.793082
389.7		0.793082
389.8		0.793082
389.9		0.793082
390		0.793082
390.1		0.794152
390.2		0.794152
390.3		0.794152
390.4		0.794152
390.5		0.794152
390.6		0.794152
390.7		0.794152
390.8		0.794152
390.9		0.794152
391		0.794152
391.1		0.794829
391.2		0.794829
391.3		0.794829
391.4		0.794829
391.5		0.794829
391.6		0.794829
391.7		0.794829
391.8		0.794829
391.9		0.794829
392		0.794829
392.1		0.796852
392.2		0.796852
392.3		0.796852
392.4		0.796852
392.5		0.796852
392.6		0.796852
392.7		0.796852
392.8		0.796852
392.9		0.796852
393		0.796852
393.1		0.800655
393.2		0.800655
393.3		0.800655
393.4		0.800655
393.5		0.800655
393.6		0.800655
393.7		0.800655
393.8		0.800655
393.9		0.800655
394		0.800655
394.1		0.803419
394.2		0.803419
394.3		0.803419
394.4		0.803419
394.5		0.803419
394.6		0.803419
394.7		0.803419
394.8		0.803419
394.9		0.803419
395		0.803419
395.1		0.803959
395.2		0.803959
395.3		0.803959
395.4		0.803959
395.5		0.803959
395.6		0.803959
395.7		0.803959
395.8		0.803959
395.9		0.803959
396		0.803959
396.1		0.805315
396.2		0.805315
396.3		0.805315
396.4		0.805315
396.5		0.805315
396.6		0.805315
396.7		0.805315
396.8		0.805315
396.9		0.805315
397		0.805315
397.1		0.808068
397.2		0.808068
397.3		0.808068
397.4		0.808068
397.5		0.808068
397.6		0.808068
397.7		0.808068
397.8		0.808068
397.9		0.808068
398		0.808068
398.1		0.810737
398.2		0.810737
398.3		0.810737
398.4		0.810737
398.5		0.810737
398.6		0.810737
398.7		0.810737
398.8		0.810737
398.9		0.810737
399		0.810737
399.1		0.81169
399.2		0.81169
399.3		0.81169
399.4		0.81169
399.5		0.81169
399.6		0.81169
399.7		0.81169
399.8		0.81169
399.9		0.81169
400		0.81169
400.1		0.816933
400.2		0.816933
400.3		0.816933
400.4		0.816933
400.5		0.816933
400.6		0.816933
400.7		0.816933
400.8		0.816933
400.9		0.816933
401		0.816933
401.1		0.817155
401.2		0.817155
401.3		0.817155
401.4		0.817155
401.5		0.817155
401.6		0.817155
401.7		0.817155
401.8		0.817155
401.9		0.817155
402		0.817155
402.1		0.819581
402.2		0.819581
402.3		0.819581
402.4		0.819581
402.5		0.819581
402.6		0.819581
402.7		0.819581
402.8		0.819581
402.9		0.819581
403		0.819581
403.1		0.82315
403.2		0.82315
403.3		0.82315
403.4		0.82315
403.5		0.82315
403.6		0.82315
403.7		0.82315
403.8		0.82315
403.9		0.82315
404		0.82315
404.1		0.823743
404.2		0.823743
404.3		0.823743
404.4		0.823743
404.5		0.823743
404.6		0.823743
404.7		0.823743
404.8		0.823743
404.9		0.823743
405		0.823743
405.1		0.824177
405.2		0.824177
405.3		0.824177
405.4		0.824177
405.5		0.824177
405.6		0.824177
405.7		0.824177
405.8		0.824177
405.9		0.824177
406		0.824177
406.1		0.829219
406.2		0.829219
406.3		0.829219
406.4		0.829219
406.5		0.829219
406.6		0.829219
406.7		0.829219
406.8		0.829219
406.9		0.829219
407		0.829219
407.1		0.831422
407.2		0.831422
407.3		0.831422
407.4		0.831422
407.5		0.831422
407.6		0.831422
407.7		0.831422
407.8		0.831422
407.9		0.831422
408		0.831422
408.1		0.833095
408.2		0.833095
408.3		0.833095
408.4		0.833095
408.5		0.833095
408.6		0.833095
408.7		0.833095
408.8		0.833095
408.9		0.833095
409		0.833095
409.1		0.833233
409.2		0.833233
409.3		0.833233
409.4		0.833233
409.5		0.833233
409.6		0.833233
409.7		0.833233
409.8		0.833233
409.9		0.833233
410		0.833233
410.1		0.835679
410.2		0.835679
410.3		0.835679
410.4		0.835679
410.5		0.835679
410.6		0.835679
410.7		0.835679
410.8		0.835679
410.9		0.835679
411		0.835679
411.1		0.839376
411.2		0.839376
411.3		0.839376
411.4		0.839376
411.5		0.839376
411.6		0.839376
411.7		0.839376
411.8		0.839376
411.9		0.839376
412		0.839376
412.1		0.840975
412.2		0.840975
412.3		0.840975
412.4		0.840975
412.5		0.840975
412.6		0.840975
412.7		0.840975
412.8		0.840975
412.9		0.840975
413		0.840975
413.1		0.843019
413.2		0.843019
413.3		0.843019
413.4		0.843019
413.5		0.843019
413.6		0.843019
413.7		0.843019
413.8		0.843019
413.9		0.843019
414		0.843019
414.1		0.844438
414.2		0.844438
414.3		0.844438
414.4		0.844438
414.5		0.844438
414.6		0.844438
414.7		0.844438
414.8		0.844438
414.9		0.844438
415		0.844438
415.1		0.846366
415.2		0.846366
415.3		0.846366
415.4		0.846366
415.5		0.846366
415.6		0.846366
415.7		0.846366
415.8		0.846366
415.9		0.846366
416		0.846366
416.1		0.849193
416.2		0.849193
416.3		0.849193
416.4		0.849193
416.5		0.849193
416.6		0.849193
416.7		0.849193
416.8		0.849193
416.9		0.849193
417		0.849193
417.1		0.851714
417.2		0.851714
417.3		0.851714
417.4		0.851714
417.5		0.851714
417.6		0.851714
417.7		0.851714
417.8		0.851714
417.9		0.851714
418		0.851714
418.1		0.852742
418.2		0.852742
418.3		0.852742
418.4		0.852742
418.5		0.852742
418.6		0.852742
418.7		0.852742
418.8		0.852742
418.9		0.852742
419		0.852742
419.1		0.856448
419.2		0.856448
419.3		0.856448
419.4		0.856448
419.5		0.856448
419.6		0.856448
419.7		0.856448
419.8		0.856448
419.9		0.856448
420		0.856448
420.1		0.858641
420.2		0.858641
420.3		0.858641
420.4		0.858641
420.5		0.858641
420.6		0.858641
420.7		0.858641
420.8		0.858641
420.9		0.858641
421		0.858641
421.1		0.858831
421.2		0.858831
421.3		0.858831
421.4		0.858831
421.5		0.858831
421.6		0.858831
421.7		0.858831
421.8		0.858831
421.9		0.858831
422		0.858831
422.1		0.859054
422.2		0.859054
422.3		0.859054
422.4		0.859054
422.5		0.859054
422.6		0.859054
422.7		0.859054
422.8		0.859054
422.9		0.859054
423		0.859054
423.1		0.863153
423.2		0.863153
423.3		0.863153
423.4		0.863153
423.5		0.863153
423.6		0.863153
423.7		0.863153
423.8		0.863153
423.9		0.863153
424		0.863153
424.1		0.867071
424.2		0.867071
424.3		0.867071
424.4		0.867071
424.5		0.867071
424.6		0.867071
424.7		0.867071
424.8		0.867071
424.9		0.867071
425		0.867071
425.1		0.86758
425.2		0.86758
425.3		0.86758
425.4		0.86758
425.5		0.86758
425.6		0.86758
425.7		0.86758
425.8		0.86758
425.9		0.86758
426		0.86758
426.1		0.870037
426.2		0.870037
426.3		0.870037
426.4		0.870037
426.5		0.870037
426.6		0.870037
426.7		0.870037
426.8		0.870037
426.9		0.870037
427		0.870037
427.1		0.871583
427.2		0.871583
427.3		0.871583
427.4		0.871583
427.5		0.871583
427.6		0.871583
427.7		0.871583
427.8		0.871583
427.9		0.871583
428		0.871583
428.1		0.877228
428.2		0.877228
428.3		0.877228
428.4		0.877228
428.5		0.877228
428.6		0.877228
428.7		0.877228
428.8		0.877228
428.9		0.877228
429		0.877228
429.1		0.877652
429.2		0.877652
429.3		0.877652
429.4		0.877652
429.5		0.877652
429.6		0.877652
429.7		0.877652
429.8		0.877652
429.9		0.877652
430		0.877652
430.1		0.878541
430.2		0.878541
430.3		0.878541
430.4		0.878541
430.5		0.878541
430.6		0.878541
430.7		0.878541
430.8		0.878541
430.9		0.878541
431		0.878541
431.1		0.88031
431.2		0.88031
431.3		0.88031
431.4		0.88031
431.5		0.88031
431.6		0.88031
431.7		0.88031
431.8		0.88031
431.9		0.88031
432		0.88031
432.1		0.886697
432.2		0.886697
432.3		0.886697
432.4		0.886697
432.5		0.886697
432.6		0.886697
432.7		0.886697
432.8		0.886697
432.9		0.886697
433		0.886697
433.1		0.887131
433.2		0.887131
433.3		0.887131
433.4		0.887131
433.5		0.887131
433.6		0.887131
433.7		0.887131
433.8		0.887131
433.9		0.887131
434		0.887131
434.1		0.888571
434.2		0.888571
434.3		0.888571
434.4		0.888571
434.5		0.888571
434.6		0.888571
434.7		0.888571
434.8		0.888571
434.9		0.888571
435		0.888571
435.1		0.888899
435.2		0.888899
435.3		0.888899
435.4		0.888899
435.5		0.888899
435.6		0.888899
435.7		0.888899
435.8		0.888899
435.9		0.888899
436		0.888899
436.1		0.892395
436.2		0.892395
436.3		0.892395
436.4		0.892395
436.5		0.892395
436.6		0.892395
436.7		0.892395
436.8		0.892395
436.9		0.892395
437		0.892395
437.1		0.895657
437.2		0.895657
437.3		0.895657
437.4		0.895657
437.5		0.895657
437.6		0.895657
437.7		0.895657
437.8		0.895657
437.9		0.895657
438		0.895657
438.1		0.896504
438.2		0.896504
438.3		0.896504
438.4		0.896504
438.5		0.896504
438.6		0.896504
438.7		0.896504
438.8		0.896504
438.9		0.896504
439		0.896504
439.1		0.899141
439.2		0.899141
439.3		0.899141
439.4		0.899141
439.5		0.899141
439.6		0.899141
439.7		0.899141
439.8		0.899141
439.9		0.899141
440		0.899141
440.1		0.902594
440.2		0.902594
440.3		0.902594
440.4		0.902594
440.5		0.902594
440.6		0.902594
440.7		0.902594
440.8		0.902594
440.9		0.902594
441		0.902594
441.1		0.90342
441.2		0.90342
441.3		0.90342
441.4		0.90342
441.5		0.90342
441.6		0.90342
441.7		0.90342
441.8		0.90342
441.9		0.90342
442		0.90342
442.1		0.904934
442.2		0.904934
442.3		0.904934
442.4		0.904934
442.5		0.904934
442.6		0.904934
442.7		0.904934
442.8		0.904934
442.9		0.904934
443		0.904934
443.1		0.905496
443.2		0.905496
443.3		0.905496
443.4		0.905496
443.5		0.905496
443.6		0.905496
443.7		0.905496
443.8		0.905496
443.9		0.905496
444		0.905496
444.1		0.908959
444.2		0.908959
444.3		0.908959
444.4		0.908959
444.5		0.908959
444.6		0.908959
444.7		0.908959
444.8		0.908959
444.9		0.908959
445		0.908959
445.1		0.912645
445.2		0.912645
445.3		0.912645
445.4		0.912645
445.5		0.912645
445.6		0.912645
445.7		0.912645
445.8		0.912645
445.9		0.912645
446		0.912645
446.1		0.914106
446.2		0.914106
446.3		0.914106
446.4		0.914106
446.5		0.914106
446.6		0.914106
446.7		0.914106
446.8		0.914106
446.9		0.914106
447		0.914106
447.1		0.914562
447.2		0.914562
447.3		0.914562
447.4		0.914562
447.5		0.914562
447.6		0.914562
447.7		0.914562
447.8		0.914562
447.9		0.914562
448		0.914562
448.1		0.918607
448.2		0.918607
448.3		0.918607
448.4		0.918607
448.5		0.918607
448.6		0.918607
448.7		0.918607
448.8		0.918607
448.9		0.918607
449		0.918607
449.1		0.920196
449.2		0.920196
449.3		0.920196
449.4		0.920196
449.5		0.920196
449.6		0.920196
449.7		0.920196
449.8		0.920196
449.9		0.920196
450		0.920196
450.1		0.920429
450.2		0.920429
450.3		0.920429
450.4		0.920429
450.5		0.920429
450.6		0.920429
450.7		0.920429
450.8		0.920429
450.9		0.920429
451		0.920429
451.1		0.924316
451.2		0.924316
451.3		0.924316
451.4		0.924316
451.5		0.924316
451.6		0.924316
451.7		0.924316
451.8		0.924316
451.9		0.924316
452		0.924316
452.1		0.927779
452.2		0.927779
452.3		0.927779
452.4		0.927779
452.5		0.927779
452.6		0.927779
452.7		0.927779
452.8		0.927779
452.9		0.927779
453		0.927779
453.1		0.928447
453.2		0.928447
453.3		0.928447
453.4		0.928447
453.5		0.928447
453.6		0.928447
453.7		0.928447
453.8		0.928447
453.9		0.928447
454		0.928447
454.1		0.929845
454.2		0.929845
454.3		0.929845
454.4		0.929845
454.5		0.929845
454.6		0.929845
454.7		0.929845
454.8		0.929845
454.9		0.929845
455		0.929845
455.1		0.930078
455.2		0.930078
455.3		0.930078
455.4		0.930078
455.5		0.930078
455.6		0.930078
455.7		0.930078
455.8		0.930078
455.9		0.930078
456		0.930078
456.1		0.934632
456.2		0.934632
456.3		0.934632
456.4		0.934632
456.5		0.934632
456.6		0.934632
456.7		0.934632
456.8		0.934632
456.9		0.934632
457		0.934632
457.1		0.938995
457.2		0.938995
457.3		0.938995
457.4		0.938995
457.5		0.938995
457.6		0.938995
457.7		0.938995
457.8		0.938995
457.9		0.938995
458		0.938995
458.1		0.940595
458.2		0.940595
458.3		0.940595
458.4		0.940595
458.5		0.940595
458.6		0.940595
458.7		0.940595
458.8		0.940595
458.9		0.940595
459		0.940595
459.1		0.941262
459.2		0.941262
459.3		0.941262
459.4		0.941262
459.5		0.941262
459.6		0.941262
459.7		0.941262
459.8		0.941262
459.9		0.941262
460		0.941262
460.1		0.94249
460.2		0.94249
460.3		0.94249
460.4		0.94249
460.5		0.94249
460.6		0.94249
460.7		0.94249
460.8		0.94249
460.9		0.94249
461		0.94249
461.1		0.946007
461.2		0.946007
461.3		0.946007
461.4		0.946007
461.5		0.946007
461.6		0.946007
461.7		0.946007
461.8		0.946007
461.9		0.946007
462		0.946007
462.1		0.949057
462.2		0.949057
462.3		0.949057
462.4		0.949057
462.5		0.949057
462.6		0.949057
462.7		0.949057
462.8		0.949057
462.9		0.949057
463		0.949057
463.1		0.949322
463.2		0.949322
463.3		0.949322
463.4		0.949322
463.5		0.949322
463.6		0.949322
463.7		0.949322
463.8		0.949322
463.9		0.949322
464		0.949322
464.1		0.95288
464.2		0.95288
464.3		0.95288
464.4		0.95288
464.5		0.95288
464.6		0.95288
464.7		0.95288
464.8		0.95288
464.9		0.95288
465		0.95288
465.1		0.953134
465.2		0.953134
465.3		0.953134
465.4		0.953134
465.5		0.953134
465.6		0.953134
465.7		0.953134
465.8		0.953134
465.9		0.953134
466		0.953134
466.1		0.95754
466.2		0.95754
466.3		0.95754
466.4		0.95754
466.5		0.95754
466.6		0.95754
466.7		0.95754
466.8		0.95754
466.9		0.95754
467		0.95754
467.1		0.958028
467.2		0.958028
467.3		0.958028
467.4		0.958028
467.5		0.958028
467.6		0.958028
467.7		0.958028
467.8		0.958028
467.9		0.958028
468		0.958028
468.1		0.960516
468.2		0.960516
468.3		0.960516
468.4		0.960516
468.5		0.960516
468.6		0.960516
468.7		0.960516
468.8		0.960516
468.9		0.960516
469		0.960516
469.1		0.960845
469.2		0.960845
469.3		0.960845
469.4		0.960845
469.5		0.960845
469.6		0.960845
469.7		0.960845
469.8		0.960845
469.9		0.960845
470		0.960845
470.1		0.962995
470.2		0.962995
470.3		0.962995
470.4		0.962995
470.5		0.962995
470.6		0.962995
470.7		0.962995
470.8		0.962995
470.9		0.962995
471		0.962995
471.1		0.966808
471.2		0.966808
471.3		0.966808
471.4		0.966808
471.5		0.966808
471.6		0.966808
471.7		0.966808
471.8		0.966808
471.9		0.966808
472		0.966808
472.1		0.967401
472.2		0.967401
472.3		0.967401
472.4		0.967401
472.5		0.967401
472.6		0.967401
472.7		0.967401
472.8		0.967401
472.9		0.967401
473		0.967401
473.1		0.968788
473.2		0.968788
473.3		0.968788
473.4		0.968788
473.5		0.968788
473.6		0.968788
473.7		0.968788
473.8		0.968788
473.9		0.968788
474		0.968788
474.1		0.972622
474.2		0.972622
474.3		0.972622
474.4		0.972622
474.5		0.972622
474.6		0.972622
474.7		0.972622
474.8		0.972622
474.9		0.972622
475		0.972622
475.1		0.974031
475.2		0.974031
475.3		0.974031
475.4		0.974031
475.5		0.974031
475.6		0.974031
475.7		0.974031
475.8		0.974031
475.9		0.974031
476		0.974031
476.1		0.974433
476.2		0.974433
476.3		0.974433
476.4		0.974433
476.5		0.974433
476.6		0.974433
476.7		0.974433
476.8		0.974433
476.9		0.974433
477		0.974433
477.1		0.979263
477.2		0.979263
477.3		0.979263
477.4		0.979263
477.5		0.979263
477.6		0.979263
477.7		0.979263
477.8		0.979263
477.9		0.979263
478		0.979263
478.1		0.983658
478.2		0.983658
478.3		0.983658
478.4		0.983658
478.5		0.983658
478.6		0.983658
478.7		0.983658
478.8		0.983658
478.9		0.983658
479		0.983658
479.1		0.984378
479.2		0.984378
479.3		0.984378
479.4		0.984378
479.5		0.984378
479.6		0.984378
479.7		0.984378
479.8		0.984378
479.9		0.984378
480		0.984378
480.1		0.984897
480.2		0.984897
480.3		0.984897
480.4		0.984897
480.5		0.984897
480.6		0.984897
480.7		0.984897
480.8		0.984897
480.9		0.984897
481		0.984897
481.1		0.986623
481.2		0.986623
481.3		0.986623
481.4		0.986623
481.5		0.986623
481.6		0.986623
481.7		0.986623
481.8		0.986623
481.9		0.986623
482		0.986623
482.1		0.989705
482.2		0.989705
482.3		0.989705
482.4		0.989705
482.5		0.989705
482.6		0.989705
482.7		0.989705
482.8		0.989705
482.9		0.989705
483		0.989705
483.1		0.992258
483.2		0.992258
483.3		0.992258
483.4		0.992258
483.5		0.992258
483.6		0.992258
483.7		0.992258
483.8		0.992258
483.9		0.992258
484		0.992258
484.1		0.993285
484.2		0.993285
484.3		0.993285
484.4		0.993285
484.5		0.993285
484.6		0.993285
484.7		0.993285
484.8		0.993285
484.9		0.993285
485		0.993285
485.1		0.994715
485.2		0.994715
485.3		0.994715
485.4		0.994715
485.5		0.994715
485.6		0.994715
485.7		0.994715
485.8		0.994715
485.9		0.994715
486		0.994715
486.1		0.999555
486.2		0.999555
486.3		0.999555
486.4		0.999555
486.5		0.999555
486.6		0.999555
486.7		0.999555
486.8		0.999555
486.9		0.999555
487		0.999555
487.1		0.999968
487.2		0.999968
487.3		0.999968
487.4		0.999968
487.5		0.999968
487.6		0.999968
487.7		0.999968
487.8		0.999968
487.9		0.999968
488		0.999968
488.1		0.999979
488.2		0.999979
488.3		0.999979
488.4		0.999979
488.5		0.999979
488.6		0.999979
488.7		0.999979
488.8		0.999979
488.9		0.999979
489		0.999979
489.1		1
489.2		1
489.3		1
489.4		1
489.5		1
489.6		1
489.7		1
489.8		1
489.9		1
490		1
490.1		1
490.2		1
490.3		1
490.4		1
490.5		1
490.6		1
490.7		1
490.8		1
490.9		1
491		1
491.1		1
491.2		1
491.3		1
491.4		1
491.5		1
491.6		1
491.7		1
491.8		1
491.9		1
492		1
492.1		1
492.2		1
492.3		1
492.4		1
492.5		1
492.6		1
492.7		1
492.8		1
492.9		1
493		1
493.1		1
493.2		1
493.3		1
493.4		1
493.5		1
493.6		1
493.7		1
493.8		1
493.9		1
494		1
494.1		1
494.2		1
494.3		1
494.4		1
494.5		1
494.6		1
494.7		1
494.8		1
494.9		1
495		1
495.1		1
495.2		1
495.3		1
495.4		1
495.5		1
495.6		1
495.7		1
495.8		1
495.9		1
496		1
496.1		1
496.2		1
496.3		1
496.4		1
496.5		1
496.6		1
496.7		1
496.8		1
496.9		1
497		1
497.1		1
497.2		1
497.3		1
497.4		1
497.5		1
497.6		1
497.7		1
497.8		1
497.9		1
498		1
498.1		1
498.2		1
498.3		1
498.4		1
498.5		1
498.6		1
498.7		1
498.8		1
498.9		1
499		1
499.1		1
499.2		1
499.3		1
499.4		1
499.5		1
499.6		1
499.7		1
499.8		1
499.9		1
500		1
500.1		1
500.2		1
500.3		1
500.4		1
500.5		1
500.6		1
500.7		1
500.8		1
500.9		1
501		1
501.1		1
501.2		1
501.3		1
501.4		1
501.5		1
501.6		1
501.7		1
501.8		1
501.9		1
502		1
502.1		1
502.2		1
502.3		1
502.4		1
502.5		1
502.6		1
502.7		1
502.8		1
502.9		1
503		1
503.1		1
503.2		1
503.3		1
503.4		1
503.5		1
503.6		1
503.7		1
503.8		1
503.9		1
504		1
504.1		1
504.2		1
504.3		1
504.4		1
504.5		1
504.6		1
504.7		1
504.8		1
504.9		1
505		1
505.1		1
505.2		1
505.3		1
505.4		1
505.5		1
505.6		1
505.7		1
505.8		1
505.9		1
506		1
506.1		1
506.2		1
506.3		1
506.4		1
506.5		1
506.6		1
506.7		1
506.8		1
506.9		1
507		1
507.1		1
507.2		1
507.3		1
507.4		1
507.5		1
507.6		1
507.7		1
507.8		1
507.9		1
508		1
508.1		1
508.2		1
508.3		1
508.4		1
508.5		1
508.6		1
508.7		1
508.8		1
508.9		1
509		1
509.1		1
509.2		1
509.3		1
509.4		1
509.5		1
509.6		1
509.7		1
509.8		1
509.9		1
510		1
510.1		1
510.2		1
510.3		1
510.4		1
510.5		1
510.6		1
510.7		1
510.8		1
510.9		1
511		1
511.1		1
511.2		1
511.3		1
511.4		1
511.5		1
511.6		1
511.7		1
511.8		1
511.9		1
512		1
512.1		1
512.2		1
512.3		1
512.4		1
512.5		1
512.6		1
512.7		1
512.8		1
512.9		1
513		1
513.1		1
513.2		1
513.3		1
513.4		1
513.5		1
513.6		1
513.7		1
513.8		1
513.9		1
514		1
514.1		1
514.2		1
514.3		1
514.4		1
514.5		1
514.6		1
514.7		1
514.8		1
514.9		1
515		1
515.1		1
515.2		1
515.3		1
515.4		1
515.5		1
515.6		1
515.7		1
515.8		1
515.9		1
516		1
516.1		1
516.2		1
516.3		1
516.4		1
516.5		1
516.6		1
516.7		1
516.8		1
516.9		1
517		1
517.1		1
517.2		1
517.3		1
517.4		1
517.5		1
517.6		1
517.7		1
517.8		1
517.9		1
518		1
518.1		1
518.2		1
518.3		1
518.4		1
518.5		1
518.6		1
518.7		1
518.8		1
518.9		1
519		1
519.1		1
519.2		1
519.3		1
519.4		1
519.5		1
519.6		1
519.7		1
519.8		1
519.9		1
520		1
520.1		1
520.2		1
520.3		1
520.4		1
520.5		1
520.6		1
520.7		1
520.8		1
520.9		1
521		1
521.1		1
521.2		1
521.3		1
521.4		1
521.5		1
521.6		1
521.7		1
521.8		1
521.9		1
522		1
522.1		1
522.2		1
522.3		1
522.4		1
522.5		1
522.6		1
522.7		1
522.8		1
522.9		1
523		1
523.1		1
523.2		1
523.3		1
523.4		1
523.5		1
523.6		1
523.7		1
523.8		1
523.9		1
524		1
524.1		1
524.2		1
524.3		1
524.4		1
524.5		1
524.6		1
524.7		1
524.8		1
524.9		1
525		1
525.1		1
525.2		1
525.3		1
525.4		1
525.5		1
525.6		1
525.7		1
525.8		1
525.9		1
526		1
526.1		1
526.2		1
526.3		1
526.4		1
526.5		1
526.6		1
526.7		1
526.8		1
526.9		1
527		1
527.1		1
527.2		1
527.3		1
527.4		1
527.5		1
527.6		1
527.7		1
527.8		1
527.9		1
528		1
528.1		1
528.2		1
528.3		1
528.4		1
528.5		1
528.6		1
528.7		1
528.8		1
528.9		1
529		1
529.1		1
529.2		1
529.3		1
529.4		1
529.5		1
529.6		1
529.7		1
529.8		1
529.9		1
530		1
530.1		1
530.2		1
530.3		1
530.4		1
530.5		1
530.6		1
530.7		1
530.8		1
530.9		1
531		1
531.1		1
531.2		1
531.3		1
531.4		1
531.5		1
531.6		1
531.7		1
531.8		1
531.9		1
532		1
532.1		1
532.2		1
532.3		1
532.4		1
532.5		1
532.6		1
532.7		1
532.8		1
532.9		1
533		1
533.1		1
533.2		1
533.3		1
533.4		1
533.5		1
533.6		1
533.7		1
533.8		1
533.9		1
534		1
534.1		1
534.2		1
534.3		1
534.4		1
534.5		1
534.6		1
534.7		1
534.8		1
534.9		1
535		1
535.1		1
535.2		1
535.3		1
535.4		1
535.5		1
535.6		1
535.7		1
535.8		1
535.9		1
536		1
536.1		1
536.2		1
536.3		1
536.4		1
536.5		1
536.6		1
536.7		1
536.8		1
536.9		1
537		1
537.1		1
537.2		1
537.3		1
537.4		1
537.5		1
537.6		1
537.7		1
537.8		1
537.9		1
538		1
538.1		1
538.2		1
538.3		1
538.4		1
538.5		1
538.6		1
538.7		1
538.8		1
538.9		1
539		1
539.1		1
539.2		1
539.3		1
539.4		1
539.5		1
539.6		1
539.7		1
539.8		1
539.9		1
540		1
540.1		1
540.2		1
540.3		1
540.4		1
540.5		1
540.6		1
540.7		1
540.8		1
540.9		1
541		1
541.1		1
541.2		1
541.3		1
541.4		1
541.5		1
541.6		1
541.7		1
541.8		1
541.9		1
542		1
542.1		1
542.2		1
542.3		1
542.4		1
542.5		1
542.6		1
542.7		1
542.8		1
542.9		1
543		1
543.1		1
543.2		1
543.3		1
543.4		1
543.5		1
543.6		1
543.7		1
543.8		1
543.9		1
544		1
544.1		1
544.2		1
544.3		1
544.4		1
544.5		1
544.6		1
544.7		1
544.8		1
544.9		1
545		1
545.1		1
545.2		1
545.3		1
545.4		1
545.5		1
545.6		1
545.7		1
545.8		1
545.9		1
546		1
546.1		1
546.2		1
546.3		1
546.4		1
546.5		1
546.6		1
546.7		1
546.8		1
546.9		1
547		1
547.1		1
547.2		1
547.3		1
547.4		1
547.5		1
547.6		1
547.7		1
547.8		1
547.9		1
548		1
548.1		1
548.2		1
548.3		1
548.4		1
548.5		1
548.6		1
548.7		1
548.8		1
548.9		1
549		1
549.1		1
549.2		1
549.3		1
549.4		1
549.5		1
549.6		1
549.7		1
549.8		1
549.9		1
550		1
550.1		1
550.2		1
550.3		1
550.4		1
550.5		1
550.6		1
550.7		1
550.8		1
550.9		1
551		1
551.1		1
551.2		1
551.3		1
551.4		1
551.5		1
551.6		1
551.7		1
551.8		1
551.9		1
552		1
552.1		1
552.2		1
552.3		1
552.4		1
552.5		1
552.6		1
552.7		1
552.8		1
552.9		1
553		1
553.1		1
553.2		1
553.3		1
553.4		1
553.5		1
553.6		1
553.7		1
553.8		1
553.9		1
554		1
554.1		1
554.2		1
554.3		1
554.4		1
554.5		1
554.6		1
554.7		1
554.8		1
554.9		1
555		1
555.1		1
555.2		1
555.3		1
555.4		1
555.5		1
555.6		1
555.7		1
555.8		1
555.9		1
556		1
556.1		1
556.2		1
556.3		1
556.4		1
556.5		1
556.6		1
556.7		1
556.8		1
556.9		1
557		1
557.1		1
557.2		1
557.3		1
557.4		1
557.5		1
557.6		1
557.7		1
557.8		1
557.9		1
558		1
558.1		1
558.2		1
558.3		1
558.4		1
558.5		1
558.6		1
558.7		1
558.8		1
558.9		1
559		1
559.1		1
559.2		1
559.3		1
559.4		1
559.5		1
559.6		1
559.7		1
559.8		1
559.9		1
560		1
560.1		1
560.2		1
560.3		1
560.4		1
560.5		1
560.6		1
560.7		1
560.8		1
560.9		1
561		1
561.1		1
561.2		1
561.3		1
561.4		1
561.5		1
561.6		1
561.7		1
561.8		1
561.9		1
562		1
562.1		1
562.2		1
562.3		1
562.4		1
562.5		1
562.6		1
562.7		1
562.8		1
562.9		1
563		1
563.1		1
563.2		1
563.3		1
563.4		1
563.5		1
563.6		1
563.7		1
563.8		1
563.9		1
564		1
564.1		1
564.2		1
564.3		1
564.4		1
564.5		1
564.6		1
564.7		1
564.8		1
564.9		1
565		1
565.1		1
565.2		1
565.3		1
565.4		1
565.5		1
565.6		1
565.7		1
565.8		1
565.9		1
566		1
566.1		1
566.2		1
566.3		1
566.4		1
566.5		1
566.6		1
566.7		1
566.8		1
566.9		1
567		1
567.1		1
567.2		1
567.3		1
567.4		1
567.5		1
567.6		1
567.7		1
567.8		1
567.9		1
568		1
568.1		1
568.2		1
568.3		1
568.4		1
568.5		1
568.6		1
568.7		1
568.8		1
568.9		1
569		1
569.1		1
569.2		1
569.3		1
569.4		1
569.5		1
569.6		1
569.7		1
569.8		1
569.9		1
570		1
570.1		1
570.2		1
570.3		1
570.4		1
570.5		1
570.6		1
570.7		1
570.8		1
570.9		1
571		1
571.1		1
571.2		1
571.3		1
571.4		1
571.5		1
571.6		1
571.7		1
571.8		1
571.9		1
572		1
572.1		1
572.2		1
572.3		1
572.4		1
572.5		1
572.6		1
572.7		1
572.8		1
572.9		1
573		1
573.1		1
573.2		1
573.3		1
573.4		1
573.5		1
573.6		1
573.7		1
573.8		1
573.9		1
574		1
574.1		1
574.2		1
574.3		1
574.4		1
574.5		1
574.6		1
574.7		1
574.8		1
574.9		1
575		1
575.1		1
575.2		1
575.3		1
575.4		1
575.5		1
575.6		1
575.7		1
575.8		1
575.9		1
576		1
576.1		1
576.2		1
576.3		1
576.4		1
576.5		1
576.6		1
576.7		1
576.8		1
576.9		1
577		1
577.1		1
577.2		1
577.3		1
577.4		1
577.5		1
577.6		1
577.7		1
577.8		1
577.9		1
578		1
578.1		1
578.2		1
578.3		1
578.4		1
578.5		1
578.6		1
578.7		1
578.8		1
578.9		1
579		1
579.1		1
579.2		1
579.3		1
579.4		1
579.5		1
579.6		1
579.7		1
579.8		1
579.9		1
580		1
580.1		1
580.2		1
580.3		1
580.4		1
580.5		1
580.6		1
580.7		1
580.8		1
580.9		1
581		1
581.1		1
581.2		1
581.3		1
581.4		1
581.5		1
581.6		1
581.7		1
581.8		1
581.9		1
582		1
582.1		1
582.2		1
582.3		1
582.4		1
582.5		1
582.6		1
582.7		1
582.8		1
582.9		1
583		1
583.1		1
583.2		1
583.3		1
583.4		1
583.5		1
583.6		1
583.7		1
583.8		1
583.9		1
584		1
584.1		1
584.2		1
584.3		1
584.4		1
584.5		1
584.6		1
584.7		1
584.8		1
584.9		1
585		1
585.1		1
585.2		1
585.3		1
585.4		1
585.5		1
585.6		1
585.7		1
585.8		1
585.9		1
586		1
586.1		1
586.2		1
586.3		1
586.4		1
586.5		1
586.6		1
586.7		1
586.8		1
586.9		1
587		1
587.1		1
587.2		1
587.3		1
587.4		1
587.5		1
587.6		1
587.7		1
587.8		1
587.9		1
588		1
588.1		1
588.2		1
588.3		1
588.4		1
588.5		1
588.6		1
588.7		1
588.8		1
588.9		1
589		1
589.1		1
589.2		1
589.3		1
589.4		1
589.5		1
589.6		1
589.7		1
589.8		1
589.9		1
590		1
590.1		1
590.2		1
590.3		1
590.4		1
590.5		1
590.6		1
590.7		1
590.8		1
590.9		1
591		1
591.1		1
591.2		1
591.3		1
591.4		1
591.5		1
591.6		1
591.7		1
591.8		1
591.9		1
592		1
592.1		1
592.2		1
592.3		1
592.4		1
592.5		1
592.6		1
592.7		1
592.8		1
592.9		1
593		1
593.1		1
593.2		1
593.3		1
593.4		1
593.5		1
593.6		1
593.7		1
593.8		1
593.9		1
594		1
594.1		1
594.2		1
594.3		1
594.4		1
594.5		1
594.6		1
594.7		1
594.8		1
594.9		1
595		1
595.1		1
595.2		1
595.3		1
595.4		1
595.5		1
595.6		1
595.7		1
595.8		1
595.9		1
596		1
596.1		1
596.2		1
596.3		1
596.4		1
596.5		1
596.6		1
596.7		1
596.8		1
596.9		1
597		1
597.1		1
597.2		1
597.3		1
597.4		1
597.5		1
597.6		1
597.7		1
597.8		1
597.9		1
598		1
598.1		1
598.2		1
598.3		1
598.4		1
598.5		1
598.6		1
598.7		1
598.8		1
598.9		1
599		1
599.1		1
599.2		1
599.3		1
599.4		1
599.5		1
599.6		1
599.7		1
599.8		1
599.9		1
600		1
