# Calibration file of tamex_id 1 @ channel 13
# fine_T bin		 Calibration value
0.1		0
0.2		0
0.3		0
0.4		0
0.5		0
0.6		0
0.7		0
0.8		0
0.9		0
1		0
1.1		0
1.2		0
1.3		0
1.4		0
1.5		0
1.6		0
1.7		0
1.8		0
1.9		0
2		0
2.1		0
2.2		0
2.3		0
2.4		0
2.5		0
2.6		0
2.7		0
2.8		0
2.9		0
3		0
3.1		0
3.2		0
3.3		0
3.4		0
3.5		0
3.6		0
3.7		0
3.8		0
3.9		0
4		0
4.1		0
4.2		0
4.3		0
4.4		0
4.5		0
4.6		0
4.7		0
4.8		0
4.9		0
5		0
5.1		0
5.2		0
5.3		0
5.4		0
5.5		0
5.6		0
5.7		0
5.8		0
5.9		0
6		0
6.1		0
6.2		0
6.3		0
6.4		0
6.5		0
6.6		0
6.7		0
6.8		0
6.9		0
7		0
7.1		0
7.2		0
7.3		0
7.4		0
7.5		0
7.6		0
7.7		0
7.8		0
7.9		0
8		0
8.1		0
8.2		0
8.3		0
8.4		0
8.5		0
8.6		0
8.7		0
8.8		0
8.9		0
9		0
9.1		0
9.2		0
9.3		0
9.4		0
9.5		0
9.6		0
9.7		0
9.8		0
9.9		0
10		0
10.1		0
10.2		0
10.3		0
10.4		0
10.5		0
10.6		0
10.7		0
10.8		0
10.9		0
11		0
11.1		0
11.2		0
11.3		0
11.4		0
11.5		0
11.6		0
11.7		0
11.8		0
11.9		0
12		0
12.1		0
12.2		0
12.3		0
12.4		0
12.5		0
12.6		0
12.7		0
12.8		0
12.9		0
13		0
13.1		0
13.2		0
13.3		0
13.4		0
13.5		0
13.6		0
13.7		0
13.8		0
13.9		0
14		0
14.1		0
14.2		0
14.3		0
14.4		0
14.5		0
14.6		0
14.7		0
14.8		0
14.9		0
15		0
15.1		0
15.2		0
15.3		0
15.4		0
15.5		0
15.6		0
15.7		0
15.8		0
15.9		0
16		0
16.1		0.000195416
16.2		0.000195416
16.3		0.000195416
16.4		0.000195416
16.5		0.000195416
16.6		0.000195416
16.7		0.000195416
16.8		0.000195416
16.9		0.000195416
17		0.000195416
17.1		0.00711543
17.2		0.00711543
17.3		0.00711543
17.4		0.00711543
17.5		0.00711543
17.6		0.00711543
17.7		0.00711543
17.8		0.00711543
17.9		0.00711543
18		0.00711543
18.1		0.0081155
18.2		0.0081155
18.3		0.0081155
18.4		0.0081155
18.5		0.0081155
18.6		0.0081155
18.7		0.0081155
18.8		0.0081155
18.9		0.0081155
19		0.0081155
19.1		0.00855231
19.2		0.00855231
19.3		0.00855231
19.4		0.00855231
19.5		0.00855231
19.6		0.00855231
19.7		0.00855231
19.8		0.00855231
19.9		0.00855231
20		0.00855231
20.1		0.0142309
20.2		0.0142309
20.3		0.0142309
20.4		0.0142309
20.5		0.0142309
20.6		0.0142309
20.7		0.0142309
20.8		0.0142309
20.9		0.0142309
21		0.0142309
21.1		0.0182196
21.2		0.0182196
21.3		0.0182196
21.4		0.0182196
21.5		0.0182196
21.6		0.0182196
21.7		0.0182196
21.8		0.0182196
21.9		0.0182196
22		0.0182196
22.1		0.0183576
22.2		0.0183576
22.3		0.0183576
22.4		0.0183576
22.5		0.0183576
22.6		0.0183576
22.7		0.0183576
22.8		0.0183576
22.9		0.0183576
23		0.0183576
23.1		0.0194266
23.2		0.0194266
23.3		0.0194266
23.4		0.0194266
23.5		0.0194266
23.6		0.0194266
23.7		0.0194266
23.8		0.0194266
23.9		0.0194266
24		0.0194266
24.1		0.0210589
24.2		0.0210589
24.3		0.0210589
24.4		0.0210589
24.5		0.0210589
24.6		0.0210589
24.7		0.0210589
24.8		0.0210589
24.9		0.0210589
25		0.0210589
25.1		0.025519
25.2		0.025519
25.3		0.025519
25.4		0.025519
25.5		0.025519
25.6		0.025519
25.7		0.025519
25.8		0.025519
25.9		0.025519
26		0.025519
26.1		0.027795
26.2		0.027795
26.3		0.027795
26.4		0.027795
26.5		0.027795
26.6		0.027795
26.7		0.027795
26.8		0.027795
26.9		0.027795
27		0.027795
27.1		0.0281054
27.2		0.0281054
27.3		0.0281054
27.4		0.0281054
27.5		0.0281054
27.6		0.0281054
27.7		0.0281054
27.8		0.0281054
27.9		0.0281054
28		0.0281054
28.1		0.030163
28.2		0.030163
28.3		0.030163
28.4		0.030163
28.5		0.030163
28.6		0.030163
28.7		0.030163
28.8		0.030163
28.9		0.030163
29		0.030163
29.1		0.03137
29.2		0.03137
29.3		0.03137
29.4		0.03137
29.5		0.03137
29.6		0.03137
29.7		0.03137
29.8		0.03137
29.9		0.03137
30		0.03137
30.1		0.0330712
30.2		0.0330712
30.3		0.0330712
30.4		0.0330712
30.5		0.0330712
30.6		0.0330712
30.7		0.0330712
30.8		0.0330712
30.9		0.0330712
31		0.0330712
31.1		0.0354852
31.2		0.0354852
31.3		0.0354852
31.4		0.0354852
31.5		0.0354852
31.6		0.0354852
31.7		0.0354852
31.8		0.0354852
31.9		0.0354852
32		0.0354852
32.1		0.0360255
32.2		0.0360255
32.3		0.0360255
32.4		0.0360255
32.5		0.0360255
32.6		0.0360255
32.7		0.0360255
32.8		0.0360255
32.9		0.0360255
33		0.0360255
33.1		0.0375313
33.2		0.0375313
33.3		0.0375313
33.4		0.0375313
33.5		0.0375313
33.6		0.0375313
33.7		0.0375313
33.8		0.0375313
33.9		0.0375313
34		0.0375313
34.1		0.0415776
34.2		0.0415776
34.3		0.0415776
34.4		0.0415776
34.5		0.0415776
34.6		0.0415776
34.7		0.0415776
34.8		0.0415776
34.9		0.0415776
35		0.0415776
35.1		0.0429455
35.2		0.0429455
35.3		0.0429455
35.4		0.0429455
35.5		0.0429455
35.6		0.0429455
35.7		0.0429455
35.8		0.0429455
35.9		0.0429455
36		0.0429455
36.1		0.0460606
36.2		0.0460606
36.3		0.0460606
36.4		0.0460606
36.5		0.0460606
36.6		0.0460606
36.7		0.0460606
36.8		0.0460606
36.9		0.0460606
37		0.0460606
37.1		0.0476814
37.2		0.0476814
37.3		0.0476814
37.4		0.0476814
37.5		0.0476814
37.6		0.0476814
37.7		0.0476814
37.8		0.0476814
37.9		0.0476814
38		0.0476814
38.1		0.0489919
38.2		0.0489919
38.3		0.0489919
38.4		0.0489919
38.5		0.0489919
38.6		0.0489919
38.7		0.0489919
38.8		0.0489919
38.9		0.0489919
39		0.0489919
39.1		0.0515783
39.2		0.0515783
39.3		0.0515783
39.4		0.0515783
39.5		0.0515783
39.6		0.0515783
39.7		0.0515783
39.8		0.0515783
39.9		0.0515783
40		0.0515783
40.1		0.0541302
40.2		0.0541302
40.3		0.0541302
40.4		0.0541302
40.5		0.0541302
40.6		0.0541302
40.7		0.0541302
40.8		0.0541302
40.9		0.0541302
41		0.0541302
41.1		0.0554521
41.2		0.0554521
41.3		0.0554521
41.4		0.0554521
41.5		0.0554521
41.6		0.0554521
41.7		0.0554521
41.8		0.0554521
41.9		0.0554521
42		0.0554521
42.1		0.0585328
42.2		0.0585328
42.3		0.0585328
42.4		0.0585328
42.5		0.0585328
42.6		0.0585328
42.7		0.0585328
42.8		0.0585328
42.9		0.0585328
43		0.0585328
43.1		0.0594524
43.2		0.0594524
43.3		0.0594524
43.4		0.0594524
43.5		0.0594524
43.6		0.0594524
43.7		0.0594524
43.8		0.0594524
43.9		0.0594524
44		0.0594524
44.1		0.0600386
44.2		0.0600386
44.3		0.0600386
44.4		0.0600386
44.5		0.0600386
44.6		0.0600386
44.7		0.0600386
44.8		0.0600386
44.9		0.0600386
45		0.0600386
45.1		0.0620043
45.2		0.0620043
45.3		0.0620043
45.4		0.0620043
45.5		0.0620043
45.6		0.0620043
45.7		0.0620043
45.8		0.0620043
45.9		0.0620043
46		0.0620043
46.1		0.0684875
46.2		0.0684875
46.3		0.0684875
46.4		0.0684875
46.5		0.0684875
46.6		0.0684875
46.7		0.0684875
46.8		0.0684875
46.9		0.0684875
47		0.0684875
47.1		0.0686254
47.2		0.0686254
47.3		0.0686254
47.4		0.0686254
47.5		0.0686254
47.6		0.0686254
47.7		0.0686254
47.8		0.0686254
47.9		0.0686254
48		0.0686254
48.1		0.0699244
48.2		0.0699244
48.3		0.0699244
48.4		0.0699244
48.5		0.0699244
48.6		0.0699244
48.7		0.0699244
48.8		0.0699244
48.9		0.0699244
49		0.0699244
49.1		0.071936
49.2		0.071936
49.3		0.071936
49.4		0.071936
49.5		0.071936
49.6		0.071936
49.7		0.071936
49.8		0.071936
49.9		0.071936
50		0.071936
50.1		0.0729016
50.2		0.0729016
50.3		0.0729016
50.4		0.0729016
50.5		0.0729016
50.6		0.0729016
50.7		0.0729016
50.8		0.0729016
50.9		0.0729016
51		0.0729016
51.1		0.0737522
51.2		0.0737522
51.3		0.0737522
51.4		0.0737522
51.5		0.0737522
51.6		0.0737522
51.7		0.0737522
51.8		0.0737522
51.9		0.0737522
52		0.0737522
52.1		0.0780743
52.2		0.0780743
52.3		0.0780743
52.4		0.0780743
52.5		0.0780743
52.6		0.0780743
52.7		0.0780743
52.8		0.0780743
52.9		0.0780743
53		0.0780743
53.1		0.0786261
53.2		0.0786261
53.3		0.0786261
53.4		0.0786261
53.5		0.0786261
53.6		0.0786261
53.7		0.0786261
53.8		0.0786261
53.9		0.0786261
54		0.0786261
54.1		0.0806148
54.2		0.0806148
54.3		0.0806148
54.4		0.0806148
54.5		0.0806148
54.6		0.0806148
54.7		0.0806148
54.8		0.0806148
54.9		0.0806148
55		0.0806148
55.1		0.0838104
55.2		0.0838104
55.3		0.0838104
55.4		0.0838104
55.5		0.0838104
55.6		0.0838104
55.7		0.0838104
55.8		0.0838104
55.9		0.0838104
56		0.0838104
56.1		0.0839943
56.2		0.0839943
56.3		0.0839943
56.4		0.0839943
56.5		0.0839943
56.6		0.0839943
56.7		0.0839943
56.8		0.0839943
56.9		0.0839943
57		0.0839943
57.1		0.0860519
57.2		0.0860519
57.3		0.0860519
57.4		0.0860519
57.5		0.0860519
57.6		0.0860519
57.7		0.0860519
57.8		0.0860519
57.9		0.0860519
58		0.0860519
58.1		0.0904545
58.2		0.0904545
58.3		0.0904545
58.4		0.0904545
58.5		0.0904545
58.6		0.0904545
58.7		0.0904545
58.8		0.0904545
58.9		0.0904545
59		0.0904545
59.1		0.0918569
59.2		0.0918569
59.3		0.0918569
59.4		0.0918569
59.5		0.0918569
59.6		0.0918569
59.7		0.0918569
59.8		0.0918569
59.9		0.0918569
60		0.0918569
60.1		0.0937881
60.2		0.0937881
60.3		0.0937881
60.4		0.0937881
60.5		0.0937881
60.6		0.0937881
60.7		0.0937881
60.8		0.0937881
60.9		0.0937881
61		0.0937881
61.1		0.0952594
61.2		0.0952594
61.3		0.0952594
61.4		0.0952594
61.5		0.0952594
61.6		0.0952594
61.7		0.0952594
61.8		0.0952594
61.9		0.0952594
62		0.0952594
62.1		0.0977424
62.2		0.0977424
62.3		0.0977424
62.4		0.0977424
62.5		0.0977424
62.6		0.0977424
62.7		0.0977424
62.8		0.0977424
62.9		0.0977424
63		0.0977424
63.1		0.099662
63.2		0.099662
63.3		0.099662
63.4		0.099662
63.5		0.099662
63.6		0.099662
63.7		0.099662
63.8		0.099662
63.9		0.099662
64		0.099662
64.1		0.100858
64.2		0.100858
64.3		0.100858
64.4		0.100858
64.5		0.100858
64.6		0.100858
64.7		0.100858
64.8		0.100858
64.9		0.100858
65		0.100858
65.1		0.103455
65.2		0.103455
65.3		0.103455
65.4		0.103455
65.5		0.103455
65.6		0.103455
65.7		0.103455
65.8		0.103455
65.9		0.103455
66		0.103455
66.1		0.104421
66.2		0.104421
66.3		0.104421
66.4		0.104421
66.5		0.104421
66.6		0.104421
66.7		0.104421
66.8		0.104421
66.9		0.104421
67		0.104421
67.1		0.106364
67.2		0.106364
67.3		0.106364
67.4		0.106364
67.5		0.106364
67.6		0.106364
67.7		0.106364
67.8		0.106364
67.9		0.106364
68		0.106364
68.1		0.10826
68.2		0.10826
68.3		0.10826
68.4		0.10826
68.5		0.10826
68.6		0.10826
68.7		0.10826
68.8		0.10826
68.9		0.10826
69		0.10826
69.1		0.110019
69.2		0.110019
69.3		0.110019
69.4		0.110019
69.5		0.110019
69.6		0.110019
69.7		0.110019
69.8		0.110019
69.9		0.110019
70		0.110019
70.1		0.110421
70.2		0.110421
70.3		0.110421
70.4		0.110421
70.5		0.110421
70.6		0.110421
70.7		0.110421
70.8		0.110421
70.9		0.110421
71		0.110421
71.1		0.111628
71.2		0.111628
71.3		0.111628
71.4		0.111628
71.5		0.111628
71.6		0.111628
71.7		0.111628
71.8		0.111628
71.9		0.111628
72		0.111628
72.1		0.116399
72.2		0.116399
72.3		0.116399
72.4		0.116399
72.5		0.116399
72.6		0.116399
72.7		0.116399
72.8		0.116399
72.9		0.116399
73		0.116399
73.1		0.11964
73.2		0.11964
73.3		0.11964
73.4		0.11964
73.5		0.11964
73.6		0.11964
73.7		0.11964
73.8		0.11964
73.9		0.11964
74		0.11964
74.1		0.120319
74.2		0.120319
74.3		0.120319
74.4		0.120319
74.5		0.120319
74.6		0.120319
74.7		0.120319
74.8		0.120319
74.9		0.120319
75		0.120319
75.1		0.121549
75.2		0.121549
75.3		0.121549
75.4		0.121549
75.5		0.121549
75.6		0.121549
75.7		0.121549
75.8		0.121549
75.9		0.121549
76		0.121549
76.1		0.124411
76.2		0.124411
76.3		0.124411
76.4		0.124411
76.5		0.124411
76.6		0.124411
76.7		0.124411
76.8		0.124411
76.9		0.124411
77		0.124411
77.1		0.125871
77.2		0.125871
77.3		0.125871
77.4		0.125871
77.5		0.125871
77.6		0.125871
77.7		0.125871
77.8		0.125871
77.9		0.125871
78		0.125871
78.1		0.126664
78.2		0.126664
78.3		0.126664
78.4		0.126664
78.5		0.126664
78.6		0.126664
78.7		0.126664
78.8		0.126664
78.9		0.126664
79		0.126664
79.1		0.130101
79.2		0.130101
79.3		0.130101
79.4		0.130101
79.5		0.130101
79.6		0.130101
79.7		0.130101
79.8		0.130101
79.9		0.130101
80		0.130101
80.1		0.133389
80.2		0.133389
80.3		0.133389
80.4		0.133389
80.5		0.133389
80.6		0.133389
80.7		0.133389
80.8		0.133389
80.9		0.133389
81		0.133389
81.1		0.133423
81.2		0.133423
81.3		0.133423
81.4		0.133423
81.5		0.133423
81.6		0.133423
81.7		0.133423
81.8		0.133423
81.9		0.133423
82		0.133423
82.1		0.133618
82.2		0.133618
82.3		0.133618
82.4		0.133618
82.5		0.133618
82.6		0.133618
82.7		0.133618
82.8		0.133618
82.9		0.133618
83		0.133618
83.1		0.136665
83.2		0.136665
83.3		0.136665
83.4		0.136665
83.5		0.136665
83.6		0.136665
83.7		0.136665
83.8		0.136665
83.9		0.136665
84		0.136665
84.1		0.138918
84.2		0.138918
84.3		0.138918
84.4		0.138918
84.5		0.138918
84.6		0.138918
84.7		0.138918
84.8		0.138918
84.9		0.138918
85		0.138918
85.1		0.141148
85.2		0.141148
85.3		0.141148
85.4		0.141148
85.5		0.141148
85.6		0.141148
85.7		0.141148
85.8		0.141148
85.9		0.141148
86		0.141148
86.1		0.145332
86.2		0.145332
86.3		0.145332
86.4		0.145332
86.5		0.145332
86.6		0.145332
86.7		0.145332
86.8		0.145332
86.9		0.145332
87		0.145332
87.1		0.145527
87.2		0.145527
87.3		0.145527
87.4		0.145527
87.5		0.145527
87.6		0.145527
87.7		0.145527
87.8		0.145527
87.9		0.145527
88		0.145527
88.1		0.14593
88.2		0.14593
88.3		0.14593
88.4		0.14593
88.5		0.14593
88.6		0.14593
88.7		0.14593
88.8		0.14593
88.9		0.14593
89		0.14593
89.1		0.149769
89.2		0.149769
89.3		0.149769
89.4		0.149769
89.5		0.149769
89.6		0.149769
89.7		0.149769
89.8		0.149769
89.9		0.149769
90		0.149769
90.1		0.152344
90.2		0.152344
90.3		0.152344
90.4		0.152344
90.5		0.152344
90.6		0.152344
90.7		0.152344
90.8		0.152344
90.9		0.152344
91		0.152344
91.1		0.153137
91.2		0.153137
91.3		0.153137
91.4		0.153137
91.5		0.153137
91.6		0.153137
91.7		0.153137
91.8		0.153137
91.9		0.153137
92		0.153137
92.1		0.156448
92.2		0.156448
92.3		0.156448
92.4		0.156448
92.5		0.156448
92.6		0.156448
92.7		0.156448
92.8		0.156448
92.9		0.156448
93		0.156448
93.1		0.157804
93.2		0.157804
93.3		0.157804
93.4		0.157804
93.5		0.157804
93.6		0.157804
93.7		0.157804
93.8		0.157804
93.9		0.157804
94		0.157804
94.1		0.160862
94.2		0.160862
94.3		0.160862
94.4		0.160862
94.5		0.160862
94.6		0.160862
94.7		0.160862
94.8		0.160862
94.9		0.160862
95		0.160862
95.1		0.162597
95.2		0.162597
95.3		0.162597
95.4		0.162597
95.5		0.162597
95.6		0.162597
95.7		0.162597
95.8		0.162597
95.9		0.162597
96		0.162597
96.1		0.163529
96.2		0.163529
96.3		0.163529
96.4		0.163529
96.5		0.163529
96.6		0.163529
96.7		0.163529
96.8		0.163529
96.9		0.163529
97		0.163529
97.1		0.164356
97.2		0.164356
97.3		0.164356
97.4		0.164356
97.5		0.164356
97.6		0.164356
97.7		0.164356
97.8		0.164356
97.9		0.164356
98		0.164356
98.1		0.170035
98.2		0.170035
98.3		0.170035
98.4		0.170035
98.5		0.170035
98.6		0.170035
98.7		0.170035
98.8		0.170035
98.9		0.170035
99		0.170035
99.1		0.17046
99.2		0.17046
99.3		0.17046
99.4		0.17046
99.5		0.17046
99.6		0.17046
99.7		0.17046
99.8		0.17046
99.9		0.17046
100		0.17046
100.1		0.171805
100.2		0.171805
100.3		0.171805
100.4		0.171805
100.5		0.171805
100.6		0.171805
100.7		0.171805
100.8		0.171805
100.9		0.171805
101		0.171805
101.1		0.173322
101.2		0.173322
101.3		0.173322
101.4		0.173322
101.5		0.173322
101.6		0.173322
101.7		0.173322
101.8		0.173322
101.9		0.173322
102		0.173322
102.1		0.178162
102.2		0.178162
102.3		0.178162
102.4		0.178162
102.5		0.178162
102.6		0.178162
102.7		0.178162
102.8		0.178162
102.9		0.178162
103		0.178162
103.1		0.178805
103.2		0.178805
103.3		0.178805
103.4		0.178805
103.5		0.178805
103.6		0.178805
103.7		0.178805
103.8		0.178805
103.9		0.178805
104		0.178805
104.1		0.180932
104.2		0.180932
104.3		0.180932
104.4		0.180932
104.5		0.180932
104.6		0.180932
104.7		0.180932
104.8		0.180932
104.9		0.180932
105		0.180932
105.1		0.183346
105.2		0.183346
105.3		0.183346
105.4		0.183346
105.5		0.183346
105.6		0.183346
105.7		0.183346
105.8		0.183346
105.9		0.183346
106		0.183346
106.1		0.184794
106.2		0.184794
106.3		0.184794
106.4		0.184794
106.5		0.184794
106.6		0.184794
106.7		0.184794
106.8		0.184794
106.9		0.184794
107		0.184794
107.1		0.185174
107.2		0.185174
107.3		0.185174
107.4		0.185174
107.5		0.185174
107.6		0.185174
107.7		0.185174
107.8		0.185174
107.9		0.185174
108		0.185174
108.1		0.188634
108.2		0.188634
108.3		0.188634
108.4		0.188634
108.5		0.188634
108.6		0.188634
108.7		0.188634
108.8		0.188634
108.9		0.188634
109		0.188634
109.1		0.1893
109.2		0.1893
109.3		0.1893
109.4		0.1893
109.5		0.1893
109.6		0.1893
109.7		0.1893
109.8		0.1893
109.9		0.1893
110		0.1893
110.1		0.194956
110.2		0.194956
110.3		0.194956
110.4		0.194956
110.5		0.194956
110.6		0.194956
110.7		0.194956
110.8		0.194956
110.9		0.194956
111		0.194956
111.1		0.195324
111.2		0.195324
111.3		0.195324
111.4		0.195324
111.5		0.195324
111.6		0.195324
111.7		0.195324
111.8		0.195324
111.9		0.195324
112		0.195324
112.1		0.196094
112.2		0.196094
112.3		0.196094
112.4		0.196094
112.5		0.196094
112.6		0.196094
112.7		0.196094
112.8		0.196094
112.9		0.196094
113		0.196094
113.1		0.196818
113.2		0.196818
113.3		0.196818
113.4		0.196818
113.5		0.196818
113.6		0.196818
113.7		0.196818
113.8		0.196818
113.9		0.196818
114		0.196818
114.1		0.199117
114.2		0.199117
114.3		0.199117
114.4		0.199117
114.5		0.199117
114.6		0.199117
114.7		0.199117
114.8		0.199117
114.9		0.199117
115		0.199117
115.1		0.204347
115.2		0.204347
115.3		0.204347
115.4		0.204347
115.5		0.204347
115.6		0.204347
115.7		0.204347
115.8		0.204347
115.9		0.204347
116		0.204347
116.1		0.206072
116.2		0.206072
116.3		0.206072
116.4		0.206072
116.5		0.206072
116.6		0.206072
116.7		0.206072
116.8		0.206072
116.9		0.206072
117		0.206072
117.1		0.206187
117.2		0.206187
117.3		0.206187
117.4		0.206187
117.5		0.206187
117.6		0.206187
117.7		0.206187
117.8		0.206187
117.9		0.206187
118		0.206187
118.1		0.209325
118.2		0.209325
118.3		0.209325
118.4		0.209325
118.5		0.209325
118.6		0.209325
118.7		0.209325
118.8		0.209325
118.9		0.209325
119		0.209325
119.1		0.210175
119.2		0.210175
119.3		0.210175
119.4		0.210175
119.5		0.210175
119.6		0.210175
119.7		0.210175
119.8		0.210175
119.9		0.210175
120		0.210175
120.1		0.210934
120.2		0.210934
120.3		0.210934
120.4		0.210934
120.5		0.210934
120.6		0.210934
120.7		0.210934
120.8		0.210934
120.9		0.210934
121		0.210934
121.1		0.213383
121.2		0.213383
121.3		0.213383
121.4		0.213383
121.5		0.213383
121.6		0.213383
121.7		0.213383
121.8		0.213383
121.9		0.213383
122		0.213383
122.1		0.214819
122.2		0.214819
122.3		0.214819
122.4		0.214819
122.5		0.214819
122.6		0.214819
122.7		0.214819
122.8		0.214819
122.9		0.214819
123		0.214819
123.1		0.219601
123.2		0.219601
123.3		0.219601
123.4		0.219601
123.5		0.219601
123.6		0.219601
123.7		0.219601
123.8		0.219601
123.9		0.219601
124		0.219601
124.1		0.219889
124.2		0.219889
124.3		0.219889
124.4		0.219889
124.5		0.219889
124.6		0.219889
124.7		0.219889
124.8		0.219889
124.9		0.219889
125		0.219889
125.1		0.22182
125.2		0.22182
125.3		0.22182
125.4		0.22182
125.5		0.22182
125.6		0.22182
125.7		0.22182
125.8		0.22182
125.9		0.22182
126		0.22182
126.1		0.22605
126.2		0.22605
126.3		0.22605
126.4		0.22605
126.5		0.22605
126.6		0.22605
126.7		0.22605
126.8		0.22605
126.9		0.22605
127		0.22605
127.1		0.226314
127.2		0.226314
127.3		0.226314
127.4		0.226314
127.5		0.226314
127.6		0.226314
127.7		0.226314
127.8		0.226314
127.9		0.226314
128		0.226314
128.1		0.228613
128.2		0.228613
128.3		0.228613
128.4		0.228613
128.5		0.228613
128.6		0.228613
128.7		0.228613
128.8		0.228613
128.9		0.228613
129		0.228613
129.1		0.230177
129.2		0.230177
129.3		0.230177
129.4		0.230177
129.5		0.230177
129.6		0.230177
129.7		0.230177
129.8		0.230177
129.9		0.230177
130		0.230177
130.1		0.230889
130.2		0.230889
130.3		0.230889
130.4		0.230889
130.5		0.230889
130.6		0.230889
130.7		0.230889
130.8		0.230889
130.9		0.230889
131		0.230889
131.1		0.234683
131.2		0.234683
131.3		0.234683
131.4		0.234683
131.5		0.234683
131.6		0.234683
131.7		0.234683
131.8		0.234683
131.9		0.234683
132		0.234683
132.1		0.236384
132.2		0.236384
132.3		0.236384
132.4		0.236384
132.5		0.236384
132.6		0.236384
132.7		0.236384
132.8		0.236384
132.9		0.236384
133		0.236384
133.1		0.236694
133.2		0.236694
133.3		0.236694
133.4		0.236694
133.5		0.236694
133.6		0.236694
133.7		0.236694
133.8		0.236694
133.9		0.236694
134		0.236694
134.1		0.239212
134.2		0.239212
134.3		0.239212
134.4		0.239212
134.5		0.239212
134.6		0.239212
134.7		0.239212
134.8		0.239212
134.9		0.239212
135		0.239212
135.1		0.240476
135.2		0.240476
135.3		0.240476
135.4		0.240476
135.5		0.240476
135.6		0.240476
135.7		0.240476
135.8		0.240476
135.9		0.240476
136		0.240476
136.1		0.245994
136.2		0.245994
136.3		0.245994
136.4		0.245994
136.5		0.245994
136.6		0.245994
136.7		0.245994
136.8		0.245994
136.9		0.245994
137		0.245994
137.1		0.247212
137.2		0.247212
137.3		0.247212
137.4		0.247212
137.5		0.247212
137.6		0.247212
137.7		0.247212
137.8		0.247212
137.9		0.247212
138		0.247212
138.1		0.247592
138.2		0.247592
138.3		0.247592
138.4		0.247592
138.5		0.247592
138.6		0.247592
138.7		0.247592
138.8		0.247592
138.9		0.247592
139		0.247592
139.1		0.248891
139.2		0.248891
139.3		0.248891
139.4		0.248891
139.5		0.248891
139.6		0.248891
139.7		0.248891
139.8		0.248891
139.9		0.248891
140		0.248891
140.1		0.253719
140.2		0.253719
140.3		0.253719
140.4		0.253719
140.5		0.253719
140.6		0.253719
140.7		0.253719
140.8		0.253719
140.9		0.253719
141		0.253719
141.1		0.254512
141.2		0.254512
141.3		0.254512
141.4		0.254512
141.5		0.254512
141.6		0.254512
141.7		0.254512
141.8		0.254512
141.9		0.254512
142		0.254512
142.1		0.25788
142.2		0.25788
142.3		0.25788
142.4		0.25788
142.5		0.25788
142.6		0.25788
142.7		0.25788
142.8		0.25788
142.9		0.25788
143		0.25788
143.1		0.259524
143.2		0.259524
143.3		0.259524
143.4		0.259524
143.5		0.259524
143.6		0.259524
143.7		0.259524
143.8		0.259524
143.9		0.259524
144		0.259524
144.1		0.260466
144.2		0.260466
144.3		0.260466
144.4		0.260466
144.5		0.260466
144.6		0.260466
144.7		0.260466
144.8		0.260466
144.9		0.260466
145		0.260466
145.1		0.263823
145.2		0.263823
145.3		0.263823
145.4		0.263823
145.5		0.263823
145.6		0.263823
145.7		0.263823
145.8		0.263823
145.9		0.263823
146		0.263823
146.1		0.264949
146.2		0.264949
146.3		0.264949
146.4		0.264949
146.5		0.264949
146.6		0.264949
146.7		0.264949
146.8		0.264949
146.9		0.264949
147		0.264949
147.1		0.265271
147.2		0.265271
147.3		0.265271
147.4		0.265271
147.5		0.265271
147.6		0.265271
147.7		0.265271
147.8		0.265271
147.9		0.265271
148		0.265271
148.1		0.271536
148.2		0.271536
148.3		0.271536
148.4		0.271536
148.5		0.271536
148.6		0.271536
148.7		0.271536
148.8		0.271536
148.9		0.271536
149		0.271536
149.1		0.271697
149.2		0.271697
149.3		0.271697
149.4		0.271697
149.5		0.271697
149.6		0.271697
149.7		0.271697
149.8		0.271697
149.9		0.271697
150		0.271697
150.1		0.271881
150.2		0.271881
150.3		0.271881
150.4		0.271881
150.5		0.271881
150.6		0.271881
150.7		0.271881
150.8		0.271881
150.9		0.271881
151		0.271881
151.1		0.276743
151.2		0.276743
151.3		0.276743
151.4		0.276743
151.5		0.276743
151.6		0.276743
151.7		0.276743
151.8		0.276743
151.9		0.276743
152		0.276743
152.1		0.278916
152.2		0.278916
152.3		0.278916
152.4		0.278916
152.5		0.278916
152.6		0.278916
152.7		0.278916
152.8		0.278916
152.9		0.278916
153		0.278916
153.1		0.281767
153.2		0.281767
153.3		0.281767
153.4		0.281767
153.5		0.281767
153.6		0.281767
153.7		0.281767
153.8		0.281767
153.9		0.281767
154		0.281767
154.1		0.282583
154.2		0.282583
154.3		0.282583
154.4		0.282583
154.5		0.282583
154.6		0.282583
154.7		0.282583
154.8		0.282583
154.9		0.282583
155		0.282583
155.1		0.282859
155.2		0.282859
155.3		0.282859
155.4		0.282859
155.5		0.282859
155.6		0.282859
155.7		0.282859
155.8		0.282859
155.9		0.282859
156		0.282859
156.1		0.286617
156.2		0.286617
156.3		0.286617
156.4		0.286617
156.5		0.286617
156.6		0.286617
156.7		0.286617
156.8		0.286617
156.9		0.286617
157		0.286617
157.1		0.2871
157.2		0.2871
157.3		0.2871
157.4		0.2871
157.5		0.2871
157.6		0.2871
157.7		0.2871
157.8		0.2871
157.9		0.2871
158		0.2871
158.1		0.287939
158.2		0.287939
158.3		0.287939
158.4		0.287939
158.5		0.287939
158.6		0.287939
158.7		0.287939
158.8		0.287939
158.9		0.287939
159		0.287939
159.1		0.292917
159.2		0.292917
159.3		0.292917
159.4		0.292917
159.5		0.292917
159.6		0.292917
159.7		0.292917
159.8		0.292917
159.9		0.292917
160		0.292917
160.1		0.295158
160.2		0.295158
160.3		0.295158
160.4		0.295158
160.5		0.295158
160.6		0.295158
160.7		0.295158
160.8		0.295158
160.9		0.295158
161		0.295158
161.1		0.295285
161.2		0.295285
161.3		0.295285
161.4		0.295285
161.5		0.295285
161.6		0.295285
161.7		0.295285
161.8		0.295285
161.9		0.295285
162		0.295285
162.1		0.300676
162.2		0.300676
162.3		0.300676
162.4		0.300676
162.5		0.300676
162.6		0.300676
162.7		0.300676
162.8		0.300676
162.9		0.300676
163		0.300676
163.1		0.301009
163.2		0.301009
163.3		0.301009
163.4		0.301009
163.5		0.301009
163.6		0.301009
163.7		0.301009
163.8		0.301009
163.9		0.301009
164		0.301009
164.1		0.30209
164.2		0.30209
164.3		0.30209
164.4		0.30209
164.5		0.30209
164.6		0.30209
164.7		0.30209
164.8		0.30209
164.9		0.30209
165		0.30209
165.1		0.306228
165.2		0.306228
165.3		0.306228
165.4		0.306228
165.5		0.306228
165.6		0.306228
165.7		0.306228
165.8		0.306228
165.9		0.306228
166		0.306228
166.1		0.307355
166.2		0.307355
166.3		0.307355
166.4		0.307355
166.5		0.307355
166.6		0.307355
166.7		0.307355
166.8		0.307355
166.9		0.307355
167		0.307355
167.1		0.307711
167.2		0.307711
167.3		0.307711
167.4		0.307711
167.5		0.307711
167.6		0.307711
167.7		0.307711
167.8		0.307711
167.9		0.307711
168		0.307711
168.1		0.309309
168.2		0.309309
168.3		0.309309
168.4		0.309309
168.5		0.309309
168.6		0.309309
168.7		0.309309
168.8		0.309309
168.9		0.309309
169		0.309309
169.1		0.312539
169.2		0.312539
169.3		0.312539
169.4		0.312539
169.5		0.312539
169.6		0.312539
169.7		0.312539
169.8		0.312539
169.9		0.312539
170		0.312539
170.1		0.313665
170.2		0.313665
170.3		0.313665
170.4		0.313665
170.5		0.313665
170.6		0.313665
170.7		0.313665
170.8		0.313665
170.9		0.313665
171		0.313665
171.1		0.317206
171.2		0.317206
171.3		0.317206
171.4		0.317206
171.5		0.317206
171.6		0.317206
171.7		0.317206
171.8		0.317206
171.9		0.317206
172		0.317206
172.1		0.318148
172.2		0.318148
172.3		0.318148
172.4		0.318148
172.5		0.318148
172.6		0.318148
172.7		0.318148
172.8		0.318148
172.9		0.318148
173		0.318148
173.1		0.320447
173.2		0.320447
173.3		0.320447
173.4		0.320447
173.5		0.320447
173.6		0.320447
173.7		0.320447
173.8		0.320447
173.9		0.320447
174		0.320447
174.1		0.321631
174.2		0.321631
174.3		0.321631
174.4		0.321631
174.5		0.321631
174.6		0.321631
174.7		0.321631
174.8		0.321631
174.9		0.321631
175		0.321631
175.1		0.324402
175.2		0.324402
175.3		0.324402
175.4		0.324402
175.5		0.324402
175.6		0.324402
175.7		0.324402
175.8		0.324402
175.9		0.324402
176		0.324402
176.1		0.327701
176.2		0.327701
176.3		0.327701
176.4		0.327701
176.5		0.327701
176.6		0.327701
176.7		0.327701
176.8		0.327701
176.9		0.327701
177		0.327701
177.1		0.327988
177.2		0.327988
177.3		0.327988
177.4		0.327988
177.5		0.327988
177.6		0.327988
177.7		0.327988
177.8		0.327988
177.9		0.327988
178		0.327988
178.1		0.331701
178.2		0.331701
178.3		0.331701
178.4		0.331701
178.5		0.331701
178.6		0.331701
178.7		0.331701
178.8		0.331701
178.9		0.331701
179		0.331701
179.1		0.332506
179.2		0.332506
179.3		0.332506
179.4		0.332506
179.5		0.332506
179.6		0.332506
179.7		0.332506
179.8		0.332506
179.9		0.332506
180		0.332506
180.1		0.333759
180.2		0.333759
180.3		0.333759
180.4		0.333759
180.5		0.333759
180.6		0.333759
180.7		0.333759
180.8		0.333759
180.9		0.333759
181		0.333759
181.1		0.338357
181.2		0.338357
181.3		0.338357
181.4		0.338357
181.5		0.338357
181.6		0.338357
181.7		0.338357
181.8		0.338357
181.9		0.338357
182		0.338357
182.1		0.340334
182.2		0.340334
182.3		0.340334
182.4		0.340334
182.5		0.340334
182.6		0.340334
182.7		0.340334
182.8		0.340334
182.9		0.340334
183		0.340334
183.1		0.34284
183.2		0.34284
183.3		0.34284
183.4		0.34284
183.5		0.34284
183.6		0.34284
183.7		0.34284
183.8		0.34284
183.9		0.34284
184		0.34284
184.1		0.343047
184.2		0.343047
184.3		0.343047
184.4		0.343047
184.5		0.343047
184.6		0.343047
184.7		0.343047
184.8		0.343047
184.9		0.343047
185		0.343047
185.1		0.34361
185.2		0.34361
185.3		0.34361
185.4		0.34361
185.5		0.34361
185.6		0.34361
185.7		0.34361
185.8		0.34361
185.9		0.34361
186		0.34361
186.1		0.346231
186.2		0.346231
186.3		0.346231
186.4		0.346231
186.5		0.346231
186.6		0.346231
186.7		0.346231
186.8		0.346231
186.9		0.346231
187		0.346231
187.1		0.350679
187.2		0.350679
187.3		0.350679
187.4		0.350679
187.5		0.350679
187.6		0.350679
187.7		0.350679
187.8		0.350679
187.9		0.350679
188		0.350679
188.1		0.35468
188.2		0.35468
188.3		0.35468
188.4		0.35468
188.5		0.35468
188.6		0.35468
188.7		0.35468
188.8		0.35468
188.9		0.35468
189		0.35468
189.1		0.354806
189.2		0.354806
189.3		0.354806
189.4		0.354806
189.5		0.354806
189.6		0.354806
189.7		0.354806
189.8		0.354806
189.9		0.354806
190		0.354806
190.1		0.354898
190.2		0.354898
190.3		0.354898
190.4		0.354898
190.5		0.354898
190.6		0.354898
190.7		0.354898
190.8		0.354898
190.9		0.354898
191		0.354898
191.1		0.355864
191.2		0.355864
191.3		0.355864
191.4		0.355864
191.5		0.355864
191.6		0.355864
191.7		0.355864
191.8		0.355864
191.9		0.355864
192		0.355864
192.1		0.361243
192.2		0.361243
192.3		0.361243
192.4		0.361243
192.5		0.361243
192.6		0.361243
192.7		0.361243
192.8		0.361243
192.9		0.361243
193		0.361243
193.1		0.363117
193.2		0.363117
193.3		0.363117
193.4		0.363117
193.5		0.363117
193.6		0.363117
193.7		0.363117
193.8		0.363117
193.9		0.363117
194		0.363117
194.1		0.365405
194.2		0.365405
194.3		0.365405
194.4		0.365405
194.5		0.365405
194.6		0.365405
194.7		0.365405
194.8		0.365405
194.9		0.365405
195		0.365405
195.1		0.366267
195.2		0.366267
195.3		0.366267
195.4		0.366267
195.5		0.366267
195.6		0.366267
195.7		0.366267
195.8		0.366267
195.9		0.366267
196		0.366267
196.1		0.370692
196.2		0.370692
196.3		0.370692
196.4		0.370692
196.5		0.370692
196.6		0.370692
196.7		0.370692
196.8		0.370692
196.9		0.370692
197		0.370692
197.1		0.370945
197.2		0.370945
197.3		0.370945
197.4		0.370945
197.5		0.370945
197.6		0.370945
197.7		0.370945
197.8		0.370945
197.9		0.370945
198		0.370945
198.1		0.371037
198.2		0.371037
198.3		0.371037
198.4		0.371037
198.5		0.371037
198.6		0.371037
198.7		0.371037
198.8		0.371037
198.9		0.371037
199		0.371037
199.1		0.375302
199.2		0.375302
199.3		0.375302
199.4		0.375302
199.5		0.375302
199.6		0.375302
199.7		0.375302
199.8		0.375302
199.9		0.375302
200		0.375302
200.1		0.377865
200.2		0.377865
200.3		0.377865
200.4		0.377865
200.5		0.377865
200.6		0.377865
200.7		0.377865
200.8		0.377865
200.9		0.377865
201		0.377865
201.1		0.381555
201.2		0.381555
201.3		0.381555
201.4		0.381555
201.5		0.381555
201.6		0.381555
201.7		0.381555
201.8		0.381555
201.9		0.381555
202		0.381555
202.1		0.381854
202.2		0.381854
202.3		0.381854
202.4		0.381854
202.5		0.381854
202.6		0.381854
202.7		0.381854
202.8		0.381854
202.9		0.381854
203		0.381854
203.1		0.382222
203.2		0.382222
203.3		0.382222
203.4		0.382222
203.5		0.382222
203.6		0.382222
203.7		0.382222
203.8		0.382222
203.9		0.382222
204		0.382222
204.1		0.386682
204.2		0.386682
204.3		0.386682
204.4		0.386682
204.5		0.386682
204.6		0.386682
204.7		0.386682
204.8		0.386682
204.9		0.386682
205		0.386682
205.1		0.389165
205.2		0.389165
205.3		0.389165
205.4		0.389165
205.5		0.389165
205.6		0.389165
205.7		0.389165
205.8		0.389165
205.9		0.389165
206		0.389165
206.1		0.389349
206.2		0.389349
206.3		0.389349
206.4		0.389349
206.5		0.389349
206.6		0.389349
206.7		0.389349
206.8		0.389349
206.9		0.389349
207		0.389349
207.1		0.390889
207.2		0.390889
207.3		0.390889
207.4		0.390889
207.5		0.390889
207.6		0.390889
207.7		0.390889
207.8		0.390889
207.9		0.390889
208		0.390889
208.1		0.39274
208.2		0.39274
208.3		0.39274
208.4		0.39274
208.5		0.39274
208.6		0.39274
208.7		0.39274
208.8		0.39274
208.9		0.39274
209		0.39274
209.1		0.395855
209.2		0.395855
209.3		0.395855
209.4		0.395855
209.5		0.395855
209.6		0.395855
209.7		0.395855
209.8		0.395855
209.9		0.395855
210		0.395855
210.1		0.397246
210.2		0.397246
210.3		0.397246
210.4		0.397246
210.5		0.397246
210.6		0.397246
210.7		0.397246
210.8		0.397246
210.9		0.397246
211		0.397246
211.1		0.398832
211.2		0.398832
211.3		0.398832
211.4		0.398832
211.5		0.398832
211.6		0.398832
211.7		0.398832
211.8		0.398832
211.9		0.398832
212		0.398832
212.1		0.402706
212.2		0.402706
212.3		0.402706
212.4		0.402706
212.5		0.402706
212.6		0.402706
212.7		0.402706
212.8		0.402706
212.9		0.402706
213		0.402706
213.1		0.404246
213.2		0.404246
213.3		0.404246
213.4		0.404246
213.5		0.404246
213.6		0.404246
213.7		0.404246
213.8		0.404246
213.9		0.404246
214		0.404246
214.1		0.406821
214.2		0.406821
214.3		0.406821
214.4		0.406821
214.5		0.406821
214.6		0.406821
214.7		0.406821
214.8		0.406821
214.9		0.406821
215		0.406821
215.1		0.406879
215.2		0.406879
215.3		0.406879
215.4		0.406879
215.5		0.406879
215.6		0.406879
215.7		0.406879
215.8		0.406879
215.9		0.406879
216		0.406879
216.1		0.409787
216.2		0.409787
216.3		0.409787
216.4		0.409787
216.5		0.409787
216.6		0.409787
216.7		0.409787
216.8		0.409787
216.9		0.409787
217		0.409787
217.1		0.412201
217.2		0.412201
217.3		0.412201
217.4		0.412201
217.5		0.412201
217.6		0.412201
217.7		0.412201
217.8		0.412201
217.9		0.412201
218		0.412201
218.1		0.413914
218.2		0.413914
218.3		0.413914
218.4		0.413914
218.5		0.413914
218.6		0.413914
218.7		0.413914
218.8		0.413914
218.9		0.413914
219		0.413914
219.1		0.41658
219.2		0.41658
219.3		0.41658
219.4		0.41658
219.5		0.41658
219.6		0.41658
219.7		0.41658
219.8		0.41658
219.9		0.41658
220		0.41658
220.1		0.419029
220.2		0.419029
220.3		0.419029
220.4		0.419029
220.5		0.419029
220.6		0.419029
220.7		0.419029
220.8		0.419029
220.9		0.419029
221		0.419029
221.1		0.419822
221.2		0.419822
221.3		0.419822
221.4		0.419822
221.5		0.419822
221.6		0.419822
221.7		0.419822
221.8		0.419822
221.9		0.419822
222		0.419822
222.1		0.421707
222.2		0.421707
222.3		0.421707
222.4		0.421707
222.5		0.421707
222.6		0.421707
222.7		0.421707
222.8		0.421707
222.9		0.421707
223		0.421707
223.1		0.423351
223.2		0.423351
223.3		0.423351
223.4		0.423351
223.5		0.423351
223.6		0.423351
223.7		0.423351
223.8		0.423351
223.9		0.423351
224		0.423351
224.1		0.424305
224.2		0.424305
224.3		0.424305
224.4		0.424305
224.5		0.424305
224.6		0.424305
224.7		0.424305
224.8		0.424305
224.9		0.424305
225		0.424305
225.1		0.426903
225.2		0.426903
225.3		0.426903
225.4		0.426903
225.5		0.426903
225.6		0.426903
225.7		0.426903
225.8		0.426903
225.9		0.426903
226		0.426903
226.1		0.43188
226.2		0.43188
226.3		0.43188
226.4		0.43188
226.5		0.43188
226.6		0.43188
226.7		0.43188
226.8		0.43188
226.9		0.43188
227		0.43188
227.1		0.432352
227.2		0.432352
227.3		0.432352
227.4		0.432352
227.5		0.432352
227.6		0.432352
227.7		0.432352
227.8		0.432352
227.9		0.432352
228		0.432352
228.1		0.43334
228.2		0.43334
228.3		0.43334
228.4		0.43334
228.5		0.43334
228.6		0.43334
228.7		0.43334
228.8		0.43334
228.9		0.43334
229		0.43334
229.1		0.435133
229.2		0.435133
229.3		0.435133
229.4		0.435133
229.5		0.435133
229.6		0.435133
229.7		0.435133
229.8		0.435133
229.9		0.435133
230		0.435133
230.1		0.438467
230.2		0.438467
230.3		0.438467
230.4		0.438467
230.5		0.438467
230.6		0.438467
230.7		0.438467
230.8		0.438467
230.9		0.438467
231		0.438467
231.1		0.440122
231.2		0.440122
231.3		0.440122
231.4		0.440122
231.5		0.440122
231.6		0.440122
231.7		0.440122
231.8		0.440122
231.9		0.440122
232		0.440122
232.1		0.442904
232.2		0.442904
232.3		0.442904
232.4		0.442904
232.5		0.442904
232.6		0.442904
232.7		0.442904
232.8		0.442904
232.9		0.442904
233		0.442904
233.1		0.443559
233.2		0.443559
233.3		0.443559
233.4		0.443559
233.5		0.443559
233.6		0.443559
233.7		0.443559
233.8		0.443559
233.9		0.443559
234		0.443559
234.1		0.44633
234.2		0.44633
234.3		0.44633
234.4		0.44633
234.5		0.44633
234.6		0.44633
234.7		0.44633
234.8		0.44633
234.9		0.44633
235		0.44633
235.1		0.446893
235.2		0.446893
235.3		0.446893
235.4		0.446893
235.5		0.446893
235.6		0.446893
235.7		0.446893
235.8		0.446893
235.9		0.446893
236		0.446893
236.1		0.449364
236.2		0.449364
236.3		0.449364
236.4		0.449364
236.5		0.449364
236.6		0.449364
236.7		0.449364
236.8		0.449364
236.9		0.449364
237		0.449364
237.1		0.450123
237.2		0.450123
237.3		0.450123
237.4		0.450123
237.5		0.450123
237.6		0.450123
237.7		0.450123
237.8		0.450123
237.9		0.450123
238		0.450123
238.1		0.455583
238.2		0.455583
238.3		0.455583
238.4		0.455583
238.5		0.455583
238.6		0.455583
238.7		0.455583
238.8		0.455583
238.9		0.455583
239		0.455583
239.1		0.458342
239.2		0.458342
239.3		0.458342
239.4		0.458342
239.5		0.458342
239.6		0.458342
239.7		0.458342
239.8		0.458342
239.9		0.458342
240		0.458342
240.1		0.459549
240.2		0.459549
240.3		0.459549
240.4		0.459549
240.5		0.459549
240.6		0.459549
240.7		0.459549
240.8		0.459549
240.9		0.459549
241		0.459549
241.1		0.459664
241.2		0.459664
241.3		0.459664
241.4		0.459664
241.5		0.459664
241.6		0.459664
241.7		0.459664
241.8		0.459664
241.9		0.459664
242		0.459664
242.1		0.463699
242.2		0.463699
242.3		0.463699
242.4		0.463699
242.5		0.463699
242.6		0.463699
242.7		0.463699
242.8		0.463699
242.9		0.463699
243		0.463699
243.1		0.464101
243.2		0.464101
243.3		0.464101
243.4		0.464101
243.5		0.464101
243.6		0.464101
243.7		0.464101
243.8		0.464101
243.9		0.464101
244		0.464101
244.1		0.464572
244.2		0.464572
244.3		0.464572
244.4		0.464572
244.5		0.464572
244.6		0.464572
244.7		0.464572
244.8		0.464572
244.9		0.464572
245		0.464572
245.1		0.470515
245.2		0.470515
245.3		0.470515
245.4		0.470515
245.5		0.470515
245.6		0.470515
245.7		0.470515
245.8		0.470515
245.9		0.470515
246		0.470515
246.1		0.470814
246.2		0.470814
246.3		0.470814
246.4		0.470814
246.5		0.470814
246.6		0.470814
246.7		0.470814
246.8		0.470814
246.9		0.470814
247		0.470814
247.1		0.47255
247.2		0.47255
247.3		0.47255
247.4		0.47255
247.5		0.47255
247.6		0.47255
247.7		0.47255
247.8		0.47255
247.9		0.47255
248		0.47255
248.1		0.474079
248.2		0.474079
248.3		0.474079
248.4		0.474079
248.5		0.474079
248.6		0.474079
248.7		0.474079
248.8		0.474079
248.9		0.474079
249		0.474079
249.1		0.476929
249.2		0.476929
249.3		0.476929
249.4		0.476929
249.5		0.476929
249.6		0.476929
249.7		0.476929
249.8		0.476929
249.9		0.476929
250		0.476929
250.1		0.477205
250.2		0.477205
250.3		0.477205
250.4		0.477205
250.5		0.477205
250.6		0.477205
250.7		0.477205
250.8		0.477205
250.9		0.477205
251		0.477205
251.1		0.481746
251.2		0.481746
251.3		0.481746
251.4		0.481746
251.5		0.481746
251.6		0.481746
251.7		0.481746
251.8		0.481746
251.9		0.481746
252		0.481746
252.1		0.483194
252.2		0.483194
252.3		0.483194
252.4		0.483194
252.5		0.483194
252.6		0.483194
252.7		0.483194
252.8		0.483194
252.9		0.483194
253		0.483194
253.1		0.483723
253.2		0.483723
253.3		0.483723
253.4		0.483723
253.5		0.483723
253.6		0.483723
253.7		0.483723
253.8		0.483723
253.9		0.483723
254		0.483723
254.1		0.485102
254.2		0.485102
254.3		0.485102
254.4		0.485102
254.5		0.485102
254.6		0.485102
254.7		0.485102
254.8		0.485102
254.9		0.485102
255		0.485102
255.1		0.48808
255.2		0.48808
255.3		0.48808
255.4		0.48808
255.5		0.48808
255.6		0.48808
255.7		0.48808
255.8		0.48808
255.9		0.48808
256		0.48808
256.1		0.491505
256.2		0.491505
256.3		0.491505
256.4		0.491505
256.5		0.491505
256.6		0.491505
256.7		0.491505
256.8		0.491505
256.9		0.491505
257		0.491505
257.1		0.493023
257.2		0.493023
257.3		0.493023
257.4		0.493023
257.5		0.493023
257.6		0.493023
257.7		0.493023
257.8		0.493023
257.9		0.493023
258		0.493023
258.1		0.494023
258.2		0.494023
258.3		0.494023
258.4		0.494023
258.5		0.494023
258.6		0.494023
258.7		0.494023
258.8		0.494023
258.9		0.494023
259		0.494023
259.1		0.494643
259.2		0.494643
259.3		0.494643
259.4		0.494643
259.5		0.494643
259.6		0.494643
259.7		0.494643
259.8		0.494643
259.9		0.494643
260		0.494643
260.1		0.498621
260.2		0.498621
260.3		0.498621
260.4		0.498621
260.5		0.498621
260.6		0.498621
260.7		0.498621
260.8		0.498621
260.9		0.498621
261		0.498621
261.1		0.499793
261.2		0.499793
261.3		0.499793
261.4		0.499793
261.5		0.499793
261.6		0.499793
261.7		0.499793
261.8		0.499793
261.9		0.499793
262		0.499793
262.1		0.500069
262.2		0.500069
262.3		0.500069
262.4		0.500069
262.5		0.500069
262.6		0.500069
262.7		0.500069
262.8		0.500069
262.9		0.500069
263		0.500069
263.1		0.502552
263.2		0.502552
263.3		0.502552
263.4		0.502552
263.5		0.502552
263.6		0.502552
263.7		0.502552
263.8		0.502552
263.9		0.502552
264		0.502552
264.1		0.507345
264.2		0.507345
264.3		0.507345
264.4		0.507345
264.5		0.507345
264.6		0.507345
264.7		0.507345
264.8		0.507345
264.9		0.507345
265		0.507345
265.1		0.509575
265.2		0.509575
265.3		0.509575
265.4		0.509575
265.5		0.509575
265.6		0.509575
265.7		0.509575
265.8		0.509575
265.9		0.509575
266		0.509575
266.1		0.509886
266.2		0.509886
266.3		0.509886
266.4		0.509886
266.5		0.509886
266.6		0.509886
266.7		0.509886
266.8		0.509886
266.9		0.509886
267		0.509886
267.1		0.510104
267.2		0.510104
267.3		0.510104
267.4		0.510104
267.5		0.510104
267.6		0.510104
267.7		0.510104
267.8		0.510104
267.9		0.510104
268		0.510104
268.1		0.515806
268.2		0.515806
268.3		0.515806
268.4		0.515806
268.5		0.515806
268.6		0.515806
268.7		0.515806
268.8		0.515806
268.9		0.515806
269		0.515806
269.1		0.517955
269.2		0.517955
269.3		0.517955
269.4		0.517955
269.5		0.517955
269.6		0.517955
269.7		0.517955
269.8		0.517955
269.9		0.517955
270		0.517955
270.1		0.5183
270.2		0.5183
270.3		0.5183
270.4		0.5183
270.5		0.5183
270.6		0.5183
270.7		0.5183
270.8		0.5183
270.9		0.5183
271		0.5183
271.1		0.5203
271.2		0.5203
271.3		0.5203
271.4		0.5203
271.5		0.5203
271.6		0.5203
271.7		0.5203
271.8		0.5203
271.9		0.5203
272		0.5203
272.1		0.523979
272.2		0.523979
272.3		0.523979
272.4		0.523979
272.5		0.523979
272.6		0.523979
272.7		0.523979
272.8		0.523979
272.9		0.523979
273		0.523979
273.1		0.526611
273.2		0.526611
273.3		0.526611
273.4		0.526611
273.5		0.526611
273.6		0.526611
273.7		0.526611
273.8		0.526611
273.9		0.526611
274		0.526611
274.1		0.527059
274.2		0.527059
274.3		0.527059
274.4		0.527059
274.5		0.527059
274.6		0.527059
274.7		0.527059
274.8		0.527059
274.9		0.527059
275		0.527059
275.1		0.528324
275.2		0.528324
275.3		0.528324
275.4		0.528324
275.5		0.528324
275.6		0.528324
275.7		0.528324
275.8		0.528324
275.9		0.528324
276		0.528324
276.1		0.529956
276.2		0.529956
276.3		0.529956
276.4		0.529956
276.5		0.529956
276.6		0.529956
276.7		0.529956
276.8		0.529956
276.9		0.529956
277		0.529956
277.1		0.534324
277.2		0.534324
277.3		0.534324
277.4		0.534324
277.5		0.534324
277.6		0.534324
277.7		0.534324
277.8		0.534324
277.9		0.534324
278		0.534324
278.1		0.536784
278.2		0.536784
278.3		0.536784
278.4		0.536784
278.5		0.536784
278.6		0.536784
278.7		0.536784
278.8		0.536784
278.9		0.536784
279		0.536784
279.1		0.537347
279.2		0.537347
279.3		0.537347
279.4		0.537347
279.5		0.537347
279.6		0.537347
279.7		0.537347
279.8		0.537347
279.9		0.537347
280		0.537347
280.1		0.537669
280.2		0.537669
280.3		0.537669
280.4		0.537669
280.5		0.537669
280.6		0.537669
280.7		0.537669
280.8		0.537669
280.9		0.537669
281		0.537669
281.1		0.539279
281.2		0.539279
281.3		0.539279
281.4		0.539279
281.5		0.539279
281.6		0.539279
281.7		0.539279
281.8		0.539279
281.9		0.539279
282		0.539279
282.1		0.545555
282.2		0.545555
282.3		0.545555
282.4		0.545555
282.5		0.545555
282.6		0.545555
282.7		0.545555
282.8		0.545555
282.9		0.545555
283		0.545555
283.1		0.546291
283.2		0.546291
283.3		0.546291
283.4		0.546291
283.5		0.546291
283.6		0.546291
283.7		0.546291
283.8		0.546291
283.9		0.546291
284		0.546291
284.1		0.547739
284.2		0.547739
284.3		0.547739
284.4		0.547739
284.5		0.547739
284.6		0.547739
284.7		0.547739
284.8		0.547739
284.9		0.547739
285		0.547739
285.1		0.552544
285.2		0.552544
285.3		0.552544
285.4		0.552544
285.5		0.552544
285.6		0.552544
285.7		0.552544
285.8		0.552544
285.9		0.552544
286		0.552544
286.1		0.555349
286.2		0.555349
286.3		0.555349
286.4		0.555349
286.5		0.555349
286.6		0.555349
286.7		0.555349
286.8		0.555349
286.9		0.555349
287		0.555349
287.1		0.556567
287.2		0.556567
287.3		0.556567
287.4		0.556567
287.5		0.556567
287.6		0.556567
287.7		0.556567
287.8		0.556567
287.9		0.556567
288		0.556567
288.1		0.560039
288.2		0.560039
288.3		0.560039
288.4		0.560039
288.5		0.560039
288.6		0.560039
288.7		0.560039
288.8		0.560039
288.9		0.560039
289		0.560039
289.1		0.562384
289.2		0.562384
289.3		0.562384
289.4		0.562384
289.5		0.562384
289.6		0.562384
289.7		0.562384
289.8		0.562384
289.9		0.562384
290		0.562384
290.1		0.565395
290.2		0.565395
290.3		0.565395
290.4		0.565395
290.5		0.565395
290.6		0.565395
290.7		0.565395
290.8		0.565395
290.9		0.565395
291		0.565395
291.1		0.568476
291.2		0.568476
291.3		0.568476
291.4		0.568476
291.5		0.568476
291.6		0.568476
291.7		0.568476
291.8		0.568476
291.9		0.568476
292		0.568476
292.1		0.568476
292.2		0.568476
292.3		0.568476
292.4		0.568476
292.5		0.568476
292.6		0.568476
292.7		0.568476
292.8		0.568476
292.9		0.568476
293		0.568476
293.1		0.569982
293.2		0.569982
293.3		0.569982
293.4		0.569982
293.5		0.569982
293.6		0.569982
293.7		0.569982
293.8		0.569982
293.9		0.569982
294		0.569982
294.1		0.571235
294.2		0.571235
294.3		0.571235
294.4		0.571235
294.5		0.571235
294.6		0.571235
294.7		0.571235
294.8		0.571235
294.9		0.571235
295		0.571235
295.1		0.573821
295.2		0.573821
295.3		0.573821
295.4		0.573821
295.5		0.573821
295.6		0.573821
295.7		0.573821
295.8		0.573821
295.9		0.573821
296		0.573821
296.1		0.578258
296.2		0.578258
296.3		0.578258
296.4		0.578258
296.5		0.578258
296.6		0.578258
296.7		0.578258
296.8		0.578258
296.9		0.578258
297		0.578258
297.1		0.581373
297.2		0.581373
297.3		0.581373
297.4		0.581373
297.5		0.581373
297.6		0.581373
297.7		0.581373
297.8		0.581373
297.9		0.581373
298		0.581373
298.1		0.582328
298.2		0.582328
298.3		0.582328
298.4		0.582328
298.5		0.582328
298.6		0.582328
298.7		0.582328
298.8		0.582328
298.9		0.582328
299		0.582328
299.1		0.588133
299.2		0.588133
299.3		0.588133
299.4		0.588133
299.5		0.588133
299.6		0.588133
299.7		0.588133
299.8		0.588133
299.9		0.588133
300		0.588133
300.1		0.588799
300.2		0.588799
300.3		0.588799
300.4		0.588799
300.5		0.588799
300.6		0.588799
300.7		0.588799
300.8		0.588799
300.9		0.588799
301		0.588799
301.1		0.592167
301.2		0.592167
301.3		0.592167
301.4		0.592167
301.5		0.592167
301.6		0.592167
301.7		0.592167
301.8		0.592167
301.9		0.592167
302		0.592167
302.1		0.595053
302.2		0.595053
302.3		0.595053
302.4		0.595053
302.5		0.595053
302.6		0.595053
302.7		0.595053
302.8		0.595053
302.9		0.595053
303		0.595053
303.1		0.595432
303.2		0.595432
303.3		0.595432
303.4		0.595432
303.5		0.595432
303.6		0.595432
303.7		0.595432
303.8		0.595432
303.9		0.595432
304		0.595432
304.1		0.596846
304.2		0.596846
304.3		0.596846
304.4		0.596846
304.5		0.596846
304.6		0.596846
304.7		0.596846
304.8		0.596846
304.9		0.596846
305		0.596846
305.1		0.599984
305.2		0.599984
305.3		0.599984
305.4		0.599984
305.5		0.599984
305.6		0.599984
305.7		0.599984
305.8		0.599984
305.9		0.599984
306		0.599984
306.1		0.605168
306.2		0.605168
306.3		0.605168
306.4		0.605168
306.5		0.605168
306.6		0.605168
306.7		0.605168
306.8		0.605168
306.9		0.605168
307		0.605168
307.1		0.605639
307.2		0.605639
307.3		0.605639
307.4		0.605639
307.5		0.605639
307.6		0.605639
307.7		0.605639
307.8		0.605639
307.9		0.605639
308		0.605639
308.1		0.60595
308.2		0.60595
308.3		0.60595
308.4		0.60595
308.5		0.60595
308.6		0.60595
308.7		0.60595
308.8		0.60595
308.9		0.60595
309		0.60595
309.1		0.60641
309.2		0.60641
309.3		0.60641
309.4		0.60641
309.5		0.60641
309.6		0.60641
309.7		0.60641
309.8		0.60641
309.9		0.60641
310		0.60641
310.1		0.611605
310.2		0.611605
310.3		0.611605
310.4		0.611605
310.5		0.611605
310.6		0.611605
310.7		0.611605
310.8		0.611605
310.9		0.611605
311		0.611605
311.1		0.614881
311.2		0.614881
311.3		0.614881
311.4		0.614881
311.5		0.614881
311.6		0.614881
311.7		0.614881
311.8		0.614881
311.9		0.614881
312		0.614881
312.1		0.615514
312.2		0.615514
312.3		0.615514
312.4		0.615514
312.5		0.615514
312.6		0.615514
312.7		0.615514
312.8		0.615514
312.9		0.615514
313		0.615514
313.1		0.617089
313.2		0.617089
313.3		0.617089
313.4		0.617089
313.5		0.617089
313.6		0.617089
313.7		0.617089
313.8		0.617089
313.9		0.617089
314		0.617089
314.1		0.620549
314.2		0.620549
314.3		0.620549
314.4		0.620549
314.5		0.620549
314.6		0.620549
314.7		0.620549
314.8		0.620549
314.9		0.620549
315		0.620549
315.1		0.622376
315.2		0.622376
315.3		0.622376
315.4		0.622376
315.5		0.622376
315.6		0.622376
315.7		0.622376
315.8		0.622376
315.9		0.622376
316		0.622376
316.1		0.624043
316.2		0.624043
316.3		0.624043
316.4		0.624043
316.5		0.624043
316.6		0.624043
316.7		0.624043
316.8		0.624043
316.9		0.624043
317		0.624043
317.1		0.62602
317.2		0.62602
317.3		0.62602
317.4		0.62602
317.5		0.62602
317.6		0.62602
317.7		0.62602
317.8		0.62602
317.9		0.62602
318		0.62602
318.1		0.626434
318.2		0.626434
318.3		0.626434
318.4		0.626434
318.5		0.626434
318.6		0.626434
318.7		0.626434
318.8		0.626434
318.9		0.626434
319		0.626434
319.1		0.629446
319.2		0.629446
319.3		0.629446
319.4		0.629446
319.5		0.629446
319.6		0.629446
319.7		0.629446
319.8		0.629446
319.9		0.629446
320		0.629446
320.1		0.631802
320.2		0.631802
320.3		0.631802
320.4		0.631802
320.5		0.631802
320.6		0.631802
320.7		0.631802
320.8		0.631802
320.9		0.631802
321		0.631802
321.1		0.634733
321.2		0.634733
321.3		0.634733
321.4		0.634733
321.5		0.634733
321.6		0.634733
321.7		0.634733
321.8		0.634733
321.9		0.634733
322		0.634733
322.1		0.635446
322.2		0.635446
322.3		0.635446
322.4		0.635446
322.5		0.635446
322.6		0.635446
322.7		0.635446
322.8		0.635446
322.9		0.635446
323		0.635446
323.1		0.636113
323.2		0.636113
323.3		0.636113
323.4		0.636113
323.5		0.636113
323.6		0.636113
323.7		0.636113
323.8		0.636113
323.9		0.636113
324		0.636113
324.1		0.641424
324.2		0.641424
324.3		0.641424
324.4		0.641424
324.5		0.641424
324.6		0.641424
324.7		0.641424
324.8		0.641424
324.9		0.641424
325		0.641424
325.1		0.641941
325.2		0.641941
325.3		0.641941
325.4		0.641941
325.5		0.641941
325.6		0.641941
325.7		0.641941
325.8		0.641941
325.9		0.641941
326		0.641941
326.1		0.64424
326.2		0.64424
326.3		0.64424
326.4		0.64424
326.5		0.64424
326.6		0.64424
326.7		0.64424
326.8		0.64424
326.9		0.64424
327		0.64424
327.1		0.644573
327.2		0.644573
327.3		0.644573
327.4		0.644573
327.5		0.644573
327.6		0.644573
327.7		0.644573
327.8		0.644573
327.9		0.644573
328		0.644573
328.1		0.648516
328.2		0.648516
328.3		0.648516
328.4		0.648516
328.5		0.648516
328.6		0.648516
328.7		0.648516
328.8		0.648516
328.9		0.648516
329		0.648516
329.1		0.650551
329.2		0.650551
329.3		0.650551
329.4		0.650551
329.5		0.650551
329.6		0.650551
329.7		0.650551
329.8		0.650551
329.9		0.650551
330		0.650551
330.1		0.65116
330.2		0.65116
330.3		0.65116
330.4		0.65116
330.5		0.65116
330.6		0.65116
330.7		0.65116
330.8		0.65116
330.9		0.65116
331		0.65116
331.1		0.653171
331.2		0.653171
331.3		0.653171
331.4		0.653171
331.5		0.653171
331.6		0.653171
331.7		0.653171
331.8		0.653171
331.9		0.653171
332		0.653171
332.1		0.657011
332.2		0.657011
332.3		0.657011
332.4		0.657011
332.5		0.657011
332.6		0.657011
332.7		0.657011
332.8		0.657011
332.9		0.657011
333		0.657011
333.1		0.657114
333.2		0.657114
333.3		0.657114
333.4		0.657114
333.5		0.657114
333.6		0.657114
333.7		0.657114
333.8		0.657114
333.9		0.657114
334		0.657114
334.1		0.657252
334.2		0.657252
334.3		0.657252
334.4		0.657252
334.5		0.657252
334.6		0.657252
334.7		0.657252
334.8		0.657252
334.9		0.657252
335		0.657252
335.1		0.660505
335.2		0.660505
335.3		0.660505
335.4		0.660505
335.5		0.660505
335.6		0.660505
335.7		0.660505
335.8		0.660505
335.9		0.660505
336		0.660505
336.1		0.662436
336.2		0.662436
336.3		0.662436
336.4		0.662436
336.5		0.662436
336.6		0.662436
336.7		0.662436
336.8		0.662436
336.9		0.662436
337		0.662436
337.1		0.666621
337.2		0.666621
337.3		0.666621
337.4		0.666621
337.5		0.666621
337.6		0.666621
337.7		0.666621
337.8		0.666621
337.9		0.666621
338		0.666621
338.1		0.66831
338.2		0.66831
338.3		0.66831
338.4		0.66831
338.5		0.66831
338.6		0.66831
338.7		0.66831
338.8		0.66831
338.9		0.66831
339		0.66831
339.1		0.674403
339.2		0.674403
339.3		0.674403
339.4		0.674403
339.5		0.674403
339.6		0.674403
339.7		0.674403
339.8		0.674403
339.9		0.674403
340		0.674403
340.1		0.675276
340.2		0.675276
340.3		0.675276
340.4		0.675276
340.5		0.675276
340.6		0.675276
340.7		0.675276
340.8		0.675276
340.9		0.675276
341		0.675276
341.1		0.680944
341.2		0.680944
341.3		0.680944
341.4		0.680944
341.5		0.680944
341.6		0.680944
341.7		0.680944
341.8		0.680944
341.9		0.680944
342		0.680944
342.1		0.681783
342.2		0.681783
342.3		0.681783
342.4		0.681783
342.5		0.681783
342.6		0.681783
342.7		0.681783
342.8		0.681783
342.9		0.681783
343		0.681783
343.1		0.682794
343.2		0.682794
343.3		0.682794
343.4		0.682794
343.5		0.682794
343.6		0.682794
343.7		0.682794
343.8		0.682794
343.9		0.682794
344		0.682794
344.1		0.683978
344.2		0.683978
344.3		0.683978
344.4		0.683978
344.5		0.683978
344.6		0.683978
344.7		0.683978
344.8		0.683978
344.9		0.683978
345		0.683978
345.1		0.68507
345.2		0.68507
345.3		0.68507
345.4		0.68507
345.5		0.68507
345.6		0.68507
345.7		0.68507
345.8		0.68507
345.9		0.68507
346		0.68507
346.1		0.689887
346.2		0.689887
346.3		0.689887
346.4		0.689887
346.5		0.689887
346.6		0.689887
346.7		0.689887
346.8		0.689887
346.9		0.689887
347		0.689887
347.1		0.692174
347.2		0.692174
347.3		0.692174
347.4		0.692174
347.5		0.692174
347.6		0.692174
347.7		0.692174
347.8		0.692174
347.9		0.692174
348		0.692174
348.1		0.692174
348.2		0.692174
348.3		0.692174
348.4		0.692174
348.5		0.692174
348.6		0.692174
348.7		0.692174
348.8		0.692174
348.9		0.692174
349		0.692174
349.1		0.693692
349.2		0.693692
349.3		0.693692
349.4		0.693692
349.5		0.693692
349.6		0.693692
349.7		0.693692
349.8		0.693692
349.9		0.693692
350		0.693692
350.1		0.694439
350.2		0.694439
350.3		0.694439
350.4		0.694439
350.5		0.694439
350.6		0.694439
350.7		0.694439
350.8		0.694439
350.9		0.694439
351		0.694439
351.1		0.694692
351.2		0.694692
351.3		0.694692
351.4		0.694692
351.5		0.694692
351.6		0.694692
351.7		0.694692
351.8		0.694692
351.9		0.694692
352		0.694692
352.1		0.70298
352.2		0.70298
352.3		0.70298
352.4		0.70298
352.5		0.70298
352.6		0.70298
352.7		0.70298
352.8		0.70298
352.9		0.70298
353		0.70298
353.1		0.703278
353.2		0.703278
353.3		0.703278
353.4		0.703278
353.5		0.703278
353.6		0.703278
353.7		0.703278
353.8		0.703278
353.9		0.703278
354		0.703278
354.1		0.703888
354.2		0.703888
354.3		0.703888
354.4		0.703888
354.5		0.703888
354.6		0.703888
354.7		0.703888
354.8		0.703888
354.9		0.703888
355		0.703888
355.1		0.710624
355.2		0.710624
355.3		0.710624
355.4		0.710624
355.5		0.710624
355.6		0.710624
355.7		0.710624
355.8		0.710624
355.9		0.710624
356		0.710624
356.1		0.711256
356.2		0.711256
356.3		0.711256
356.4		0.711256
356.5		0.711256
356.6		0.711256
356.7		0.711256
356.8		0.711256
356.9		0.711256
357		0.711256
357.1		0.714314
357.2		0.714314
357.3		0.714314
357.4		0.714314
357.5		0.714314
357.6		0.714314
357.7		0.714314
357.8		0.714314
357.9		0.714314
358		0.714314
358.1		0.715842
358.2		0.715842
358.3		0.715842
358.4		0.715842
358.5		0.715842
358.6		0.715842
358.7		0.715842
358.8		0.715842
358.9		0.715842
359		0.715842
359.1		0.721038
359.2		0.721038
359.3		0.721038
359.4		0.721038
359.5		0.721038
359.6		0.721038
359.7		0.721038
359.8		0.721038
359.9		0.721038
360		0.721038
360.1		0.722682
360.2		0.722682
360.3		0.722682
360.4		0.722682
360.5		0.722682
360.6		0.722682
360.7		0.722682
360.8		0.722682
360.9		0.722682
361		0.722682
361.1		0.725429
361.2		0.725429
361.3		0.725429
361.4		0.725429
361.5		0.725429
361.6		0.725429
361.7		0.725429
361.8		0.725429
361.9		0.725429
362		0.725429
362.1		0.726119
362.2		0.726119
362.3		0.726119
362.4		0.726119
362.5		0.726119
362.6		0.726119
362.7		0.726119
362.8		0.726119
362.9		0.726119
363		0.726119
363.1		0.726636
363.2		0.726636
363.3		0.726636
363.4		0.726636
363.5		0.726636
363.6		0.726636
363.7		0.726636
363.8		0.726636
363.9		0.726636
364		0.726636
364.1		0.731338
364.2		0.731338
364.3		0.731338
364.4		0.731338
364.5		0.731338
364.6		0.731338
364.7		0.731338
364.8		0.731338
364.9		0.731338
365		0.731338
365.1		0.731913
365.2		0.731913
365.3		0.731913
365.4		0.731913
365.5		0.731913
365.6		0.731913
365.7		0.731913
365.8		0.731913
365.9		0.731913
366		0.731913
366.1		0.73328
366.2		0.73328
366.3		0.73328
366.4		0.73328
366.5		0.73328
366.6		0.73328
366.7		0.73328
366.8		0.73328
366.9		0.73328
367		0.73328
367.1		0.733809
367.2		0.733809
367.3		0.733809
367.4		0.733809
367.5		0.733809
367.6		0.733809
367.7		0.733809
367.8		0.733809
367.9		0.733809
368		0.733809
368.1		0.739097
368.2		0.739097
368.3		0.739097
368.4		0.739097
368.5		0.739097
368.6		0.739097
368.7		0.739097
368.8		0.739097
368.9		0.739097
369		0.739097
369.1		0.74143
369.2		0.74143
369.3		0.74143
369.4		0.74143
369.5		0.74143
369.6		0.74143
369.7		0.74143
369.8		0.74143
369.9		0.74143
370		0.74143
370.1		0.742316
370.2		0.742316
370.3		0.742316
370.4		0.742316
370.5		0.742316
370.6		0.742316
370.7		0.742316
370.8		0.742316
370.9		0.742316
371		0.742316
371.1		0.742649
371.2		0.742649
371.3		0.742649
371.4		0.742649
371.5		0.742649
371.6		0.742649
371.7		0.742649
371.8		0.742649
371.9		0.742649
372		0.742649
372.1		0.746764
372.2		0.746764
372.3		0.746764
372.4		0.746764
372.5		0.746764
372.6		0.746764
372.7		0.746764
372.8		0.746764
372.9		0.746764
373		0.746764
373.1		0.748477
373.2		0.748477
373.3		0.748477
373.4		0.748477
373.5		0.748477
373.6		0.748477
373.7		0.748477
373.8		0.748477
373.9		0.748477
374		0.748477
374.1		0.749328
374.2		0.749328
374.3		0.749328
374.4		0.749328
374.5		0.749328
374.6		0.749328
374.7		0.749328
374.8		0.749328
374.9		0.749328
375		0.749328
375.1		0.754052
375.2		0.754052
375.3		0.754052
375.4		0.754052
375.5		0.754052
375.6		0.754052
375.7		0.754052
375.8		0.754052
375.9		0.754052
376		0.754052
376.1		0.75473
376.2		0.75473
376.3		0.75473
376.4		0.75473
376.5		0.75473
376.6		0.75473
376.7		0.75473
376.8		0.75473
376.9		0.75473
377		0.75473
377.1		0.757707
377.2		0.757707
377.3		0.757707
377.4		0.757707
377.5		0.757707
377.6		0.757707
377.7		0.757707
377.8		0.757707
377.9		0.757707
378		0.757707
378.1		0.759547
378.2		0.759547
378.3		0.759547
378.4		0.759547
378.5		0.759547
378.6		0.759547
378.7		0.759547
378.8		0.759547
378.9		0.759547
379		0.759547
379.1		0.759857
379.2		0.759857
379.3		0.759857
379.4		0.759857
379.5		0.759857
379.6		0.759857
379.7		0.759857
379.8		0.759857
379.9		0.759857
380		0.759857
380.1		0.760972
380.2		0.760972
380.3		0.760972
380.4		0.760972
380.5		0.760972
380.6		0.760972
380.7		0.760972
380.8		0.760972
380.9		0.760972
381		0.760972
381.1		0.766628
381.2		0.766628
381.3		0.766628
381.4		0.766628
381.5		0.766628
381.6		0.766628
381.7		0.766628
381.8		0.766628
381.9		0.766628
382		0.766628
382.1		0.768041
382.2		0.768041
382.3		0.768041
382.4		0.768041
382.5		0.768041
382.6		0.768041
382.7		0.768041
382.8		0.768041
382.9		0.768041
383		0.768041
383.1		0.76857
383.2		0.76857
383.3		0.76857
383.4		0.76857
383.5		0.76857
383.6		0.76857
383.7		0.76857
383.8		0.76857
383.9		0.76857
384		0.76857
384.1		0.768823
384.2		0.768823
384.3		0.768823
384.4		0.768823
384.5		0.768823
384.6		0.768823
384.7		0.768823
384.8		0.768823
384.9		0.768823
385		0.768823
385.1		0.77272
385.2		0.77272
385.3		0.77272
385.4		0.77272
385.5		0.77272
385.6		0.77272
385.7		0.77272
385.8		0.77272
385.9		0.77272
386		0.77272
386.1		0.775628
386.2		0.775628
386.3		0.775628
386.4		0.775628
386.5		0.775628
386.6		0.775628
386.7		0.775628
386.8		0.775628
386.9		0.775628
387		0.775628
387.1		0.778927
387.2		0.778927
387.3		0.778927
387.4		0.778927
387.5		0.778927
387.6		0.778927
387.7		0.778927
387.8		0.778927
387.9		0.778927
388		0.778927
388.1		0.779031
388.2		0.779031
388.3		0.779031
388.4		0.779031
388.5		0.779031
388.6		0.779031
388.7		0.779031
388.8		0.779031
388.9		0.779031
389		0.779031
389.1		0.780169
389.2		0.780169
389.3		0.780169
389.4		0.780169
389.5		0.780169
389.6		0.780169
389.7		0.780169
389.8		0.780169
389.9		0.780169
390		0.780169
390.1		0.784721
390.2		0.784721
390.3		0.784721
390.4		0.784721
390.5		0.784721
390.6		0.784721
390.7		0.784721
390.8		0.784721
390.9		0.784721
391		0.784721
391.1		0.786284
391.2		0.786284
391.3		0.786284
391.4		0.786284
391.5		0.786284
391.6		0.786284
391.7		0.786284
391.8		0.786284
391.9		0.786284
392		0.786284
392.1		0.786503
392.2		0.786503
392.3		0.786503
392.4		0.786503
392.5		0.786503
392.6		0.786503
392.7		0.786503
392.8		0.786503
392.9		0.786503
393		0.786503
393.1		0.788572
393.2		0.788572
393.3		0.788572
393.4		0.788572
393.5		0.788572
393.6		0.788572
393.7		0.788572
393.8		0.788572
393.9		0.788572
394		0.788572
394.1		0.792917
394.2		0.792917
394.3		0.792917
394.4		0.792917
394.5		0.792917
394.6		0.792917
394.7		0.792917
394.8		0.792917
394.9		0.792917
395		0.792917
395.1		0.794204
395.2		0.794204
395.3		0.794204
395.4		0.794204
395.5		0.794204
395.6		0.794204
395.7		0.794204
395.8		0.794204
395.9		0.794204
396		0.794204
396.1		0.794434
396.2		0.794434
396.3		0.794434
396.4		0.794434
396.5		0.794434
396.6		0.794434
396.7		0.794434
396.8		0.794434
396.9		0.794434
397		0.794434
397.1		0.796273
397.2		0.796273
397.3		0.796273
397.4		0.796273
397.5		0.796273
397.6		0.796273
397.7		0.796273
397.8		0.796273
397.9		0.796273
398		0.796273
398.1		0.799182
398.2		0.799182
398.3		0.799182
398.4		0.799182
398.5		0.799182
398.6		0.799182
398.7		0.799182
398.8		0.799182
398.9		0.799182
399		0.799182
399.1		0.80048
399.2		0.80048
399.3		0.80048
399.4		0.80048
399.5		0.80048
399.6		0.80048
399.7		0.80048
399.8		0.80048
399.9		0.80048
400		0.80048
400.1		0.80263
400.2		0.80263
400.3		0.80263
400.4		0.80263
400.5		0.80263
400.6		0.80263
400.7		0.80263
400.8		0.80263
400.9		0.80263
401		0.80263
401.1		0.805021
401.2		0.805021
401.3		0.805021
401.4		0.805021
401.5		0.805021
401.6		0.805021
401.7		0.805021
401.8		0.805021
401.9		0.805021
402		0.805021
402.1		0.80847
402.2		0.80847
402.3		0.80847
402.4		0.80847
402.5		0.80847
402.6		0.80847
402.7		0.80847
402.8		0.80847
402.9		0.80847
403		0.80847
403.1		0.80924
403.2		0.80924
403.3		0.80924
403.4		0.80924
403.5		0.80924
403.6		0.80924
403.7		0.80924
403.8		0.80924
403.9		0.80924
404		0.80924
404.1		0.810952
404.2		0.810952
404.3		0.810952
404.4		0.810952
404.5		0.810952
404.6		0.810952
404.7		0.810952
404.8		0.810952
404.9		0.810952
405		0.810952
405.1		0.811665
405.2		0.811665
405.3		0.811665
405.4		0.811665
405.5		0.811665
405.6		0.811665
405.7		0.811665
405.8		0.811665
405.9		0.811665
406		0.811665
406.1		0.814596
406.2		0.814596
406.3		0.814596
406.4		0.814596
406.5		0.814596
406.6		0.814596
406.7		0.814596
406.8		0.814596
406.9		0.814596
407		0.814596
407.1		0.817815
407.2		0.817815
407.3		0.817815
407.4		0.817815
407.5		0.817815
407.6		0.817815
407.7		0.817815
407.8		0.817815
407.9		0.817815
408		0.817815
408.1		0.819666
408.2		0.819666
408.3		0.819666
408.4		0.819666
408.5		0.819666
408.6		0.819666
408.7		0.819666
408.8		0.819666
408.9		0.819666
409		0.819666
409.1		0.820769
409.2		0.820769
409.3		0.820769
409.4		0.820769
409.5		0.820769
409.6		0.820769
409.7		0.820769
409.8		0.820769
409.9		0.820769
410		0.820769
410.1		0.822218
410.2		0.822218
410.3		0.822218
410.4		0.822218
410.5		0.822218
410.6		0.822218
410.7		0.822218
410.8		0.822218
410.9		0.822218
411		0.822218
411.1		0.824241
411.2		0.824241
411.3		0.824241
411.4		0.824241
411.5		0.824241
411.6		0.824241
411.7		0.824241
411.8		0.824241
411.9		0.824241
412		0.824241
412.1		0.827298
412.2		0.827298
412.3		0.827298
412.4		0.827298
412.5		0.827298
412.6		0.827298
412.7		0.827298
412.8		0.827298
412.9		0.827298
413		0.827298
413.1		0.828517
413.2		0.828517
413.3		0.828517
413.4		0.828517
413.5		0.828517
413.6		0.828517
413.7		0.828517
413.8		0.828517
413.9		0.828517
414		0.828517
414.1		0.830184
414.2		0.830184
414.3		0.830184
414.4		0.830184
414.5		0.830184
414.6		0.830184
414.7		0.830184
414.8		0.830184
414.9		0.830184
415		0.830184
415.1		0.835115
415.2		0.835115
415.3		0.835115
415.4		0.835115
415.5		0.835115
415.6		0.835115
415.7		0.835115
415.8		0.835115
415.9		0.835115
416		0.835115
416.1		0.836184
416.2		0.836184
416.3		0.836184
416.4		0.836184
416.5		0.836184
416.6		0.836184
416.7		0.836184
416.8		0.836184
416.9		0.836184
417		0.836184
417.1		0.837747
417.2		0.837747
417.3		0.837747
417.4		0.837747
417.5		0.837747
417.6		0.837747
417.7		0.837747
417.8		0.837747
417.9		0.837747
418		0.837747
418.1		0.838265
418.2		0.838265
418.3		0.838265
418.4		0.838265
418.5		0.838265
418.6		0.838265
418.7		0.838265
418.8		0.838265
418.9		0.838265
419		0.838265
419.1		0.839644
419.2		0.839644
419.3		0.839644
419.4		0.839644
419.5		0.839644
419.6		0.839644
419.7		0.839644
419.8		0.839644
419.9		0.839644
420		0.839644
420.1		0.844254
420.2		0.844254
420.3		0.844254
420.4		0.844254
420.5		0.844254
420.6		0.844254
420.7		0.844254
420.8		0.844254
420.9		0.844254
421		0.844254
421.1		0.845518
421.2		0.845518
421.3		0.845518
421.4		0.845518
421.5		0.845518
421.6		0.845518
421.7		0.845518
421.8		0.845518
421.9		0.845518
422		0.845518
422.1		0.846507
422.2		0.846507
422.3		0.846507
422.4		0.846507
422.5		0.846507
422.6		0.846507
422.7		0.846507
422.8		0.846507
422.9		0.846507
423		0.846507
423.1		0.848507
423.2		0.848507
423.3		0.848507
423.4		0.848507
423.5		0.848507
423.6		0.848507
423.7		0.848507
423.8		0.848507
423.9		0.848507
424		0.848507
424.1		0.852496
424.2		0.852496
424.3		0.852496
424.4		0.852496
424.5		0.852496
424.6		0.852496
424.7		0.852496
424.8		0.852496
424.9		0.852496
425		0.852496
425.1		0.854519
425.2		0.854519
425.3		0.854519
425.4		0.854519
425.5		0.854519
425.6		0.854519
425.7		0.854519
425.8		0.854519
425.9		0.854519
426		0.854519
426.1		0.8563
426.2		0.8563
426.3		0.8563
426.4		0.8563
426.5		0.8563
426.6		0.8563
426.7		0.8563
426.8		0.8563
426.9		0.8563
427		0.8563
427.1		0.856898
427.2		0.856898
427.3		0.856898
427.4		0.856898
427.5		0.856898
427.6		0.856898
427.7		0.856898
427.8		0.856898
427.9		0.856898
428		0.856898
428.1		0.859347
428.2		0.859347
428.3		0.859347
428.4		0.859347
428.5		0.859347
428.6		0.859347
428.7		0.859347
428.8		0.859347
428.9		0.859347
429		0.859347
429.1		0.861289
429.2		0.861289
429.3		0.861289
429.4		0.861289
429.5		0.861289
429.6		0.861289
429.7		0.861289
429.8		0.861289
429.9		0.861289
430		0.861289
430.1		0.86168
430.2		0.86168
430.3		0.86168
430.4		0.86168
430.5		0.86168
430.6		0.86168
430.7		0.86168
430.8		0.86168
430.9		0.86168
431		0.86168
431.1		0.865761
431.2		0.865761
431.3		0.865761
431.4		0.865761
431.5		0.865761
431.6		0.865761
431.7		0.865761
431.8		0.865761
431.9		0.865761
432		0.865761
432.1		0.866209
432.2		0.866209
432.3		0.866209
432.4		0.866209
432.5		0.866209
432.6		0.866209
432.7		0.866209
432.8		0.866209
432.9		0.866209
433		0.866209
433.1		0.868899
433.2		0.868899
433.3		0.868899
433.4		0.868899
433.5		0.868899
433.6		0.868899
433.7		0.868899
433.8		0.868899
433.9		0.868899
434		0.868899
434.1		0.872382
434.2		0.872382
434.3		0.872382
434.4		0.872382
434.5		0.872382
434.6		0.872382
434.7		0.872382
434.8		0.872382
434.9		0.872382
435		0.872382
435.1		0.874371
435.2		0.874371
435.3		0.874371
435.4		0.874371
435.5		0.874371
435.6		0.874371
435.7		0.874371
435.8		0.874371
435.9		0.874371
436		0.874371
436.1		0.874578
436.2		0.874578
436.3		0.874578
436.4		0.874578
436.5		0.874578
436.6		0.874578
436.7		0.874578
436.8		0.874578
436.9		0.874578
437		0.874578
437.1		0.875348
437.2		0.875348
437.3		0.875348
437.4		0.875348
437.5		0.875348
437.6		0.875348
437.7		0.875348
437.8		0.875348
437.9		0.875348
438		0.875348
438.1		0.882429
438.2		0.882429
438.3		0.882429
438.4		0.882429
438.5		0.882429
438.6		0.882429
438.7		0.882429
438.8		0.882429
438.9		0.882429
439		0.882429
439.1		0.883555
439.2		0.883555
439.3		0.883555
439.4		0.883555
439.5		0.883555
439.6		0.883555
439.7		0.883555
439.8		0.883555
439.9		0.883555
440		0.883555
440.1		0.883808
440.2		0.883808
440.3		0.883808
440.4		0.883808
440.5		0.883808
440.6		0.883808
440.7		0.883808
440.8		0.883808
440.9		0.883808
441		0.883808
441.1		0.885475
441.2		0.885475
441.3		0.885475
441.4		0.885475
441.5		0.885475
441.6		0.885475
441.7		0.885475
441.8		0.885475
441.9		0.885475
442		0.885475
442.1		0.888073
442.2		0.888073
442.3		0.888073
442.4		0.888073
442.5		0.888073
442.6		0.888073
442.7		0.888073
442.8		0.888073
442.9		0.888073
443		0.888073
443.1		0.88867
443.2		0.88867
443.3		0.88867
443.4		0.88867
443.5		0.88867
443.6		0.88867
443.7		0.88867
443.8		0.88867
443.9		0.88867
444		0.88867
444.1		0.892165
444.2		0.892165
444.3		0.892165
444.4		0.892165
444.5		0.892165
444.6		0.892165
444.7		0.892165
444.8		0.892165
444.9		0.892165
445		0.892165
445.1		0.895326
445.2		0.895326
445.3		0.895326
445.4		0.895326
445.5		0.895326
445.6		0.895326
445.7		0.895326
445.8		0.895326
445.9		0.895326
446		0.895326
446.1		0.897464
446.2		0.897464
446.3		0.897464
446.4		0.897464
446.5		0.897464
446.6		0.897464
446.7		0.897464
446.8		0.897464
446.9		0.897464
447		0.897464
447.1		0.898959
447.2		0.898959
447.3		0.898959
447.4		0.898959
447.5		0.898959
447.6		0.898959
447.7		0.898959
447.8		0.898959
447.9		0.898959
448		0.898959
448.1		0.899476
448.2		0.899476
448.3		0.899476
448.4		0.899476
448.5		0.899476
448.6		0.899476
448.7		0.899476
448.8		0.899476
448.9		0.899476
449		0.899476
449.1		0.899821
449.2		0.899821
449.3		0.899821
449.4		0.899821
449.5		0.899821
449.6		0.899821
449.7		0.899821
449.8		0.899821
449.9		0.899821
450		0.899821
450.1		0.904177
450.2		0.904177
450.3		0.904177
450.4		0.904177
450.5		0.904177
450.6		0.904177
450.7		0.904177
450.8		0.904177
450.9		0.904177
451		0.904177
451.1		0.906488
451.2		0.906488
451.3		0.906488
451.4		0.906488
451.5		0.906488
451.6		0.906488
451.7		0.906488
451.8		0.906488
451.9		0.906488
452		0.906488
452.1		0.907775
452.2		0.907775
452.3		0.907775
452.4		0.907775
452.5		0.907775
452.6		0.907775
452.7		0.907775
452.8		0.907775
452.9		0.907775
453		0.907775
453.1		0.910465
453.2		0.910465
453.3		0.910465
453.4		0.910465
453.5		0.910465
453.6		0.910465
453.7		0.910465
453.8		0.910465
453.9		0.910465
454		0.910465
454.1		0.91227
454.2		0.91227
454.3		0.91227
454.4		0.91227
454.5		0.91227
454.6		0.91227
454.7		0.91227
454.8		0.91227
454.9		0.91227
455		0.91227
455.1		0.912511
455.2		0.912511
455.3		0.912511
455.4		0.912511
455.5		0.912511
455.6		0.912511
455.7		0.912511
455.8		0.912511
455.9		0.912511
456		0.912511
456.1		0.916017
456.2		0.916017
456.3		0.916017
456.4		0.916017
456.5		0.916017
456.6		0.916017
456.7		0.916017
456.8		0.916017
456.9		0.916017
457		0.916017
457.1		0.917535
457.2		0.917535
457.3		0.917535
457.4		0.917535
457.5		0.917535
457.6		0.917535
457.7		0.917535
457.8		0.917535
457.9		0.917535
458		0.917535
458.1		0.920247
458.2		0.920247
458.3		0.920247
458.4		0.920247
458.5		0.920247
458.6		0.920247
458.7		0.920247
458.8		0.920247
458.9		0.920247
459		0.920247
459.1		0.92142
459.2		0.92142
459.3		0.92142
459.4		0.92142
459.5		0.92142
459.6		0.92142
459.7		0.92142
459.8		0.92142
459.9		0.92142
460		0.92142
460.1		0.922535
460.2		0.922535
460.3		0.922535
460.4		0.922535
460.5		0.922535
460.6		0.922535
460.7		0.922535
460.8		0.922535
460.9		0.922535
461		0.922535
461.1		0.925489
461.2		0.925489
461.3		0.925489
461.4		0.925489
461.5		0.925489
461.6		0.925489
461.7		0.925489
461.8		0.925489
461.9		0.925489
462		0.925489
462.1		0.928604
462.2		0.928604
462.3		0.928604
462.4		0.928604
462.5		0.928604
462.6		0.928604
462.7		0.928604
462.8		0.928604
462.9		0.928604
463		0.928604
463.1		0.928708
463.2		0.928708
463.3		0.928708
463.4		0.928708
463.5		0.928708
463.6		0.928708
463.7		0.928708
463.8		0.928708
463.9		0.928708
464		0.928708
464.1		0.93188
464.2		0.93188
464.3		0.93188
464.4		0.93188
464.5		0.93188
464.6		0.93188
464.7		0.93188
464.8		0.93188
464.9		0.93188
465		0.93188
465.1		0.933156
465.2		0.933156
465.3		0.933156
465.4		0.933156
465.5		0.933156
465.6		0.933156
465.7		0.933156
465.8		0.933156
465.9		0.933156
466		0.933156
466.1		0.936651
466.2		0.936651
466.3		0.936651
466.4		0.936651
466.5		0.936651
466.6		0.936651
466.7		0.936651
466.8		0.936651
466.9		0.936651
467		0.936651
467.1		0.93918
467.2		0.93918
467.3		0.93918
467.4		0.93918
467.5		0.93918
467.6		0.93918
467.7		0.93918
467.8		0.93918
467.9		0.93918
468		0.93918
468.1		0.939479
468.2		0.939479
468.3		0.939479
468.4		0.939479
468.5		0.939479
468.6		0.939479
468.7		0.939479
468.8		0.939479
468.9		0.939479
469		0.939479
469.1		0.941904
469.2		0.941904
469.3		0.941904
469.4		0.941904
469.5		0.941904
469.6		0.941904
469.7		0.941904
469.8		0.941904
469.9		0.941904
470		0.941904
470.1		0.942605
470.2		0.942605
470.3		0.942605
470.4		0.942605
470.5		0.942605
470.6		0.942605
470.7		0.942605
470.8		0.942605
470.9		0.942605
471		0.942605
471.1		0.946812
471.2		0.946812
471.3		0.946812
471.4		0.946812
471.5		0.946812
471.6		0.946812
471.7		0.946812
471.8		0.946812
471.9		0.946812
472		0.946812
472.1		0.949606
472.2		0.949606
472.3		0.949606
472.4		0.949606
472.5		0.949606
472.6		0.949606
472.7		0.949606
472.8		0.949606
472.9		0.949606
473		0.949606
473.1		0.949916
473.2		0.949916
473.3		0.949916
473.4		0.949916
473.5		0.949916
473.6		0.949916
473.7		0.949916
473.8		0.949916
473.9		0.949916
474		0.949916
474.1		0.951732
474.2		0.951732
474.3		0.951732
474.4		0.951732
474.5		0.951732
474.6		0.951732
474.7		0.951732
474.8		0.951732
474.9		0.951732
475		0.951732
475.1		0.955031
475.2		0.955031
475.3		0.955031
475.4		0.955031
475.5		0.955031
475.6		0.955031
475.7		0.955031
475.8		0.955031
475.9		0.955031
476		0.955031
476.1		0.955135
476.2		0.955135
476.3		0.955135
476.4		0.955135
476.5		0.955135
476.6		0.955135
476.7		0.955135
476.8		0.955135
476.9		0.955135
477		0.955135
477.1		0.95748
477.2		0.95748
477.3		0.95748
477.4		0.95748
477.5		0.95748
477.6		0.95748
477.7		0.95748
477.8		0.95748
477.9		0.95748
478		0.95748
478.1		0.961848
478.2		0.961848
478.3		0.961848
478.4		0.961848
478.5		0.961848
478.6		0.961848
478.7		0.961848
478.8		0.961848
478.9		0.961848
479		0.961848
479.1		0.962227
479.2		0.962227
479.3		0.962227
479.4		0.962227
479.5		0.962227
479.6		0.962227
479.7		0.962227
479.8		0.962227
479.9		0.962227
480		0.962227
480.1		0.96571
480.2		0.96571
480.3		0.96571
480.4		0.96571
480.5		0.96571
480.6		0.96571
480.7		0.96571
480.8		0.96571
480.9		0.96571
481		0.96571
481.1		0.966297
481.2		0.966297
481.3		0.966297
481.4		0.966297
481.5		0.966297
481.6		0.966297
481.7		0.966297
481.8		0.966297
481.9		0.966297
482		0.966297
482.1		0.966756
482.2		0.966756
482.3		0.966756
482.4		0.966756
482.5		0.966756
482.6		0.966756
482.7		0.966756
482.8		0.966756
482.9		0.966756
483		0.966756
483.1		0.968825
483.2		0.968825
483.3		0.968825
483.4		0.968825
483.5		0.968825
483.6		0.968825
483.7		0.968825
483.8		0.968825
483.9		0.968825
484		0.968825
484.1		0.97309
484.2		0.97309
484.3		0.97309
484.4		0.97309
484.5		0.97309
484.6		0.97309
484.7		0.97309
484.8		0.97309
484.9		0.97309
485		0.97309
485.1		0.973653
485.2		0.973653
485.3		0.973653
485.4		0.973653
485.5		0.973653
485.6		0.973653
485.7		0.973653
485.8		0.973653
485.9		0.973653
486		0.973653
486.1		0.975424
486.2		0.975424
486.3		0.975424
486.4		0.975424
486.5		0.975424
486.6		0.975424
486.7		0.975424
486.8		0.975424
486.9		0.975424
487		0.975424
487.1		0.976504
487.2		0.976504
487.3		0.976504
487.4		0.976504
487.5		0.976504
487.6		0.976504
487.7		0.976504
487.8		0.976504
487.9		0.976504
488		0.976504
488.1		0.981194
488.2		0.981194
488.3		0.981194
488.4		0.981194
488.5		0.981194
488.6		0.981194
488.7		0.981194
488.8		0.981194
488.9		0.981194
489		0.981194
489.1		0.983872
489.2		0.983872
489.3		0.983872
489.4		0.983872
489.5		0.983872
489.6		0.983872
489.7		0.983872
489.8		0.983872
489.9		0.983872
490		0.983872
490.1		0.98562
490.2		0.98562
490.3		0.98562
490.4		0.98562
490.5		0.98562
490.6		0.98562
490.7		0.98562
490.8		0.98562
490.9		0.98562
491		0.98562
491.1		0.986585
491.2		0.986585
491.3		0.986585
491.4		0.986585
491.5		0.986585
491.6		0.986585
491.7		0.986585
491.8		0.986585
491.9		0.986585
492		0.986585
492.1		0.988218
492.2		0.988218
492.3		0.988218
492.4		0.988218
492.5		0.988218
492.6		0.988218
492.7		0.988218
492.8		0.988218
492.9		0.988218
493		0.988218
493.1		0.991425
493.2		0.991425
493.3		0.991425
493.4		0.991425
493.5		0.991425
493.6		0.991425
493.7		0.991425
493.8		0.991425
493.9		0.991425
494		0.991425
494.1		0.992068
494.2		0.992068
494.3		0.992068
494.4		0.992068
494.5		0.992068
494.6		0.992068
494.7		0.992068
494.8		0.992068
494.9		0.992068
495		0.992068
495.1		0.997
495.2		0.997
495.3		0.997
495.4		0.997
495.5		0.997
495.6		0.997
495.7		0.997
495.8		0.997
495.9		0.997
496		0.997
496.1		0.99731
496.2		0.99731
496.3		0.99731
496.4		0.99731
496.5		0.99731
496.6		0.99731
496.7		0.99731
496.8		0.99731
496.9		0.99731
497		0.99731
497.1		1
497.2		1
497.3		1
497.4		1
497.5		1
497.6		1
497.7		1
497.8		1
497.9		1
498		1
498.1		1
498.2		1
498.3		1
498.4		1
498.5		1
498.6		1
498.7		1
498.8		1
498.9		1
499		1
499.1		1
499.2		1
499.3		1
499.4		1
499.5		1
499.6		1
499.7		1
499.8		1
499.9		1
500		1
500.1		1
500.2		1
500.3		1
500.4		1
500.5		1
500.6		1
500.7		1
500.8		1
500.9		1
501		1
501.1		1
501.2		1
501.3		1
501.4		1
501.5		1
501.6		1
501.7		1
501.8		1
501.9		1
502		1
502.1		1
502.2		1
502.3		1
502.4		1
502.5		1
502.6		1
502.7		1
502.8		1
502.9		1
503		1
503.1		1
503.2		1
503.3		1
503.4		1
503.5		1
503.6		1
503.7		1
503.8		1
503.9		1
504		1
504.1		1
504.2		1
504.3		1
504.4		1
504.5		1
504.6		1
504.7		1
504.8		1
504.9		1
505		1
505.1		1
505.2		1
505.3		1
505.4		1
505.5		1
505.6		1
505.7		1
505.8		1
505.9		1
506		1
506.1		1
506.2		1
506.3		1
506.4		1
506.5		1
506.6		1
506.7		1
506.8		1
506.9		1
507		1
507.1		1
507.2		1
507.3		1
507.4		1
507.5		1
507.6		1
507.7		1
507.8		1
507.9		1
508		1
508.1		1
508.2		1
508.3		1
508.4		1
508.5		1
508.6		1
508.7		1
508.8		1
508.9		1
509		1
509.1		1
509.2		1
509.3		1
509.4		1
509.5		1
509.6		1
509.7		1
509.8		1
509.9		1
510		1
510.1		1
510.2		1
510.3		1
510.4		1
510.5		1
510.6		1
510.7		1
510.8		1
510.9		1
511		1
511.1		1
511.2		1
511.3		1
511.4		1
511.5		1
511.6		1
511.7		1
511.8		1
511.9		1
512		1
512.1		1
512.2		1
512.3		1
512.4		1
512.5		1
512.6		1
512.7		1
512.8		1
512.9		1
513		1
513.1		1
513.2		1
513.3		1
513.4		1
513.5		1
513.6		1
513.7		1
513.8		1
513.9		1
514		1
514.1		1
514.2		1
514.3		1
514.4		1
514.5		1
514.6		1
514.7		1
514.8		1
514.9		1
515		1
515.1		1
515.2		1
515.3		1
515.4		1
515.5		1
515.6		1
515.7		1
515.8		1
515.9		1
516		1
516.1		1
516.2		1
516.3		1
516.4		1
516.5		1
516.6		1
516.7		1
516.8		1
516.9		1
517		1
517.1		1
517.2		1
517.3		1
517.4		1
517.5		1
517.6		1
517.7		1
517.8		1
517.9		1
518		1
518.1		1
518.2		1
518.3		1
518.4		1
518.5		1
518.6		1
518.7		1
518.8		1
518.9		1
519		1
519.1		1
519.2		1
519.3		1
519.4		1
519.5		1
519.6		1
519.7		1
519.8		1
519.9		1
520		1
520.1		1
520.2		1
520.3		1
520.4		1
520.5		1
520.6		1
520.7		1
520.8		1
520.9		1
521		1
521.1		1
521.2		1
521.3		1
521.4		1
521.5		1
521.6		1
521.7		1
521.8		1
521.9		1
522		1
522.1		1
522.2		1
522.3		1
522.4		1
522.5		1
522.6		1
522.7		1
522.8		1
522.9		1
523		1
523.1		1
523.2		1
523.3		1
523.4		1
523.5		1
523.6		1
523.7		1
523.8		1
523.9		1
524		1
524.1		1
524.2		1
524.3		1
524.4		1
524.5		1
524.6		1
524.7		1
524.8		1
524.9		1
525		1
525.1		1
525.2		1
525.3		1
525.4		1
525.5		1
525.6		1
525.7		1
525.8		1
525.9		1
526		1
526.1		1
526.2		1
526.3		1
526.4		1
526.5		1
526.6		1
526.7		1
526.8		1
526.9		1
527		1
527.1		1
527.2		1
527.3		1
527.4		1
527.5		1
527.6		1
527.7		1
527.8		1
527.9		1
528		1
528.1		1
528.2		1
528.3		1
528.4		1
528.5		1
528.6		1
528.7		1
528.8		1
528.9		1
529		1
529.1		1
529.2		1
529.3		1
529.4		1
529.5		1
529.6		1
529.7		1
529.8		1
529.9		1
530		1
530.1		1
530.2		1
530.3		1
530.4		1
530.5		1
530.6		1
530.7		1
530.8		1
530.9		1
531		1
531.1		1
531.2		1
531.3		1
531.4		1
531.5		1
531.6		1
531.7		1
531.8		1
531.9		1
532		1
532.1		1
532.2		1
532.3		1
532.4		1
532.5		1
532.6		1
532.7		1
532.8		1
532.9		1
533		1
533.1		1
533.2		1
533.3		1
533.4		1
533.5		1
533.6		1
533.7		1
533.8		1
533.9		1
534		1
534.1		1
534.2		1
534.3		1
534.4		1
534.5		1
534.6		1
534.7		1
534.8		1
534.9		1
535		1
535.1		1
535.2		1
535.3		1
535.4		1
535.5		1
535.6		1
535.7		1
535.8		1
535.9		1
536		1
536.1		1
536.2		1
536.3		1
536.4		1
536.5		1
536.6		1
536.7		1
536.8		1
536.9		1
537		1
537.1		1
537.2		1
537.3		1
537.4		1
537.5		1
537.6		1
537.7		1
537.8		1
537.9		1
538		1
538.1		1
538.2		1
538.3		1
538.4		1
538.5		1
538.6		1
538.7		1
538.8		1
538.9		1
539		1
539.1		1
539.2		1
539.3		1
539.4		1
539.5		1
539.6		1
539.7		1
539.8		1
539.9		1
540		1
540.1		1
540.2		1
540.3		1
540.4		1
540.5		1
540.6		1
540.7		1
540.8		1
540.9		1
541		1
541.1		1
541.2		1
541.3		1
541.4		1
541.5		1
541.6		1
541.7		1
541.8		1
541.9		1
542		1
542.1		1
542.2		1
542.3		1
542.4		1
542.5		1
542.6		1
542.7		1
542.8		1
542.9		1
543		1
543.1		1
543.2		1
543.3		1
543.4		1
543.5		1
543.6		1
543.7		1
543.8		1
543.9		1
544		1
544.1		1
544.2		1
544.3		1
544.4		1
544.5		1
544.6		1
544.7		1
544.8		1
544.9		1
545		1
545.1		1
545.2		1
545.3		1
545.4		1
545.5		1
545.6		1
545.7		1
545.8		1
545.9		1
546		1
546.1		1
546.2		1
546.3		1
546.4		1
546.5		1
546.6		1
546.7		1
546.8		1
546.9		1
547		1
547.1		1
547.2		1
547.3		1
547.4		1
547.5		1
547.6		1
547.7		1
547.8		1
547.9		1
548		1
548.1		1
548.2		1
548.3		1
548.4		1
548.5		1
548.6		1
548.7		1
548.8		1
548.9		1
549		1
549.1		1
549.2		1
549.3		1
549.4		1
549.5		1
549.6		1
549.7		1
549.8		1
549.9		1
550		1
550.1		1
550.2		1
550.3		1
550.4		1
550.5		1
550.6		1
550.7		1
550.8		1
550.9		1
551		1
551.1		1
551.2		1
551.3		1
551.4		1
551.5		1
551.6		1
551.7		1
551.8		1
551.9		1
552		1
552.1		1
552.2		1
552.3		1
552.4		1
552.5		1
552.6		1
552.7		1
552.8		1
552.9		1
553		1
553.1		1
553.2		1
553.3		1
553.4		1
553.5		1
553.6		1
553.7		1
553.8		1
553.9		1
554		1
554.1		1
554.2		1
554.3		1
554.4		1
554.5		1
554.6		1
554.7		1
554.8		1
554.9		1
555		1
555.1		1
555.2		1
555.3		1
555.4		1
555.5		1
555.6		1
555.7		1
555.8		1
555.9		1
556		1
556.1		1
556.2		1
556.3		1
556.4		1
556.5		1
556.6		1
556.7		1
556.8		1
556.9		1
557		1
557.1		1
557.2		1
557.3		1
557.4		1
557.5		1
557.6		1
557.7		1
557.8		1
557.9		1
558		1
558.1		1
558.2		1
558.3		1
558.4		1
558.5		1
558.6		1
558.7		1
558.8		1
558.9		1
559		1
559.1		1
559.2		1
559.3		1
559.4		1
559.5		1
559.6		1
559.7		1
559.8		1
559.9		1
560		1
560.1		1
560.2		1
560.3		1
560.4		1
560.5		1
560.6		1
560.7		1
560.8		1
560.9		1
561		1
561.1		1
561.2		1
561.3		1
561.4		1
561.5		1
561.6		1
561.7		1
561.8		1
561.9		1
562		1
562.1		1
562.2		1
562.3		1
562.4		1
562.5		1
562.6		1
562.7		1
562.8		1
562.9		1
563		1
563.1		1
563.2		1
563.3		1
563.4		1
563.5		1
563.6		1
563.7		1
563.8		1
563.9		1
564		1
564.1		1
564.2		1
564.3		1
564.4		1
564.5		1
564.6		1
564.7		1
564.8		1
564.9		1
565		1
565.1		1
565.2		1
565.3		1
565.4		1
565.5		1
565.6		1
565.7		1
565.8		1
565.9		1
566		1
566.1		1
566.2		1
566.3		1
566.4		1
566.5		1
566.6		1
566.7		1
566.8		1
566.9		1
567		1
567.1		1
567.2		1
567.3		1
567.4		1
567.5		1
567.6		1
567.7		1
567.8		1
567.9		1
568		1
568.1		1
568.2		1
568.3		1
568.4		1
568.5		1
568.6		1
568.7		1
568.8		1
568.9		1
569		1
569.1		1
569.2		1
569.3		1
569.4		1
569.5		1
569.6		1
569.7		1
569.8		1
569.9		1
570		1
570.1		1
570.2		1
570.3		1
570.4		1
570.5		1
570.6		1
570.7		1
570.8		1
570.9		1
571		1
571.1		1
571.2		1
571.3		1
571.4		1
571.5		1
571.6		1
571.7		1
571.8		1
571.9		1
572		1
572.1		1
572.2		1
572.3		1
572.4		1
572.5		1
572.6		1
572.7		1
572.8		1
572.9		1
573		1
573.1		1
573.2		1
573.3		1
573.4		1
573.5		1
573.6		1
573.7		1
573.8		1
573.9		1
574		1
574.1		1
574.2		1
574.3		1
574.4		1
574.5		1
574.6		1
574.7		1
574.8		1
574.9		1
575		1
575.1		1
575.2		1
575.3		1
575.4		1
575.5		1
575.6		1
575.7		1
575.8		1
575.9		1
576		1
576.1		1
576.2		1
576.3		1
576.4		1
576.5		1
576.6		1
576.7		1
576.8		1
576.9		1
577		1
577.1		1
577.2		1
577.3		1
577.4		1
577.5		1
577.6		1
577.7		1
577.8		1
577.9		1
578		1
578.1		1
578.2		1
578.3		1
578.4		1
578.5		1
578.6		1
578.7		1
578.8		1
578.9		1
579		1
579.1		1
579.2		1
579.3		1
579.4		1
579.5		1
579.6		1
579.7		1
579.8		1
579.9		1
580		1
580.1		1
580.2		1
580.3		1
580.4		1
580.5		1
580.6		1
580.7		1
580.8		1
580.9		1
581		1
581.1		1
581.2		1
581.3		1
581.4		1
581.5		1
581.6		1
581.7		1
581.8		1
581.9		1
582		1
582.1		1
582.2		1
582.3		1
582.4		1
582.5		1
582.6		1
582.7		1
582.8		1
582.9		1
583		1
583.1		1
583.2		1
583.3		1
583.4		1
583.5		1
583.6		1
583.7		1
583.8		1
583.9		1
584		1
584.1		1
584.2		1
584.3		1
584.4		1
584.5		1
584.6		1
584.7		1
584.8		1
584.9		1
585		1
585.1		1
585.2		1
585.3		1
585.4		1
585.5		1
585.6		1
585.7		1
585.8		1
585.9		1
586		1
586.1		1
586.2		1
586.3		1
586.4		1
586.5		1
586.6		1
586.7		1
586.8		1
586.9		1
587		1
587.1		1
587.2		1
587.3		1
587.4		1
587.5		1
587.6		1
587.7		1
587.8		1
587.9		1
588		1
588.1		1
588.2		1
588.3		1
588.4		1
588.5		1
588.6		1
588.7		1
588.8		1
588.9		1
589		1
589.1		1
589.2		1
589.3		1
589.4		1
589.5		1
589.6		1
589.7		1
589.8		1
589.9		1
590		1
590.1		1
590.2		1
590.3		1
590.4		1
590.5		1
590.6		1
590.7		1
590.8		1
590.9		1
591		1
591.1		1
591.2		1
591.3		1
591.4		1
591.5		1
591.6		1
591.7		1
591.8		1
591.9		1
592		1
592.1		1
592.2		1
592.3		1
592.4		1
592.5		1
592.6		1
592.7		1
592.8		1
592.9		1
593		1
593.1		1
593.2		1
593.3		1
593.4		1
593.5		1
593.6		1
593.7		1
593.8		1
593.9		1
594		1
594.1		1
594.2		1
594.3		1
594.4		1
594.5		1
594.6		1
594.7		1
594.8		1
594.9		1
595		1
595.1		1
595.2		1
595.3		1
595.4		1
595.5		1
595.6		1
595.7		1
595.8		1
595.9		1
596		1
596.1		1
596.2		1
596.3		1
596.4		1
596.5		1
596.6		1
596.7		1
596.8		1
596.9		1
597		1
597.1		1
597.2		1
597.3		1
597.4		1
597.5		1
597.6		1
597.7		1
597.8		1
597.9		1
598		1
598.1		1
598.2		1
598.3		1
598.4		1
598.5		1
598.6		1
598.7		1
598.8		1
598.9		1
599		1
599.1		1
599.2		1
599.3		1
599.4		1
599.5		1
599.6		1
599.7		1
599.8		1
599.9		1
600		1
