# Calibration file of tamex_id 1 @ channel 58
# fine_T bin		 Calibration value
0.1		0
0.2		0
0.3		0
0.4		0
0.5		0
0.6		0
0.7		0
0.8		0
0.9		0
1		0
1.1		0
1.2		0
1.3		0
1.4		0
1.5		0
1.6		0
1.7		0
1.8		0
1.9		0
2		0
2.1		0
2.2		0
2.3		0
2.4		0
2.5		0
2.6		0
2.7		0
2.8		0
2.9		0
3		0
3.1		0
3.2		0
3.3		0
3.4		0
3.5		0
3.6		0
3.7		0
3.8		0
3.9		0
4		0
4.1		0
4.2		0
4.3		0
4.4		0
4.5		0
4.6		0
4.7		0
4.8		0
4.9		0
5		0
5.1		0
5.2		0
5.3		0
5.4		0
5.5		0
5.6		0
5.7		0
5.8		0
5.9		0
6		0
6.1		0
6.2		0
6.3		0
6.4		0
6.5		0
6.6		0
6.7		0
6.8		0
6.9		0
7		0
7.1		0
7.2		0
7.3		0
7.4		0
7.5		0
7.6		0
7.7		0
7.8		0
7.9		0
8		0
8.1		0
8.2		0
8.3		0
8.4		0
8.5		0
8.6		0
8.7		0
8.8		0
8.9		0
9		0
9.1		0
9.2		0
9.3		0
9.4		0
9.5		0
9.6		0
9.7		0
9.8		0
9.9		0
10		0
10.1		0
10.2		0
10.3		0
10.4		0
10.5		0
10.6		0
10.7		0
10.8		0
10.9		0
11		0
11.1		0
11.2		0
11.3		0
11.4		0
11.5		0
11.6		0
11.7		0
11.8		0
11.9		0
12		0
12.1		0
12.2		0
12.3		0
12.4		0
12.5		0
12.6		0
12.7		0
12.8		0
12.9		0
13		0
13.1		0
13.2		0
13.3		0
13.4		0
13.5		0
13.6		0
13.7		0
13.8		0
13.9		0
14		0
14.1		0
14.2		0
14.3		0
14.4		0
14.5		0
14.6		0
14.7		0
14.8		0
14.9		0
15		0
15.1		0
15.2		0
15.3		0
15.4		0
15.5		0
15.6		0
15.7		0
15.8		0
15.9		0
16		0
16.1		0
16.2		0
16.3		0
16.4		0
16.5		0
16.6		0
16.7		0
16.8		0
16.9		0
17		0
17.1		0.00622413
17.2		0.00622413
17.3		0.00622413
17.4		0.00622413
17.5		0.00622413
17.6		0.00622413
17.7		0.00622413
17.8		0.00622413
17.9		0.00622413
18		0.00622413
18.1		0.0078176
18.2		0.0078176
18.3		0.0078176
18.4		0.0078176
18.5		0.0078176
18.6		0.0078176
18.7		0.0078176
18.8		0.0078176
18.9		0.0078176
19		0.0078176
19.1		0.0097212
19.2		0.0097212
19.3		0.0097212
19.4		0.0097212
19.5		0.0097212
19.6		0.0097212
19.7		0.0097212
19.8		0.0097212
19.9		0.0097212
20		0.0097212
20.1		0.0135284
20.2		0.0135284
20.3		0.0135284
20.4		0.0135284
20.5		0.0135284
20.6		0.0135284
20.7		0.0135284
20.8		0.0135284
20.9		0.0135284
21		0.0135284
21.1		0.0171538
21.2		0.0171538
21.3		0.0171538
21.4		0.0171538
21.5		0.0171538
21.6		0.0171538
21.7		0.0171538
21.8		0.0171538
21.9		0.0171538
22		0.0171538
22.1		0.0173356
22.2		0.0173356
22.3		0.0173356
22.4		0.0173356
22.5		0.0173356
22.6		0.0173356
22.7		0.0173356
22.8		0.0173356
22.9		0.0173356
23		0.0173356
23.1		0.0182981
23.2		0.0182981
23.3		0.0182981
23.4		0.0182981
23.5		0.0182981
23.6		0.0182981
23.7		0.0182981
23.8		0.0182981
23.9		0.0182981
24		0.0182981
24.1		0.022779
24.2		0.022779
24.3		0.022779
24.4		0.022779
24.5		0.022779
24.6		0.022779
24.7		0.022779
24.8		0.022779
24.9		0.022779
25		0.022779
25.1		0.0260194
25.2		0.0260194
25.3		0.0260194
25.4		0.0260194
25.5		0.0260194
25.6		0.0260194
25.7		0.0260194
25.8		0.0260194
25.9		0.0260194
26		0.0260194
26.1		0.0265649
26.2		0.0265649
26.3		0.0265649
26.4		0.0265649
26.5		0.0265649
26.6		0.0265649
26.7		0.0265649
26.8		0.0265649
26.9		0.0265649
27		0.0265649
27.1		0.0276343
27.2		0.0276343
27.3		0.0276343
27.4		0.0276343
27.5		0.0276343
27.6		0.0276343
27.7		0.0276343
27.8		0.0276343
27.9		0.0276343
28		0.0276343
28.1		0.0301047
28.2		0.0301047
28.3		0.0301047
28.4		0.0301047
28.5		0.0301047
28.6		0.0301047
28.7		0.0301047
28.8		0.0301047
28.9		0.0301047
29		0.0301047
29.1		0.0354091
29.2		0.0354091
29.3		0.0354091
29.4		0.0354091
29.5		0.0354091
29.6		0.0354091
29.7		0.0354091
29.8		0.0354091
29.9		0.0354091
30		0.0354091
30.1		0.0358476
30.2		0.0358476
30.3		0.0358476
30.4		0.0358476
30.5		0.0358476
30.6		0.0358476
30.7		0.0358476
30.8		0.0358476
30.9		0.0358476
31		0.0358476
31.1		0.0364144
31.2		0.0364144
31.3		0.0364144
31.4		0.0364144
31.5		0.0364144
31.6		0.0364144
31.7		0.0364144
31.8		0.0364144
31.9		0.0364144
32		0.0364144
32.1		0.0388313
32.2		0.0388313
32.3		0.0388313
32.4		0.0388313
32.5		0.0388313
32.6		0.0388313
32.7		0.0388313
32.8		0.0388313
32.9		0.0388313
33		0.0388313
33.1		0.0408419
33.2		0.0408419
33.3		0.0408419
33.4		0.0408419
33.5		0.0408419
33.6		0.0408419
33.7		0.0408419
33.8		0.0408419
33.9		0.0408419
34		0.0408419
34.1		0.0429594
34.2		0.0429594
34.3		0.0429594
34.4		0.0429594
34.5		0.0429594
34.6		0.0429594
34.7		0.0429594
34.8		0.0429594
34.9		0.0429594
35		0.0429594
35.1		0.0453335
35.2		0.0453335
35.3		0.0453335
35.4		0.0453335
35.5		0.0453335
35.6		0.0453335
35.7		0.0453335
35.8		0.0453335
35.9		0.0453335
36		0.0453335
36.1		0.0461249
36.2		0.0461249
36.3		0.0461249
36.4		0.0461249
36.5		0.0461249
36.6		0.0461249
36.7		0.0461249
36.8		0.0461249
36.9		0.0461249
37		0.0461249
37.1		0.0490445
37.2		0.0490445
37.3		0.0490445
37.4		0.0490445
37.5		0.0490445
37.6		0.0490445
37.7		0.0490445
37.8		0.0490445
37.9		0.0490445
38		0.0490445
38.1		0.0518785
38.2		0.0518785
38.3		0.0518785
38.4		0.0518785
38.5		0.0518785
38.6		0.0518785
38.7		0.0518785
38.8		0.0518785
38.9		0.0518785
39		0.0518785
39.1		0.0531404
39.2		0.0531404
39.3		0.0531404
39.4		0.0531404
39.5		0.0531404
39.6		0.0531404
39.7		0.0531404
39.8		0.0531404
39.9		0.0531404
40		0.0531404
40.1		0.0566375
40.2		0.0566375
40.3		0.0566375
40.4		0.0566375
40.5		0.0566375
40.6		0.0566375
40.7		0.0566375
40.8		0.0566375
40.9		0.0566375
41		0.0566375
41.1		0.0581454
41.2		0.0581454
41.3		0.0581454
41.4		0.0581454
41.5		0.0581454
41.6		0.0581454
41.7		0.0581454
41.8		0.0581454
41.9		0.0581454
42		0.0581454
42.1		0.0607441
42.2		0.0607441
42.3		0.0607441
42.4		0.0607441
42.5		0.0607441
42.6		0.0607441
42.7		0.0607441
42.8		0.0607441
42.9		0.0607441
43		0.0607441
43.1		0.060958
43.2		0.060958
43.3		0.060958
43.4		0.060958
43.5		0.060958
43.6		0.060958
43.7		0.060958
43.8		0.060958
43.9		0.060958
44		0.060958
44.1		0.0637278
44.2		0.0637278
44.3		0.0637278
44.4		0.0637278
44.5		0.0637278
44.6		0.0637278
44.7		0.0637278
44.8		0.0637278
44.9		0.0637278
45		0.0637278
45.1		0.0644872
45.2		0.0644872
45.3		0.0644872
45.4		0.0644872
45.5		0.0644872
45.6		0.0644872
45.7		0.0644872
45.8		0.0644872
45.9		0.0644872
46		0.0644872
46.1		0.0714599
46.2		0.0714599
46.3		0.0714599
46.4		0.0714599
46.5		0.0714599
46.6		0.0714599
46.7		0.0714599
46.8		0.0714599
46.9		0.0714599
47		0.0714599
47.1		0.0728502
47.2		0.0728502
47.3		0.0728502
47.4		0.0728502
47.5		0.0728502
47.6		0.0728502
47.7		0.0728502
47.8		0.0728502
47.9		0.0728502
48		0.0728502
48.1		0.0730106
48.2		0.0730106
48.3		0.0730106
48.4		0.0730106
48.5		0.0730106
48.6		0.0730106
48.7		0.0730106
48.8		0.0730106
48.9		0.0730106
49		0.0730106
49.1		0.0732886
49.2		0.0732886
49.3		0.0732886
49.4		0.0732886
49.5		0.0732886
49.6		0.0732886
49.7		0.0732886
49.8		0.0732886
49.9		0.0732886
50		0.0732886
50.1		0.0781439
50.2		0.0781439
50.3		0.0781439
50.4		0.0781439
50.5		0.0781439
50.6		0.0781439
50.7		0.0781439
50.8		0.0781439
50.9		0.0781439
51		0.0781439
51.1		0.0788176
51.2		0.0788176
51.3		0.0788176
51.4		0.0788176
51.5		0.0788176
51.6		0.0788176
51.7		0.0788176
51.8		0.0788176
51.9		0.0788176
52		0.0788176
52.1		0.0821436
52.2		0.0821436
52.3		0.0821436
52.4		0.0821436
52.5		0.0821436
52.6		0.0821436
52.7		0.0821436
52.8		0.0821436
52.9		0.0821436
53		0.0821436
53.1		0.0835339
53.2		0.0835339
53.3		0.0835339
53.4		0.0835339
53.5		0.0835339
53.6		0.0835339
53.7		0.0835339
53.8		0.0835339
53.9		0.0835339
54		0.0835339
54.1		0.0862716
54.2		0.0862716
54.3		0.0862716
54.4		0.0862716
54.5		0.0862716
54.6		0.0862716
54.7		0.0862716
54.8		0.0862716
54.9		0.0862716
55		0.0862716
55.1		0.0867956
55.2		0.0867956
55.3		0.0867956
55.4		0.0867956
55.5		0.0867956
55.6		0.0867956
55.7		0.0867956
55.8		0.0867956
55.9		0.0867956
56		0.0867956
56.1		0.0881859
56.2		0.0881859
56.3		0.0881859
56.4		0.0881859
56.5		0.0881859
56.6		0.0881859
56.7		0.0881859
56.8		0.0881859
56.9		0.0881859
57		0.0881859
57.1		0.0888704
57.2		0.0888704
57.3		0.0888704
57.4		0.0888704
57.5		0.0888704
57.6		0.0888704
57.7		0.0888704
57.8		0.0888704
57.9		0.0888704
58		0.0888704
58.1		0.0922605
58.2		0.0922605
58.3		0.0922605
58.4		0.0922605
58.5		0.0922605
58.6		0.0922605
58.7		0.0922605
58.8		0.0922605
58.9		0.0922605
59		0.0922605
59.1		0.095426
59.2		0.095426
59.3		0.095426
59.4		0.095426
59.5		0.095426
59.6		0.095426
59.7		0.095426
59.8		0.095426
59.9		0.095426
60		0.095426
60.1		0.0958859
60.2		0.0958859
60.3		0.0958859
60.4		0.0958859
60.5		0.0958859
60.6		0.0958859
60.7		0.0958859
60.8		0.0958859
60.9		0.0958859
61		0.0958859
61.1		0.09749
61.2		0.09749
61.3		0.09749
61.4		0.09749
61.5		0.09749
61.6		0.09749
61.7		0.09749
61.8		0.09749
61.9		0.09749
62		0.09749
62.1		0.100367
62.2		0.100367
62.3		0.100367
62.4		0.100367
62.5		0.100367
62.6		0.100367
62.7		0.100367
62.8		0.100367
62.9		0.100367
63		0.100367
63.1		0.103671
63.2		0.103671
63.3		0.103671
63.4		0.103671
63.5		0.103671
63.6		0.103671
63.7		0.103671
63.8		0.103671
63.9		0.103671
64		0.103671
64.1		0.104195
64.2		0.104195
64.3		0.104195
64.4		0.104195
64.5		0.104195
64.6		0.104195
64.7		0.104195
64.8		0.104195
64.9		0.104195
65		0.104195
65.1		0.10627
65.2		0.10627
65.3		0.10627
65.4		0.10627
65.5		0.10627
65.6		0.10627
65.7		0.10627
65.8		0.10627
65.9		0.10627
66		0.10627
66.1		0.107211
66.2		0.107211
66.3		0.107211
66.4		0.107211
66.5		0.107211
66.6		0.107211
66.7		0.107211
66.8		0.107211
66.9		0.107211
67		0.107211
67.1		0.109179
67.2		0.109179
67.3		0.109179
67.4		0.109179
67.5		0.109179
67.6		0.109179
67.7		0.109179
67.8		0.109179
67.9		0.109179
68		0.109179
68.1		0.114098
68.2		0.114098
68.3		0.114098
68.4		0.114098
68.5		0.114098
68.6		0.114098
68.7		0.114098
68.8		0.114098
68.9		0.114098
69		0.114098
69.1		0.115243
69.2		0.115243
69.3		0.115243
69.4		0.115243
69.5		0.115243
69.6		0.115243
69.7		0.115243
69.8		0.115243
69.9		0.115243
70		0.115243
70.1		0.117414
70.2		0.117414
70.3		0.117414
70.4		0.117414
70.5		0.117414
70.6		0.117414
70.7		0.117414
70.8		0.117414
70.9		0.117414
71		0.117414
71.1		0.11875
71.2		0.11875
71.3		0.11875
71.4		0.11875
71.5		0.11875
71.6		0.11875
71.7		0.11875
71.8		0.11875
71.9		0.11875
72		0.11875
72.1		0.1229
72.2		0.1229
72.3		0.1229
72.4		0.1229
72.5		0.1229
72.6		0.1229
72.7		0.1229
72.8		0.1229
72.9		0.1229
73		0.1229
73.1		0.124429
73.2		0.124429
73.3		0.124429
73.4		0.124429
73.5		0.124429
73.6		0.124429
73.7		0.124429
73.8		0.124429
73.9		0.124429
74		0.124429
74.1		0.125092
74.2		0.125092
74.3		0.125092
74.4		0.125092
74.5		0.125092
74.6		0.125092
74.7		0.125092
74.8		0.125092
74.9		0.125092
75		0.125092
75.1		0.12875
75.2		0.12875
75.3		0.12875
75.4		0.12875
75.5		0.12875
75.6		0.12875
75.7		0.12875
75.8		0.12875
75.9		0.12875
76		0.12875
76.1		0.132653
76.2		0.132653
76.3		0.132653
76.4		0.132653
76.5		0.132653
76.6		0.132653
76.7		0.132653
76.8		0.132653
76.9		0.132653
77		0.132653
77.1		0.133733
77.2		0.133733
77.3		0.133733
77.4		0.133733
77.5		0.133733
77.6		0.133733
77.7		0.133733
77.8		0.133733
77.9		0.133733
78		0.133733
78.1		0.135049
78.2		0.135049
78.3		0.135049
78.4		0.135049
78.5		0.135049
78.6		0.135049
78.7		0.135049
78.8		0.135049
78.9		0.135049
79		0.135049
79.1		0.135177
79.2		0.135177
79.3		0.135177
79.4		0.135177
79.5		0.135177
79.6		0.135177
79.7		0.135177
79.8		0.135177
79.9		0.135177
80		0.135177
80.1		0.141626
80.2		0.141626
80.3		0.141626
80.4		0.141626
80.5		0.141626
80.6		0.141626
80.7		0.141626
80.8		0.141626
80.9		0.141626
81		0.141626
81.1		0.142845
81.2		0.142845
81.3		0.142845
81.4		0.142845
81.5		0.142845
81.6		0.142845
81.7		0.142845
81.8		0.142845
81.9		0.142845
82		0.142845
82.1		0.142941
82.2		0.142941
82.3		0.142941
82.4		0.142941
82.5		0.142941
82.6		0.142941
82.7		0.142941
82.8		0.142941
82.9		0.142941
83		0.142941
83.1		0.144984
83.2		0.144984
83.3		0.144984
83.4		0.144984
83.5		0.144984
83.6		0.144984
83.7		0.144984
83.8		0.144984
83.9		0.144984
84		0.144984
84.1		0.146428
84.2		0.146428
84.3		0.146428
84.4		0.146428
84.5		0.146428
84.6		0.146428
84.7		0.146428
84.8		0.146428
84.9		0.146428
85		0.146428
85.1		0.148695
85.2		0.148695
85.3		0.148695
85.4		0.148695
85.5		0.148695
85.6		0.148695
85.7		0.148695
85.8		0.148695
85.9		0.148695
86		0.148695
86.1		0.151219
86.2		0.151219
86.3		0.151219
86.4		0.151219
86.5		0.151219
86.6		0.151219
86.7		0.151219
86.8		0.151219
86.9		0.151219
87		0.151219
87.1		0.152149
87.2		0.152149
87.3		0.152149
87.4		0.152149
87.5		0.152149
87.6		0.152149
87.7		0.152149
87.8		0.152149
87.9		0.152149
88		0.152149
88.1		0.155528
88.2		0.155528
88.3		0.155528
88.4		0.155528
88.5		0.155528
88.6		0.155528
88.7		0.155528
88.8		0.155528
88.9		0.155528
89		0.155528
89.1		0.156566
89.2		0.156566
89.3		0.156566
89.4		0.156566
89.5		0.156566
89.6		0.156566
89.7		0.156566
89.8		0.156566
89.9		0.156566
90		0.156566
90.1		0.158063
90.2		0.158063
90.3		0.158063
90.4		0.158063
90.5		0.158063
90.6		0.158063
90.7		0.158063
90.8		0.158063
90.9		0.158063
91		0.158063
91.1		0.160737
91.2		0.160737
91.3		0.160737
91.4		0.160737
91.5		0.160737
91.6		0.160737
91.7		0.160737
91.8		0.160737
91.9		0.160737
92		0.160737
92.1		0.16264
92.2		0.16264
92.3		0.16264
92.4		0.16264
92.5		0.16264
92.6		0.16264
92.7		0.16264
92.8		0.16264
92.9		0.16264
93		0.16264
93.1		0.166661
93.2		0.166661
93.3		0.166661
93.4		0.166661
93.5		0.166661
93.6		0.166661
93.7		0.166661
93.8		0.166661
93.9		0.166661
94		0.166661
94.1		0.167378
94.2		0.167378
94.3		0.167378
94.4		0.167378
94.5		0.167378
94.6		0.167378
94.7		0.167378
94.8		0.167378
94.9		0.167378
95		0.167378
95.1		0.168736
95.2		0.168736
95.3		0.168736
95.4		0.168736
95.5		0.168736
95.6		0.168736
95.7		0.168736
95.8		0.168736
95.9		0.168736
96		0.168736
96.1		0.171741
96.2		0.171741
96.3		0.171741
96.4		0.171741
96.5		0.171741
96.6		0.171741
96.7		0.171741
96.8		0.171741
96.9		0.171741
97		0.171741
97.1		0.1745
97.2		0.1745
97.3		0.1745
97.4		0.1745
97.5		0.1745
97.6		0.1745
97.7		0.1745
97.8		0.1745
97.9		0.1745
98		0.1745
98.1		0.17665
98.2		0.17665
98.3		0.17665
98.4		0.17665
98.5		0.17665
98.6		0.17665
98.7		0.17665
98.8		0.17665
98.9		0.17665
99		0.17665
99.1		0.178436
99.2		0.178436
99.3		0.178436
99.4		0.178436
99.5		0.178436
99.6		0.178436
99.7		0.178436
99.8		0.178436
99.9		0.178436
100		0.178436
100.1		0.17865
100.2		0.17865
100.3		0.17865
100.4		0.17865
100.5		0.17865
100.6		0.17865
100.7		0.17865
100.8		0.17865
100.9		0.17865
101		0.17865
101.1		0.182767
101.2		0.182767
101.3		0.182767
101.4		0.182767
101.5		0.182767
101.6		0.182767
101.7		0.182767
101.8		0.182767
101.9		0.182767
102		0.182767
102.1		0.186307
102.2		0.186307
102.3		0.186307
102.4		0.186307
102.5		0.186307
102.6		0.186307
102.7		0.186307
102.8		0.186307
102.9		0.186307
103		0.186307
103.1		0.187291
103.2		0.187291
103.3		0.187291
103.4		0.187291
103.5		0.187291
103.6		0.187291
103.7		0.187291
103.8		0.187291
103.9		0.187291
104		0.187291
104.1		0.18867
104.2		0.18867
104.3		0.18867
104.4		0.18867
104.5		0.18867
104.6		0.18867
104.7		0.18867
104.8		0.18867
104.9		0.18867
105		0.18867
105.1		0.190585
105.2		0.190585
105.3		0.190585
105.4		0.190585
105.5		0.190585
105.6		0.190585
105.7		0.190585
105.8		0.190585
105.9		0.190585
106		0.190585
106.1		0.194916
106.2		0.194916
106.3		0.194916
106.4		0.194916
106.5		0.194916
106.6		0.194916
106.7		0.194916
106.8		0.194916
106.9		0.194916
107		0.194916
107.1		0.195771
107.2		0.195771
107.3		0.195771
107.4		0.195771
107.5		0.195771
107.6		0.195771
107.7		0.195771
107.8		0.195771
107.9		0.195771
108		0.195771
108.1		0.196263
108.2		0.196263
108.3		0.196263
108.4		0.196263
108.5		0.196263
108.6		0.196263
108.7		0.196263
108.8		0.196263
108.9		0.196263
109		0.196263
109.1		0.198434
109.2		0.198434
109.3		0.198434
109.4		0.198434
109.5		0.198434
109.6		0.198434
109.7		0.198434
109.8		0.198434
109.9		0.198434
110		0.198434
110.1		0.201322
110.2		0.201322
110.3		0.201322
110.4		0.201322
110.5		0.201322
110.6		0.201322
110.7		0.201322
110.8		0.201322
110.9		0.201322
111		0.201322
111.1		0.205685
111.2		0.205685
111.3		0.205685
111.4		0.205685
111.5		0.205685
111.6		0.205685
111.7		0.205685
111.8		0.205685
111.9		0.205685
112		0.205685
112.1		0.20638
112.2		0.20638
112.3		0.20638
112.4		0.20638
112.5		0.20638
112.6		0.20638
112.7		0.20638
112.8		0.20638
112.9		0.20638
113		0.20638
113.1		0.206947
113.2		0.206947
113.3		0.206947
113.4		0.206947
113.5		0.206947
113.6		0.206947
113.7		0.206947
113.8		0.206947
113.9		0.206947
114		0.206947
114.1		0.213118
114.2		0.213118
114.3		0.213118
114.4		0.213118
114.5		0.213118
114.6		0.213118
114.7		0.213118
114.8		0.213118
114.9		0.213118
115		0.213118
115.1		0.214551
115.2		0.214551
115.3		0.214551
115.4		0.214551
115.5		0.214551
115.6		0.214551
115.7		0.214551
115.8		0.214551
115.9		0.214551
116		0.214551
116.1		0.21469
116.2		0.21469
116.3		0.21469
116.4		0.21469
116.5		0.21469
116.6		0.21469
116.7		0.21469
116.8		0.21469
116.9		0.21469
117		0.21469
117.1		0.219353
117.2		0.219353
117.3		0.219353
117.4		0.219353
117.5		0.219353
117.6		0.219353
117.7		0.219353
117.8		0.219353
117.9		0.219353
118		0.219353
118.1		0.219545
118.2		0.219545
118.3		0.219545
118.4		0.219545
118.5		0.219545
118.6		0.219545
118.7		0.219545
118.8		0.219545
118.9		0.219545
119		0.219545
119.1		0.222005
119.2		0.222005
119.3		0.222005
119.4		0.222005
119.5		0.222005
119.6		0.222005
119.7		0.222005
119.8		0.222005
119.9		0.222005
120		0.222005
120.1		0.222294
120.2		0.222294
120.3		0.222294
120.4		0.222294
120.5		0.222294
120.6		0.222294
120.7		0.222294
120.8		0.222294
120.9		0.222294
121		0.222294
121.1		0.224571
121.2		0.224571
121.3		0.224571
121.4		0.224571
121.5		0.224571
121.6		0.224571
121.7		0.224571
121.8		0.224571
121.9		0.224571
122		0.224571
122.1		0.225363
122.2		0.225363
122.3		0.225363
122.4		0.225363
122.5		0.225363
122.6		0.225363
122.7		0.225363
122.8		0.225363
122.9		0.225363
123		0.225363
123.1		0.229833
123.2		0.229833
123.3		0.229833
123.4		0.229833
123.5		0.229833
123.6		0.229833
123.7		0.229833
123.8		0.229833
123.9		0.229833
124		0.229833
124.1		0.233416
124.2		0.233416
124.3		0.233416
124.4		0.233416
124.5		0.233416
124.6		0.233416
124.7		0.233416
124.8		0.233416
124.9		0.233416
125		0.233416
125.1		0.236282
125.2		0.236282
125.3		0.236282
125.4		0.236282
125.5		0.236282
125.6		0.236282
125.7		0.236282
125.8		0.236282
125.9		0.236282
126		0.236282
126.1		0.23718
126.2		0.23718
126.3		0.23718
126.4		0.23718
126.5		0.23718
126.6		0.23718
126.7		0.23718
126.8		0.23718
126.9		0.23718
127		0.23718
127.1		0.237843
127.2		0.237843
127.3		0.237843
127.4		0.237843
127.5		0.237843
127.6		0.237843
127.7		0.237843
127.8		0.237843
127.9		0.237843
128		0.237843
128.1		0.241629
128.2		0.241629
128.3		0.241629
128.4		0.241629
128.5		0.241629
128.6		0.241629
128.7		0.241629
128.8		0.241629
128.9		0.241629
129		0.241629
129.1		0.243319
129.2		0.243319
129.3		0.243319
129.4		0.243319
129.5		0.243319
129.6		0.243319
129.7		0.243319
129.8		0.243319
129.9		0.243319
130		0.243319
130.1		0.243522
130.2		0.243522
130.3		0.243522
130.4		0.243522
130.5		0.243522
130.6		0.243522
130.7		0.243522
130.8		0.243522
130.9		0.243522
131		0.243522
131.1		0.247981
131.2		0.247981
131.3		0.247981
131.4		0.247981
131.5		0.247981
131.6		0.247981
131.7		0.247981
131.8		0.247981
131.9		0.247981
132		0.247981
132.1		0.250997
132.2		0.250997
132.3		0.250997
132.4		0.250997
132.5		0.250997
132.6		0.250997
132.7		0.250997
132.8		0.250997
132.9		0.250997
133		0.250997
133.1		0.253051
133.2		0.253051
133.3		0.253051
133.4		0.253051
133.5		0.253051
133.6		0.253051
133.7		0.253051
133.8		0.253051
133.9		0.253051
134		0.253051
134.1		0.253478
134.2		0.253478
134.3		0.253478
134.4		0.253478
134.5		0.253478
134.6		0.253478
134.7		0.253478
134.8		0.253478
134.9		0.253478
135		0.253478
135.1		0.253788
135.2		0.253788
135.3		0.253788
135.4		0.253788
135.5		0.253788
135.6		0.253788
135.7		0.253788
135.8		0.253788
135.9		0.253788
136		0.253788
136.1		0.26044
136.2		0.26044
136.3		0.26044
136.4		0.26044
136.5		0.26044
136.6		0.26044
136.7		0.26044
136.8		0.26044
136.9		0.26044
137		0.26044
137.1		0.261253
137.2		0.261253
137.3		0.261253
137.4		0.261253
137.5		0.261253
137.6		0.261253
137.7		0.261253
137.8		0.261253
137.9		0.261253
138		0.261253
138.1		0.263189
138.2		0.263189
138.3		0.263189
138.4		0.263189
138.5		0.263189
138.6		0.263189
138.7		0.263189
138.8		0.263189
138.9		0.263189
139		0.263189
139.1		0.263745
139.2		0.263745
139.3		0.263745
139.4		0.263745
139.5		0.263745
139.6		0.263745
139.7		0.263745
139.8		0.263745
139.9		0.263745
140		0.263745
140.1		0.266483
140.2		0.266483
140.3		0.266483
140.4		0.266483
140.5		0.266483
140.6		0.266483
140.7		0.266483
140.8		0.266483
140.9		0.266483
141		0.266483
141.1		0.270375
141.2		0.270375
141.3		0.270375
141.4		0.270375
141.5		0.270375
141.6		0.270375
141.7		0.270375
141.8		0.270375
141.9		0.270375
142		0.270375
142.1		0.271659
142.2		0.271659
142.3		0.271659
142.4		0.271659
142.5		0.271659
142.6		0.271659
142.7		0.271659
142.8		0.271659
142.9		0.271659
143		0.271659
143.1		0.272386
143.2		0.272386
143.3		0.272386
143.4		0.272386
143.5		0.272386
143.6		0.272386
143.7		0.272386
143.8		0.272386
143.9		0.272386
144		0.272386
144.1		0.276033
144.2		0.276033
144.3		0.276033
144.4		0.276033
144.5		0.276033
144.6		0.276033
144.7		0.276033
144.8		0.276033
144.9		0.276033
145		0.276033
145.1		0.277958
145.2		0.277958
145.3		0.277958
145.4		0.277958
145.5		0.277958
145.6		0.277958
145.7		0.277958
145.8		0.277958
145.9		0.277958
146		0.277958
146.1		0.279177
146.2		0.279177
146.3		0.279177
146.4		0.279177
146.5		0.279177
146.6		0.279177
146.7		0.279177
146.8		0.279177
146.9		0.279177
147		0.279177
147.1		0.279594
147.2		0.279594
147.3		0.279594
147.4		0.279594
147.5		0.279594
147.6		0.279594
147.7		0.279594
147.8		0.279594
147.9		0.279594
148		0.279594
148.1		0.284898
148.2		0.284898
148.3		0.284898
148.4		0.284898
148.5		0.284898
148.6		0.284898
148.7		0.284898
148.8		0.284898
148.9		0.284898
149		0.284898
149.1		0.287615
149.2		0.287615
149.3		0.287615
149.4		0.287615
149.5		0.287615
149.6		0.287615
149.7		0.287615
149.8		0.287615
149.9		0.287615
150		0.287615
150.1		0.289059
150.2		0.289059
150.3		0.289059
150.4		0.289059
150.5		0.289059
150.6		0.289059
150.7		0.289059
150.8		0.289059
150.9		0.289059
151		0.289059
151.1		0.289551
151.2		0.289551
151.3		0.289551
151.4		0.289551
151.5		0.289551
151.6		0.289551
151.7		0.289551
151.8		0.289551
151.9		0.289551
152		0.289551
152.1		0.291304
152.2		0.291304
152.3		0.291304
152.4		0.291304
152.5		0.291304
152.6		0.291304
152.7		0.291304
152.8		0.291304
152.9		0.291304
153		0.291304
153.1		0.294096
153.2		0.294096
153.3		0.294096
153.4		0.294096
153.5		0.294096
153.6		0.294096
153.7		0.294096
153.8		0.294096
153.9		0.294096
154		0.294096
154.1		0.29801
154.2		0.29801
154.3		0.29801
154.4		0.29801
154.5		0.29801
154.6		0.29801
154.7		0.29801
154.8		0.29801
154.9		0.29801
155		0.29801
155.1		0.298427
155.2		0.298427
155.3		0.298427
155.4		0.298427
155.5		0.298427
155.6		0.298427
155.7		0.298427
155.8		0.298427
155.9		0.298427
156		0.298427
156.1		0.301764
156.2		0.301764
156.3		0.301764
156.4		0.301764
156.5		0.301764
156.6		0.301764
156.7		0.301764
156.8		0.301764
156.9		0.301764
157		0.301764
157.1		0.302116
157.2		0.302116
157.3		0.302116
157.4		0.302116
157.5		0.302116
157.6		0.302116
157.7		0.302116
157.8		0.302116
157.9		0.302116
158		0.302116
158.1		0.30448
158.2		0.30448
158.3		0.30448
158.4		0.30448
158.5		0.30448
158.6		0.30448
158.7		0.30448
158.8		0.30448
158.9		0.30448
159		0.30448
159.1		0.307346
159.2		0.307346
159.3		0.307346
159.4		0.307346
159.5		0.307346
159.6		0.307346
159.7		0.307346
159.8		0.307346
159.9		0.307346
160		0.307346
160.1		0.30772
160.2		0.30772
160.3		0.30772
160.4		0.30772
160.5		0.30772
160.6		0.30772
160.7		0.30772
160.8		0.30772
160.9		0.30772
161		0.30772
161.1		0.309602
161.2		0.309602
161.3		0.309602
161.4		0.309602
161.5		0.309602
161.6		0.309602
161.7		0.309602
161.8		0.309602
161.9		0.309602
162		0.309602
162.1		0.315249
162.2		0.315249
162.3		0.315249
162.4		0.315249
162.5		0.315249
162.6		0.315249
162.7		0.315249
162.8		0.315249
162.9		0.315249
163		0.315249
163.1		0.31618
163.2		0.31618
163.3		0.31618
163.4		0.31618
163.5		0.31618
163.6		0.31618
163.7		0.31618
163.8		0.31618
163.9		0.31618
164		0.31618
164.1		0.316682
164.2		0.316682
164.3		0.316682
164.4		0.316682
164.5		0.316682
164.6		0.316682
164.7		0.316682
164.8		0.316682
164.9		0.316682
165		0.316682
165.1		0.319345
165.2		0.319345
165.3		0.319345
165.4		0.319345
165.5		0.319345
165.6		0.319345
165.7		0.319345
165.8		0.319345
165.9		0.319345
166		0.319345
166.1		0.322896
166.2		0.322896
166.3		0.322896
166.4		0.322896
166.5		0.322896
166.6		0.322896
166.7		0.322896
166.8		0.322896
166.9		0.322896
167		0.322896
167.1		0.323281
167.2		0.323281
167.3		0.323281
167.4		0.323281
167.5		0.323281
167.6		0.323281
167.7		0.323281
167.8		0.323281
167.9		0.323281
168		0.323281
168.1		0.327045
168.2		0.327045
168.3		0.327045
168.4		0.327045
168.5		0.327045
168.6		0.327045
168.7		0.327045
168.8		0.327045
168.9		0.327045
169		0.327045
169.1		0.328125
169.2		0.328125
169.3		0.328125
169.4		0.328125
169.5		0.328125
169.6		0.328125
169.7		0.328125
169.8		0.328125
169.9		0.328125
170		0.328125
170.1		0.332777
170.2		0.332777
170.3		0.332777
170.4		0.332777
170.5		0.332777
170.6		0.332777
170.7		0.332777
170.8		0.332777
170.9		0.332777
171		0.332777
171.1		0.333804
171.2		0.333804
171.3		0.333804
171.4		0.333804
171.5		0.333804
171.6		0.333804
171.7		0.333804
171.8		0.333804
171.9		0.333804
172		0.333804
172.1		0.333964
172.2		0.333964
172.3		0.333964
172.4		0.333964
172.5		0.333964
172.6		0.333964
172.7		0.333964
172.8		0.333964
172.9		0.333964
173		0.333964
173.1		0.334841
173.2		0.334841
173.3		0.334841
173.4		0.334841
173.5		0.334841
173.6		0.334841
173.7		0.334841
173.8		0.334841
173.9		0.334841
174		0.334841
174.1		0.340991
174.2		0.340991
174.3		0.340991
174.4		0.340991
174.5		0.340991
174.6		0.340991
174.7		0.340991
174.8		0.340991
174.9		0.340991
175		0.340991
175.1		0.344776
175.2		0.344776
175.3		0.344776
175.4		0.344776
175.5		0.344776
175.6		0.344776
175.7		0.344776
175.8		0.344776
175.9		0.344776
176		0.344776
176.1		0.345717
176.2		0.345717
176.3		0.345717
176.4		0.345717
176.5		0.345717
176.6		0.345717
176.7		0.345717
176.8		0.345717
176.9		0.345717
177		0.345717
177.1		0.34715
177.2		0.34715
177.3		0.34715
177.4		0.34715
177.5		0.34715
177.6		0.34715
177.7		0.34715
177.8		0.34715
177.9		0.34715
178		0.34715
178.1		0.34791
178.2		0.34791
178.3		0.34791
178.4		0.34791
178.5		0.34791
178.6		0.34791
178.7		0.34791
178.8		0.34791
178.9		0.34791
179		0.34791
179.1		0.350947
179.2		0.350947
179.3		0.350947
179.4		0.350947
179.5		0.350947
179.6		0.350947
179.7		0.350947
179.8		0.350947
179.9		0.350947
180		0.350947
180.1		0.352872
180.2		0.352872
180.3		0.352872
180.4		0.352872
180.5		0.352872
180.6		0.352872
180.7		0.352872
180.8		0.352872
180.9		0.352872
181		0.352872
181.1		0.356711
181.2		0.356711
181.3		0.356711
181.4		0.356711
181.5		0.356711
181.6		0.356711
181.7		0.356711
181.8		0.356711
181.9		0.356711
182		0.356711
182.1		0.357053
182.2		0.357053
182.3		0.357053
182.4		0.357053
182.5		0.357053
182.6		0.357053
182.7		0.357053
182.8		0.357053
182.9		0.357053
183		0.357053
183.1		0.360251
183.2		0.360251
183.3		0.360251
183.4		0.360251
183.5		0.360251
183.6		0.360251
183.7		0.360251
183.8		0.360251
183.9		0.360251
184		0.360251
184.1		0.36131
184.2		0.36131
184.3		0.36131
184.4		0.36131
184.5		0.36131
184.6		0.36131
184.7		0.36131
184.8		0.36131
184.9		0.36131
185		0.36131
185.1		0.363395
185.2		0.363395
185.3		0.363395
185.4		0.363395
185.5		0.363395
185.6		0.363395
185.7		0.363395
185.8		0.363395
185.9		0.363395
186		0.363395
186.1		0.363812
186.2		0.363812
186.3		0.363812
186.4		0.363812
186.5		0.363812
186.6		0.363812
186.7		0.363812
186.8		0.363812
186.9		0.363812
187		0.363812
187.1		0.365876
187.2		0.365876
187.3		0.365876
187.4		0.365876
187.5		0.365876
187.6		0.365876
187.7		0.365876
187.8		0.365876
187.9		0.365876
188		0.365876
188.1		0.372068
188.2		0.372068
188.3		0.372068
188.4		0.372068
188.5		0.372068
188.6		0.372068
188.7		0.372068
188.8		0.372068
188.9		0.372068
189		0.372068
189.1		0.373116
189.2		0.373116
189.3		0.373116
189.4		0.373116
189.5		0.373116
189.6		0.373116
189.7		0.373116
189.8		0.373116
189.9		0.373116
190		0.373116
190.1		0.373395
190.2		0.373395
190.3		0.373395
190.4		0.373395
190.5		0.373395
190.6		0.373395
190.7		0.373395
190.8		0.373395
190.9		0.373395
191		0.373395
191.1		0.374443
191.2		0.374443
191.3		0.374443
191.4		0.374443
191.5		0.374443
191.6		0.374443
191.7		0.374443
191.8		0.374443
191.9		0.374443
192		0.374443
192.1		0.3801
192.2		0.3801
192.3		0.3801
192.4		0.3801
192.5		0.3801
192.6		0.3801
192.7		0.3801
192.8		0.3801
192.9		0.3801
193		0.3801
193.1		0.380324
193.2		0.380324
193.3		0.380324
193.4		0.380324
193.5		0.380324
193.6		0.380324
193.7		0.380324
193.8		0.380324
193.9		0.380324
194		0.380324
194.1		0.382784
194.2		0.382784
194.3		0.382784
194.4		0.382784
194.5		0.382784
194.6		0.382784
194.7		0.382784
194.8		0.382784
194.9		0.382784
195		0.382784
195.1		0.38364
195.2		0.38364
195.3		0.38364
195.4		0.38364
195.5		0.38364
195.6		0.38364
195.7		0.38364
195.8		0.38364
195.9		0.38364
196		0.38364
196.1		0.387147
196.2		0.387147
196.3		0.387147
196.4		0.387147
196.5		0.387147
196.6		0.387147
196.7		0.387147
196.8		0.387147
196.9		0.387147
197		0.387147
197.1		0.387597
197.2		0.387597
197.3		0.387597
197.4		0.387597
197.5		0.387597
197.6		0.387597
197.7		0.387597
197.8		0.387597
197.9		0.387597
198		0.387597
198.1		0.390356
198.2		0.390356
198.3		0.390356
198.4		0.390356
198.5		0.390356
198.6		0.390356
198.7		0.390356
198.8		0.390356
198.9		0.390356
199		0.390356
199.1		0.391928
199.2		0.391928
199.3		0.391928
199.4		0.391928
199.5		0.391928
199.6		0.391928
199.7		0.391928
199.8		0.391928
199.9		0.391928
200		0.391928
200.1		0.396313
200.2		0.396313
200.3		0.396313
200.4		0.396313
200.5		0.396313
200.6		0.396313
200.7		0.396313
200.8		0.396313
200.9		0.396313
201		0.396313
201.1		0.397874
201.2		0.397874
201.3		0.397874
201.4		0.397874
201.5		0.397874
201.6		0.397874
201.7		0.397874
201.8		0.397874
201.9		0.397874
202		0.397874
202.1		0.398954
202.2		0.398954
202.3		0.398954
202.4		0.398954
202.5		0.398954
202.6		0.398954
202.7		0.398954
202.8		0.398954
202.9		0.398954
203		0.398954
203.1		0.3992
203.2		0.3992
203.3		0.3992
203.4		0.3992
203.5		0.3992
203.6		0.3992
203.7		0.3992
203.8		0.3992
203.9		0.3992
204		0.3992
204.1		0.405831
204.2		0.405831
204.3		0.405831
204.4		0.405831
204.5		0.405831
204.6		0.405831
204.7		0.405831
204.8		0.405831
204.9		0.405831
205		0.405831
205.1		0.406269
205.2		0.406269
205.3		0.406269
205.4		0.406269
205.5		0.406269
205.6		0.406269
205.7		0.406269
205.8		0.406269
205.9		0.406269
206		0.406269
206.1		0.408793
206.2		0.408793
206.3		0.408793
206.4		0.408793
206.5		0.408793
206.6		0.408793
206.7		0.408793
206.8		0.408793
206.9		0.408793
207		0.408793
207.1		0.409852
207.2		0.409852
207.3		0.409852
207.4		0.409852
207.5		0.409852
207.6		0.409852
207.7		0.409852
207.8		0.409852
207.9		0.409852
208		0.409852
208.1		0.413017
208.2		0.413017
208.3		0.413017
208.4		0.413017
208.5		0.413017
208.6		0.413017
208.7		0.413017
208.8		0.413017
208.9		0.413017
209		0.413017
209.1		0.415712
209.2		0.415712
209.3		0.415712
209.4		0.415712
209.5		0.415712
209.6		0.415712
209.7		0.415712
209.8		0.415712
209.9		0.415712
210		0.415712
210.1		0.418279
210.2		0.418279
210.3		0.418279
210.4		0.418279
210.5		0.418279
210.6		0.418279
210.7		0.418279
210.8		0.418279
210.9		0.418279
211		0.418279
211.1		0.419851
211.2		0.419851
211.3		0.419851
211.4		0.419851
211.5		0.419851
211.6		0.419851
211.7		0.419851
211.8		0.419851
211.9		0.419851
212		0.419851
212.1		0.421145
212.2		0.421145
212.3		0.421145
212.4		0.421145
212.5		0.421145
212.6		0.421145
212.7		0.421145
212.8		0.421145
212.9		0.421145
213		0.421145
213.1		0.423081
213.2		0.423081
213.3		0.423081
213.4		0.423081
213.5		0.423081
213.6		0.423081
213.7		0.423081
213.8		0.423081
213.9		0.423081
214		0.423081
214.1		0.426984
214.2		0.426984
214.3		0.426984
214.4		0.426984
214.5		0.426984
214.6		0.426984
214.7		0.426984
214.8		0.426984
214.9		0.426984
215		0.426984
215.1		0.427914
215.2		0.427914
215.3		0.427914
215.4		0.427914
215.5		0.427914
215.6		0.427914
215.7		0.427914
215.8		0.427914
215.9		0.427914
216		0.427914
216.1		0.431037
216.2		0.431037
216.3		0.431037
216.4		0.431037
216.5		0.431037
216.6		0.431037
216.7		0.431037
216.8		0.431037
216.9		0.431037
217		0.431037
217.1		0.43277
217.2		0.43277
217.3		0.43277
217.4		0.43277
217.5		0.43277
217.6		0.43277
217.7		0.43277
217.8		0.43277
217.9		0.43277
218		0.43277
218.1		0.434834
218.2		0.434834
218.3		0.434834
218.4		0.434834
218.5		0.434834
218.6		0.434834
218.7		0.434834
218.8		0.434834
218.9		0.434834
219		0.434834
219.1		0.437283
219.2		0.437283
219.3		0.437283
219.4		0.437283
219.5		0.437283
219.6		0.437283
219.7		0.437283
219.8		0.437283
219.9		0.437283
220		0.437283
220.1		0.438117
220.2		0.438117
220.3		0.438117
220.4		0.438117
220.5		0.438117
220.6		0.438117
220.7		0.438117
220.8		0.438117
220.9		0.438117
221		0.438117
221.1		0.442705
221.2		0.442705
221.3		0.442705
221.4		0.442705
221.5		0.442705
221.6		0.442705
221.7		0.442705
221.8		0.442705
221.9		0.442705
222		0.442705
222.1		0.443817
222.2		0.443817
222.3		0.443817
222.4		0.443817
222.5		0.443817
222.6		0.443817
222.7		0.443817
222.8		0.443817
222.9		0.443817
223		0.443817
223.1		0.444031
223.2		0.444031
223.3		0.444031
223.4		0.444031
223.5		0.444031
223.6		0.444031
223.7		0.444031
223.8		0.444031
223.9		0.444031
224		0.444031
224.1		0.444929
224.2		0.444929
224.3		0.444929
224.4		0.444929
224.5		0.444929
224.6		0.444929
224.7		0.444929
224.8		0.444929
224.9		0.444929
225		0.444929
225.1		0.447656
225.2		0.447656
225.3		0.447656
225.4		0.447656
225.5		0.447656
225.6		0.447656
225.7		0.447656
225.8		0.447656
225.9		0.447656
226		0.447656
226.1		0.452479
226.2		0.452479
226.3		0.452479
226.4		0.452479
226.5		0.452479
226.6		0.452479
226.7		0.452479
226.8		0.452479
226.9		0.452479
227		0.452479
227.1		0.453217
227.2		0.453217
227.3		0.453217
227.4		0.453217
227.5		0.453217
227.6		0.453217
227.7		0.453217
227.8		0.453217
227.9		0.453217
228		0.453217
228.1		0.454116
228.2		0.454116
228.3		0.454116
228.4		0.454116
228.5		0.454116
228.6		0.454116
228.7		0.454116
228.8		0.454116
228.9		0.454116
229		0.454116
229.1		0.459046
229.2		0.459046
229.3		0.459046
229.4		0.459046
229.5		0.459046
229.6		0.459046
229.7		0.459046
229.8		0.459046
229.9		0.459046
230		0.459046
230.1		0.461784
230.2		0.461784
230.3		0.461784
230.4		0.461784
230.5		0.461784
230.6		0.461784
230.7		0.461784
230.8		0.461784
230.9		0.461784
231		0.461784
231.1		0.46312
231.2		0.46312
231.3		0.46312
231.4		0.46312
231.5		0.46312
231.6		0.46312
231.7		0.46312
231.8		0.46312
231.9		0.46312
232		0.46312
232.1		0.464265
232.2		0.464265
232.3		0.464265
232.4		0.464265
232.5		0.464265
232.6		0.464265
232.7		0.464265
232.8		0.464265
232.9		0.464265
233		0.464265
233.1		0.464971
233.2		0.464971
233.3		0.464971
233.4		0.464971
233.5		0.464971
233.6		0.464971
233.7		0.464971
233.8		0.464971
233.9		0.464971
234		0.464971
234.1		0.468403
234.2		0.468403
234.3		0.468403
234.4		0.468403
234.5		0.468403
234.6		0.468403
234.7		0.468403
234.8		0.468403
234.9		0.468403
235		0.468403
235.1		0.470243
235.2		0.470243
235.3		0.470243
235.4		0.470243
235.5		0.470243
235.6		0.470243
235.7		0.470243
235.8		0.470243
235.9		0.470243
236		0.470243
236.1		0.473494
236.2		0.473494
236.3		0.473494
236.4		0.473494
236.5		0.473494
236.6		0.473494
236.7		0.473494
236.8		0.473494
236.9		0.473494
237		0.473494
237.1		0.473965
237.2		0.473965
237.3		0.473965
237.4		0.473965
237.5		0.473965
237.6		0.473965
237.7		0.473965
237.8		0.473965
237.9		0.473965
238		0.473965
238.1		0.47498
238.2		0.47498
238.3		0.47498
238.4		0.47498
238.5		0.47498
238.6		0.47498
238.7		0.47498
238.8		0.47498
238.9		0.47498
239		0.47498
239.1		0.479269
239.2		0.479269
239.3		0.479269
239.4		0.479269
239.5		0.479269
239.6		0.479269
239.7		0.479269
239.8		0.479269
239.9		0.479269
240		0.479269
240.1		0.479568
240.2		0.479568
240.3		0.479568
240.4		0.479568
240.5		0.479568
240.6		0.479568
240.7		0.479568
240.8		0.479568
240.9		0.479568
241		0.479568
241.1		0.48144
241.2		0.48144
241.3		0.48144
241.4		0.48144
241.5		0.48144
241.6		0.48144
241.7		0.48144
241.8		0.48144
241.9		0.48144
242		0.48144
242.1		0.484178
242.2		0.484178
242.3		0.484178
242.4		0.484178
242.5		0.484178
242.6		0.484178
242.7		0.484178
242.8		0.484178
242.9		0.484178
243		0.484178
243.1		0.486958
243.2		0.486958
243.3		0.486958
243.4		0.486958
243.5		0.486958
243.6		0.486958
243.7		0.486958
243.8		0.486958
243.9		0.486958
244		0.486958
244.1		0.487108
244.2		0.487108
244.3		0.487108
244.4		0.487108
244.5		0.487108
244.6		0.487108
244.7		0.487108
244.8		0.487108
244.9		0.487108
245		0.487108
245.1		0.490134
245.2		0.490134
245.3		0.490134
245.4		0.490134
245.5		0.490134
245.6		0.490134
245.7		0.490134
245.8		0.490134
245.9		0.490134
246		0.490134
246.1		0.492701
246.2		0.492701
246.3		0.492701
246.4		0.492701
246.5		0.492701
246.6		0.492701
246.7		0.492701
246.8		0.492701
246.9		0.492701
247		0.492701
247.1		0.494113
247.2		0.494113
247.3		0.494113
247.4		0.494113
247.5		0.494113
247.6		0.494113
247.7		0.494113
247.8		0.494113
247.9		0.494113
248		0.494113
248.1		0.497653
248.2		0.497653
248.3		0.497653
248.4		0.497653
248.5		0.497653
248.6		0.497653
248.7		0.497653
248.8		0.497653
248.9		0.497653
249		0.497653
249.1		0.49884
249.2		0.49884
249.3		0.49884
249.4		0.49884
249.5		0.49884
249.6		0.49884
249.7		0.49884
249.8		0.49884
249.9		0.49884
250		0.49884
250.1		0.501385
250.2		0.501385
250.3		0.501385
250.4		0.501385
250.5		0.501385
250.6		0.501385
250.7		0.501385
250.8		0.501385
250.9		0.501385
251		0.501385
251.1		0.502347
251.2		0.502347
251.3		0.502347
251.4		0.502347
251.5		0.502347
251.6		0.502347
251.7		0.502347
251.8		0.502347
251.9		0.502347
252		0.502347
252.1		0.508689
252.2		0.508689
252.3		0.508689
252.4		0.508689
252.5		0.508689
252.6		0.508689
252.7		0.508689
252.8		0.508689
252.9		0.508689
253		0.508689
253.1		0.509192
253.2		0.509192
253.3		0.509192
253.4		0.509192
253.5		0.509192
253.6		0.509192
253.7		0.509192
253.8		0.509192
253.9		0.509192
254		0.509192
254.1		0.509481
254.2		0.509481
254.3		0.509481
254.4		0.509481
254.5		0.509481
254.6		0.509481
254.7		0.509481
254.8		0.509481
254.9		0.509481
255		0.509481
255.1		0.51225
255.2		0.51225
255.3		0.51225
255.4		0.51225
255.5		0.51225
255.6		0.51225
255.7		0.51225
255.8		0.51225
255.9		0.51225
256		0.51225
256.1		0.517074
256.2		0.517074
256.3		0.517074
256.4		0.517074
256.5		0.517074
256.6		0.517074
256.7		0.517074
256.8		0.517074
256.9		0.517074
257		0.517074
257.1		0.51732
257.2		0.51732
257.3		0.51732
257.4		0.51732
257.5		0.51732
257.6		0.51732
257.7		0.51732
257.8		0.51732
257.9		0.51732
258		0.51732
258.1		0.519736
258.2		0.519736
258.3		0.519736
258.4		0.519736
258.5		0.519736
258.6		0.519736
258.7		0.519736
258.8		0.519736
258.9		0.519736
259		0.519736
259.1		0.520314
259.2		0.520314
259.3		0.520314
259.4		0.520314
259.5		0.520314
259.6		0.520314
259.7		0.520314
259.8		0.520314
259.9		0.520314
260		0.520314
260.1		0.524014
260.2		0.524014
260.3		0.524014
260.4		0.524014
260.5		0.524014
260.6		0.524014
260.7		0.524014
260.8		0.524014
260.9		0.524014
261		0.524014
261.1		0.52564
261.2		0.52564
261.3		0.52564
261.4		0.52564
261.5		0.52564
261.6		0.52564
261.7		0.52564
261.8		0.52564
261.9		0.52564
262		0.52564
262.1		0.527009
262.2		0.527009
262.3		0.527009
262.4		0.527009
262.5		0.527009
262.6		0.527009
262.7		0.527009
262.8		0.527009
262.9		0.527009
263		0.527009
263.1		0.528153
263.2		0.528153
263.3		0.528153
263.4		0.528153
263.5		0.528153
263.6		0.528153
263.7		0.528153
263.8		0.528153
263.9		0.528153
264		0.528153
264.1		0.532409
264.2		0.532409
264.3		0.532409
264.4		0.532409
264.5		0.532409
264.6		0.532409
264.7		0.532409
264.8		0.532409
264.9		0.532409
265		0.532409
265.1		0.533939
265.2		0.533939
265.3		0.533939
265.4		0.533939
265.5		0.533939
265.6		0.533939
265.7		0.533939
265.8		0.533939
265.9		0.533939
266		0.533939
266.1		0.537618
266.2		0.537618
266.3		0.537618
266.4		0.537618
266.5		0.537618
266.6		0.537618
266.7		0.537618
266.8		0.537618
266.9		0.537618
267		0.537618
267.1		0.538997
267.2		0.538997
267.3		0.538997
267.4		0.538997
267.5		0.538997
267.6		0.538997
267.7		0.538997
267.8		0.538997
267.9		0.538997
268		0.538997
268.1		0.539307
268.2		0.539307
268.3		0.539307
268.4		0.539307
268.5		0.539307
268.6		0.539307
268.7		0.539307
268.8		0.539307
268.9		0.539307
269		0.539307
269.1		0.543553
269.2		0.543553
269.3		0.543553
269.4		0.543553
269.5		0.543553
269.6		0.543553
269.7		0.543553
269.8		0.543553
269.9		0.543553
270		0.543553
270.1		0.546109
270.2		0.546109
270.3		0.546109
270.4		0.546109
270.5		0.546109
270.6		0.546109
270.7		0.546109
270.8		0.546109
270.9		0.546109
271		0.546109
271.1		0.548034
271.2		0.548034
271.3		0.548034
271.4		0.548034
271.5		0.548034
271.6		0.548034
271.7		0.548034
271.8		0.548034
271.9		0.548034
272		0.548034
272.1		0.551338
272.2		0.551338
272.3		0.551338
272.4		0.551338
272.5		0.551338
272.6		0.551338
272.7		0.551338
272.8		0.551338
272.9		0.551338
273		0.551338
273.1		0.551595
273.2		0.551595
273.3		0.551595
273.4		0.551595
273.5		0.551595
273.6		0.551595
273.7		0.551595
273.8		0.551595
273.9		0.551595
274		0.551595
274.1		0.553766
274.2		0.553766
274.3		0.553766
274.4		0.553766
274.5		0.553766
274.6		0.553766
274.7		0.553766
274.8		0.553766
274.9		0.553766
275		0.553766
275.1		0.554643
275.2		0.554643
275.3		0.554643
275.4		0.554643
275.5		0.554643
275.6		0.554643
275.7		0.554643
275.8		0.554643
275.9		0.554643
276		0.554643
276.1		0.55491
276.2		0.55491
276.3		0.55491
276.4		0.55491
276.5		0.55491
276.6		0.55491
276.7		0.55491
276.8		0.55491
276.9		0.55491
277		0.55491
277.1		0.559359
277.2		0.559359
277.3		0.559359
277.4		0.559359
277.5		0.559359
277.6		0.559359
277.7		0.559359
277.8		0.559359
277.9		0.559359
278		0.559359
278.1		0.563295
278.2		0.563295
278.3		0.563295
278.4		0.563295
278.5		0.563295
278.6		0.563295
278.7		0.563295
278.8		0.563295
278.9		0.563295
279		0.563295
279.1		0.563648
279.2		0.563648
279.3		0.563648
279.4		0.563648
279.5		0.563648
279.6		0.563648
279.7		0.563648
279.8		0.563648
279.9		0.563648
280		0.563648
280.1		0.565541
280.2		0.565541
280.3		0.565541
280.4		0.565541
280.5		0.565541
280.6		0.565541
280.7		0.565541
280.8		0.565541
280.9		0.565541
281		0.565541
281.1		0.56723
281.2		0.56723
281.3		0.56723
281.4		0.56723
281.5		0.56723
281.6		0.56723
281.7		0.56723
281.8		0.56723
281.9		0.56723
282		0.56723
282.1		0.574064
282.2		0.574064
282.3		0.574064
282.4		0.574064
282.5		0.574064
282.6		0.574064
282.7		0.574064
282.8		0.574064
282.9		0.574064
283		0.574064
283.1		0.574834
283.2		0.574834
283.3		0.574834
283.4		0.574834
283.5		0.574834
283.6		0.574834
283.7		0.574834
283.8		0.574834
283.9		0.574834
284		0.574834
284.1		0.57524
284.2		0.57524
284.3		0.57524
284.4		0.57524
284.5		0.57524
284.6		0.57524
284.7		0.57524
284.8		0.57524
284.9		0.57524
285		0.57524
285.1		0.579957
285.2		0.579957
285.3		0.579957
285.4		0.579957
285.5		0.579957
285.6		0.579957
285.7		0.579957
285.8		0.579957
285.9		0.579957
286		0.579957
286.1		0.581507
286.2		0.581507
286.3		0.581507
286.4		0.581507
286.5		0.581507
286.6		0.581507
286.7		0.581507
286.8		0.581507
286.9		0.581507
287		0.581507
287.1		0.584405
287.2		0.584405
287.3		0.584405
287.4		0.584405
287.5		0.584405
287.6		0.584405
287.7		0.584405
287.8		0.584405
287.9		0.584405
288		0.584405
288.1		0.588854
288.2		0.588854
288.3		0.588854
288.4		0.588854
288.5		0.588854
288.6		0.588854
288.7		0.588854
288.8		0.588854
288.9		0.588854
289		0.588854
289.1		0.591196
289.2		0.591196
289.3		0.591196
289.4		0.591196
289.5		0.591196
289.6		0.591196
289.7		0.591196
289.8		0.591196
289.9		0.591196
290		0.591196
290.1		0.593528
290.2		0.593528
290.3		0.593528
290.4		0.593528
290.5		0.593528
290.6		0.593528
290.7		0.593528
290.8		0.593528
290.9		0.593528
291		0.593528
291.1		0.594148
291.2		0.594148
291.3		0.594148
291.4		0.594148
291.5		0.594148
291.6		0.594148
291.7		0.594148
291.8		0.594148
291.9		0.594148
292		0.594148
292.1		0.59464
292.2		0.59464
292.3		0.59464
292.4		0.59464
292.5		0.59464
292.6		0.59464
292.7		0.59464
292.8		0.59464
292.9		0.59464
293		0.59464
293.1		0.59464
293.2		0.59464
293.3		0.59464
293.4		0.59464
293.5		0.59464
293.6		0.59464
293.7		0.59464
293.8		0.59464
293.9		0.59464
294		0.59464
294.1		0.594683
294.2		0.594683
294.3		0.594683
294.4		0.594683
294.5		0.594683
294.6		0.594683
294.7		0.594683
294.8		0.594683
294.9		0.594683
295		0.594683
295.1		0.598169
295.2		0.598169
295.3		0.598169
295.4		0.598169
295.5		0.598169
295.6		0.598169
295.7		0.598169
295.8		0.598169
295.9		0.598169
296		0.598169
296.1		0.602361
296.2		0.602361
296.3		0.602361
296.4		0.602361
296.5		0.602361
296.6		0.602361
296.7		0.602361
296.8		0.602361
296.9		0.602361
297		0.602361
297.1		0.602917
297.2		0.602917
297.3		0.602917
297.4		0.602917
297.5		0.602917
297.6		0.602917
297.7		0.602917
297.8		0.602917
297.9		0.602917
298		0.602917
298.1		0.603944
298.2		0.603944
298.3		0.603944
298.4		0.603944
298.5		0.603944
298.6		0.603944
298.7		0.603944
298.8		0.603944
298.9		0.603944
299		0.603944
299.1		0.605602
299.2		0.605602
299.3		0.605602
299.4		0.605602
299.5		0.605602
299.6		0.605602
299.7		0.605602
299.8		0.605602
299.9		0.605602
300		0.605602
300.1		0.607409
300.2		0.607409
300.3		0.607409
300.4		0.607409
300.5		0.607409
300.6		0.607409
300.7		0.607409
300.8		0.607409
300.9		0.607409
301		0.607409
301.1		0.608821
301.2		0.608821
301.3		0.608821
301.4		0.608821
301.5		0.608821
301.6		0.608821
301.7		0.608821
301.8		0.608821
301.9		0.608821
302		0.608821
302.1		0.609195
302.2		0.609195
302.3		0.609195
302.4		0.609195
302.5		0.609195
302.6		0.609195
302.7		0.609195
302.8		0.609195
302.9		0.609195
303		0.609195
303.1		0.611783
303.2		0.611783
303.3		0.611783
303.4		0.611783
303.5		0.611783
303.6		0.611783
303.7		0.611783
303.8		0.611783
303.9		0.611783
304		0.611783
304.1		0.617227
304.2		0.617227
304.3		0.617227
304.4		0.617227
304.5		0.617227
304.6		0.617227
304.7		0.617227
304.8		0.617227
304.9		0.617227
305		0.617227
305.1		0.618638
305.2		0.618638
305.3		0.618638
305.4		0.618638
305.5		0.618638
305.6		0.618638
305.7		0.618638
305.8		0.618638
305.9		0.618638
306		0.618638
306.1		0.620157
306.2		0.620157
306.3		0.620157
306.4		0.620157
306.5		0.620157
306.6		0.620157
306.7		0.620157
306.8		0.620157
306.9		0.620157
307		0.620157
307.1		0.620381
307.2		0.620381
307.3		0.620381
307.4		0.620381
307.5		0.620381
307.6		0.620381
307.7		0.620381
307.8		0.620381
307.9		0.620381
308		0.620381
308.1		0.623857
308.2		0.623857
308.3		0.623857
308.4		0.623857
308.5		0.623857
308.6		0.623857
308.7		0.623857
308.8		0.623857
308.9		0.623857
309		0.623857
309.1		0.625547
309.2		0.625547
309.3		0.625547
309.4		0.625547
309.5		0.625547
309.6		0.625547
309.7		0.625547
309.8		0.625547
309.9		0.625547
310		0.625547
310.1		0.629675
310.2		0.629675
310.3		0.629675
310.4		0.629675
310.5		0.629675
310.6		0.629675
310.7		0.629675
310.8		0.629675
310.9		0.629675
311		0.629675
311.1		0.629814
311.2		0.629814
311.3		0.629814
311.4		0.629814
311.5		0.629814
311.6		0.629814
311.7		0.629814
311.8		0.629814
311.9		0.629814
312		0.629814
312.1		0.633867
312.2		0.633867
312.3		0.633867
312.4		0.633867
312.5		0.633867
312.6		0.633867
312.7		0.633867
312.8		0.633867
312.9		0.633867
313		0.633867
313.1		0.635471
313.2		0.635471
313.3		0.635471
313.4		0.635471
313.5		0.635471
313.6		0.635471
313.7		0.635471
313.8		0.635471
313.9		0.635471
314		0.635471
314.1		0.637321
314.2		0.637321
314.3		0.637321
314.4		0.637321
314.5		0.637321
314.6		0.637321
314.7		0.637321
314.8		0.637321
314.9		0.637321
315		0.637321
315.1		0.640166
315.2		0.640166
315.3		0.640166
315.4		0.640166
315.5		0.640166
315.6		0.640166
315.7		0.640166
315.8		0.640166
315.9		0.640166
316		0.640166
316.1		0.642005
316.2		0.642005
316.3		0.642005
316.4		0.642005
316.5		0.642005
316.6		0.642005
316.7		0.642005
316.8		0.642005
316.9		0.642005
317		0.642005
317.1		0.646283
317.2		0.646283
317.3		0.646283
317.4		0.646283
317.5		0.646283
317.6		0.646283
317.7		0.646283
317.8		0.646283
317.9		0.646283
318		0.646283
318.1		0.647727
318.2		0.647727
318.3		0.647727
318.4		0.647727
318.5		0.647727
318.6		0.647727
318.7		0.647727
318.8		0.647727
318.9		0.647727
319		0.647727
319.1		0.650347
319.2		0.650347
319.3		0.650347
319.4		0.650347
319.5		0.650347
319.6		0.650347
319.7		0.650347
319.8		0.650347
319.9		0.650347
320		0.650347
320.1		0.650914
320.2		0.650914
320.3		0.650914
320.4		0.650914
320.5		0.650914
320.6		0.650914
320.7		0.650914
320.8		0.650914
320.9		0.650914
321		0.650914
321.1		0.653641
321.2		0.653641
321.3		0.653641
321.4		0.653641
321.5		0.653641
321.6		0.653641
321.7		0.653641
321.8		0.653641
321.9		0.653641
322		0.653641
322.1		0.656903
322.2		0.656903
322.3		0.656903
322.4		0.656903
322.5		0.656903
322.6		0.656903
322.7		0.656903
322.8		0.656903
322.9		0.656903
323		0.656903
323.1		0.658346
323.2		0.658346
323.3		0.658346
323.4		0.658346
323.5		0.658346
323.6		0.658346
323.7		0.658346
323.8		0.658346
323.9		0.658346
324		0.658346
324.1		0.658935
324.2		0.658935
324.3		0.658935
324.4		0.658935
324.5		0.658935
324.6		0.658935
324.7		0.658935
324.8		0.658935
324.9		0.658935
325		0.658935
325.1		0.661876
325.2		0.661876
325.3		0.661876
325.4		0.661876
325.5		0.661876
325.6		0.661876
325.7		0.661876
325.8		0.661876
325.9		0.661876
326		0.661876
326.1		0.66456
326.2		0.66456
326.3		0.66456
326.4		0.66456
326.5		0.66456
326.6		0.66456
326.7		0.66456
326.8		0.66456
326.9		0.66456
327		0.66456
327.1		0.666218
327.2		0.666218
327.3		0.666218
327.4		0.666218
327.5		0.666218
327.6		0.666218
327.7		0.666218
327.8		0.666218
327.9		0.666218
328		0.666218
328.1		0.667437
328.2		0.667437
328.3		0.667437
328.4		0.667437
328.5		0.667437
328.6		0.667437
328.7		0.667437
328.8		0.667437
328.9		0.667437
329		0.667437
329.1		0.667886
329.2		0.667886
329.3		0.667886
329.4		0.667886
329.5		0.667886
329.6		0.667886
329.7		0.667886
329.8		0.667886
329.9		0.667886
330		0.667886
330.1		0.673982
330.2		0.673982
330.3		0.673982
330.4		0.673982
330.5		0.673982
330.6		0.673982
330.7		0.673982
330.8		0.673982
330.9		0.673982
331		0.673982
331.1		0.674559
331.2		0.674559
331.3		0.674559
331.4		0.674559
331.5		0.674559
331.6		0.674559
331.7		0.674559
331.8		0.674559
331.9		0.674559
332		0.674559
332.1		0.675564
332.2		0.675564
332.3		0.675564
332.4		0.675564
332.5		0.675564
332.6		0.675564
332.7		0.675564
332.8		0.675564
332.9		0.675564
333		0.675564
333.1		0.678463
333.2		0.678463
333.3		0.678463
333.4		0.678463
333.5		0.678463
333.6		0.678463
333.7		0.678463
333.8		0.678463
333.9		0.678463
334		0.678463
334.1		0.681906
334.2		0.681906
334.3		0.681906
334.4		0.681906
334.5		0.681906
334.6		0.681906
334.7		0.681906
334.8		0.681906
334.9		0.681906
335		0.681906
335.1		0.683179
335.2		0.683179
335.3		0.683179
335.4		0.683179
335.5		0.683179
335.6		0.683179
335.7		0.683179
335.8		0.683179
335.9		0.683179
336		0.683179
336.1		0.684505
336.2		0.684505
336.3		0.684505
336.4		0.684505
336.5		0.684505
336.6		0.684505
336.7		0.684505
336.8		0.684505
336.9		0.684505
337		0.684505
337.1		0.686601
337.2		0.686601
337.3		0.686601
337.4		0.686601
337.5		0.686601
337.6		0.686601
337.7		0.686601
337.8		0.686601
337.9		0.686601
338		0.686601
338.1		0.691168
338.2		0.691168
338.3		0.691168
338.4		0.691168
338.5		0.691168
338.6		0.691168
338.7		0.691168
338.8		0.691168
338.9		0.691168
339		0.691168
339.1		0.692237
339.2		0.692237
339.3		0.692237
339.4		0.692237
339.5		0.692237
339.6		0.692237
339.7		0.692237
339.8		0.692237
339.9		0.692237
340		0.692237
340.1		0.692611
340.2		0.692611
340.3		0.692611
340.4		0.692611
340.5		0.692611
340.6		0.692611
340.7		0.692611
340.8		0.692611
340.9		0.692611
341		0.692611
341.1		0.694237
341.2		0.694237
341.3		0.694237
341.4		0.694237
341.5		0.694237
341.6		0.694237
341.7		0.694237
341.8		0.694237
341.9		0.694237
342		0.694237
342.1		0.697873
342.2		0.697873
342.3		0.697873
342.4		0.697873
342.5		0.697873
342.6		0.697873
342.7		0.697873
342.8		0.697873
342.9		0.697873
343		0.697873
343.1		0.702044
343.2		0.702044
343.3		0.702044
343.4		0.702044
343.5		0.702044
343.6		0.702044
343.7		0.702044
343.8		0.702044
343.9		0.702044
344		0.702044
344.1		0.703209
344.2		0.703209
344.3		0.703209
344.4		0.703209
344.5		0.703209
344.6		0.703209
344.7		0.703209
344.8		0.703209
344.9		0.703209
345		0.703209
345.1		0.704632
345.2		0.704632
345.3		0.704632
345.4		0.704632
345.5		0.704632
345.6		0.704632
345.7		0.704632
345.8		0.704632
345.9		0.704632
346		0.704632
346.1		0.709679
346.2		0.709679
346.3		0.709679
346.4		0.709679
346.5		0.709679
346.6		0.709679
346.7		0.709679
346.8		0.709679
346.9		0.709679
347		0.709679
347.1		0.713187
347.2		0.713187
347.3		0.713187
347.4		0.713187
347.5		0.713187
347.6		0.713187
347.7		0.713187
347.8		0.713187
347.9		0.713187
348		0.713187
348.1		0.713797
348.2		0.713797
348.3		0.713797
348.4		0.713797
348.5		0.713797
348.6		0.713797
348.7		0.713797
348.8		0.713797
348.9		0.713797
349		0.713797
349.1		0.714503
349.2		0.714503
349.3		0.714503
349.4		0.714503
349.5		0.714503
349.6		0.714503
349.7		0.714503
349.8		0.714503
349.9		0.714503
350		0.714503
350.1		0.718738
350.2		0.718738
350.3		0.718738
350.4		0.718738
350.5		0.718738
350.6		0.718738
350.7		0.718738
350.8		0.718738
350.9		0.718738
351		0.718738
351.1		0.721454
351.2		0.721454
351.3		0.721454
351.4		0.721454
351.5		0.721454
351.6		0.721454
351.7		0.721454
351.8		0.721454
351.9		0.721454
352		0.721454
352.1		0.724587
352.2		0.724587
352.3		0.724587
352.4		0.724587
352.5		0.724587
352.6		0.724587
352.7		0.724587
352.8		0.724587
352.9		0.724587
353		0.724587
353.1		0.725764
353.2		0.725764
353.3		0.725764
353.4		0.725764
353.5		0.725764
353.6		0.725764
353.7		0.725764
353.8		0.725764
353.9		0.725764
354		0.725764
354.1		0.725764
354.2		0.725764
354.3		0.725764
354.4		0.725764
354.5		0.725764
354.6		0.725764
354.7		0.725764
354.8		0.725764
354.9		0.725764
355		0.725764
355.1		0.726427
355.2		0.726427
355.3		0.726427
355.4		0.726427
355.5		0.726427
355.6		0.726427
355.7		0.726427
355.8		0.726427
355.9		0.726427
356		0.726427
356.1		0.726427
356.2		0.726427
356.3		0.726427
356.4		0.726427
356.5		0.726427
356.6		0.726427
356.7		0.726427
356.8		0.726427
356.9		0.726427
357		0.726427
357.1		0.728159
357.2		0.728159
357.3		0.728159
357.4		0.728159
357.5		0.728159
357.6		0.728159
357.7		0.728159
357.8		0.728159
357.9		0.728159
358		0.728159
358.1		0.730074
358.2		0.730074
358.3		0.730074
358.4		0.730074
358.5		0.730074
358.6		0.730074
358.7		0.730074
358.8		0.730074
358.9		0.730074
359		0.730074
359.1		0.734843
359.2		0.734843
359.3		0.734843
359.4		0.734843
359.5		0.734843
359.6		0.734843
359.7		0.734843
359.8		0.734843
359.9		0.734843
360		0.734843
360.1		0.734843
360.2		0.734843
360.3		0.734843
360.4		0.734843
360.5		0.734843
360.6		0.734843
360.7		0.734843
360.8		0.734843
360.9		0.734843
361		0.734843
361.1		0.736437
361.2		0.736437
361.3		0.736437
361.4		0.736437
361.5		0.736437
361.6		0.736437
361.7		0.736437
361.8		0.736437
361.9		0.736437
362		0.736437
362.1		0.736758
362.2		0.736758
362.3		0.736758
362.4		0.736758
362.5		0.736758
362.6		0.736758
362.7		0.736758
362.8		0.736758
362.9		0.736758
363		0.736758
363.1		0.738127
363.2		0.738127
363.3		0.738127
363.4		0.738127
363.5		0.738127
363.6		0.738127
363.7		0.738127
363.8		0.738127
363.9		0.738127
364		0.738127
364.1		0.743217
364.2		0.743217
364.3		0.743217
364.4		0.743217
364.5		0.743217
364.6		0.743217
364.7		0.743217
364.8		0.743217
364.9		0.743217
365		0.743217
365.1		0.744607
365.2		0.744607
365.3		0.744607
365.4		0.744607
365.5		0.744607
365.6		0.744607
365.7		0.744607
365.8		0.744607
365.9		0.744607
366		0.744607
366.1		0.745335
366.2		0.745335
366.3		0.745335
366.4		0.745335
366.5		0.745335
366.6		0.745335
366.7		0.745335
366.8		0.745335
366.9		0.745335
367		0.745335
367.1		0.748682
367.2		0.748682
367.3		0.748682
367.4		0.748682
367.5		0.748682
367.6		0.748682
367.7		0.748682
367.8		0.748682
367.9		0.748682
368		0.748682
368.1		0.751388
368.2		0.751388
368.3		0.751388
368.4		0.751388
368.5		0.751388
368.6		0.751388
368.7		0.751388
368.8		0.751388
368.9		0.751388
369		0.751388
369.1		0.753772
369.2		0.753772
369.3		0.753772
369.4		0.753772
369.5		0.753772
369.6		0.753772
369.7		0.753772
369.8		0.753772
369.9		0.753772
370		0.753772
370.1		0.754607
370.2		0.754607
370.3		0.754607
370.4		0.754607
370.5		0.754607
370.6		0.754607
370.7		0.754607
370.8		0.754607
370.9		0.754607
371		0.754607
371.1		0.7582
371.2		0.7582
371.3		0.7582
371.4		0.7582
371.5		0.7582
371.6		0.7582
371.7		0.7582
371.8		0.7582
371.9		0.7582
372		0.7582
372.1		0.761173
372.2		0.761173
372.3		0.761173
372.4		0.761173
372.5		0.761173
372.6		0.761173
372.7		0.761173
372.8		0.761173
372.9		0.761173
373		0.761173
373.1		0.762157
373.2		0.762157
373.3		0.762157
373.4		0.762157
373.5		0.762157
373.6		0.762157
373.7		0.762157
373.8		0.762157
373.9		0.762157
374		0.762157
374.1		0.762499
374.2		0.762499
374.3		0.762499
374.4		0.762499
374.5		0.762499
374.6		0.762499
374.7		0.762499
374.8		0.762499
374.9		0.762499
375		0.762499
375.1		0.763066
375.2		0.763066
375.3		0.763066
375.4		0.763066
375.5		0.763066
375.6		0.763066
375.7		0.763066
375.8		0.763066
375.9		0.763066
376		0.763066
376.1		0.769814
376.2		0.769814
376.3		0.769814
376.4		0.769814
376.5		0.769814
376.6		0.769814
376.7		0.769814
376.8		0.769814
376.9		0.769814
377		0.769814
377.1		0.771065
377.2		0.771065
377.3		0.771065
377.4		0.771065
377.5		0.771065
377.6		0.771065
377.7		0.771065
377.8		0.771065
377.9		0.771065
378		0.771065
378.1		0.771867
378.2		0.771867
378.3		0.771867
378.4		0.771867
378.5		0.771867
378.6		0.771867
378.7		0.771867
378.8		0.771867
378.9		0.771867
379		0.771867
379.1		0.773129
379.2		0.773129
379.3		0.773129
379.4		0.773129
379.5		0.773129
379.6		0.773129
379.7		0.773129
379.8		0.773129
379.9		0.773129
380		0.773129
380.1		0.776862
380.2		0.776862
380.3		0.776862
380.4		0.776862
380.5		0.776862
380.6		0.776862
380.7		0.776862
380.8		0.776862
380.9		0.776862
381		0.776862
381.1		0.781182
381.2		0.781182
381.3		0.781182
381.4		0.781182
381.5		0.781182
381.6		0.781182
381.7		0.781182
381.8		0.781182
381.9		0.781182
382		0.781182
382.1		0.782016
382.2		0.782016
382.3		0.782016
382.4		0.782016
382.5		0.782016
382.6		0.782016
382.7		0.782016
382.8		0.782016
382.9		0.782016
383		0.782016
383.1		0.783396
383.2		0.783396
383.3		0.783396
383.4		0.783396
383.5		0.783396
383.6		0.783396
383.7		0.783396
383.8		0.783396
383.9		0.783396
384		0.783396
384.1		0.787278
384.2		0.787278
384.3		0.787278
384.4		0.787278
384.5		0.787278
384.6		0.787278
384.7		0.787278
384.8		0.787278
384.9		0.787278
385		0.787278
385.1		0.788625
385.2		0.788625
385.3		0.788625
385.4		0.788625
385.5		0.788625
385.6		0.788625
385.7		0.788625
385.8		0.788625
385.9		0.788625
386		0.788625
386.1		0.791192
386.2		0.791192
386.3		0.791192
386.4		0.791192
386.5		0.791192
386.6		0.791192
386.7		0.791192
386.8		0.791192
386.9		0.791192
387		0.791192
387.1		0.793267
387.2		0.793267
387.3		0.793267
387.4		0.793267
387.5		0.793267
387.6		0.793267
387.7		0.793267
387.8		0.793267
387.9		0.793267
388		0.793267
388.1		0.794112
388.2		0.794112
388.3		0.794112
388.4		0.794112
388.5		0.794112
388.6		0.794112
388.7		0.794112
388.8		0.794112
388.9		0.794112
389		0.794112
389.1		0.798422
389.2		0.798422
389.3		0.798422
389.4		0.798422
389.5		0.798422
389.6		0.798422
389.7		0.798422
389.8		0.798422
389.9		0.798422
390		0.798422
390.1		0.798903
390.2		0.798903
390.3		0.798903
390.4		0.798903
390.5		0.798903
390.6		0.798903
390.7		0.798903
390.8		0.798903
390.9		0.798903
391		0.798903
391.1		0.80056
391.2		0.80056
391.3		0.80056
391.4		0.80056
391.5		0.80056
391.6		0.80056
391.7		0.80056
391.8		0.80056
391.9		0.80056
392		0.80056
392.1		0.800871
392.2		0.800871
392.3		0.800871
392.4		0.800871
392.5		0.800871
392.6		0.800871
392.7		0.800871
392.8		0.800871
392.9		0.800871
393		0.800871
393.1		0.806357
393.2		0.806357
393.3		0.806357
393.4		0.806357
393.5		0.806357
393.6		0.806357
393.7		0.806357
393.8		0.806357
393.9		0.806357
394		0.806357
394.1		0.809308
394.2		0.809308
394.3		0.809308
394.4		0.809308
394.5		0.809308
394.6		0.809308
394.7		0.809308
394.8		0.809308
394.9		0.809308
395		0.809308
395.1		0.809437
395.2		0.809437
395.3		0.809437
395.4		0.809437
395.5		0.809437
395.6		0.809437
395.7		0.809437
395.8		0.809437
395.9		0.809437
396		0.809437
396.1		0.811362
396.2		0.811362
396.3		0.811362
396.4		0.811362
396.5		0.811362
396.6		0.811362
396.7		0.811362
396.8		0.811362
396.9		0.811362
397		0.811362
397.1		0.812292
397.2		0.812292
397.3		0.812292
397.4		0.812292
397.5		0.812292
397.6		0.812292
397.7		0.812292
397.8		0.812292
397.9		0.812292
398		0.812292
398.1		0.816388
398.2		0.816388
398.3		0.816388
398.4		0.816388
398.5		0.816388
398.6		0.816388
398.7		0.816388
398.8		0.816388
398.9		0.816388
399		0.816388
399.1		0.817254
399.2		0.817254
399.3		0.817254
399.4		0.817254
399.5		0.817254
399.6		0.817254
399.7		0.817254
399.8		0.817254
399.9		0.817254
400		0.817254
400.1		0.819928
400.2		0.819928
400.3		0.819928
400.4		0.819928
400.5		0.819928
400.6		0.819928
400.7		0.819928
400.8		0.819928
400.9		0.819928
401		0.819928
401.1		0.820398
401.2		0.820398
401.3		0.820398
401.4		0.820398
401.5		0.820398
401.6		0.820398
401.7		0.820398
401.8		0.820398
401.9		0.820398
402		0.820398
402.1		0.824131
402.2		0.824131
402.3		0.824131
402.4		0.824131
402.5		0.824131
402.6		0.824131
402.7		0.824131
402.8		0.824131
402.9		0.824131
403		0.824131
403.1		0.827179
403.2		0.827179
403.3		0.827179
403.4		0.827179
403.5		0.827179
403.6		0.827179
403.7		0.827179
403.8		0.827179
403.9		0.827179
404		0.827179
404.1		0.827799
404.2		0.827799
404.3		0.827799
404.4		0.827799
404.5		0.827799
404.6		0.827799
404.7		0.827799
404.8		0.827799
404.9		0.827799
405		0.827799
405.1		0.828687
405.2		0.828687
405.3		0.828687
405.4		0.828687
405.5		0.828687
405.6		0.828687
405.7		0.828687
405.8		0.828687
405.9		0.828687
406		0.828687
406.1		0.833938
406.2		0.833938
406.3		0.833938
406.4		0.833938
406.5		0.833938
406.6		0.833938
406.7		0.833938
406.8		0.833938
406.9		0.833938
407		0.833938
407.1		0.835424
407.2		0.835424
407.3		0.835424
407.4		0.835424
407.5		0.835424
407.6		0.835424
407.7		0.835424
407.8		0.835424
407.9		0.835424
408		0.835424
408.1		0.836953
408.2		0.836953
408.3		0.836953
408.4		0.836953
408.5		0.836953
408.6		0.836953
408.7		0.836953
408.8		0.836953
408.9		0.836953
409		0.836953
409.1		0.838001
409.2		0.838001
409.3		0.838001
409.4		0.838001
409.5		0.838001
409.6		0.838001
409.7		0.838001
409.8		0.838001
409.9		0.838001
410		0.838001
410.1		0.841916
410.2		0.841916
410.3		0.841916
410.4		0.841916
410.5		0.841916
410.6		0.841916
410.7		0.841916
410.8		0.841916
410.9		0.841916
411		0.841916
411.1		0.843627
411.2		0.843627
411.3		0.843627
411.4		0.843627
411.5		0.843627
411.6		0.843627
411.7		0.843627
411.8		0.843627
411.9		0.843627
412		0.843627
412.1		0.844065
412.2		0.844065
412.3		0.844065
412.4		0.844065
412.5		0.844065
412.6		0.844065
412.7		0.844065
412.8		0.844065
412.9		0.844065
413		0.844065
413.1		0.847241
413.2		0.847241
413.3		0.847241
413.4		0.847241
413.5		0.847241
413.6		0.847241
413.7		0.847241
413.8		0.847241
413.9		0.847241
414		0.847241
414.1		0.848696
414.2		0.848696
414.3		0.848696
414.4		0.848696
414.5		0.848696
414.6		0.848696
414.7		0.848696
414.8		0.848696
414.9		0.848696
415		0.848696
415.1		0.852171
415.2		0.852171
415.3		0.852171
415.4		0.852171
415.5		0.852171
415.6		0.852171
415.7		0.852171
415.8		0.852171
415.9		0.852171
416		0.852171
416.1		0.854096
416.2		0.854096
416.3		0.854096
416.4		0.854096
416.5		0.854096
416.6		0.854096
416.7		0.854096
416.8		0.854096
416.9		0.854096
417		0.854096
417.1		0.858385
417.2		0.858385
417.3		0.858385
417.4		0.858385
417.5		0.858385
417.6		0.858385
417.7		0.858385
417.8		0.858385
417.9		0.858385
418		0.858385
418.1		0.858866
418.2		0.858866
418.3		0.858866
418.4		0.858866
418.5		0.858866
418.6		0.858866
418.7		0.858866
418.8		0.858866
418.9		0.858866
419		0.858866
419.1		0.86185
419.2		0.86185
419.3		0.86185
419.4		0.86185
419.5		0.86185
419.6		0.86185
419.7		0.86185
419.8		0.86185
419.9		0.86185
420		0.86185
420.1		0.863454
420.2		0.863454
420.3		0.863454
420.4		0.863454
420.5		0.863454
420.6		0.863454
420.7		0.863454
420.8		0.863454
420.9		0.863454
421		0.863454
421.1		0.865957
421.2		0.865957
421.3		0.865957
421.4		0.865957
421.5		0.865957
421.6		0.865957
421.7		0.865957
421.8		0.865957
421.9		0.865957
422		0.865957
422.1		0.866855
422.2		0.866855
422.3		0.866855
422.4		0.866855
422.5		0.866855
422.6		0.866855
422.7		0.866855
422.8		0.866855
422.9		0.866855
423		0.866855
423.1		0.871774
423.2		0.871774
423.3		0.871774
423.4		0.871774
423.5		0.871774
423.6		0.871774
423.7		0.871774
423.8		0.871774
423.9		0.871774
424		0.871774
424.1		0.871881
424.2		0.871881
424.3		0.871881
424.4		0.871881
424.5		0.871881
424.6		0.871881
424.7		0.871881
424.8		0.871881
424.9		0.871881
425		0.871881
425.1		0.872074
425.2		0.872074
425.3		0.872074
425.4		0.872074
425.5		0.872074
425.6		0.872074
425.7		0.872074
425.8		0.872074
425.9		0.872074
426		0.872074
426.1		0.875646
426.2		0.875646
426.3		0.875646
426.4		0.875646
426.5		0.875646
426.6		0.875646
426.7		0.875646
426.8		0.875646
426.9		0.875646
427		0.875646
427.1		0.876587
427.2		0.876587
427.3		0.876587
427.4		0.876587
427.5		0.876587
427.6		0.876587
427.7		0.876587
427.8		0.876587
427.9		0.876587
428		0.876587
428.1		0.881175
428.2		0.881175
428.3		0.881175
428.4		0.881175
428.5		0.881175
428.6		0.881175
428.7		0.881175
428.8		0.881175
428.9		0.881175
429		0.881175
429.1		0.882405
429.2		0.882405
429.3		0.882405
429.4		0.882405
429.5		0.882405
429.6		0.882405
429.7		0.882405
429.8		0.882405
429.9		0.882405
430		0.882405
430.1		0.882875
430.2		0.882875
430.3		0.882875
430.4		0.882875
430.5		0.882875
430.6		0.882875
430.7		0.882875
430.8		0.882875
430.9		0.882875
431		0.882875
431.1		0.884426
431.2		0.884426
431.3		0.884426
431.4		0.884426
431.5		0.884426
431.6		0.884426
431.7		0.884426
431.8		0.884426
431.9		0.884426
432		0.884426
432.1		0.890971
432.2		0.890971
432.3		0.890971
432.4		0.890971
432.5		0.890971
432.6		0.890971
432.7		0.890971
432.8		0.890971
432.9		0.890971
433		0.890971
433.1		0.892243
433.2		0.892243
433.3		0.892243
433.4		0.892243
433.5		0.892243
433.6		0.892243
433.7		0.892243
433.8		0.892243
433.9		0.892243
434		0.892243
434.1		0.89404
434.2		0.89404
434.3		0.89404
434.4		0.89404
434.5		0.89404
434.6		0.89404
434.7		0.89404
434.8		0.89404
434.9		0.89404
435		0.89404
435.1		0.897099
435.2		0.897099
435.3		0.897099
435.4		0.897099
435.5		0.897099
435.6		0.897099
435.7		0.897099
435.8		0.897099
435.9		0.897099
436		0.897099
436.1		0.901152
436.2		0.901152
436.3		0.901152
436.4		0.901152
436.5		0.901152
436.6		0.901152
436.7		0.901152
436.8		0.901152
436.9		0.901152
437		0.901152
437.1		0.901344
437.2		0.901344
437.3		0.901344
437.4		0.901344
437.5		0.901344
437.6		0.901344
437.7		0.901344
437.8		0.901344
437.9		0.901344
438		0.901344
438.1		0.901515
438.2		0.901515
438.3		0.901515
438.4		0.901515
438.5		0.901515
438.6		0.901515
438.7		0.901515
438.8		0.901515
438.9		0.901515
439		0.901515
439.1		0.903825
439.2		0.903825
439.3		0.903825
439.4		0.903825
439.5		0.903825
439.6		0.903825
439.7		0.903825
439.8		0.903825
439.9		0.903825
440		0.903825
440.1		0.905964
440.2		0.905964
440.3		0.905964
440.4		0.905964
440.5		0.905964
440.6		0.905964
440.7		0.905964
440.8		0.905964
440.9		0.905964
441		0.905964
441.1		0.909408
441.2		0.909408
441.3		0.909408
441.4		0.909408
441.5		0.909408
441.6		0.909408
441.7		0.909408
441.8		0.909408
441.9		0.909408
442		0.909408
442.1		0.909697
442.2		0.909697
442.3		0.909697
442.4		0.909697
442.5		0.909697
442.6		0.909697
442.7		0.909697
442.8		0.909697
442.9		0.909697
443		0.909697
443.1		0.913675
443.2		0.913675
443.3		0.913675
443.4		0.913675
443.5		0.913675
443.6		0.913675
443.7		0.913675
443.8		0.913675
443.9		0.913675
444		0.913675
444.1		0.91468
444.2		0.91468
444.3		0.91468
444.4		0.91468
444.5		0.91468
444.6		0.91468
444.7		0.91468
444.8		0.91468
444.9		0.91468
445		0.91468
445.1		0.91699
445.2		0.91699
445.3		0.91699
445.4		0.91699
445.5		0.91699
445.6		0.91699
445.7		0.91699
445.8		0.91699
445.9		0.91699
446		0.91699
446.1		0.921428
446.2		0.921428
446.3		0.921428
446.4		0.921428
446.5		0.921428
446.6		0.921428
446.7		0.921428
446.8		0.921428
446.9		0.921428
447		0.921428
447.1		0.921899
447.2		0.921899
447.3		0.921899
447.4		0.921899
447.5		0.921899
447.6		0.921899
447.7		0.921899
447.8		0.921899
447.9		0.921899
448		0.921899
448.1		0.924294
448.2		0.924294
448.3		0.924294
448.4		0.924294
448.5		0.924294
448.6		0.924294
448.7		0.924294
448.8		0.924294
448.9		0.924294
449		0.924294
449.1		0.925856
449.2		0.925856
449.3		0.925856
449.4		0.925856
449.5		0.925856
449.6		0.925856
449.7		0.925856
449.8		0.925856
449.9		0.925856
450		0.925856
450.1		0.931588
450.2		0.931588
450.3		0.931588
450.4		0.931588
450.5		0.931588
450.6		0.931588
450.7		0.931588
450.8		0.931588
450.9		0.931588
451		0.931588
451.1		0.933481
451.2		0.933481
451.3		0.933481
451.4		0.933481
451.5		0.933481
451.6		0.933481
451.7		0.933481
451.8		0.933481
451.9		0.933481
452		0.933481
452.1		0.936037
452.2		0.936037
452.3		0.936037
452.4		0.936037
452.5		0.936037
452.6		0.936037
452.7		0.936037
452.8		0.936037
452.9		0.936037
453		0.936037
453.1		0.937416
453.2		0.937416
453.3		0.937416
453.4		0.937416
453.5		0.937416
453.6		0.937416
453.7		0.937416
453.8		0.937416
453.9		0.937416
454		0.937416
454.1		0.940678
454.2		0.940678
454.3		0.940678
454.4		0.940678
454.5		0.940678
454.6		0.940678
454.7		0.940678
454.8		0.940678
454.9		0.940678
455		0.940678
455.1		0.941769
455.2		0.941769
455.3		0.941769
455.4		0.941769
455.5		0.941769
455.6		0.941769
455.7		0.941769
455.8		0.941769
455.9		0.941769
456		0.941769
456.1		0.942015
456.2		0.942015
456.3		0.942015
456.4		0.942015
456.5		0.942015
456.6		0.942015
456.7		0.942015
456.8		0.942015
456.9		0.942015
457		0.942015
457.1		0.945459
457.2		0.945459
457.3		0.945459
457.4		0.945459
457.5		0.945459
457.6		0.945459
457.7		0.945459
457.8		0.945459
457.9		0.945459
458		0.945459
458.1		0.948057
458.2		0.948057
458.3		0.948057
458.4		0.948057
458.5		0.948057
458.6		0.948057
458.7		0.948057
458.8		0.948057
458.9		0.948057
459		0.948057
459.1		0.95164
459.2		0.95164
459.3		0.95164
459.4		0.95164
459.5		0.95164
459.6		0.95164
459.7		0.95164
459.8		0.95164
459.9		0.95164
460		0.95164
460.1		0.951822
460.2		0.951822
460.3		0.951822
460.4		0.951822
460.5		0.951822
460.6		0.951822
460.7		0.951822
460.8		0.951822
460.9		0.951822
461		0.951822
461.1		0.95225
461.2		0.95225
461.3		0.95225
461.4		0.95225
461.5		0.95225
461.6		0.95225
461.7		0.95225
461.8		0.95225
461.9		0.95225
462		0.95225
462.1		0.957447
462.2		0.957447
462.3		0.957447
462.4		0.957447
462.5		0.957447
462.6		0.957447
462.7		0.957447
462.8		0.957447
462.9		0.957447
463		0.957447
463.1		0.958527
463.2		0.958527
463.3		0.958527
463.4		0.958527
463.5		0.958527
463.6		0.958527
463.7		0.958527
463.8		0.958527
463.9		0.958527
464		0.958527
464.1		0.958837
464.2		0.958837
464.3		0.958837
464.4		0.958837
464.5		0.958837
464.6		0.958837
464.7		0.958837
464.8		0.958837
464.9		0.958837
465		0.958837
465.1		0.961971
465.2		0.961971
465.3		0.961971
465.4		0.961971
465.5		0.961971
465.6		0.961971
465.7		0.961971
465.8		0.961971
465.9		0.961971
466		0.961971
466.1		0.964997
466.2		0.964997
466.3		0.964997
466.4		0.964997
466.5		0.964997
466.6		0.964997
466.7		0.964997
466.8		0.964997
466.9		0.964997
467		0.964997
467.1		0.966323
467.2		0.966323
467.3		0.966323
467.4		0.966323
467.5		0.966323
467.6		0.966323
467.7		0.966323
467.8		0.966323
467.9		0.966323
468		0.966323
468.1		0.966783
468.2		0.966783
468.3		0.966783
468.4		0.966783
468.5		0.966783
468.6		0.966783
468.7		0.966783
468.8		0.966783
468.9		0.966783
469		0.966783
469.1		0.969478
469.2		0.969478
469.3		0.969478
469.4		0.969478
469.5		0.969478
469.6		0.969478
469.7		0.969478
469.8		0.969478
469.9		0.969478
470		0.969478
470.1		0.974109
470.2		0.974109
470.3		0.974109
470.4		0.974109
470.5		0.974109
470.6		0.974109
470.7		0.974109
470.8		0.974109
470.9		0.974109
471		0.974109
471.1		0.975039
471.2		0.975039
471.3		0.975039
471.4		0.975039
471.5		0.975039
471.6		0.975039
471.7		0.975039
471.8		0.975039
471.9		0.975039
472		0.975039
472.1		0.976943
472.2		0.976943
472.3		0.976943
472.4		0.976943
472.5		0.976943
472.6		0.976943
472.7		0.976943
472.8		0.976943
472.9		0.976943
473		0.976943
473.1		0.977702
473.2		0.977702
473.3		0.977702
473.4		0.977702
473.5		0.977702
473.6		0.977702
473.7		0.977702
473.8		0.977702
473.9		0.977702
474		0.977702
474.1		0.981959
474.2		0.981959
474.3		0.981959
474.4		0.981959
474.5		0.981959
474.6		0.981959
474.7		0.981959
474.8		0.981959
474.9		0.981959
475		0.981959
475.1		0.984814
475.2		0.984814
475.3		0.984814
475.4		0.984814
475.5		0.984814
475.6		0.984814
475.7		0.984814
475.8		0.984814
475.9		0.984814
476		0.984814
476.1		0.985573
476.2		0.985573
476.3		0.985573
476.4		0.985573
476.5		0.985573
476.6		0.985573
476.7		0.985573
476.8		0.985573
476.9		0.985573
477		0.985573
477.1		0.987381
477.2		0.987381
477.3		0.987381
477.4		0.987381
477.5		0.987381
477.6		0.987381
477.7		0.987381
477.8		0.987381
477.9		0.987381
478		0.987381
478.1		0.98952
478.2		0.98952
478.3		0.98952
478.4		0.98952
478.5		0.98952
478.6		0.98952
478.7		0.98952
478.8		0.98952
478.9		0.98952
479		0.98952
479.1		0.991712
479.2		0.991712
479.3		0.991712
479.4		0.991712
479.5		0.991712
479.6		0.991712
479.7		0.991712
479.8		0.991712
479.9		0.991712
480		0.991712
480.1		0.995412
480.2		0.995412
480.3		0.995412
480.4		0.995412
480.5		0.995412
480.6		0.995412
480.7		0.995412
480.8		0.995412
480.9		0.995412
481		0.995412
481.1		0.995936
481.2		0.995936
481.3		0.995936
481.4		0.995936
481.5		0.995936
481.6		0.995936
481.7		0.995936
481.8		0.995936
481.9		0.995936
482		0.995936
482.1		0.996973
482.2		0.996973
482.3		0.996973
482.4		0.996973
482.5		0.996973
482.6		0.996973
482.7		0.996973
482.8		0.996973
482.9		0.996973
483		0.996973
483.1		0.99907
483.2		0.99907
483.3		0.99907
483.4		0.99907
483.5		0.99907
483.6		0.99907
483.7		0.99907
483.8		0.99907
483.9		0.99907
484		0.99907
484.1		1
484.2		1
484.3		1
484.4		1
484.5		1
484.6		1
484.7		1
484.8		1
484.9		1
485		1
485.1		1
485.2		1
485.3		1
485.4		1
485.5		1
485.6		1
485.7		1
485.8		1
485.9		1
486		1
486.1		1
486.2		1
486.3		1
486.4		1
486.5		1
486.6		1
486.7		1
486.8		1
486.9		1
487		1
487.1		1
487.2		1
487.3		1
487.4		1
487.5		1
487.6		1
487.7		1
487.8		1
487.9		1
488		1
488.1		1
488.2		1
488.3		1
488.4		1
488.5		1
488.6		1
488.7		1
488.8		1
488.9		1
489		1
489.1		1
489.2		1
489.3		1
489.4		1
489.5		1
489.6		1
489.7		1
489.8		1
489.9		1
490		1
490.1		1
490.2		1
490.3		1
490.4		1
490.5		1
490.6		1
490.7		1
490.8		1
490.9		1
491		1
491.1		1
491.2		1
491.3		1
491.4		1
491.5		1
491.6		1
491.7		1
491.8		1
491.9		1
492		1
492.1		1
492.2		1
492.3		1
492.4		1
492.5		1
492.6		1
492.7		1
492.8		1
492.9		1
493		1
493.1		1
493.2		1
493.3		1
493.4		1
493.5		1
493.6		1
493.7		1
493.8		1
493.9		1
494		1
494.1		1
494.2		1
494.3		1
494.4		1
494.5		1
494.6		1
494.7		1
494.8		1
494.9		1
495		1
495.1		1
495.2		1
495.3		1
495.4		1
495.5		1
495.6		1
495.7		1
495.8		1
495.9		1
496		1
496.1		1
496.2		1
496.3		1
496.4		1
496.5		1
496.6		1
496.7		1
496.8		1
496.9		1
497		1
497.1		1
497.2		1
497.3		1
497.4		1
497.5		1
497.6		1
497.7		1
497.8		1
497.9		1
498		1
498.1		1
498.2		1
498.3		1
498.4		1
498.5		1
498.6		1
498.7		1
498.8		1
498.9		1
499		1
499.1		1
499.2		1
499.3		1
499.4		1
499.5		1
499.6		1
499.7		1
499.8		1
499.9		1
500		1
500.1		1
500.2		1
500.3		1
500.4		1
500.5		1
500.6		1
500.7		1
500.8		1
500.9		1
501		1
501.1		1
501.2		1
501.3		1
501.4		1
501.5		1
501.6		1
501.7		1
501.8		1
501.9		1
502		1
502.1		1
502.2		1
502.3		1
502.4		1
502.5		1
502.6		1
502.7		1
502.8		1
502.9		1
503		1
503.1		1
503.2		1
503.3		1
503.4		1
503.5		1
503.6		1
503.7		1
503.8		1
503.9		1
504		1
504.1		1
504.2		1
504.3		1
504.4		1
504.5		1
504.6		1
504.7		1
504.8		1
504.9		1
505		1
505.1		1
505.2		1
505.3		1
505.4		1
505.5		1
505.6		1
505.7		1
505.8		1
505.9		1
506		1
506.1		1
506.2		1
506.3		1
506.4		1
506.5		1
506.6		1
506.7		1
506.8		1
506.9		1
507		1
507.1		1
507.2		1
507.3		1
507.4		1
507.5		1
507.6		1
507.7		1
507.8		1
507.9		1
508		1
508.1		1
508.2		1
508.3		1
508.4		1
508.5		1
508.6		1
508.7		1
508.8		1
508.9		1
509		1
509.1		1
509.2		1
509.3		1
509.4		1
509.5		1
509.6		1
509.7		1
509.8		1
509.9		1
510		1
510.1		1
510.2		1
510.3		1
510.4		1
510.5		1
510.6		1
510.7		1
510.8		1
510.9		1
511		1
511.1		1
511.2		1
511.3		1
511.4		1
511.5		1
511.6		1
511.7		1
511.8		1
511.9		1
512		1
512.1		1
512.2		1
512.3		1
512.4		1
512.5		1
512.6		1
512.7		1
512.8		1
512.9		1
513		1
513.1		1
513.2		1
513.3		1
513.4		1
513.5		1
513.6		1
513.7		1
513.8		1
513.9		1
514		1
514.1		1
514.2		1
514.3		1
514.4		1
514.5		1
514.6		1
514.7		1
514.8		1
514.9		1
515		1
515.1		1
515.2		1
515.3		1
515.4		1
515.5		1
515.6		1
515.7		1
515.8		1
515.9		1
516		1
516.1		1
516.2		1
516.3		1
516.4		1
516.5		1
516.6		1
516.7		1
516.8		1
516.9		1
517		1
517.1		1
517.2		1
517.3		1
517.4		1
517.5		1
517.6		1
517.7		1
517.8		1
517.9		1
518		1
518.1		1
518.2		1
518.3		1
518.4		1
518.5		1
518.6		1
518.7		1
518.8		1
518.9		1
519		1
519.1		1
519.2		1
519.3		1
519.4		1
519.5		1
519.6		1
519.7		1
519.8		1
519.9		1
520		1
520.1		1
520.2		1
520.3		1
520.4		1
520.5		1
520.6		1
520.7		1
520.8		1
520.9		1
521		1
521.1		1
521.2		1
521.3		1
521.4		1
521.5		1
521.6		1
521.7		1
521.8		1
521.9		1
522		1
522.1		1
522.2		1
522.3		1
522.4		1
522.5		1
522.6		1
522.7		1
522.8		1
522.9		1
523		1
523.1		1
523.2		1
523.3		1
523.4		1
523.5		1
523.6		1
523.7		1
523.8		1
523.9		1
524		1
524.1		1
524.2		1
524.3		1
524.4		1
524.5		1
524.6		1
524.7		1
524.8		1
524.9		1
525		1
525.1		1
525.2		1
525.3		1
525.4		1
525.5		1
525.6		1
525.7		1
525.8		1
525.9		1
526		1
526.1		1
526.2		1
526.3		1
526.4		1
526.5		1
526.6		1
526.7		1
526.8		1
526.9		1
527		1
527.1		1
527.2		1
527.3		1
527.4		1
527.5		1
527.6		1
527.7		1
527.8		1
527.9		1
528		1
528.1		1
528.2		1
528.3		1
528.4		1
528.5		1
528.6		1
528.7		1
528.8		1
528.9		1
529		1
529.1		1
529.2		1
529.3		1
529.4		1
529.5		1
529.6		1
529.7		1
529.8		1
529.9		1
530		1
530.1		1
530.2		1
530.3		1
530.4		1
530.5		1
530.6		1
530.7		1
530.8		1
530.9		1
531		1
531.1		1
531.2		1
531.3		1
531.4		1
531.5		1
531.6		1
531.7		1
531.8		1
531.9		1
532		1
532.1		1
532.2		1
532.3		1
532.4		1
532.5		1
532.6		1
532.7		1
532.8		1
532.9		1
533		1
533.1		1
533.2		1
533.3		1
533.4		1
533.5		1
533.6		1
533.7		1
533.8		1
533.9		1
534		1
534.1		1
534.2		1
534.3		1
534.4		1
534.5		1
534.6		1
534.7		1
534.8		1
534.9		1
535		1
535.1		1
535.2		1
535.3		1
535.4		1
535.5		1
535.6		1
535.7		1
535.8		1
535.9		1
536		1
536.1		1
536.2		1
536.3		1
536.4		1
536.5		1
536.6		1
536.7		1
536.8		1
536.9		1
537		1
537.1		1
537.2		1
537.3		1
537.4		1
537.5		1
537.6		1
537.7		1
537.8		1
537.9		1
538		1
538.1		1
538.2		1
538.3		1
538.4		1
538.5		1
538.6		1
538.7		1
538.8		1
538.9		1
539		1
539.1		1
539.2		1
539.3		1
539.4		1
539.5		1
539.6		1
539.7		1
539.8		1
539.9		1
540		1
540.1		1
540.2		1
540.3		1
540.4		1
540.5		1
540.6		1
540.7		1
540.8		1
540.9		1
541		1
541.1		1
541.2		1
541.3		1
541.4		1
541.5		1
541.6		1
541.7		1
541.8		1
541.9		1
542		1
542.1		1
542.2		1
542.3		1
542.4		1
542.5		1
542.6		1
542.7		1
542.8		1
542.9		1
543		1
543.1		1
543.2		1
543.3		1
543.4		1
543.5		1
543.6		1
543.7		1
543.8		1
543.9		1
544		1
544.1		1
544.2		1
544.3		1
544.4		1
544.5		1
544.6		1
544.7		1
544.8		1
544.9		1
545		1
545.1		1
545.2		1
545.3		1
545.4		1
545.5		1
545.6		1
545.7		1
545.8		1
545.9		1
546		1
546.1		1
546.2		1
546.3		1
546.4		1
546.5		1
546.6		1
546.7		1
546.8		1
546.9		1
547		1
547.1		1
547.2		1
547.3		1
547.4		1
547.5		1
547.6		1
547.7		1
547.8		1
547.9		1
548		1
548.1		1
548.2		1
548.3		1
548.4		1
548.5		1
548.6		1
548.7		1
548.8		1
548.9		1
549		1
549.1		1
549.2		1
549.3		1
549.4		1
549.5		1
549.6		1
549.7		1
549.8		1
549.9		1
550		1
550.1		1
550.2		1
550.3		1
550.4		1
550.5		1
550.6		1
550.7		1
550.8		1
550.9		1
551		1
551.1		1
551.2		1
551.3		1
551.4		1
551.5		1
551.6		1
551.7		1
551.8		1
551.9		1
552		1
552.1		1
552.2		1
552.3		1
552.4		1
552.5		1
552.6		1
552.7		1
552.8		1
552.9		1
553		1
553.1		1
553.2		1
553.3		1
553.4		1
553.5		1
553.6		1
553.7		1
553.8		1
553.9		1
554		1
554.1		1
554.2		1
554.3		1
554.4		1
554.5		1
554.6		1
554.7		1
554.8		1
554.9		1
555		1
555.1		1
555.2		1
555.3		1
555.4		1
555.5		1
555.6		1
555.7		1
555.8		1
555.9		1
556		1
556.1		1
556.2		1
556.3		1
556.4		1
556.5		1
556.6		1
556.7		1
556.8		1
556.9		1
557		1
557.1		1
557.2		1
557.3		1
557.4		1
557.5		1
557.6		1
557.7		1
557.8		1
557.9		1
558		1
558.1		1
558.2		1
558.3		1
558.4		1
558.5		1
558.6		1
558.7		1
558.8		1
558.9		1
559		1
559.1		1
559.2		1
559.3		1
559.4		1
559.5		1
559.6		1
559.7		1
559.8		1
559.9		1
560		1
560.1		1
560.2		1
560.3		1
560.4		1
560.5		1
560.6		1
560.7		1
560.8		1
560.9		1
561		1
561.1		1
561.2		1
561.3		1
561.4		1
561.5		1
561.6		1
561.7		1
561.8		1
561.9		1
562		1
562.1		1
562.2		1
562.3		1
562.4		1
562.5		1
562.6		1
562.7		1
562.8		1
562.9		1
563		1
563.1		1
563.2		1
563.3		1
563.4		1
563.5		1
563.6		1
563.7		1
563.8		1
563.9		1
564		1
564.1		1
564.2		1
564.3		1
564.4		1
564.5		1
564.6		1
564.7		1
564.8		1
564.9		1
565		1
565.1		1
565.2		1
565.3		1
565.4		1
565.5		1
565.6		1
565.7		1
565.8		1
565.9		1
566		1
566.1		1
566.2		1
566.3		1
566.4		1
566.5		1
566.6		1
566.7		1
566.8		1
566.9		1
567		1
567.1		1
567.2		1
567.3		1
567.4		1
567.5		1
567.6		1
567.7		1
567.8		1
567.9		1
568		1
568.1		1
568.2		1
568.3		1
568.4		1
568.5		1
568.6		1
568.7		1
568.8		1
568.9		1
569		1
569.1		1
569.2		1
569.3		1
569.4		1
569.5		1
569.6		1
569.7		1
569.8		1
569.9		1
570		1
570.1		1
570.2		1
570.3		1
570.4		1
570.5		1
570.6		1
570.7		1
570.8		1
570.9		1
571		1
571.1		1
571.2		1
571.3		1
571.4		1
571.5		1
571.6		1
571.7		1
571.8		1
571.9		1
572		1
572.1		1
572.2		1
572.3		1
572.4		1
572.5		1
572.6		1
572.7		1
572.8		1
572.9		1
573		1
573.1		1
573.2		1
573.3		1
573.4		1
573.5		1
573.6		1
573.7		1
573.8		1
573.9		1
574		1
574.1		1
574.2		1
574.3		1
574.4		1
574.5		1
574.6		1
574.7		1
574.8		1
574.9		1
575		1
575.1		1
575.2		1
575.3		1
575.4		1
575.5		1
575.6		1
575.7		1
575.8		1
575.9		1
576		1
576.1		1
576.2		1
576.3		1
576.4		1
576.5		1
576.6		1
576.7		1
576.8		1
576.9		1
577		1
577.1		1
577.2		1
577.3		1
577.4		1
577.5		1
577.6		1
577.7		1
577.8		1
577.9		1
578		1
578.1		1
578.2		1
578.3		1
578.4		1
578.5		1
578.6		1
578.7		1
578.8		1
578.9		1
579		1
579.1		1
579.2		1
579.3		1
579.4		1
579.5		1
579.6		1
579.7		1
579.8		1
579.9		1
580		1
580.1		1
580.2		1
580.3		1
580.4		1
580.5		1
580.6		1
580.7		1
580.8		1
580.9		1
581		1
581.1		1
581.2		1
581.3		1
581.4		1
581.5		1
581.6		1
581.7		1
581.8		1
581.9		1
582		1
582.1		1
582.2		1
582.3		1
582.4		1
582.5		1
582.6		1
582.7		1
582.8		1
582.9		1
583		1
583.1		1
583.2		1
583.3		1
583.4		1
583.5		1
583.6		1
583.7		1
583.8		1
583.9		1
584		1
584.1		1
584.2		1
584.3		1
584.4		1
584.5		1
584.6		1
584.7		1
584.8		1
584.9		1
585		1
585.1		1
585.2		1
585.3		1
585.4		1
585.5		1
585.6		1
585.7		1
585.8		1
585.9		1
586		1
586.1		1
586.2		1
586.3		1
586.4		1
586.5		1
586.6		1
586.7		1
586.8		1
586.9		1
587		1
587.1		1
587.2		1
587.3		1
587.4		1
587.5		1
587.6		1
587.7		1
587.8		1
587.9		1
588		1
588.1		1
588.2		1
588.3		1
588.4		1
588.5		1
588.6		1
588.7		1
588.8		1
588.9		1
589		1
589.1		1
589.2		1
589.3		1
589.4		1
589.5		1
589.6		1
589.7		1
589.8		1
589.9		1
590		1
590.1		1
590.2		1
590.3		1
590.4		1
590.5		1
590.6		1
590.7		1
590.8		1
590.9		1
591		1
591.1		1
591.2		1
591.3		1
591.4		1
591.5		1
591.6		1
591.7		1
591.8		1
591.9		1
592		1
592.1		1
592.2		1
592.3		1
592.4		1
592.5		1
592.6		1
592.7		1
592.8		1
592.9		1
593		1
593.1		1
593.2		1
593.3		1
593.4		1
593.5		1
593.6		1
593.7		1
593.8		1
593.9		1
594		1
594.1		1
594.2		1
594.3		1
594.4		1
594.5		1
594.6		1
594.7		1
594.8		1
594.9		1
595		1
595.1		1
595.2		1
595.3		1
595.4		1
595.5		1
595.6		1
595.7		1
595.8		1
595.9		1
596		1
596.1		1
596.2		1
596.3		1
596.4		1
596.5		1
596.6		1
596.7		1
596.8		1
596.9		1
597		1
597.1		1
597.2		1
597.3		1
597.4		1
597.5		1
597.6		1
597.7		1
597.8		1
597.9		1
598		1
598.1		1
598.2		1
598.3		1
598.4		1
598.5		1
598.6		1
598.7		1
598.8		1
598.9		1
599		1
599.1		1
599.2		1
599.3		1
599.4		1
599.5		1
599.6		1
599.7		1
599.8		1
599.9		1
600		1
