# Calibration file of tamex_id 0 @ channel 34
# fine_T bin		 Calibration value
0.1		0
0.2		0
0.3		0
0.4		0
0.5		0
0.6		0
0.7		0
0.8		0
0.9		0
1		0
1.1		0
1.2		0
1.3		0
1.4		0
1.5		0
1.6		0
1.7		0
1.8		0
1.9		0
2		0
2.1		0
2.2		0
2.3		0
2.4		0
2.5		0
2.6		0
2.7		0
2.8		0
2.9		0
3		0
3.1		0
3.2		0
3.3		0
3.4		0
3.5		0
3.6		0
3.7		0
3.8		0
3.9		0
4		0
4.1		0
4.2		0
4.3		0
4.4		0
4.5		0
4.6		0
4.7		0
4.8		0
4.9		0
5		0
5.1		0
5.2		0
5.3		0
5.4		0
5.5		0
5.6		0
5.7		0
5.8		0
5.9		0
6		0
6.1		0
6.2		0
6.3		0
6.4		0
6.5		0
6.6		0
6.7		0
6.8		0
6.9		0
7		0
7.1		0
7.2		0
7.3		0
7.4		0
7.5		0
7.6		0
7.7		0
7.8		0
7.9		0
8		0
8.1		0
8.2		0
8.3		0
8.4		0
8.5		0
8.6		0
8.7		0
8.8		0
8.9		0
9		0
9.1		0
9.2		0
9.3		0
9.4		0
9.5		0
9.6		0
9.7		0
9.8		0
9.9		0
10		0
10.1		0
10.2		0
10.3		0
10.4		0
10.5		0
10.6		0
10.7		0
10.8		0
10.9		0
11		0
11.1		0
11.2		0
11.3		0
11.4		0
11.5		0
11.6		0
11.7		0
11.8		0
11.9		0
12		0
12.1		0
12.2		0
12.3		0
12.4		0
12.5		0
12.6		0
12.7		0
12.8		0
12.9		0
13		0
13.1		0
13.2		0
13.3		0
13.4		0
13.5		0
13.6		0
13.7		0
13.8		0
13.9		0
14		0
14.1		0
14.2		0
14.3		0
14.4		0
14.5		0
14.6		0
14.7		0
14.8		0
14.9		0
15		0
15.1		0
15.2		0
15.3		0
15.4		0
15.5		0
15.6		0
15.7		0
15.8		0
15.9		0
16		0
16.1		0.00526282
16.2		0.00526282
16.3		0.00526282
16.4		0.00526282
16.5		0.00526282
16.6		0.00526282
16.7		0.00526282
16.8		0.00526282
16.9		0.00526282
17		0.00526282
17.1		0.0104129
17.2		0.0104129
17.3		0.0104129
17.4		0.0104129
17.5		0.0104129
17.6		0.0104129
17.7		0.0104129
17.8		0.0104129
17.9		0.0104129
18		0.0104129
18.1		0.0109545
18.2		0.0109545
18.3		0.0109545
18.4		0.0109545
18.5		0.0109545
18.6		0.0109545
18.7		0.0109545
18.8		0.0109545
18.9		0.0109545
19		0.0109545
19.1		0.011518
19.2		0.011518
19.3		0.011518
19.4		0.011518
19.5		0.011518
19.6		0.011518
19.7		0.011518
19.8		0.011518
19.9		0.011518
20		0.011518
20.1		0.0183894
20.2		0.0183894
20.3		0.0183894
20.4		0.0183894
20.5		0.0183894
20.6		0.0183894
20.7		0.0183894
20.8		0.0183894
20.9		0.0183894
21		0.0183894
21.1		0.0186657
21.2		0.0186657
21.3		0.0186657
21.4		0.0186657
21.5		0.0186657
21.6		0.0186657
21.7		0.0186657
21.8		0.0186657
21.9		0.0186657
22		0.0186657
22.1		0.0211779
22.2		0.0211779
22.3		0.0211779
22.4		0.0211779
22.5		0.0211779
22.6		0.0211779
22.7		0.0211779
22.8		0.0211779
22.9		0.0211779
23		0.0211779
23.1		0.0221752
23.2		0.0221752
23.3		0.0221752
23.4		0.0221752
23.5		0.0221752
23.6		0.0221752
23.7		0.0221752
23.8		0.0221752
23.9		0.0221752
24		0.0221752
24.1		0.0224415
24.2		0.0224415
24.3		0.0224415
24.4		0.0224415
24.5		0.0224415
24.6		0.0224415
24.7		0.0224415
24.8		0.0224415
24.9		0.0224415
25		0.0224415
25.1		0.0273902
25.2		0.0273902
25.3		0.0273902
25.4		0.0273902
25.5		0.0273902
25.6		0.0273902
25.7		0.0273902
25.8		0.0273902
25.9		0.0273902
26		0.0273902
26.1		0.0283446
26.2		0.0283446
26.3		0.0283446
26.4		0.0283446
26.5		0.0283446
26.6		0.0283446
26.7		0.0283446
26.8		0.0283446
26.9		0.0283446
27		0.0283446
27.1		0.0299443
27.2		0.0299443
27.3		0.0299443
27.4		0.0299443
27.5		0.0299443
27.6		0.0299443
27.7		0.0299443
27.8		0.0299443
27.9		0.0299443
28		0.0299443
28.1		0.0326979
28.2		0.0326979
28.3		0.0326979
28.4		0.0326979
28.5		0.0326979
28.6		0.0326979
28.7		0.0326979
28.8		0.0326979
28.9		0.0326979
29		0.0326979
29.1		0.0328864
29.2		0.0328864
29.3		0.0328864
29.4		0.0328864
29.5		0.0328864
29.6		0.0328864
29.7		0.0328864
29.8		0.0328864
29.9		0.0328864
30		0.0328864
30.1		0.0357656
30.2		0.0357656
30.3		0.0357656
30.4		0.0357656
30.5		0.0357656
30.6		0.0357656
30.7		0.0357656
30.8		0.0357656
30.9		0.0357656
31		0.0357656
31.1		0.0365206
31.2		0.0365206
31.3		0.0365206
31.4		0.0365206
31.5		0.0365206
31.6		0.0365206
31.7		0.0365206
31.8		0.0365206
31.9		0.0365206
32		0.0365206
32.1		0.0410284
32.2		0.0410284
32.3		0.0410284
32.4		0.0410284
32.5		0.0410284
32.6		0.0410284
32.7		0.0410284
32.8		0.0410284
32.9		0.0410284
33		0.0410284
33.1		0.0411421
33.2		0.0411421
33.3		0.0411421
33.4		0.0411421
33.5		0.0411421
33.6		0.0411421
33.7		0.0411421
33.8		0.0411421
33.9		0.0411421
34		0.0411421
34.1		0.04526
34.2		0.04526
34.3		0.04526
34.4		0.04526
34.5		0.04526
34.6		0.04526
34.7		0.04526
34.8		0.04526
34.9		0.04526
35		0.04526
35.1		0.0470642
35.2		0.0470642
35.3		0.0470642
35.4		0.0470642
35.5		0.0470642
35.6		0.0470642
35.7		0.0470642
35.8		0.0470642
35.9		0.0470642
36		0.0470642
36.1		0.0484135
36.2		0.0484135
36.3		0.0484135
36.4		0.0484135
36.5		0.0484135
36.6		0.0484135
36.7		0.0484135
36.8		0.0484135
36.9		0.0484135
37		0.0484135
37.1		0.0504101
37.2		0.0504101
37.3		0.0504101
37.4		0.0504101
37.5		0.0504101
37.6		0.0504101
37.7		0.0504101
37.8		0.0504101
37.9		0.0504101
38		0.0504101
38.1		0.0527449
38.2		0.0527449
38.3		0.0527449
38.4		0.0527449
38.5		0.0527449
38.6		0.0527449
38.7		0.0527449
38.8		0.0527449
38.9		0.0527449
39		0.0527449
39.1		0.0558156
39.2		0.0558156
39.3		0.0558156
39.4		0.0558156
39.5		0.0558156
39.6		0.0558156
39.7		0.0558156
39.8		0.0558156
39.9		0.0558156
40		0.0558156
40.1		0.0570692
40.2		0.0570692
40.3		0.0570692
40.4		0.0570692
40.5		0.0570692
40.6		0.0570692
40.7		0.0570692
40.8		0.0570692
40.9		0.0570692
41		0.0570692
41.1		0.0573544
41.2		0.0573544
41.3		0.0573544
41.4		0.0573544
41.5		0.0573544
41.6		0.0573544
41.7		0.0573544
41.8		0.0573544
41.9		0.0573544
42		0.0573544
42.1		0.061587
42.2		0.061587
42.3		0.061587
42.4		0.061587
42.5		0.061587
42.6		0.061587
42.7		0.061587
42.8		0.061587
42.9		0.061587
43		0.061587
43.1		0.0637233
43.2		0.0637233
43.3		0.0637233
43.4		0.0637233
43.5		0.0637233
43.6		0.0637233
43.7		0.0637233
43.8		0.0637233
43.9		0.0637233
44		0.0637233
44.1		0.0645361
44.2		0.0645361
44.3		0.0645361
44.4		0.0645361
44.5		0.0645361
44.6		0.0645361
44.7		0.0645361
44.8		0.0645361
44.9		0.0645361
45		0.0645361
45.1		0.0647595
45.2		0.0647595
45.3		0.0647595
45.4		0.0647595
45.5		0.0647595
45.6		0.0647595
45.7		0.0647595
45.8		0.0647595
45.9		0.0647595
46		0.0647595
46.1		0.0666584
46.2		0.0666584
46.3		0.0666584
46.4		0.0666584
46.5		0.0666584
46.6		0.0666584
46.7		0.0666584
46.8		0.0666584
46.9		0.0666584
47		0.0666584
47.1		0.0706666
47.2		0.0706666
47.3		0.0706666
47.4		0.0706666
47.5		0.0706666
47.6		0.0706666
47.7		0.0706666
47.8		0.0706666
47.9		0.0706666
48		0.0706666
48.1		0.0726113
48.2		0.0726113
48.3		0.0726113
48.4		0.0726113
48.5		0.0726113
48.6		0.0726113
48.7		0.0726113
48.8		0.0726113
48.9		0.0726113
49		0.0726113
49.1		0.0748862
49.2		0.0748862
49.3		0.0748862
49.4		0.0748862
49.5		0.0748862
49.6		0.0748862
49.7		0.0748862
49.8		0.0748862
49.9		0.0748862
50		0.0748862
50.1		0.0776457
50.2		0.0776457
50.3		0.0776457
50.4		0.0776457
50.5		0.0776457
50.6		0.0776457
50.7		0.0776457
50.8		0.0776457
50.9		0.0776457
51		0.0776457
51.1		0.0787228
51.2		0.0787228
51.3		0.0787228
51.4		0.0787228
51.5		0.0787228
51.6		0.0787228
51.7		0.0787228
51.8		0.0787228
51.9		0.0787228
52		0.0787228
52.1		0.0804183
52.2		0.0804183
52.3		0.0804183
52.4		0.0804183
52.5		0.0804183
52.6		0.0804183
52.7		0.0804183
52.8		0.0804183
52.9		0.0804183
53		0.0804183
53.1		0.081619
53.2		0.081619
53.3		0.081619
53.4		0.081619
53.5		0.081619
53.6		0.081619
53.7		0.081619
53.8		0.081619
53.9		0.081619
54		0.081619
54.1		0.0868749
54.2		0.0868749
54.3		0.0868749
54.4		0.0868749
54.5		0.0868749
54.6		0.0868749
54.7		0.0868749
54.8		0.0868749
54.9		0.0868749
55		0.0868749
55.1		0.0872678
55.2		0.0872678
55.3		0.0872678
55.4		0.0872678
55.5		0.0872678
55.6		0.0872678
55.7		0.0872678
55.8		0.0872678
55.9		0.0872678
56		0.0872678
56.1		0.0876129
56.2		0.0876129
56.3		0.0876129
56.4		0.0876129
56.5		0.0876129
56.6		0.0876129
56.7		0.0876129
56.8		0.0876129
56.9		0.0876129
57		0.0876129
57.1		0.0896255
57.2		0.0896255
57.3		0.0896255
57.4		0.0896255
57.5		0.0896255
57.6		0.0896255
57.7		0.0896255
57.8		0.0896255
57.9		0.0896255
58		0.0896255
58.1		0.0961289
58.2		0.0961289
58.3		0.0961289
58.4		0.0961289
58.5		0.0961289
58.6		0.0961289
58.7		0.0961289
58.8		0.0961289
58.9		0.0961289
59		0.0961289
59.1		0.0963623
59.2		0.0963623
59.3		0.0963623
59.4		0.0963623
59.5		0.0963623
59.6		0.0963623
59.7		0.0963623
59.8		0.0963623
59.9		0.0963623
60		0.0963623
60.1		0.0965219
60.2		0.0965219
60.3		0.0965219
60.4		0.0965219
60.5		0.0965219
60.6		0.0965219
60.7		0.0965219
60.8		0.0965219
60.9		0.0965219
61		0.0965219
61.1		0.0967862
61.2		0.0967862
61.3		0.0967862
61.4		0.0967862
61.5		0.0967862
61.6		0.0967862
61.7		0.0967862
61.8		0.0967862
61.9		0.0967862
62		0.0967862
62.1		0.103124
62.2		0.103124
62.3		0.103124
62.4		0.103124
62.5		0.103124
62.6		0.103124
62.7		0.103124
62.8		0.103124
62.9		0.103124
63		0.103124
63.1		0.104276
63.2		0.104276
63.3		0.104276
63.4		0.104276
63.5		0.104276
63.6		0.104276
63.7		0.104276
63.8		0.104276
63.9		0.104276
64		0.104276
64.1		0.106036
64.2		0.106036
64.3		0.106036
64.4		0.106036
64.5		0.106036
64.6		0.106036
64.7		0.106036
64.8		0.106036
64.9		0.106036
65		0.106036
65.1		0.107309
65.2		0.107309
65.3		0.107309
65.4		0.107309
65.5		0.107309
65.6		0.107309
65.7		0.107309
65.8		0.107309
65.9		0.107309
66		0.107309
66.1		0.110834
66.2		0.110834
66.3		0.110834
66.4		0.110834
66.5		0.110834
66.6		0.110834
66.7		0.110834
66.8		0.110834
66.9		0.110834
67		0.110834
67.1		0.111672
67.2		0.111672
67.3		0.111672
67.4		0.111672
67.5		0.111672
67.6		0.111672
67.7		0.111672
67.8		0.111672
67.9		0.111672
68		0.111672
68.1		0.114889
68.2		0.114889
68.3		0.114889
68.4		0.114889
68.5		0.114889
68.6		0.114889
68.7		0.114889
68.8		0.114889
68.9		0.114889
69		0.114889
69.1		0.115098
69.2		0.115098
69.3		0.115098
69.4		0.115098
69.5		0.115098
69.6		0.115098
69.7		0.115098
69.8		0.115098
69.9		0.115098
70		0.115098
70.1		0.119439
70.2		0.119439
70.3		0.119439
70.4		0.119439
70.5		0.119439
70.6		0.119439
70.7		0.119439
70.8		0.119439
70.9		0.119439
71		0.119439
71.1		0.122278
71.2		0.122278
71.3		0.122278
71.4		0.122278
71.5		0.122278
71.6		0.122278
71.7		0.122278
71.8		0.122278
71.9		0.122278
72		0.122278
72.1		0.123466
72.2		0.123466
72.3		0.123466
72.4		0.123466
72.5		0.123466
72.6		0.123466
72.7		0.123466
72.8		0.123466
72.9		0.123466
73		0.123466
73.1		0.125226
73.2		0.125226
73.3		0.125226
73.4		0.125226
73.5		0.125226
73.6		0.125226
73.7		0.125226
73.8		0.125226
73.9		0.125226
74		0.125226
74.1		0.126676
74.2		0.126676
74.3		0.126676
74.4		0.126676
74.5		0.126676
74.6		0.126676
74.7		0.126676
74.8		0.126676
74.9		0.126676
75		0.126676
75.1		0.12975
75.2		0.12975
75.3		0.12975
75.4		0.12975
75.5		0.12975
75.6		0.12975
75.7		0.12975
75.8		0.12975
75.9		0.12975
76		0.12975
76.1		0.131293
76.2		0.131293
76.3		0.131293
76.4		0.131293
76.5		0.131293
76.6		0.131293
76.7		0.131293
76.8		0.131293
76.9		0.131293
77		0.131293
77.1		0.132183
77.2		0.132183
77.3		0.132183
77.4		0.132183
77.5		0.132183
77.6		0.132183
77.7		0.132183
77.8		0.132183
77.9		0.132183
78		0.132183
78.1		0.132939
78.2		0.132939
78.3		0.132939
78.4		0.132939
78.5		0.132939
78.6		0.132939
78.7		0.132939
78.8		0.132939
78.9		0.132939
79		0.132939
79.1		0.13577
79.2		0.13577
79.3		0.13577
79.4		0.13577
79.5		0.13577
79.6		0.13577
79.7		0.13577
79.8		0.13577
79.9		0.13577
80		0.13577
80.1		0.139073
80.2		0.139073
80.3		0.139073
80.4		0.139073
80.5		0.139073
80.6		0.139073
80.7		0.139073
80.8		0.139073
80.9		0.139073
81		0.139073
81.1		0.141294
81.2		0.141294
81.3		0.141294
81.4		0.141294
81.5		0.141294
81.6		0.141294
81.7		0.141294
81.8		0.141294
81.9		0.141294
82		0.141294
82.1		0.141601
82.2		0.141601
82.3		0.141601
82.4		0.141601
82.5		0.141601
82.6		0.141601
82.7		0.141601
82.8		0.141601
82.9		0.141601
83		0.141601
83.1		0.141917
83.2		0.141917
83.3		0.141917
83.4		0.141917
83.5		0.141917
83.6		0.141917
83.7		0.141917
83.8		0.141917
83.9		0.141917
84		0.141917
84.1		0.14948
84.2		0.14948
84.3		0.14948
84.4		0.14948
84.5		0.14948
84.6		0.14948
84.7		0.14948
84.8		0.14948
84.9		0.14948
85		0.14948
85.1		0.149822
85.2		0.149822
85.3		0.149822
85.4		0.149822
85.5		0.149822
85.6		0.149822
85.7		0.149822
85.8		0.149822
85.9		0.149822
86		0.149822
86.1		0.151753
86.2		0.151753
86.3		0.151753
86.4		0.151753
86.5		0.151753
86.6		0.151753
86.7		0.151753
86.8		0.151753
86.9		0.151753
87		0.151753
87.1		0.153165
87.2		0.153165
87.3		0.153165
87.4		0.153165
87.5		0.153165
87.6		0.153165
87.7		0.153165
87.8		0.153165
87.9		0.153165
88		0.153165
88.1		0.155466
88.2		0.155466
88.3		0.155466
88.4		0.155466
88.5		0.155466
88.6		0.155466
88.7		0.155466
88.8		0.155466
88.9		0.155466
89		0.155466
89.1		0.157176
89.2		0.157176
89.3		0.157176
89.4		0.157176
89.5		0.157176
89.6		0.157176
89.7		0.157176
89.8		0.157176
89.9		0.157176
90		0.157176
90.1		0.159512
90.2		0.159512
90.3		0.159512
90.4		0.159512
90.5		0.159512
90.6		0.159512
90.7		0.159512
90.8		0.159512
90.9		0.159512
91		0.159512
91.1		0.161299
91.2		0.161299
91.3		0.161299
91.4		0.161299
91.5		0.161299
91.6		0.161299
91.7		0.161299
91.8		0.161299
91.9		0.161299
92		0.161299
92.1		0.165
92.2		0.165
92.3		0.165
92.4		0.165
92.5		0.165
92.6		0.165
92.7		0.165
92.8		0.165
92.9		0.165
93		0.165
93.1		0.166867
93.2		0.166867
93.3		0.166867
93.4		0.166867
93.5		0.166867
93.6		0.166867
93.7		0.166867
93.8		0.166867
93.9		0.166867
94		0.166867
94.1		0.167559
94.2		0.167559
94.3		0.167559
94.4		0.167559
94.5		0.167559
94.6		0.167559
94.7		0.167559
94.8		0.167559
94.9		0.167559
95		0.167559
95.1		0.167932
95.2		0.167932
95.3		0.167932
95.4		0.167932
95.5		0.167932
95.6		0.167932
95.7		0.167932
95.8		0.167932
95.9		0.167932
96		0.167932
96.1		0.172672
96.2		0.172672
96.3		0.172672
96.4		0.172672
96.5		0.172672
96.6		0.172672
96.7		0.172672
96.8		0.172672
96.9		0.172672
97		0.172672
97.1		0.174361
97.2		0.174361
97.3		0.174361
97.4		0.174361
97.5		0.174361
97.6		0.174361
97.7		0.174361
97.8		0.174361
97.9		0.174361
98		0.174361
98.1		0.176134
98.2		0.176134
98.3		0.176134
98.4		0.176134
98.5		0.176134
98.6		0.176134
98.7		0.176134
98.8		0.176134
98.9		0.176134
99		0.176134
99.1		0.177285
99.2		0.177285
99.3		0.177285
99.4		0.177285
99.5		0.177285
99.6		0.177285
99.7		0.177285
99.8		0.177285
99.9		0.177285
100		0.177285
100.1		0.181564
100.2		0.181564
100.3		0.181564
100.4		0.181564
100.5		0.181564
100.6		0.181564
100.7		0.181564
100.8		0.181564
100.9		0.181564
101		0.181564
101.1		0.182237
101.2		0.182237
101.3		0.182237
101.4		0.182237
101.5		0.182237
101.6		0.182237
101.7		0.182237
101.8		0.182237
101.9		0.182237
102		0.182237
102.1		0.183294
102.2		0.183294
102.3		0.183294
102.4		0.183294
102.5		0.183294
102.6		0.183294
102.7		0.183294
102.8		0.183294
102.9		0.183294
103		0.183294
103.1		0.185931
103.2		0.185931
103.3		0.185931
103.4		0.185931
103.5		0.185931
103.6		0.185931
103.7		0.185931
103.8		0.185931
103.9		0.185931
104		0.185931
104.1		0.188902
104.2		0.188902
104.3		0.188902
104.4		0.188902
104.5		0.188902
104.6		0.188902
104.7		0.188902
104.8		0.188902
104.9		0.188902
105		0.188902
105.1		0.190276
105.2		0.190276
105.3		0.190276
105.4		0.190276
105.5		0.190276
105.6		0.190276
105.7		0.190276
105.8		0.190276
105.9		0.190276
106		0.190276
106.1		0.190696
106.2		0.190696
106.3		0.190696
106.4		0.190696
106.5		0.190696
106.6		0.190696
106.7		0.190696
106.8		0.190696
106.9		0.190696
107		0.190696
107.1		0.193983
107.2		0.193983
107.3		0.193983
107.4		0.193983
107.5		0.193983
107.6		0.193983
107.7		0.193983
107.8		0.193983
107.9		0.193983
108		0.193983
108.1		0.196025
108.2		0.196025
108.3		0.196025
108.4		0.196025
108.5		0.196025
108.6		0.196025
108.7		0.196025
108.8		0.196025
108.9		0.196025
109		0.196025
109.1		0.198651
109.2		0.198651
109.3		0.198651
109.4		0.198651
109.5		0.198651
109.6		0.198651
109.7		0.198651
109.8		0.198651
109.9		0.198651
110		0.198651
110.1		0.202244
110.2		0.202244
110.3		0.202244
110.4		0.202244
110.5		0.202244
110.6		0.202244
110.7		0.202244
110.8		0.202244
110.9		0.202244
111		0.202244
111.1		0.202387
111.2		0.202387
111.3		0.202387
111.4		0.202387
111.5		0.202387
111.6		0.202387
111.7		0.202387
111.8		0.202387
111.9		0.202387
112		0.202387
112.1		0.203538
112.2		0.203538
112.3		0.203538
112.4		0.203538
112.5		0.203538
112.6		0.203538
112.7		0.203538
112.8		0.203538
112.9		0.203538
113		0.203538
113.1		0.204251
113.2		0.204251
113.3		0.204251
113.4		0.204251
113.5		0.204251
113.6		0.204251
113.7		0.204251
113.8		0.204251
113.9		0.204251
114		0.204251
114.1		0.211537
114.2		0.211537
114.3		0.211537
114.4		0.211537
114.5		0.211537
114.6		0.211537
114.7		0.211537
114.8		0.211537
114.9		0.211537
115		0.211537
115.1		0.213232
115.2		0.213232
115.3		0.213232
115.4		0.213232
115.5		0.213232
115.6		0.213232
115.7		0.213232
115.8		0.213232
115.9		0.213232
116		0.213232
116.1		0.214162
116.2		0.214162
116.3		0.214162
116.4		0.214162
116.5		0.214162
116.6		0.214162
116.7		0.214162
116.8		0.214162
116.9		0.214162
117		0.214162
117.1		0.215238
117.2		0.215238
117.3		0.215238
117.4		0.215238
117.5		0.215238
117.6		0.215238
117.7		0.215238
117.8		0.215238
117.9		0.215238
118		0.215238
118.1		0.215617
118.2		0.215617
118.3		0.215617
118.4		0.215617
118.5		0.215617
118.6		0.215617
118.7		0.215617
118.8		0.215617
118.9		0.215617
119		0.215617
119.1		0.21913
119.2		0.21913
119.3		0.21913
119.4		0.21913
119.5		0.21913
119.6		0.21913
119.7		0.21913
119.8		0.21913
119.9		0.21913
120		0.21913
120.1		0.221756
120.2		0.221756
120.3		0.221756
120.4		0.221756
120.5		0.221756
120.6		0.221756
120.7		0.221756
120.8		0.221756
120.9		0.221756
121		0.221756
121.1		0.222456
121.2		0.222456
121.3		0.222456
121.4		0.222456
121.5		0.222456
121.6		0.222456
121.7		0.222456
121.8		0.222456
121.9		0.222456
122		0.222456
122.1		0.226194
122.2		0.226194
122.3		0.226194
122.4		0.226194
122.5		0.226194
122.6		0.226194
122.7		0.226194
122.8		0.226194
122.9		0.226194
123		0.226194
123.1		0.226743
123.2		0.226743
123.3		0.226743
123.4		0.226743
123.5		0.226743
123.6		0.226743
123.7		0.226743
123.8		0.226743
123.9		0.226743
124		0.226743
124.1		0.22959
124.2		0.22959
124.3		0.22959
124.4		0.22959
124.5		0.22959
124.6		0.22959
124.7		0.22959
124.8		0.22959
124.9		0.22959
125		0.22959
125.1		0.229964
125.2		0.229964
125.3		0.229964
125.4		0.229964
125.5		0.229964
125.6		0.229964
125.7		0.229964
125.8		0.229964
125.9		0.229964
126		0.229964
126.1		0.235698
126.2		0.235698
126.3		0.235698
126.4		0.235698
126.5		0.235698
126.6		0.235698
126.7		0.235698
126.8		0.235698
126.9		0.235698
127		0.235698
127.1		0.236517
127.2		0.236517
127.3		0.236517
127.4		0.236517
127.5		0.236517
127.6		0.236517
127.7		0.236517
127.8		0.236517
127.9		0.236517
128		0.236517
128.1		0.237826
128.2		0.237826
128.3		0.237826
128.4		0.237826
128.5		0.237826
128.6		0.237826
128.7		0.237826
128.8		0.237826
128.9		0.237826
129		0.237826
129.1		0.242295
129.2		0.242295
129.3		0.242295
129.4		0.242295
129.5		0.242295
129.6		0.242295
129.7		0.242295
129.8		0.242295
129.9		0.242295
130		0.242295
130.1		0.243227
130.2		0.243227
130.3		0.243227
130.4		0.243227
130.5		0.243227
130.6		0.243227
130.7		0.243227
130.8		0.243227
130.9		0.243227
131		0.243227
131.1		0.24496
131.2		0.24496
131.3		0.24496
131.4		0.24496
131.5		0.24496
131.6		0.24496
131.7		0.24496
131.8		0.24496
131.9		0.24496
132		0.24496
132.1		0.247969
132.2		0.247969
132.3		0.247969
132.4		0.247969
132.5		0.247969
132.6		0.247969
132.7		0.247969
132.8		0.247969
132.9		0.247969
133		0.247969
133.1		0.248835
133.2		0.248835
133.3		0.248835
133.4		0.248835
133.5		0.248835
133.6		0.248835
133.7		0.248835
133.8		0.248835
133.9		0.248835
134		0.248835
134.1		0.250308
134.2		0.250308
134.3		0.250308
134.4		0.250308
134.5		0.250308
134.6		0.250308
134.7		0.250308
134.8		0.250308
134.9		0.250308
135		0.250308
135.1		0.252497
135.2		0.252497
135.3		0.252497
135.4		0.252497
135.5		0.252497
135.6		0.252497
135.7		0.252497
135.8		0.252497
135.9		0.252497
136		0.252497
136.1		0.256387
136.2		0.256387
136.3		0.256387
136.4		0.256387
136.5		0.256387
136.6		0.256387
136.7		0.256387
136.8		0.256387
136.9		0.256387
137		0.256387
137.1		0.256511
137.2		0.256511
137.3		0.256511
137.4		0.256511
137.5		0.256511
137.6		0.256511
137.7		0.256511
137.8		0.256511
137.9		0.256511
138		0.256511
138.1		0.259665
138.2		0.259665
138.3		0.259665
138.4		0.259665
138.5		0.259665
138.6		0.259665
138.7		0.259665
138.8		0.259665
138.9		0.259665
139		0.259665
139.1		0.26083
139.2		0.26083
139.3		0.26083
139.4		0.26083
139.5		0.26083
139.6		0.26083
139.7		0.26083
139.8		0.26083
139.9		0.26083
140		0.26083
140.1		0.261306
140.2		0.261306
140.3		0.261306
140.4		0.261306
140.5		0.261306
140.6		0.261306
140.7		0.261306
140.8		0.261306
140.9		0.261306
141		0.261306
141.1		0.263751
141.2		0.263751
141.3		0.263751
141.4		0.263751
141.5		0.263751
141.6		0.263751
141.7		0.263751
141.8		0.263751
141.9		0.263751
142		0.263751
142.1		0.266438
142.2		0.266438
142.3		0.266438
142.4		0.266438
142.5		0.266438
142.6		0.266438
142.7		0.266438
142.8		0.266438
142.9		0.266438
143		0.266438
143.1		0.270432
143.2		0.270432
143.3		0.270432
143.4		0.270432
143.5		0.270432
143.6		0.270432
143.7		0.270432
143.8		0.270432
143.9		0.270432
144		0.270432
144.1		0.272234
144.2		0.272234
144.3		0.272234
144.4		0.272234
144.5		0.272234
144.6		0.272234
144.7		0.272234
144.8		0.272234
144.9		0.272234
145		0.272234
145.1		0.272842
145.2		0.272842
145.3		0.272842
145.4		0.272842
145.5		0.272842
145.6		0.272842
145.7		0.272842
145.8		0.272842
145.9		0.272842
146		0.272842
146.1		0.27324
146.2		0.27324
146.3		0.27324
146.4		0.27324
146.5		0.27324
146.6		0.27324
146.7		0.27324
146.8		0.27324
146.9		0.27324
147		0.27324
147.1		0.274529
147.2		0.274529
147.3		0.274529
147.4		0.274529
147.5		0.274529
147.6		0.274529
147.7		0.274529
147.8		0.274529
147.9		0.274529
148		0.274529
148.1		0.281826
148.2		0.281826
148.3		0.281826
148.4		0.281826
148.5		0.281826
148.6		0.281826
148.7		0.281826
148.8		0.281826
148.9		0.281826
149		0.281826
149.1		0.283266
149.2		0.283266
149.3		0.283266
149.4		0.283266
149.5		0.283266
149.6		0.283266
149.7		0.283266
149.8		0.283266
149.9		0.283266
150		0.283266
150.1		0.283553
150.2		0.283553
150.3		0.283553
150.4		0.283553
150.5		0.283553
150.6		0.283553
150.7		0.283553
150.8		0.283553
150.9		0.283553
151		0.283553
151.1		0.285841
151.2		0.285841
151.3		0.285841
151.4		0.285841
151.5		0.285841
151.6		0.285841
151.7		0.285841
151.8		0.285841
151.9		0.285841
152		0.285841
152.1		0.28753
152.2		0.28753
152.3		0.28753
152.4		0.28753
152.5		0.28753
152.6		0.28753
152.7		0.28753
152.8		0.28753
152.9		0.28753
153		0.28753
153.1		0.289776
153.2		0.289776
153.3		0.289776
153.4		0.289776
153.5		0.289776
153.6		0.289776
153.7		0.289776
153.8		0.289776
153.9		0.289776
154		0.289776
154.1		0.293769
154.2		0.293769
154.3		0.293769
154.4		0.293769
154.5		0.293769
154.6		0.293769
154.7		0.293769
154.8		0.293769
154.9		0.293769
155		0.293769
155.1		0.294821
155.2		0.294821
155.3		0.294821
155.4		0.294821
155.5		0.294821
155.6		0.294821
155.7		0.294821
155.8		0.294821
155.9		0.294821
156		0.294821
156.1		0.297257
156.2		0.297257
156.3		0.297257
156.4		0.297257
156.5		0.297257
156.6		0.297257
156.7		0.297257
156.8		0.297257
156.9		0.297257
157		0.297257
157.1		0.297655
157.2		0.297655
157.3		0.297655
157.4		0.297655
157.5		0.297655
157.6		0.297655
157.7		0.297655
157.8		0.297655
157.9		0.297655
158		0.297655
158.1		0.298568
158.2		0.298568
158.3		0.298568
158.4		0.298568
158.5		0.298568
158.6		0.298568
158.7		0.298568
158.8		0.298568
158.9		0.298568
159		0.298568
159.1		0.298981
159.2		0.298981
159.3		0.298981
159.4		0.298981
159.5		0.298981
159.6		0.298981
159.7		0.298981
159.8		0.298981
159.9		0.298981
160		0.298981
160.1		0.304808
160.2		0.304808
160.3		0.304808
160.4		0.304808
160.5		0.304808
160.6		0.304808
160.7		0.304808
160.8		0.304808
160.9		0.304808
161		0.304808
161.1		0.308013
161.2		0.308013
161.3		0.308013
161.4		0.308013
161.5		0.308013
161.6		0.308013
161.7		0.308013
161.8		0.308013
161.9		0.308013
162		0.308013
162.1		0.308769
162.2		0.308769
162.3		0.308769
162.4		0.308769
162.5		0.308769
162.6		0.308769
162.7		0.308769
162.8		0.308769
162.9		0.308769
163		0.308769
163.1		0.308969
163.2		0.308969
163.3		0.308969
163.4		0.308969
163.5		0.308969
163.6		0.308969
163.7		0.308969
163.8		0.308969
163.9		0.308969
164		0.308969
164.1		0.313627
164.2		0.313627
164.3		0.313627
164.4		0.313627
164.5		0.313627
164.6		0.313627
164.7		0.313627
164.8		0.313627
164.9		0.313627
165		0.313627
165.1		0.31393
165.2		0.31393
165.3		0.31393
165.4		0.31393
165.5		0.31393
165.6		0.31393
165.7		0.31393
165.8		0.31393
165.9		0.31393
166		0.31393
166.1		0.315209
166.2		0.315209
166.3		0.315209
166.4		0.315209
166.5		0.315209
166.6		0.315209
166.7		0.315209
166.8		0.315209
166.9		0.315209
167		0.315209
167.1		0.319256
167.2		0.319256
167.3		0.319256
167.4		0.319256
167.5		0.319256
167.6		0.319256
167.7		0.319256
167.8		0.319256
167.9		0.319256
168		0.319256
168.1		0.320342
168.2		0.320342
168.3		0.320342
168.4		0.320342
168.5		0.320342
168.6		0.320342
168.7		0.320342
168.8		0.320342
168.9		0.320342
169		0.320342
169.1		0.323933
169.2		0.323933
169.3		0.323933
169.4		0.323933
169.5		0.323933
169.6		0.323933
169.7		0.323933
169.8		0.323933
169.9		0.323933
170		0.323933
170.1		0.324306
170.2		0.324306
170.3		0.324306
170.4		0.324306
170.5		0.324306
170.6		0.324306
170.7		0.324306
170.8		0.324306
170.9		0.324306
171		0.324306
171.1		0.326868
171.2		0.326868
171.3		0.326868
171.4		0.326868
171.5		0.326868
171.6		0.326868
171.7		0.326868
171.8		0.326868
171.9		0.326868
172		0.326868
172.1		0.329108
172.2		0.329108
172.3		0.329108
172.4		0.329108
172.5		0.329108
172.6		0.329108
172.7		0.329108
172.8		0.329108
172.9		0.329108
173		0.329108
173.1		0.331162
173.2		0.331162
173.3		0.331162
173.4		0.331162
173.5		0.331162
173.6		0.331162
173.7		0.331162
173.8		0.331162
173.9		0.331162
174		0.331162
174.1		0.334486
174.2		0.334486
174.3		0.334486
174.4		0.334486
174.5		0.334486
174.6		0.334486
174.7		0.334486
174.8		0.334486
174.9		0.334486
175		0.334486
175.1		0.335684
175.2		0.335684
175.3		0.335684
175.4		0.335684
175.5		0.335684
175.6		0.335684
175.7		0.335684
175.8		0.335684
175.9		0.335684
176		0.335684
176.1		0.336679
176.2		0.336679
176.3		0.336679
176.4		0.336679
176.5		0.336679
176.6		0.336679
176.7		0.336679
176.8		0.336679
176.9		0.336679
177		0.336679
177.1		0.339093
177.2		0.339093
177.3		0.339093
177.4		0.339093
177.5		0.339093
177.6		0.339093
177.7		0.339093
177.8		0.339093
177.9		0.339093
178		0.339093
178.1		0.339545
178.2		0.339545
178.3		0.339545
178.4		0.339545
178.5		0.339545
178.6		0.339545
178.7		0.339545
178.8		0.339545
178.9		0.339545
179		0.339545
179.1		0.343203
179.2		0.343203
179.3		0.343203
179.4		0.343203
179.5		0.343203
179.6		0.343203
179.7		0.343203
179.8		0.343203
179.9		0.343203
180		0.343203
180.1		0.344898
180.2		0.344898
180.3		0.344898
180.4		0.344898
180.5		0.344898
180.6		0.344898
180.7		0.344898
180.8		0.344898
180.9		0.344898
181		0.344898
181.1		0.346045
181.2		0.346045
181.3		0.346045
181.4		0.346045
181.5		0.346045
181.6		0.346045
181.7		0.346045
181.8		0.346045
181.9		0.346045
182		0.346045
182.1		0.349906
182.2		0.349906
182.3		0.349906
182.4		0.349906
182.5		0.349906
182.6		0.349906
182.7		0.349906
182.8		0.349906
182.9		0.349906
183		0.349906
183.1		0.351359
183.2		0.351359
183.3		0.351359
183.4		0.351359
183.5		0.351359
183.6		0.351359
183.7		0.351359
183.8		0.351359
183.9		0.351359
184		0.351359
184.1		0.351882
184.2		0.351882
184.3		0.351882
184.4		0.351882
184.5		0.351882
184.6		0.351882
184.7		0.351882
184.8		0.351882
184.9		0.351882
185		0.351882
185.1		0.354803
185.2		0.354803
185.3		0.354803
185.4		0.354803
185.5		0.354803
185.6		0.354803
185.7		0.354803
185.8		0.354803
185.9		0.354803
186		0.354803
186.1		0.358105
186.2		0.358105
186.3		0.358105
186.4		0.358105
186.5		0.358105
186.6		0.358105
186.7		0.358105
186.8		0.358105
186.9		0.358105
187		0.358105
187.1		0.362918
187.2		0.362918
187.3		0.362918
187.4		0.362918
187.5		0.362918
187.6		0.362918
187.7		0.362918
187.8		0.362918
187.9		0.362918
188		0.362918
188.1		0.363081
188.2		0.363081
188.3		0.363081
188.4		0.363081
188.5		0.363081
188.6		0.363081
188.7		0.363081
188.8		0.363081
188.9		0.363081
189		0.363081
189.1		0.363311
189.2		0.363311
189.3		0.363311
189.4		0.363311
189.5		0.363311
189.6		0.363311
189.7		0.363311
189.8		0.363311
189.9		0.363311
190		0.363311
190.1		0.367323
190.2		0.367323
190.3		0.367323
190.4		0.367323
190.5		0.367323
190.6		0.367323
190.7		0.367323
190.8		0.367323
190.9		0.367323
191		0.367323
191.1		0.36817
191.2		0.36817
191.3		0.36817
191.4		0.36817
191.5		0.36817
191.6		0.36817
191.7		0.36817
191.8		0.36817
191.9		0.36817
192		0.36817
192.1		0.370477
192.2		0.370477
192.3		0.370477
192.4		0.370477
192.5		0.370477
192.6		0.370477
192.7		0.370477
192.8		0.370477
192.9		0.370477
193		0.370477
193.1		0.374756
193.2		0.374756
193.3		0.374756
193.4		0.374756
193.5		0.374756
193.6		0.374756
193.7		0.374756
193.8		0.374756
193.9		0.374756
194		0.374756
194.1		0.375922
194.2		0.375922
194.3		0.375922
194.4		0.375922
194.5		0.375922
194.6		0.375922
194.7		0.375922
194.8		0.375922
194.9		0.375922
195		0.375922
195.1		0.377859
195.2		0.377859
195.3		0.377859
195.4		0.377859
195.5		0.377859
195.6		0.377859
195.7		0.377859
195.8		0.377859
195.9		0.377859
196		0.377859
196.1		0.380207
196.2		0.380207
196.3		0.380207
196.4		0.380207
196.5		0.380207
196.6		0.380207
196.7		0.380207
196.8		0.380207
196.9		0.380207
197		0.380207
197.1		0.380421
197.2		0.380421
197.3		0.380421
197.4		0.380421
197.5		0.380421
197.6		0.380421
197.7		0.380421
197.8		0.380421
197.9		0.380421
198		0.380421
198.1		0.380623
198.2		0.380623
198.3		0.380623
198.4		0.380623
198.5		0.380623
198.6		0.380623
198.7		0.380623
198.8		0.380623
198.9		0.380623
199		0.380623
199.1		0.386281
199.2		0.386281
199.3		0.386281
199.4		0.386281
199.5		0.386281
199.6		0.386281
199.7		0.386281
199.8		0.386281
199.9		0.386281
200		0.386281
200.1		0.386738
200.2		0.386738
200.3		0.386738
200.4		0.386738
200.5		0.386738
200.6		0.386738
200.7		0.386738
200.8		0.386738
200.9		0.386738
201		0.386738
201.1		0.388472
201.2		0.388472
201.3		0.388472
201.4		0.388472
201.5		0.388472
201.6		0.388472
201.7		0.388472
201.8		0.388472
201.9		0.388472
202		0.388472
202.1		0.390381
202.2		0.390381
202.3		0.390381
202.4		0.390381
202.5		0.390381
202.6		0.390381
202.7		0.390381
202.8		0.390381
202.9		0.390381
203		0.390381
203.1		0.391766
203.2		0.391766
203.3		0.391766
203.4		0.391766
203.5		0.391766
203.6		0.391766
203.7		0.391766
203.8		0.391766
203.9		0.391766
204		0.391766
204.1		0.397272
204.2		0.397272
204.3		0.397272
204.4		0.397272
204.5		0.397272
204.6		0.397272
204.7		0.397272
204.8		0.397272
204.9		0.397272
205		0.397272
205.1		0.39838
205.2		0.39838
205.3		0.39838
205.4		0.39838
205.5		0.39838
205.6		0.39838
205.7		0.39838
205.8		0.39838
205.9		0.39838
206		0.39838
206.1		0.399247
206.2		0.399247
206.3		0.399247
206.4		0.399247
206.5		0.399247
206.6		0.399247
206.7		0.399247
206.8		0.399247
206.9		0.399247
207		0.399247
207.1		0.399823
207.2		0.399823
207.3		0.399823
207.4		0.399823
207.5		0.399823
207.6		0.399823
207.7		0.399823
207.8		0.399823
207.9		0.399823
208		0.399823
208.1		0.404535
208.2		0.404535
208.3		0.404535
208.4		0.404535
208.5		0.404535
208.6		0.404535
208.7		0.404535
208.8		0.404535
208.9		0.404535
209		0.404535
209.1		0.406803
209.2		0.406803
209.3		0.406803
209.4		0.406803
209.5		0.406803
209.6		0.406803
209.7		0.406803
209.8		0.406803
209.9		0.406803
210		0.406803
210.1		0.407737
210.2		0.407737
210.3		0.407737
210.4		0.407737
210.5		0.407737
210.6		0.407737
210.7		0.407737
210.8		0.407737
210.9		0.407737
211		0.407737
211.1		0.409851
211.2		0.409851
211.3		0.409851
211.4		0.409851
211.5		0.409851
211.6		0.409851
211.7		0.409851
211.8		0.409851
211.9		0.409851
212		0.409851
212.1		0.414534
212.2		0.414534
212.3		0.414534
212.4		0.414534
212.5		0.414534
212.6		0.414534
212.7		0.414534
212.8		0.414534
212.9		0.414534
213		0.414534
213.1		0.414836
213.2		0.414836
213.3		0.414836
213.4		0.414836
213.5		0.414836
213.6		0.414836
213.7		0.414836
213.8		0.414836
213.9		0.414836
214		0.414836
214.1		0.416814
214.2		0.416814
214.3		0.416814
214.4		0.416814
214.5		0.416814
214.6		0.416814
214.7		0.416814
214.8		0.416814
214.9		0.416814
215		0.416814
215.1		0.417599
215.2		0.417599
215.3		0.417599
215.4		0.417599
215.5		0.417599
215.6		0.417599
215.7		0.417599
215.8		0.417599
215.9		0.417599
216		0.417599
216.1		0.421903
216.2		0.421903
216.3		0.421903
216.4		0.421903
216.5		0.421903
216.6		0.421903
216.7		0.421903
216.8		0.421903
216.9		0.421903
217		0.421903
217.1		0.424703
217.2		0.424703
217.3		0.424703
217.4		0.424703
217.5		0.424703
217.6		0.424703
217.7		0.424703
217.8		0.424703
217.9		0.424703
218		0.424703
218.1		0.425354
218.2		0.425354
218.3		0.425354
218.4		0.425354
218.5		0.425354
218.6		0.425354
218.7		0.425354
218.8		0.425354
218.9		0.425354
219		0.425354
219.1		0.426112
219.2		0.426112
219.3		0.426112
219.4		0.426112
219.5		0.426112
219.6		0.426112
219.7		0.426112
219.8		0.426112
219.9		0.426112
220		0.426112
220.1		0.430235
220.2		0.430235
220.3		0.430235
220.4		0.430235
220.5		0.430235
220.6		0.430235
220.7		0.430235
220.8		0.430235
220.9		0.430235
221		0.430235
221.1		0.432104
221.2		0.432104
221.3		0.432104
221.4		0.432104
221.5		0.432104
221.6		0.432104
221.7		0.432104
221.8		0.432104
221.9		0.432104
222		0.432104
222.1		0.432566
222.2		0.432566
222.3		0.432566
222.4		0.432566
222.5		0.432566
222.6		0.432566
222.7		0.432566
222.8		0.432566
222.9		0.432566
223		0.432566
223.1		0.434892
223.2		0.434892
223.3		0.434892
223.4		0.434892
223.5		0.434892
223.6		0.434892
223.7		0.434892
223.8		0.434892
223.9		0.434892
224		0.434892
224.1		0.43845
224.2		0.43845
224.3		0.43845
224.4		0.43845
224.5		0.43845
224.6		0.43845
224.7		0.43845
224.8		0.43845
224.9		0.43845
225		0.43845
225.1		0.439604
225.2		0.439604
225.3		0.439604
225.4		0.439604
225.5		0.439604
225.6		0.439604
225.7		0.439604
225.8		0.439604
225.9		0.439604
226		0.439604
226.1		0.440602
226.2		0.440602
226.3		0.440602
226.4		0.440602
226.5		0.440602
226.6		0.440602
226.7		0.440602
226.8		0.440602
226.9		0.440602
227		0.440602
227.1		0.442159
227.2		0.442159
227.3		0.442159
227.4		0.442159
227.5		0.442159
227.6		0.442159
227.7		0.442159
227.8		0.442159
227.9		0.442159
228		0.442159
228.1		0.445505
228.2		0.445505
228.3		0.445505
228.4		0.445505
228.5		0.445505
228.6		0.445505
228.7		0.445505
228.8		0.445505
228.9		0.445505
229		0.445505
229.1		0.447093
229.2		0.447093
229.3		0.447093
229.4		0.447093
229.5		0.447093
229.6		0.447093
229.7		0.447093
229.8		0.447093
229.9		0.447093
230		0.447093
230.1		0.44839
230.2		0.44839
230.3		0.44839
230.4		0.44839
230.5		0.44839
230.6		0.44839
230.7		0.44839
230.8		0.44839
230.9		0.44839
231		0.44839
231.1		0.452985
231.2		0.452985
231.3		0.452985
231.4		0.452985
231.5		0.452985
231.6		0.452985
231.7		0.452985
231.8		0.452985
231.9		0.452985
232		0.452985
232.1		0.453749
232.2		0.453749
232.3		0.453749
232.4		0.453749
232.5		0.453749
232.6		0.453749
232.7		0.453749
232.8		0.453749
232.9		0.453749
233		0.453749
233.1		0.457735
233.2		0.457735
233.3		0.457735
233.4		0.457735
233.5		0.457735
233.6		0.457735
233.7		0.457735
233.8		0.457735
233.9		0.457735
234		0.457735
234.1		0.458421
234.2		0.458421
234.3		0.458421
234.4		0.458421
234.5		0.458421
234.6		0.458421
234.7		0.458421
234.8		0.458421
234.9		0.458421
235		0.458421
235.1		0.459412
235.2		0.459412
235.3		0.459412
235.4		0.459412
235.5		0.459412
235.6		0.459412
235.7		0.459412
235.8		0.459412
235.9		0.459412
236		0.459412
236.1		0.460352
236.2		0.460352
236.3		0.460352
236.4		0.460352
236.5		0.460352
236.6		0.460352
236.7		0.460352
236.8		0.460352
236.9		0.460352
237		0.460352
237.1		0.463587
237.2		0.463587
237.3		0.463587
237.4		0.463587
237.5		0.463587
237.6		0.463587
237.7		0.463587
237.8		0.463587
237.9		0.463587
238		0.463587
238.1		0.46815
238.2		0.46815
238.3		0.46815
238.4		0.46815
238.5		0.46815
238.6		0.46815
238.7		0.46815
238.8		0.46815
238.9		0.46815
239		0.46815
239.1		0.469344
239.2		0.469344
239.3		0.469344
239.4		0.469344
239.5		0.469344
239.6		0.469344
239.7		0.469344
239.8		0.469344
239.9		0.469344
240		0.469344
240.1		0.470842
240.2		0.470842
240.3		0.470842
240.4		0.470842
240.5		0.470842
240.6		0.470842
240.7		0.470842
240.8		0.470842
240.9		0.470842
241		0.470842
241.1		0.471331
241.2		0.471331
241.3		0.471331
241.4		0.471331
241.5		0.471331
241.6		0.471331
241.7		0.471331
241.8		0.471331
241.9		0.471331
242		0.471331
242.1		0.475868
242.2		0.475868
242.3		0.475868
242.4		0.475868
242.5		0.475868
242.6		0.475868
242.7		0.475868
242.8		0.475868
242.9		0.475868
243		0.475868
243.1		0.478598
243.2		0.478598
243.3		0.478598
243.4		0.478598
243.5		0.478598
243.6		0.478598
243.7		0.478598
243.8		0.478598
243.9		0.478598
244		0.478598
244.1		0.479405
244.2		0.479405
244.3		0.479405
244.4		0.479405
244.5		0.479405
244.6		0.479405
244.7		0.479405
244.8		0.479405
244.9		0.479405
245		0.479405
245.1		0.479659
245.2		0.479659
245.3		0.479659
245.4		0.479659
245.5		0.479659
245.6		0.479659
245.7		0.479659
245.8		0.479659
245.9		0.479659
246		0.479659
246.1		0.482242
246.2		0.482242
246.3		0.482242
246.4		0.482242
246.5		0.482242
246.6		0.482242
246.7		0.482242
246.8		0.482242
246.9		0.482242
247		0.482242
247.1		0.484549
247.2		0.484549
247.3		0.484549
247.4		0.484549
247.5		0.484549
247.6		0.484549
247.7		0.484549
247.8		0.484549
247.9		0.484549
248		0.484549
248.1		0.485207
248.2		0.485207
248.3		0.485207
248.4		0.485207
248.5		0.485207
248.6		0.485207
248.7		0.485207
248.8		0.485207
248.9		0.485207
249		0.485207
249.1		0.486874
249.2		0.486874
249.3		0.486874
249.4		0.486874
249.5		0.486874
249.6		0.486874
249.7		0.486874
249.8		0.486874
249.9		0.486874
250		0.486874
250.1		0.491292
250.2		0.491292
250.3		0.491292
250.4		0.491292
250.5		0.491292
250.6		0.491292
250.7		0.491292
250.8		0.491292
250.9		0.491292
251		0.491292
251.1		0.494177
251.2		0.494177
251.3		0.494177
251.4		0.494177
251.5		0.494177
251.6		0.494177
251.7		0.494177
251.8		0.494177
251.9		0.494177
252		0.494177
252.1		0.494731
252.2		0.494731
252.3		0.494731
252.4		0.494731
252.5		0.494731
252.6		0.494731
252.7		0.494731
252.8		0.494731
252.9		0.494731
253		0.494731
253.1		0.494869
253.2		0.494869
253.3		0.494869
253.4		0.494869
253.5		0.494869
253.6		0.494869
253.7		0.494869
253.8		0.494869
253.9		0.494869
254		0.494869
254.1		0.499795
254.2		0.499795
254.3		0.499795
254.4		0.499795
254.5		0.499795
254.6		0.499795
254.7		0.499795
254.8		0.499795
254.9		0.499795
255		0.499795
255.1		0.50153
255.2		0.50153
255.3		0.50153
255.4		0.50153
255.5		0.50153
255.6		0.50153
255.7		0.50153
255.8		0.50153
255.9		0.50153
256		0.50153
256.1		0.504318
256.2		0.504318
256.3		0.504318
256.4		0.504318
256.5		0.504318
256.6		0.504318
256.7		0.504318
256.8		0.504318
256.9		0.504318
257		0.504318
257.1		0.50719
257.2		0.50719
257.3		0.50719
257.4		0.50719
257.5		0.50719
257.6		0.50719
257.7		0.50719
257.8		0.50719
257.9		0.50719
258		0.50719
258.1		0.509676
258.2		0.509676
258.3		0.509676
258.4		0.509676
258.5		0.509676
258.6		0.509676
258.7		0.509676
258.8		0.509676
258.9		0.509676
259		0.509676
259.1		0.510247
259.2		0.510247
259.3		0.510247
259.4		0.510247
259.5		0.510247
259.6		0.510247
259.7		0.510247
259.8		0.510247
259.9		0.510247
260		0.510247
260.1		0.512138
260.2		0.512138
260.3		0.512138
260.4		0.512138
260.5		0.512138
260.6		0.512138
260.7		0.512138
260.8		0.512138
260.9		0.512138
261		0.512138
261.1		0.515702
261.2		0.515702
261.3		0.515702
261.4		0.515702
261.5		0.515702
261.6		0.515702
261.7		0.515702
261.8		0.515702
261.9		0.515702
262		0.515702
262.1		0.516169
262.2		0.516169
262.3		0.516169
262.4		0.516169
262.5		0.516169
262.6		0.516169
262.7		0.516169
262.8		0.516169
262.9		0.516169
263		0.516169
263.1		0.520345
263.2		0.520345
263.3		0.520345
263.4		0.520345
263.5		0.520345
263.6		0.520345
263.7		0.520345
263.8		0.520345
263.9		0.520345
264		0.520345
264.1		0.521387
264.2		0.521387
264.3		0.521387
264.4		0.521387
264.5		0.521387
264.6		0.521387
264.7		0.521387
264.8		0.521387
264.9		0.521387
265		0.521387
265.1		0.522636
265.2		0.522636
265.3		0.522636
265.4		0.522636
265.5		0.522636
265.6		0.522636
265.7		0.522636
265.8		0.522636
265.9		0.522636
266		0.522636
266.1		0.523228
266.2		0.523228
266.3		0.523228
266.4		0.523228
266.5		0.523228
266.6		0.523228
266.7		0.523228
266.8		0.523228
266.9		0.523228
267		0.523228
267.1		0.527473
267.2		0.527473
267.3		0.527473
267.4		0.527473
267.5		0.527473
267.6		0.527473
267.7		0.527473
267.8		0.527473
267.9		0.527473
268		0.527473
268.1		0.530416
268.2		0.530416
268.3		0.530416
268.4		0.530416
268.5		0.530416
268.6		0.530416
268.7		0.530416
268.8		0.530416
268.9		0.530416
269		0.530416
269.1		0.531372
269.2		0.531372
269.3		0.531372
269.4		0.531372
269.5		0.531372
269.6		0.531372
269.7		0.531372
269.8		0.531372
269.9		0.531372
270		0.531372
270.1		0.533243
270.2		0.533243
270.3		0.533243
270.4		0.533243
270.5		0.533243
270.6		0.533243
270.7		0.533243
270.8		0.533243
270.9		0.533243
271		0.533243
271.1		0.533606
271.2		0.533606
271.3		0.533606
271.4		0.533606
271.5		0.533606
271.6		0.533606
271.7		0.533606
271.8		0.533606
271.9		0.533606
272		0.533606
272.1		0.538127
272.2		0.538127
272.3		0.538127
272.4		0.538127
272.5		0.538127
272.6		0.538127
272.7		0.538127
272.8		0.538127
272.9		0.538127
273		0.538127
273.1		0.538392
273.2		0.538392
273.3		0.538392
273.4		0.538392
273.5		0.538392
273.6		0.538392
273.7		0.538392
273.8		0.538392
273.9		0.538392
274		0.538392
274.1		0.539228
274.2		0.539228
274.3		0.539228
274.4		0.539228
274.5		0.539228
274.6		0.539228
274.7		0.539228
274.8		0.539228
274.9		0.539228
275		0.539228
275.1		0.541253
275.2		0.541253
275.3		0.541253
275.4		0.541253
275.5		0.541253
275.6		0.541253
275.7		0.541253
275.8		0.541253
275.9		0.541253
276		0.541253
276.1		0.547115
276.2		0.547115
276.3		0.547115
276.4		0.547115
276.5		0.547115
276.6		0.547115
276.7		0.547115
276.8		0.547115
276.9		0.547115
277		0.547115
277.1		0.547587
277.2		0.547587
277.3		0.547587
277.4		0.547587
277.5		0.547587
277.6		0.547587
277.7		0.547587
277.8		0.547587
277.9		0.547587
278		0.547587
278.1		0.548627
278.2		0.548627
278.3		0.548627
278.4		0.548627
278.5		0.548627
278.6		0.548627
278.7		0.548627
278.8		0.548627
278.9		0.548627
279		0.548627
279.1		0.549617
279.2		0.549617
279.3		0.549617
279.4		0.549617
279.5		0.549617
279.6		0.549617
279.7		0.549617
279.8		0.549617
279.9		0.549617
280		0.549617
280.1		0.556171
280.2		0.556171
280.3		0.556171
280.4		0.556171
280.5		0.556171
280.6		0.556171
280.7		0.556171
280.8		0.556171
280.9		0.556171
281		0.556171
281.1		0.556425
281.2		0.556425
281.3		0.556425
281.4		0.556425
281.5		0.556425
281.6		0.556425
281.7		0.556425
281.8		0.556425
281.9		0.556425
282		0.556425
282.1		0.55672
282.2		0.55672
282.3		0.55672
282.4		0.55672
282.5		0.55672
282.6		0.55672
282.7		0.55672
282.8		0.55672
282.9		0.55672
283		0.55672
283.1		0.560534
283.2		0.560534
283.3		0.560534
283.4		0.560534
283.5		0.560534
283.6		0.560534
283.7		0.560534
283.8		0.560534
283.9		0.560534
284		0.560534
284.1		0.564187
284.2		0.564187
284.3		0.564187
284.4		0.564187
284.5		0.564187
284.6		0.564187
284.7		0.564187
284.8		0.564187
284.9		0.564187
285		0.564187
285.1		0.565273
285.2		0.565273
285.3		0.565273
285.4		0.565273
285.5		0.565273
285.6		0.565273
285.7		0.565273
285.8		0.565273
285.9		0.565273
286		0.565273
286.1		0.566161
286.2		0.566161
286.3		0.566161
286.4		0.566161
286.5		0.566161
286.6		0.566161
286.7		0.566161
286.8		0.566161
286.9		0.566161
287		0.566161
287.1		0.572226
287.2		0.572226
287.3		0.572226
287.4		0.572226
287.5		0.572226
287.6		0.572226
287.7		0.572226
287.8		0.572226
287.9		0.572226
288		0.572226
288.1		0.575117
288.2		0.575117
288.3		0.575117
288.4		0.575117
288.5		0.575117
288.6		0.575117
288.7		0.575117
288.8		0.575117
288.9		0.575117
289		0.575117
289.1		0.576324
289.2		0.576324
289.3		0.576324
289.4		0.576324
289.5		0.576324
289.6		0.576324
289.7		0.576324
289.8		0.576324
289.9		0.576324
290		0.576324
290.1		0.576826
290.2		0.576826
290.3		0.576826
290.4		0.576826
290.5		0.576826
290.6		0.576826
290.7		0.576826
290.8		0.576826
290.9		0.576826
291		0.576826
291.1		0.584244
291.2		0.584244
291.3		0.584244
291.4		0.584244
291.5		0.584244
291.6		0.584244
291.7		0.584244
291.8		0.584244
291.9		0.584244
292		0.584244
292.1		0.584553
292.2		0.584553
292.3		0.584553
292.4		0.584553
292.5		0.584553
292.6		0.584553
292.7		0.584553
292.8		0.584553
292.9		0.584553
293		0.584553
293.1		0.585246
293.2		0.585246
293.3		0.585246
293.4		0.585246
293.5		0.585246
293.6		0.585246
293.7		0.585246
293.8		0.585246
293.9		0.585246
294		0.585246
294.1		0.586031
294.2		0.586031
294.3		0.586031
294.4		0.586031
294.5		0.586031
294.6		0.586031
294.7		0.586031
294.8		0.586031
294.9		0.586031
295		0.586031
295.1		0.586352
295.2		0.586352
295.3		0.586352
295.4		0.586352
295.5		0.586352
295.6		0.586352
295.7		0.586352
295.8		0.586352
295.9		0.586352
296		0.586352
296.1		0.592321
296.2		0.592321
296.3		0.592321
296.4		0.592321
296.5		0.592321
296.6		0.592321
296.7		0.592321
296.8		0.592321
296.9		0.592321
297		0.592321
297.1		0.593802
297.2		0.593802
297.3		0.593802
297.4		0.593802
297.5		0.593802
297.6		0.593802
297.7		0.593802
297.8		0.593802
297.9		0.593802
298		0.593802
298.1		0.594151
298.2		0.594151
298.3		0.594151
298.4		0.594151
298.5		0.594151
298.6		0.594151
298.7		0.594151
298.8		0.594151
298.9		0.594151
299		0.594151
299.1		0.601025
299.2		0.601025
299.3		0.601025
299.4		0.601025
299.5		0.601025
299.6		0.601025
299.7		0.601025
299.8		0.601025
299.9		0.601025
300		0.601025
300.1		0.602625
300.2		0.602625
300.3		0.602625
300.4		0.602625
300.5		0.602625
300.6		0.602625
300.7		0.602625
300.8		0.602625
300.9		0.602625
301		0.602625
301.1		0.603516
301.2		0.603516
301.3		0.603516
301.4		0.603516
301.5		0.603516
301.6		0.603516
301.7		0.603516
301.8		0.603516
301.9		0.603516
302		0.603516
302.1		0.607874
302.2		0.607874
302.3		0.607874
302.4		0.607874
302.5		0.607874
302.6		0.607874
302.7		0.607874
302.8		0.607874
302.9		0.607874
303		0.607874
303.1		0.610287
303.2		0.610287
303.3		0.610287
303.4		0.610287
303.5		0.610287
303.6		0.610287
303.7		0.610287
303.8		0.610287
303.9		0.610287
304		0.610287
304.1		0.612141
304.2		0.612141
304.3		0.612141
304.4		0.612141
304.5		0.612141
304.6		0.612141
304.7		0.612141
304.8		0.612141
304.9		0.612141
305		0.612141
305.1		0.615603
305.2		0.615603
305.3		0.615603
305.4		0.615603
305.5		0.615603
305.6		0.615603
305.7		0.615603
305.8		0.615603
305.9		0.615603
306		0.615603
306.1		0.617862
306.2		0.617862
306.3		0.617862
306.4		0.617862
306.5		0.617862
306.6		0.617862
306.7		0.617862
306.8		0.617862
306.9		0.617862
307		0.617862
307.1		0.618956
307.2		0.618956
307.3		0.618956
307.4		0.618956
307.5		0.618956
307.6		0.618956
307.7		0.618956
307.8		0.618956
307.9		0.618956
308		0.618956
308.1		0.620013
308.2		0.620013
308.3		0.620013
308.4		0.620013
308.5		0.620013
308.6		0.620013
308.7		0.620013
308.8		0.620013
308.9		0.620013
309		0.620013
309.1		0.621911
309.2		0.621911
309.3		0.621911
309.4		0.621911
309.5		0.621911
309.6		0.621911
309.7		0.621911
309.8		0.621911
309.9		0.621911
310		0.621911
310.1		0.626973
310.2		0.626973
310.3		0.626973
310.4		0.626973
310.5		0.626973
310.6		0.626973
310.7		0.626973
310.8		0.626973
310.9		0.626973
311		0.626973
311.1		0.627321
311.2		0.627321
311.3		0.627321
311.4		0.627321
311.5		0.627321
311.6		0.627321
311.7		0.627321
311.8		0.627321
311.9		0.627321
312		0.627321
312.1		0.628975
312.2		0.628975
312.3		0.628975
312.4		0.628975
312.5		0.628975
312.6		0.628975
312.7		0.628975
312.8		0.628975
312.9		0.628975
313		0.628975
313.1		0.629332
313.2		0.629332
313.3		0.629332
313.4		0.629332
313.5		0.629332
313.6		0.629332
313.7		0.629332
313.8		0.629332
313.9		0.629332
314		0.629332
314.1		0.634518
314.2		0.634518
314.3		0.634518
314.4		0.634518
314.5		0.634518
314.6		0.634518
314.7		0.634518
314.8		0.634518
314.9		0.634518
315		0.634518
315.1		0.636299
315.2		0.636299
315.3		0.636299
315.4		0.636299
315.5		0.636299
315.6		0.636299
315.7		0.636299
315.8		0.636299
315.9		0.636299
316		0.636299
316.1		0.637973
316.2		0.637973
316.3		0.637973
316.4		0.637973
316.5		0.637973
316.6		0.637973
316.7		0.637973
316.8		0.637973
316.9		0.637973
317		0.637973
317.1		0.639509
317.2		0.639509
317.3		0.639509
317.4		0.639509
317.5		0.639509
317.6		0.639509
317.7		0.639509
317.8		0.639509
317.9		0.639509
318		0.639509
318.1		0.64363
318.2		0.64363
318.3		0.64363
318.4		0.64363
318.5		0.64363
318.6		0.64363
318.7		0.64363
318.8		0.64363
318.9		0.64363
319		0.64363
319.1		0.644374
319.2		0.644374
319.3		0.644374
319.4		0.644374
319.5		0.644374
319.6		0.644374
319.7		0.644374
319.8		0.644374
319.9		0.644374
320		0.644374
320.1		0.644662
320.2		0.644662
320.3		0.644662
320.4		0.644662
320.5		0.644662
320.6		0.644662
320.7		0.644662
320.8		0.644662
320.9		0.644662
321		0.644662
321.1		0.646837
321.2		0.646837
321.3		0.646837
321.4		0.646837
321.5		0.646837
321.6		0.646837
321.7		0.646837
321.8		0.646837
321.9		0.646837
322		0.646837
322.1		0.650644
322.2		0.650644
322.3		0.650644
322.4		0.650644
322.5		0.650644
322.6		0.650644
322.7		0.650644
322.8		0.650644
322.9		0.650644
323		0.650644
323.1		0.652465
323.2		0.652465
323.3		0.652465
323.4		0.652465
323.5		0.652465
323.6		0.652465
323.7		0.652465
323.8		0.652465
323.9		0.652465
324		0.652465
324.1		0.654185
324.2		0.654185
324.3		0.654185
324.4		0.654185
324.5		0.654185
324.6		0.654185
324.7		0.654185
324.8		0.654185
324.9		0.654185
325		0.654185
325.1		0.655825
325.2		0.655825
325.3		0.655825
325.4		0.655825
325.5		0.655825
325.6		0.655825
325.7		0.655825
325.8		0.655825
325.9		0.655825
326		0.655825
326.1		0.658768
326.2		0.658768
326.3		0.658768
326.4		0.658768
326.5		0.658768
326.6		0.658768
326.7		0.658768
326.8		0.658768
326.9		0.658768
327		0.658768
327.1		0.659289
327.2		0.659289
327.3		0.659289
327.4		0.659289
327.5		0.659289
327.6		0.659289
327.7		0.659289
327.8		0.659289
327.9		0.659289
328		0.659289
328.1		0.660641
328.2		0.660641
328.3		0.660641
328.4		0.660641
328.5		0.660641
328.6		0.660641
328.7		0.660641
328.8		0.660641
328.9		0.660641
329		0.660641
329.1		0.663863
329.2		0.663863
329.3		0.663863
329.4		0.663863
329.5		0.663863
329.6		0.663863
329.7		0.663863
329.8		0.663863
329.9		0.663863
330		0.663863
330.1		0.665668
330.2		0.665668
330.3		0.665668
330.4		0.665668
330.5		0.665668
330.6		0.665668
330.7		0.665668
330.8		0.665668
330.9		0.665668
331		0.665668
331.1		0.669132
331.2		0.669132
331.3		0.669132
331.4		0.669132
331.5		0.669132
331.6		0.669132
331.7		0.669132
331.8		0.669132
331.9		0.669132
332		0.669132
332.1		0.670747
332.2		0.670747
332.3		0.670747
332.4		0.670747
332.5		0.670747
332.6		0.670747
332.7		0.670747
332.8		0.670747
332.9		0.670747
333		0.670747
333.1		0.671687
333.2		0.671687
333.3		0.671687
333.4		0.671687
333.5		0.671687
333.6		0.671687
333.7		0.671687
333.8		0.671687
333.9		0.671687
334		0.671687
334.1		0.673763
334.2		0.673763
334.3		0.673763
334.4		0.673763
334.5		0.673763
334.6		0.673763
334.7		0.673763
334.8		0.673763
334.9		0.673763
335		0.673763
335.1		0.676643
335.2		0.676643
335.3		0.676643
335.4		0.676643
335.5		0.676643
335.6		0.676643
335.7		0.676643
335.8		0.676643
335.9		0.676643
336		0.676643
336.1		0.681738
336.2		0.681738
336.3		0.681738
336.4		0.681738
336.5		0.681738
336.6		0.681738
336.7		0.681738
336.8		0.681738
336.9		0.681738
337		0.681738
337.1		0.683165
337.2		0.683165
337.3		0.683165
337.4		0.683165
337.5		0.683165
337.6		0.683165
337.7		0.683165
337.8		0.683165
337.9		0.683165
338		0.683165
338.1		0.686423
338.2		0.686423
338.3		0.686423
338.4		0.686423
338.5		0.686423
338.6		0.686423
338.7		0.686423
338.8		0.686423
338.9		0.686423
339		0.686423
339.1		0.688447
339.2		0.688447
339.3		0.688447
339.4		0.688447
339.5		0.688447
339.6		0.688447
339.7		0.688447
339.8		0.688447
339.9		0.688447
340		0.688447
340.1		0.692552
340.2		0.692552
340.3		0.692552
340.4		0.692552
340.5		0.692552
340.6		0.692552
340.7		0.692552
340.8		0.692552
340.9		0.692552
341		0.692552
341.1		0.692875
341.2		0.692875
341.3		0.692875
341.4		0.692875
341.5		0.692875
341.6		0.692875
341.7		0.692875
341.8		0.692875
341.9		0.692875
342		0.692875
342.1		0.697401
342.2		0.697401
342.3		0.697401
342.4		0.697401
342.5		0.697401
342.6		0.697401
342.7		0.697401
342.8		0.697401
342.9		0.697401
343		0.697401
343.1		0.697785
343.2		0.697785
343.3		0.697785
343.4		0.697785
343.5		0.697785
343.6		0.697785
343.7		0.697785
343.8		0.697785
343.9		0.697785
344		0.697785
344.1		0.700165
344.2		0.700165
344.3		0.700165
344.4		0.700165
344.5		0.700165
344.6		0.700165
344.7		0.700165
344.8		0.700165
344.9		0.700165
345		0.700165
345.1		0.704188
345.2		0.704188
345.3		0.704188
345.4		0.704188
345.5		0.704188
345.6		0.704188
345.7		0.704188
345.8		0.704188
345.9		0.704188
346		0.704188
346.1		0.704466
346.2		0.704466
346.3		0.704466
346.4		0.704466
346.5		0.704466
346.6		0.704466
346.7		0.704466
346.8		0.704466
346.9		0.704466
347		0.704466
347.1		0.70451
347.2		0.70451
347.3		0.70451
347.4		0.70451
347.5		0.70451
347.6		0.70451
347.7		0.70451
347.8		0.70451
347.9		0.70451
348		0.70451
348.1		0.706599
348.2		0.706599
348.3		0.706599
348.4		0.706599
348.5		0.706599
348.6		0.706599
348.7		0.706599
348.8		0.706599
348.9		0.706599
349		0.706599
349.1		0.707289
349.2		0.707289
349.3		0.707289
349.4		0.707289
349.5		0.707289
349.6		0.707289
349.7		0.707289
349.8		0.707289
349.9		0.707289
350		0.707289
350.1		0.712515
350.2		0.712515
350.3		0.712515
350.4		0.712515
350.5		0.712515
350.6		0.712515
350.7		0.712515
350.8		0.712515
350.9		0.712515
351		0.712515
351.1		0.713086
351.2		0.713086
351.3		0.713086
351.4		0.713086
351.5		0.713086
351.6		0.713086
351.7		0.713086
351.8		0.713086
351.9		0.713086
352		0.713086
352.1		0.716292
352.2		0.716292
352.3		0.716292
352.4		0.716292
352.5		0.716292
352.6		0.716292
352.7		0.716292
352.8		0.716292
352.9		0.716292
353		0.716292
353.1		0.720053
353.2		0.720053
353.3		0.720053
353.4		0.720053
353.5		0.720053
353.6		0.720053
353.7		0.720053
353.8		0.720053
353.9		0.720053
354		0.720053
354.1		0.72461
354.2		0.72461
354.3		0.72461
354.4		0.72461
354.5		0.72461
354.6		0.72461
354.7		0.72461
354.8		0.72461
354.9		0.72461
355		0.72461
355.1		0.725155
355.2		0.725155
355.3		0.725155
355.4		0.725155
355.5		0.725155
355.6		0.725155
355.7		0.725155
355.8		0.725155
355.9		0.725155
356		0.725155
356.1		0.727034
356.2		0.727034
356.3		0.727034
356.4		0.727034
356.5		0.727034
356.6		0.727034
356.7		0.727034
356.8		0.727034
356.9		0.727034
357		0.727034
357.1		0.733534
357.2		0.733534
357.3		0.733534
357.4		0.733534
357.5		0.733534
357.6		0.733534
357.7		0.733534
357.8		0.733534
357.9		0.733534
358		0.733534
358.1		0.73544
358.2		0.73544
358.3		0.73544
358.4		0.73544
358.5		0.73544
358.6		0.73544
358.7		0.73544
358.8		0.73544
358.9		0.73544
359		0.73544
359.1		0.736653
359.2		0.736653
359.3		0.736653
359.4		0.736653
359.5		0.736653
359.6		0.736653
359.7		0.736653
359.8		0.736653
359.9		0.736653
360		0.736653
360.1		0.737305
360.2		0.737305
360.3		0.737305
360.4		0.737305
360.5		0.737305
360.6		0.737305
360.7		0.737305
360.8		0.737305
360.9		0.737305
361		0.737305
361.1		0.739224
361.2		0.739224
361.3		0.739224
361.4		0.739224
361.5		0.739224
361.6		0.739224
361.7		0.739224
361.8		0.739224
361.9		0.739224
362		0.739224
362.1		0.744295
362.2		0.744295
362.3		0.744295
362.4		0.744295
362.5		0.744295
362.6		0.744295
362.7		0.744295
362.8		0.744295
362.9		0.744295
363		0.744295
363.1		0.744551
363.2		0.744551
363.3		0.744551
363.4		0.744551
363.5		0.744551
363.6		0.744551
363.7		0.744551
363.8		0.744551
363.9		0.744551
364		0.744551
364.1		0.744946
364.2		0.744946
364.3		0.744946
364.4		0.744946
364.5		0.744946
364.6		0.744946
364.7		0.744946
364.8		0.744946
364.9		0.744946
365		0.744946
365.1		0.747698
365.2		0.747698
365.3		0.747698
365.4		0.747698
365.5		0.747698
365.6		0.747698
365.7		0.747698
365.8		0.747698
365.9		0.747698
366		0.747698
366.1		0.750998
366.2		0.750998
366.3		0.750998
366.4		0.750998
366.5		0.750998
366.6		0.750998
366.7		0.750998
366.8		0.750998
366.9		0.750998
367		0.750998
367.1		0.75418
367.2		0.75418
367.3		0.75418
367.4		0.75418
367.5		0.75418
367.6		0.75418
367.7		0.75418
367.8		0.75418
367.9		0.75418
368		0.75418
368.1		0.754455
368.2		0.754455
368.3		0.754455
368.4		0.754455
368.5		0.754455
368.6		0.754455
368.7		0.754455
368.8		0.754455
368.9		0.754455
369		0.754455
369.1		0.755836
369.2		0.755836
369.3		0.755836
369.4		0.755836
369.5		0.755836
369.6		0.755836
369.7		0.755836
369.8		0.755836
369.9		0.755836
370		0.755836
370.1		0.75797
370.2		0.75797
370.3		0.75797
370.4		0.75797
370.5		0.75797
370.6		0.75797
370.7		0.75797
370.8		0.75797
370.9		0.75797
371		0.75797
371.1		0.761768
371.2		0.761768
371.3		0.761768
371.4		0.761768
371.5		0.761768
371.6		0.761768
371.7		0.761768
371.8		0.761768
371.9		0.761768
372		0.761768
372.1		0.762386
372.2		0.762386
372.3		0.762386
372.4		0.762386
372.5		0.762386
372.6		0.762386
372.7		0.762386
372.8		0.762386
372.9		0.762386
373		0.762386
373.1		0.767017
373.2		0.767017
373.3		0.767017
373.4		0.767017
373.5		0.767017
373.6		0.767017
373.7		0.767017
373.8		0.767017
373.9		0.767017
374		0.767017
374.1		0.767597
374.2		0.767597
374.3		0.767597
374.4		0.767597
374.5		0.767597
374.6		0.767597
374.7		0.767597
374.8		0.767597
374.9		0.767597
375		0.767597
375.1		0.768032
375.2		0.768032
375.3		0.768032
375.4		0.768032
375.5		0.768032
375.6		0.768032
375.7		0.768032
375.8		0.768032
375.9		0.768032
376		0.768032
376.1		0.772077
376.2		0.772077
376.3		0.772077
376.4		0.772077
376.5		0.772077
376.6		0.772077
376.7		0.772077
376.8		0.772077
376.9		0.772077
377		0.772077
377.1		0.772926
377.2		0.772926
377.3		0.772926
377.4		0.772926
377.5		0.772926
377.6		0.772926
377.7		0.772926
377.8		0.772926
377.9		0.772926
378		0.772926
378.1		0.773224
378.2		0.773224
378.3		0.773224
378.4		0.773224
378.5		0.773224
378.6		0.773224
378.7		0.773224
378.8		0.773224
378.9		0.773224
379		0.773224
379.1		0.77952
379.2		0.77952
379.3		0.77952
379.4		0.77952
379.5		0.77952
379.6		0.77952
379.7		0.77952
379.8		0.77952
379.9		0.77952
380		0.77952
380.1		0.779929
380.2		0.779929
380.3		0.779929
380.4		0.779929
380.5		0.779929
380.6		0.779929
380.7		0.779929
380.8		0.779929
380.9		0.779929
381		0.779929
381.1		0.782799
381.2		0.782799
381.3		0.782799
381.4		0.782799
381.5		0.782799
381.6		0.782799
381.7		0.782799
381.8		0.782799
381.9		0.782799
382		0.782799
382.1		0.783094
382.2		0.783094
382.3		0.783094
382.4		0.783094
382.5		0.783094
382.6		0.783094
382.7		0.783094
382.8		0.783094
382.9		0.783094
383		0.783094
383.1		0.783346
383.2		0.783346
383.3		0.783346
383.4		0.783346
383.5		0.783346
383.6		0.783346
383.7		0.783346
383.8		0.783346
383.9		0.783346
384		0.783346
384.1		0.789227
384.2		0.789227
384.3		0.789227
384.4		0.789227
384.5		0.789227
384.6		0.789227
384.7		0.789227
384.8		0.789227
384.9		0.789227
385		0.789227
385.1		0.789947
385.2		0.789947
385.3		0.789947
385.4		0.789947
385.5		0.789947
385.6		0.789947
385.7		0.789947
385.8		0.789947
385.9		0.789947
386		0.789947
386.1		0.791447
386.2		0.791447
386.3		0.791447
386.4		0.791447
386.5		0.791447
386.6		0.791447
386.7		0.791447
386.8		0.791447
386.9		0.791447
387		0.791447
387.1		0.794167
387.2		0.794167
387.3		0.794167
387.4		0.794167
387.5		0.794167
387.6		0.794167
387.7		0.794167
387.8		0.794167
387.9		0.794167
388		0.794167
388.1		0.796479
388.2		0.796479
388.3		0.796479
388.4		0.796479
388.5		0.796479
388.6		0.796479
388.7		0.796479
388.8		0.796479
388.9		0.796479
389		0.796479
389.1		0.797909
389.2		0.797909
389.3		0.797909
389.4		0.797909
389.5		0.797909
389.6		0.797909
389.7		0.797909
389.8		0.797909
389.9		0.797909
390		0.797909
390.1		0.798573
390.2		0.798573
390.3		0.798573
390.4		0.798573
390.5		0.798573
390.6		0.798573
390.7		0.798573
390.8		0.798573
390.9		0.798573
391		0.798573
391.1		0.801019
391.2		0.801019
391.3		0.801019
391.4		0.801019
391.5		0.801019
391.6		0.801019
391.7		0.801019
391.8		0.801019
391.9		0.801019
392		0.801019
392.1		0.805719
392.2		0.805719
392.3		0.805719
392.4		0.805719
392.5		0.805719
392.6		0.805719
392.7		0.805719
392.8		0.805719
392.9		0.805719
393		0.805719
393.1		0.807639
393.2		0.807639
393.3		0.807639
393.4		0.807639
393.5		0.807639
393.6		0.807639
393.7		0.807639
393.8		0.807639
393.9		0.807639
394		0.807639
394.1		0.808573
394.2		0.808573
394.3		0.808573
394.4		0.808573
394.5		0.808573
394.6		0.808573
394.7		0.808573
394.8		0.808573
394.9		0.808573
395		0.808573
395.1		0.808756
395.2		0.808756
395.3		0.808756
395.4		0.808756
395.5		0.808756
395.6		0.808756
395.7		0.808756
395.8		0.808756
395.9		0.808756
396		0.808756
396.1		0.812773
396.2		0.812773
396.3		0.812773
396.4		0.812773
396.5		0.812773
396.6		0.812773
396.7		0.812773
396.8		0.812773
396.9		0.812773
397		0.812773
397.1		0.81601
397.2		0.81601
397.3		0.81601
397.4		0.81601
397.5		0.81601
397.6		0.81601
397.7		0.81601
397.8		0.81601
397.9		0.81601
398		0.81601
398.1		0.81807
398.2		0.81807
398.3		0.81807
398.4		0.81807
398.5		0.81807
398.6		0.81807
398.7		0.81807
398.8		0.81807
398.9		0.81807
399		0.81807
399.1		0.819921
399.2		0.819921
399.3		0.819921
399.4		0.819921
399.5		0.819921
399.6		0.819921
399.7		0.819921
399.8		0.819921
399.9		0.819921
400		0.819921
400.1		0.82142
400.2		0.82142
400.3		0.82142
400.4		0.82142
400.5		0.82142
400.6		0.82142
400.7		0.82142
400.8		0.82142
400.9		0.82142
401		0.82142
401.1		0.824072
401.2		0.824072
401.3		0.824072
401.4		0.824072
401.5		0.824072
401.6		0.824072
401.7		0.824072
401.8		0.824072
401.9		0.824072
402		0.824072
402.1		0.824955
402.2		0.824955
402.3		0.824955
402.4		0.824955
402.5		0.824955
402.6		0.824955
402.7		0.824955
402.8		0.824955
402.9		0.824955
403		0.824955
403.1		0.826726
403.2		0.826726
403.3		0.826726
403.4		0.826726
403.5		0.826726
403.6		0.826726
403.7		0.826726
403.8		0.826726
403.9		0.826726
404		0.826726
404.1		0.828327
404.2		0.828327
404.3		0.828327
404.4		0.828327
404.5		0.828327
404.6		0.828327
404.7		0.828327
404.8		0.828327
404.9		0.828327
405		0.828327
405.1		0.831578
405.2		0.831578
405.3		0.831578
405.4		0.831578
405.5		0.831578
405.6		0.831578
405.7		0.831578
405.8		0.831578
405.9		0.831578
406		0.831578
406.1		0.83415
406.2		0.83415
406.3		0.83415
406.4		0.83415
406.5		0.83415
406.6		0.83415
406.7		0.83415
406.8		0.83415
406.9		0.83415
407		0.83415
407.1		0.834529
407.2		0.834529
407.3		0.834529
407.4		0.834529
407.5		0.834529
407.6		0.834529
407.7		0.834529
407.8		0.834529
407.9		0.834529
408		0.834529
408.1		0.836807
408.2		0.836807
408.3		0.836807
408.4		0.836807
408.5		0.836807
408.6		0.836807
408.7		0.836807
408.8		0.836807
408.9		0.836807
409		0.836807
409.1		0.837706
409.2		0.837706
409.3		0.837706
409.4		0.837706
409.5		0.837706
409.6		0.837706
409.7		0.837706
409.8		0.837706
409.9		0.837706
410		0.837706
410.1		0.84099
410.2		0.84099
410.3		0.84099
410.4		0.84099
410.5		0.84099
410.6		0.84099
410.7		0.84099
410.8		0.84099
410.9		0.84099
411		0.84099
411.1		0.84301
411.2		0.84301
411.3		0.84301
411.4		0.84301
411.5		0.84301
411.6		0.84301
411.7		0.84301
411.8		0.84301
411.9		0.84301
412		0.84301
412.1		0.844973
412.2		0.844973
412.3		0.844973
412.4		0.844973
412.5		0.844973
412.6		0.844973
412.7		0.844973
412.8		0.844973
412.9		0.844973
413		0.844973
413.1		0.84598
413.2		0.84598
413.3		0.84598
413.4		0.84598
413.5		0.84598
413.6		0.84598
413.7		0.84598
413.8		0.84598
413.9		0.84598
414		0.84598
414.1		0.851079
414.2		0.851079
414.3		0.851079
414.4		0.851079
414.5		0.851079
414.6		0.851079
414.7		0.851079
414.8		0.851079
414.9		0.851079
415		0.851079
415.1		0.851605
415.2		0.851605
415.3		0.851605
415.4		0.851605
415.5		0.851605
415.6		0.851605
415.7		0.851605
415.8		0.851605
415.9		0.851605
416		0.851605
416.1		0.853794
416.2		0.853794
416.3		0.853794
416.4		0.853794
416.5		0.853794
416.6		0.853794
416.7		0.853794
416.8		0.853794
416.9		0.853794
417		0.853794
417.1		0.854831
417.2		0.854831
417.3		0.854831
417.4		0.854831
417.5		0.854831
417.6		0.854831
417.7		0.854831
417.8		0.854831
417.9		0.854831
418		0.854831
418.1		0.858038
418.2		0.858038
418.3		0.858038
418.4		0.858038
418.5		0.858038
418.6		0.858038
418.7		0.858038
418.8		0.858038
418.9		0.858038
419		0.858038
419.1		0.860463
419.2		0.860463
419.3		0.860463
419.4		0.860463
419.5		0.860463
419.6		0.860463
419.7		0.860463
419.8		0.860463
419.9		0.860463
420		0.860463
420.1		0.861127
420.2		0.861127
420.3		0.861127
420.4		0.861127
420.5		0.861127
420.6		0.861127
420.7		0.861127
420.8		0.861127
420.9		0.861127
421		0.861127
421.1		0.862115
421.2		0.862115
421.3		0.862115
421.4		0.862115
421.5		0.862115
421.6		0.862115
421.7		0.862115
421.8		0.862115
421.9		0.862115
422		0.862115
422.1		0.866574
422.2		0.866574
422.3		0.866574
422.4		0.866574
422.5		0.866574
422.6		0.866574
422.7		0.866574
422.8		0.866574
422.9		0.866574
423		0.866574
423.1		0.867264
423.2		0.867264
423.3		0.867264
423.4		0.867264
423.5		0.867264
423.6		0.867264
423.7		0.867264
423.8		0.867264
423.9		0.867264
424		0.867264
424.1		0.869022
424.2		0.869022
424.3		0.869022
424.4		0.869022
424.5		0.869022
424.6		0.869022
424.7		0.869022
424.8		0.869022
424.9		0.869022
425		0.869022
425.1		0.871748
425.2		0.871748
425.3		0.871748
425.4		0.871748
425.5		0.871748
425.6		0.871748
425.7		0.871748
425.8		0.871748
425.9		0.871748
426		0.871748
426.1		0.876265
426.2		0.876265
426.3		0.876265
426.4		0.876265
426.5		0.876265
426.6		0.876265
426.7		0.876265
426.8		0.876265
426.9		0.876265
427		0.876265
427.1		0.876419
427.2		0.876419
427.3		0.876419
427.4		0.876419
427.5		0.876419
427.6		0.876419
427.7		0.876419
427.8		0.876419
427.9		0.876419
428		0.876419
428.1		0.877061
428.2		0.877061
428.3		0.877061
428.4		0.877061
428.5		0.877061
428.6		0.877061
428.7		0.877061
428.8		0.877061
428.9		0.877061
429		0.877061
429.1		0.878077
429.2		0.878077
429.3		0.878077
429.4		0.878077
429.5		0.878077
429.6		0.878077
429.7		0.878077
429.8		0.878077
429.9		0.878077
430		0.878077
430.1		0.881081
430.2		0.881081
430.3		0.881081
430.4		0.881081
430.5		0.881081
430.6		0.881081
430.7		0.881081
430.8		0.881081
430.9		0.881081
431		0.881081
431.1		0.886215
431.2		0.886215
431.3		0.886215
431.4		0.886215
431.5		0.886215
431.6		0.886215
431.7		0.886215
431.8		0.886215
431.9		0.886215
432		0.886215
432.1		0.886638
432.2		0.886638
432.3		0.886638
432.4		0.886638
432.5		0.886638
432.6		0.886638
432.7		0.886638
432.8		0.886638
432.9		0.886638
433		0.886638
433.1		0.887749
433.2		0.887749
433.3		0.887749
433.4		0.887749
433.5		0.887749
433.6		0.887749
433.7		0.887749
433.8		0.887749
433.9		0.887749
434		0.887749
434.1		0.891108
434.2		0.891108
434.3		0.891108
434.4		0.891108
434.5		0.891108
434.6		0.891108
434.7		0.891108
434.8		0.891108
434.9		0.891108
435		0.891108
435.1		0.89231
435.2		0.89231
435.3		0.89231
435.4		0.89231
435.5		0.89231
435.6		0.89231
435.7		0.89231
435.8		0.89231
435.9		0.89231
436		0.89231
436.1		0.894521
436.2		0.894521
436.3		0.894521
436.4		0.894521
436.5		0.894521
436.6		0.894521
436.7		0.894521
436.8		0.894521
436.9		0.894521
437		0.894521
437.1		0.896885
437.2		0.896885
437.3		0.896885
437.4		0.896885
437.5		0.896885
437.6		0.896885
437.7		0.896885
437.8		0.896885
437.9		0.896885
438		0.896885
438.1		0.897227
438.2		0.897227
438.3		0.897227
438.4		0.897227
438.5		0.897227
438.6		0.897227
438.7		0.897227
438.8		0.897227
438.9		0.897227
439		0.897227
439.1		0.900631
439.2		0.900631
439.3		0.900631
439.4		0.900631
439.5		0.900631
439.6		0.900631
439.7		0.900631
439.8		0.900631
439.9		0.900631
440		0.900631
440.1		0.901681
440.2		0.901681
440.3		0.901681
440.4		0.901681
440.5		0.901681
440.6		0.901681
440.7		0.901681
440.8		0.901681
440.9		0.901681
441		0.901681
441.1		0.906026
441.2		0.906026
441.3		0.906026
441.4		0.906026
441.5		0.906026
441.6		0.906026
441.7		0.906026
441.8		0.906026
441.9		0.906026
442		0.906026
442.1		0.908161
442.2		0.908161
442.3		0.908161
442.4		0.908161
442.5		0.908161
442.6		0.908161
442.7		0.908161
442.8		0.908161
442.9		0.908161
443		0.908161
443.1		0.9084
443.2		0.9084
443.3		0.9084
443.4		0.9084
443.5		0.9084
443.6		0.9084
443.7		0.9084
443.8		0.9084
443.9		0.9084
444		0.9084
444.1		0.912675
444.2		0.912675
444.3		0.912675
444.4		0.912675
444.5		0.912675
444.6		0.912675
444.7		0.912675
444.8		0.912675
444.9		0.912675
445		0.912675
445.1		0.913012
445.2		0.913012
445.3		0.913012
445.4		0.913012
445.5		0.913012
445.6		0.913012
445.7		0.913012
445.8		0.913012
445.9		0.913012
446		0.913012
446.1		0.914818
446.2		0.914818
446.3		0.914818
446.4		0.914818
446.5		0.914818
446.6		0.914818
446.7		0.914818
446.8		0.914818
446.9		0.914818
447		0.914818
447.1		0.918459
447.2		0.918459
447.3		0.918459
447.4		0.918459
447.5		0.918459
447.6		0.918459
447.7		0.918459
447.8		0.918459
447.9		0.918459
448		0.918459
448.1		0.920421
448.2		0.920421
448.3		0.920421
448.4		0.920421
448.5		0.920421
448.6		0.920421
448.7		0.920421
448.8		0.920421
448.9		0.920421
449		0.920421
449.1		0.923952
449.2		0.923952
449.3		0.923952
449.4		0.923952
449.5		0.923952
449.6		0.923952
449.7		0.923952
449.8		0.923952
449.9		0.923952
450		0.923952
450.1		0.925665
450.2		0.925665
450.3		0.925665
450.4		0.925665
450.5		0.925665
450.6		0.925665
450.7		0.925665
450.8		0.925665
450.9		0.925665
451		0.925665
451.1		0.926996
451.2		0.926996
451.3		0.926996
451.4		0.926996
451.5		0.926996
451.6		0.926996
451.7		0.926996
451.8		0.926996
451.9		0.926996
452		0.926996
452.1		0.928854
452.2		0.928854
452.3		0.928854
452.4		0.928854
452.5		0.928854
452.6		0.928854
452.7		0.928854
452.8		0.928854
452.9		0.928854
453		0.928854
453.1		0.930297
453.2		0.930297
453.3		0.930297
453.4		0.930297
453.5		0.930297
453.6		0.930297
453.7		0.930297
453.8		0.930297
453.9		0.930297
454		0.930297
454.1		0.931419
454.2		0.931419
454.3		0.931419
454.4		0.931419
454.5		0.931419
454.6		0.931419
454.7		0.931419
454.8		0.931419
454.9		0.931419
455		0.931419
455.1		0.934284
455.2		0.934284
455.3		0.934284
455.4		0.934284
455.5		0.934284
455.6		0.934284
455.7		0.934284
455.8		0.934284
455.9		0.934284
456		0.934284
456.1		0.937948
456.2		0.937948
456.3		0.937948
456.4		0.937948
456.5		0.937948
456.6		0.937948
456.7		0.937948
456.8		0.937948
456.9		0.937948
457		0.937948
457.1		0.93879
457.2		0.93879
457.3		0.93879
457.4		0.93879
457.5		0.93879
457.6		0.93879
457.7		0.93879
457.8		0.93879
457.9		0.93879
458		0.93879
458.1		0.9404
458.2		0.9404
458.3		0.9404
458.4		0.9404
458.5		0.9404
458.6		0.9404
458.7		0.9404
458.8		0.9404
458.9		0.9404
459		0.9404
459.1		0.940968
459.2		0.940968
459.3		0.940968
459.4		0.940968
459.5		0.940968
459.6		0.940968
459.7		0.940968
459.8		0.940968
459.9		0.940968
460		0.940968
460.1		0.944677
460.2		0.944677
460.3		0.944677
460.4		0.944677
460.5		0.944677
460.6		0.944677
460.7		0.944677
460.8		0.944677
460.9		0.944677
461		0.944677
461.1		0.947963
461.2		0.947963
461.3		0.947963
461.4		0.947963
461.5		0.947963
461.6		0.947963
461.7		0.947963
461.8		0.947963
461.9		0.947963
462		0.947963
462.1		0.94876
462.2		0.94876
462.3		0.94876
462.4		0.94876
462.5		0.94876
462.6		0.94876
462.7		0.94876
462.8		0.94876
462.9		0.94876
463		0.94876
463.1		0.950477
463.2		0.950477
463.3		0.950477
463.4		0.950477
463.5		0.950477
463.6		0.950477
463.7		0.950477
463.8		0.950477
463.9		0.950477
464		0.950477
464.1		0.953374
464.2		0.953374
464.3		0.953374
464.4		0.953374
464.5		0.953374
464.6		0.953374
464.7		0.953374
464.8		0.953374
464.9		0.953374
465		0.953374
465.1		0.955055
465.2		0.955055
465.3		0.955055
465.4		0.955055
465.5		0.955055
465.6		0.955055
465.7		0.955055
465.8		0.955055
465.9		0.955055
466		0.955055
466.1		0.956804
466.2		0.956804
466.3		0.956804
466.4		0.956804
466.5		0.956804
466.6		0.956804
466.7		0.956804
466.8		0.956804
466.9		0.956804
467		0.956804
467.1		0.957763
467.2		0.957763
467.3		0.957763
467.4		0.957763
467.5		0.957763
467.6		0.957763
467.7		0.957763
467.8		0.957763
467.9		0.957763
468		0.957763
468.1		0.961155
468.2		0.961155
468.3		0.961155
468.4		0.961155
468.5		0.961155
468.6		0.961155
468.7		0.961155
468.8		0.961155
468.9		0.961155
469		0.961155
469.1		0.963587
469.2		0.963587
469.3		0.963587
469.4		0.963587
469.5		0.963587
469.6		0.963587
469.7		0.963587
469.8		0.963587
469.9		0.963587
470		0.963587
470.1		0.965436
470.2		0.965436
470.3		0.965436
470.4		0.965436
470.5		0.965436
470.6		0.965436
470.7		0.965436
470.8		0.965436
470.9		0.965436
471		0.965436
471.1		0.968513
471.2		0.968513
471.3		0.968513
471.4		0.968513
471.5		0.968513
471.6		0.968513
471.7		0.968513
471.8		0.968513
471.9		0.968513
472		0.968513
472.1		0.96918
472.2		0.96918
472.3		0.96918
472.4		0.96918
472.5		0.96918
472.6		0.96918
472.7		0.96918
472.8		0.96918
472.9		0.96918
473		0.96918
473.1		0.969332
473.2		0.969332
473.3		0.969332
473.4		0.969332
473.5		0.969332
473.6		0.969332
473.7		0.969332
473.8		0.969332
473.9		0.969332
474		0.969332
474.1		0.975797
474.2		0.975797
474.3		0.975797
474.4		0.975797
474.5		0.975797
474.6		0.975797
474.7		0.975797
474.8		0.975797
474.9		0.975797
475		0.975797
475.1		0.976128
475.2		0.976128
475.3		0.976128
475.4		0.976128
475.5		0.976128
475.6		0.976128
475.7		0.976128
475.8		0.976128
475.9		0.976128
476		0.976128
476.1		0.976706
476.2		0.976706
476.3		0.976706
476.4		0.976706
476.5		0.976706
476.6		0.976706
476.7		0.976706
476.8		0.976706
476.9		0.976706
477		0.976706
477.1		0.980444
477.2		0.980444
477.3		0.980444
477.4		0.980444
477.5		0.980444
477.6		0.980444
477.7		0.980444
477.8		0.980444
477.9		0.980444
478		0.980444
478.1		0.981779
478.2		0.981779
478.3		0.981779
478.4		0.981779
478.5		0.981779
478.6		0.981779
478.7		0.981779
478.8		0.981779
478.9		0.981779
479		0.981779
479.1		0.982782
479.2		0.982782
479.3		0.982782
479.4		0.982782
479.5		0.982782
479.6		0.982782
479.7		0.982782
479.8		0.982782
479.9		0.982782
480		0.982782
480.1		0.985557
480.2		0.985557
480.3		0.985557
480.4		0.985557
480.5		0.985557
480.6		0.985557
480.7		0.985557
480.8		0.985557
480.9		0.985557
481		0.985557
481.1		0.986017
481.2		0.986017
481.3		0.986017
481.4		0.986017
481.5		0.986017
481.6		0.986017
481.7		0.986017
481.8		0.986017
481.9		0.986017
482		0.986017
482.1		0.987951
482.2		0.987951
482.3		0.987951
482.4		0.987951
482.5		0.987951
482.6		0.987951
482.7		0.987951
482.8		0.987951
482.9		0.987951
483		0.987951
483.1		0.990052
483.2		0.990052
483.3		0.990052
483.4		0.990052
483.5		0.990052
483.6		0.990052
483.7		0.990052
483.8		0.990052
483.9		0.990052
484		0.990052
484.1		0.993485
484.2		0.993485
484.3		0.993485
484.4		0.993485
484.5		0.993485
484.6		0.993485
484.7		0.993485
484.8		0.993485
484.9		0.993485
485		0.993485
485.1		0.993878
485.2		0.993878
485.3		0.993878
485.4		0.993878
485.5		0.993878
485.6		0.993878
485.7		0.993878
485.8		0.993878
485.9		0.993878
486		0.993878
486.1		0.99733
486.2		0.99733
486.3		0.99733
486.4		0.99733
486.5		0.99733
486.6		0.99733
486.7		0.99733
486.8		0.99733
486.9		0.99733
487		0.99733
487.1		0.999571
487.2		0.999571
487.3		0.999571
487.4		0.999571
487.5		0.999571
487.6		0.999571
487.7		0.999571
487.8		0.999571
487.9		0.999571
488		0.999571
488.1		0.999973
488.2		0.999973
488.3		0.999973
488.4		0.999973
488.5		0.999973
488.6		0.999973
488.7		0.999973
488.8		0.999973
488.9		0.999973
489		0.999973
489.1		1
489.2		1
489.3		1
489.4		1
489.5		1
489.6		1
489.7		1
489.8		1
489.9		1
490		1
490.1		1
490.2		1
490.3		1
490.4		1
490.5		1
490.6		1
490.7		1
490.8		1
490.9		1
491		1
491.1		1
491.2		1
491.3		1
491.4		1
491.5		1
491.6		1
491.7		1
491.8		1
491.9		1
492		1
492.1		1
492.2		1
492.3		1
492.4		1
492.5		1
492.6		1
492.7		1
492.8		1
492.9		1
493		1
493.1		1
493.2		1
493.3		1
493.4		1
493.5		1
493.6		1
493.7		1
493.8		1
493.9		1
494		1
494.1		1
494.2		1
494.3		1
494.4		1
494.5		1
494.6		1
494.7		1
494.8		1
494.9		1
495		1
495.1		1
495.2		1
495.3		1
495.4		1
495.5		1
495.6		1
495.7		1
495.8		1
495.9		1
496		1
496.1		1
496.2		1
496.3		1
496.4		1
496.5		1
496.6		1
496.7		1
496.8		1
496.9		1
497		1
497.1		1
497.2		1
497.3		1
497.4		1
497.5		1
497.6		1
497.7		1
497.8		1
497.9		1
498		1
498.1		1
498.2		1
498.3		1
498.4		1
498.5		1
498.6		1
498.7		1
498.8		1
498.9		1
499		1
499.1		1
499.2		1
499.3		1
499.4		1
499.5		1
499.6		1
499.7		1
499.8		1
499.9		1
500		1
500.1		1
500.2		1
500.3		1
500.4		1
500.5		1
500.6		1
500.7		1
500.8		1
500.9		1
501		1
501.1		1
501.2		1
501.3		1
501.4		1
501.5		1
501.6		1
501.7		1
501.8		1
501.9		1
502		1
502.1		1
502.2		1
502.3		1
502.4		1
502.5		1
502.6		1
502.7		1
502.8		1
502.9		1
503		1
503.1		1
503.2		1
503.3		1
503.4		1
503.5		1
503.6		1
503.7		1
503.8		1
503.9		1
504		1
504.1		1
504.2		1
504.3		1
504.4		1
504.5		1
504.6		1
504.7		1
504.8		1
504.9		1
505		1
505.1		1
505.2		1
505.3		1
505.4		1
505.5		1
505.6		1
505.7		1
505.8		1
505.9		1
506		1
506.1		1
506.2		1
506.3		1
506.4		1
506.5		1
506.6		1
506.7		1
506.8		1
506.9		1
507		1
507.1		1
507.2		1
507.3		1
507.4		1
507.5		1
507.6		1
507.7		1
507.8		1
507.9		1
508		1
508.1		1
508.2		1
508.3		1
508.4		1
508.5		1
508.6		1
508.7		1
508.8		1
508.9		1
509		1
509.1		1
509.2		1
509.3		1
509.4		1
509.5		1
509.6		1
509.7		1
509.8		1
509.9		1
510		1
510.1		1
510.2		1
510.3		1
510.4		1
510.5		1
510.6		1
510.7		1
510.8		1
510.9		1
511		1
511.1		1
511.2		1
511.3		1
511.4		1
511.5		1
511.6		1
511.7		1
511.8		1
511.9		1
512		1
512.1		1
512.2		1
512.3		1
512.4		1
512.5		1
512.6		1
512.7		1
512.8		1
512.9		1
513		1
513.1		1
513.2		1
513.3		1
513.4		1
513.5		1
513.6		1
513.7		1
513.8		1
513.9		1
514		1
514.1		1
514.2		1
514.3		1
514.4		1
514.5		1
514.6		1
514.7		1
514.8		1
514.9		1
515		1
515.1		1
515.2		1
515.3		1
515.4		1
515.5		1
515.6		1
515.7		1
515.8		1
515.9		1
516		1
516.1		1
516.2		1
516.3		1
516.4		1
516.5		1
516.6		1
516.7		1
516.8		1
516.9		1
517		1
517.1		1
517.2		1
517.3		1
517.4		1
517.5		1
517.6		1
517.7		1
517.8		1
517.9		1
518		1
518.1		1
518.2		1
518.3		1
518.4		1
518.5		1
518.6		1
518.7		1
518.8		1
518.9		1
519		1
519.1		1
519.2		1
519.3		1
519.4		1
519.5		1
519.6		1
519.7		1
519.8		1
519.9		1
520		1
520.1		1
520.2		1
520.3		1
520.4		1
520.5		1
520.6		1
520.7		1
520.8		1
520.9		1
521		1
521.1		1
521.2		1
521.3		1
521.4		1
521.5		1
521.6		1
521.7		1
521.8		1
521.9		1
522		1
522.1		1
522.2		1
522.3		1
522.4		1
522.5		1
522.6		1
522.7		1
522.8		1
522.9		1
523		1
523.1		1
523.2		1
523.3		1
523.4		1
523.5		1
523.6		1
523.7		1
523.8		1
523.9		1
524		1
524.1		1
524.2		1
524.3		1
524.4		1
524.5		1
524.6		1
524.7		1
524.8		1
524.9		1
525		1
525.1		1
525.2		1
525.3		1
525.4		1
525.5		1
525.6		1
525.7		1
525.8		1
525.9		1
526		1
526.1		1
526.2		1
526.3		1
526.4		1
526.5		1
526.6		1
526.7		1
526.8		1
526.9		1
527		1
527.1		1
527.2		1
527.3		1
527.4		1
527.5		1
527.6		1
527.7		1
527.8		1
527.9		1
528		1
528.1		1
528.2		1
528.3		1
528.4		1
528.5		1
528.6		1
528.7		1
528.8		1
528.9		1
529		1
529.1		1
529.2		1
529.3		1
529.4		1
529.5		1
529.6		1
529.7		1
529.8		1
529.9		1
530		1
530.1		1
530.2		1
530.3		1
530.4		1
530.5		1
530.6		1
530.7		1
530.8		1
530.9		1
531		1
531.1		1
531.2		1
531.3		1
531.4		1
531.5		1
531.6		1
531.7		1
531.8		1
531.9		1
532		1
532.1		1
532.2		1
532.3		1
532.4		1
532.5		1
532.6		1
532.7		1
532.8		1
532.9		1
533		1
533.1		1
533.2		1
533.3		1
533.4		1
533.5		1
533.6		1
533.7		1
533.8		1
533.9		1
534		1
534.1		1
534.2		1
534.3		1
534.4		1
534.5		1
534.6		1
534.7		1
534.8		1
534.9		1
535		1
535.1		1
535.2		1
535.3		1
535.4		1
535.5		1
535.6		1
535.7		1
535.8		1
535.9		1
536		1
536.1		1
536.2		1
536.3		1
536.4		1
536.5		1
536.6		1
536.7		1
536.8		1
536.9		1
537		1
537.1		1
537.2		1
537.3		1
537.4		1
537.5		1
537.6		1
537.7		1
537.8		1
537.9		1
538		1
538.1		1
538.2		1
538.3		1
538.4		1
538.5		1
538.6		1
538.7		1
538.8		1
538.9		1
539		1
539.1		1
539.2		1
539.3		1
539.4		1
539.5		1
539.6		1
539.7		1
539.8		1
539.9		1
540		1
540.1		1
540.2		1
540.3		1
540.4		1
540.5		1
540.6		1
540.7		1
540.8		1
540.9		1
541		1
541.1		1
541.2		1
541.3		1
541.4		1
541.5		1
541.6		1
541.7		1
541.8		1
541.9		1
542		1
542.1		1
542.2		1
542.3		1
542.4		1
542.5		1
542.6		1
542.7		1
542.8		1
542.9		1
543		1
543.1		1
543.2		1
543.3		1
543.4		1
543.5		1
543.6		1
543.7		1
543.8		1
543.9		1
544		1
544.1		1
544.2		1
544.3		1
544.4		1
544.5		1
544.6		1
544.7		1
544.8		1
544.9		1
545		1
545.1		1
545.2		1
545.3		1
545.4		1
545.5		1
545.6		1
545.7		1
545.8		1
545.9		1
546		1
546.1		1
546.2		1
546.3		1
546.4		1
546.5		1
546.6		1
546.7		1
546.8		1
546.9		1
547		1
547.1		1
547.2		1
547.3		1
547.4		1
547.5		1
547.6		1
547.7		1
547.8		1
547.9		1
548		1
548.1		1
548.2		1
548.3		1
548.4		1
548.5		1
548.6		1
548.7		1
548.8		1
548.9		1
549		1
549.1		1
549.2		1
549.3		1
549.4		1
549.5		1
549.6		1
549.7		1
549.8		1
549.9		1
550		1
550.1		1
550.2		1
550.3		1
550.4		1
550.5		1
550.6		1
550.7		1
550.8		1
550.9		1
551		1
551.1		1
551.2		1
551.3		1
551.4		1
551.5		1
551.6		1
551.7		1
551.8		1
551.9		1
552		1
552.1		1
552.2		1
552.3		1
552.4		1
552.5		1
552.6		1
552.7		1
552.8		1
552.9		1
553		1
553.1		1
553.2		1
553.3		1
553.4		1
553.5		1
553.6		1
553.7		1
553.8		1
553.9		1
554		1
554.1		1
554.2		1
554.3		1
554.4		1
554.5		1
554.6		1
554.7		1
554.8		1
554.9		1
555		1
555.1		1
555.2		1
555.3		1
555.4		1
555.5		1
555.6		1
555.7		1
555.8		1
555.9		1
556		1
556.1		1
556.2		1
556.3		1
556.4		1
556.5		1
556.6		1
556.7		1
556.8		1
556.9		1
557		1
557.1		1
557.2		1
557.3		1
557.4		1
557.5		1
557.6		1
557.7		1
557.8		1
557.9		1
558		1
558.1		1
558.2		1
558.3		1
558.4		1
558.5		1
558.6		1
558.7		1
558.8		1
558.9		1
559		1
559.1		1
559.2		1
559.3		1
559.4		1
559.5		1
559.6		1
559.7		1
559.8		1
559.9		1
560		1
560.1		1
560.2		1
560.3		1
560.4		1
560.5		1
560.6		1
560.7		1
560.8		1
560.9		1
561		1
561.1		1
561.2		1
561.3		1
561.4		1
561.5		1
561.6		1
561.7		1
561.8		1
561.9		1
562		1
562.1		1
562.2		1
562.3		1
562.4		1
562.5		1
562.6		1
562.7		1
562.8		1
562.9		1
563		1
563.1		1
563.2		1
563.3		1
563.4		1
563.5		1
563.6		1
563.7		1
563.8		1
563.9		1
564		1
564.1		1
564.2		1
564.3		1
564.4		1
564.5		1
564.6		1
564.7		1
564.8		1
564.9		1
565		1
565.1		1
565.2		1
565.3		1
565.4		1
565.5		1
565.6		1
565.7		1
565.8		1
565.9		1
566		1
566.1		1
566.2		1
566.3		1
566.4		1
566.5		1
566.6		1
566.7		1
566.8		1
566.9		1
567		1
567.1		1
567.2		1
567.3		1
567.4		1
567.5		1
567.6		1
567.7		1
567.8		1
567.9		1
568		1
568.1		1
568.2		1
568.3		1
568.4		1
568.5		1
568.6		1
568.7		1
568.8		1
568.9		1
569		1
569.1		1
569.2		1
569.3		1
569.4		1
569.5		1
569.6		1
569.7		1
569.8		1
569.9		1
570		1
570.1		1
570.2		1
570.3		1
570.4		1
570.5		1
570.6		1
570.7		1
570.8		1
570.9		1
571		1
571.1		1
571.2		1
571.3		1
571.4		1
571.5		1
571.6		1
571.7		1
571.8		1
571.9		1
572		1
572.1		1
572.2		1
572.3		1
572.4		1
572.5		1
572.6		1
572.7		1
572.8		1
572.9		1
573		1
573.1		1
573.2		1
573.3		1
573.4		1
573.5		1
573.6		1
573.7		1
573.8		1
573.9		1
574		1
574.1		1
574.2		1
574.3		1
574.4		1
574.5		1
574.6		1
574.7		1
574.8		1
574.9		1
575		1
575.1		1
575.2		1
575.3		1
575.4		1
575.5		1
575.6		1
575.7		1
575.8		1
575.9		1
576		1
576.1		1
576.2		1
576.3		1
576.4		1
576.5		1
576.6		1
576.7		1
576.8		1
576.9		1
577		1
577.1		1
577.2		1
577.3		1
577.4		1
577.5		1
577.6		1
577.7		1
577.8		1
577.9		1
578		1
578.1		1
578.2		1
578.3		1
578.4		1
578.5		1
578.6		1
578.7		1
578.8		1
578.9		1
579		1
579.1		1
579.2		1
579.3		1
579.4		1
579.5		1
579.6		1
579.7		1
579.8		1
579.9		1
580		1
580.1		1
580.2		1
580.3		1
580.4		1
580.5		1
580.6		1
580.7		1
580.8		1
580.9		1
581		1
581.1		1
581.2		1
581.3		1
581.4		1
581.5		1
581.6		1
581.7		1
581.8		1
581.9		1
582		1
582.1		1
582.2		1
582.3		1
582.4		1
582.5		1
582.6		1
582.7		1
582.8		1
582.9		1
583		1
583.1		1
583.2		1
583.3		1
583.4		1
583.5		1
583.6		1
583.7		1
583.8		1
583.9		1
584		1
584.1		1
584.2		1
584.3		1
584.4		1
584.5		1
584.6		1
584.7		1
584.8		1
584.9		1
585		1
585.1		1
585.2		1
585.3		1
585.4		1
585.5		1
585.6		1
585.7		1
585.8		1
585.9		1
586		1
586.1		1
586.2		1
586.3		1
586.4		1
586.5		1
586.6		1
586.7		1
586.8		1
586.9		1
587		1
587.1		1
587.2		1
587.3		1
587.4		1
587.5		1
587.6		1
587.7		1
587.8		1
587.9		1
588		1
588.1		1
588.2		1
588.3		1
588.4		1
588.5		1
588.6		1
588.7		1
588.8		1
588.9		1
589		1
589.1		1
589.2		1
589.3		1
589.4		1
589.5		1
589.6		1
589.7		1
589.8		1
589.9		1
590		1
590.1		1
590.2		1
590.3		1
590.4		1
590.5		1
590.6		1
590.7		1
590.8		1
590.9		1
591		1
591.1		1
591.2		1
591.3		1
591.4		1
591.5		1
591.6		1
591.7		1
591.8		1
591.9		1
592		1
592.1		1
592.2		1
592.3		1
592.4		1
592.5		1
592.6		1
592.7		1
592.8		1
592.9		1
593		1
593.1		1
593.2		1
593.3		1
593.4		1
593.5		1
593.6		1
593.7		1
593.8		1
593.9		1
594		1
594.1		1
594.2		1
594.3		1
594.4		1
594.5		1
594.6		1
594.7		1
594.8		1
594.9		1
595		1
595.1		1
595.2		1
595.3		1
595.4		1
595.5		1
595.6		1
595.7		1
595.8		1
595.9		1
596		1
596.1		1
596.2		1
596.3		1
596.4		1
596.5		1
596.6		1
596.7		1
596.8		1
596.9		1
597		1
597.1		1
597.2		1
597.3		1
597.4		1
597.5		1
597.6		1
597.7		1
597.8		1
597.9		1
598		1
598.1		1
598.2		1
598.3		1
598.4		1
598.5		1
598.6		1
598.7		1
598.8		1
598.9		1
599		1
599.1		1
599.2		1
599.3		1
599.4		1
599.5		1
599.6		1
599.7		1
599.8		1
599.9		1
600		1
