# Calibration file of tamex_id 0 @ channel 1
# fine_T bin		 Calibration value
0.1		0
0.2		0
0.3		0
0.4		0
0.5		0
0.6		0
0.7		0
0.8		0
0.9		0
1		0
1.1		0
1.2		0
1.3		0
1.4		0
1.5		0
1.6		0
1.7		0
1.8		0
1.9		0
2		0
2.1		0
2.2		0
2.3		0
2.4		0
2.5		0
2.6		0
2.7		0
2.8		0
2.9		0
3		0
3.1		0
3.2		0
3.3		0
3.4		0
3.5		0
3.6		0
3.7		0
3.8		0
3.9		0
4		0
4.1		0
4.2		0
4.3		0
4.4		0
4.5		0
4.6		0
4.7		0
4.8		0
4.9		0
5		0
5.1		0
5.2		0
5.3		0
5.4		0
5.5		0
5.6		0
5.7		0
5.8		0
5.9		0
6		0
6.1		0
6.2		0
6.3		0
6.4		0
6.5		0
6.6		0
6.7		0
6.8		0
6.9		0
7		0
7.1		0
7.2		0
7.3		0
7.4		0
7.5		0
7.6		0
7.7		0
7.8		0
7.9		0
8		0
8.1		0
8.2		0
8.3		0
8.4		0
8.5		0
8.6		0
8.7		0
8.8		0
8.9		0
9		0
9.1		0
9.2		0
9.3		0
9.4		0
9.5		0
9.6		0
9.7		0
9.8		0
9.9		0
10		0
10.1		0
10.2		0
10.3		0
10.4		0
10.5		0
10.6		0
10.7		0
10.8		0
10.9		0
11		0
11.1		0
11.2		0
11.3		0
11.4		0
11.5		0
11.6		0
11.7		0
11.8		0
11.9		0
12		0
12.1		0
12.2		0
12.3		0
12.4		0
12.5		0
12.6		0
12.7		0
12.8		0
12.9		0
13		0
13.1		0
13.2		0
13.3		0
13.4		0
13.5		0
13.6		0
13.7		0
13.8		0
13.9		0
14		0
14.1		0
14.2		0
14.3		0
14.4		0
14.5		0
14.6		0
14.7		0
14.8		0
14.9		0
15		0
15.1		0
15.2		0
15.3		0
15.4		0
15.5		0
15.6		0
15.7		0
15.8		0
15.9		0
16		0
16.1		0.00558753
16.2		0.00558753
16.3		0.00558753
16.4		0.00558753
16.5		0.00558753
16.6		0.00558753
16.7		0.00558753
16.8		0.00558753
16.9		0.00558753
17		0.00558753
17.1		0.0107464
17.2		0.0107464
17.3		0.0107464
17.4		0.0107464
17.5		0.0107464
17.6		0.0107464
17.7		0.0107464
17.8		0.0107464
17.9		0.0107464
18		0.0107464
18.1		0.0113784
18.2		0.0113784
18.3		0.0113784
18.4		0.0113784
18.5		0.0113784
18.6		0.0113784
18.7		0.0113784
18.8		0.0113784
18.9		0.0113784
19		0.0113784
19.1		0.0119835
19.2		0.0119835
19.3		0.0119835
19.4		0.0119835
19.5		0.0119835
19.6		0.0119835
19.7		0.0119835
19.8		0.0119835
19.9		0.0119835
20		0.0119835
20.1		0.0189019
20.2		0.0189019
20.3		0.0189019
20.4		0.0189019
20.5		0.0189019
20.6		0.0189019
20.7		0.0189019
20.8		0.0189019
20.9		0.0189019
21		0.0189019
21.1		0.0191073
21.2		0.0191073
21.3		0.0191073
21.4		0.0191073
21.5		0.0191073
21.6		0.0191073
21.7		0.0191073
21.8		0.0191073
21.9		0.0191073
22		0.0191073
22.1		0.0215696
22.2		0.0215696
22.3		0.0215696
22.4		0.0215696
22.5		0.0215696
22.6		0.0215696
22.7		0.0215696
22.8		0.0215696
22.9		0.0215696
23		0.0215696
23.1		0.0225056
23.2		0.0225056
23.3		0.0225056
23.4		0.0225056
23.5		0.0225056
23.6		0.0225056
23.7		0.0225056
23.8		0.0225056
23.9		0.0225056
24		0.0225056
24.1		0.0228306
24.2		0.0228306
24.3		0.0228306
24.4		0.0228306
24.5		0.0228306
24.6		0.0228306
24.7		0.0228306
24.8		0.0228306
24.9		0.0228306
25		0.0228306
25.1		0.0275528
25.2		0.0275528
25.3		0.0275528
25.4		0.0275528
25.5		0.0275528
25.6		0.0275528
25.7		0.0275528
25.8		0.0275528
25.9		0.0275528
26		0.0275528
26.1		0.0285776
26.2		0.0285776
26.3		0.0285776
26.4		0.0285776
26.5		0.0285776
26.6		0.0285776
26.7		0.0285776
26.8		0.0285776
26.9		0.0285776
27		0.0285776
27.1		0.0298626
27.2		0.0298626
27.3		0.0298626
27.4		0.0298626
27.5		0.0298626
27.6		0.0298626
27.7		0.0298626
27.8		0.0298626
27.9		0.0298626
28		0.0298626
28.1		0.0326888
28.2		0.0326888
28.3		0.0326888
28.4		0.0326888
28.5		0.0326888
28.6		0.0326888
28.7		0.0326888
28.8		0.0326888
28.9		0.0326888
29		0.0326888
29.1		0.0328493
29.2		0.0328493
29.3		0.0328493
29.4		0.0328493
29.5		0.0328493
29.6		0.0328493
29.7		0.0328493
29.8		0.0328493
29.9		0.0328493
30		0.0328493
30.1		0.0357343
30.2		0.0357343
30.3		0.0357343
30.4		0.0357343
30.5		0.0357343
30.6		0.0357343
30.7		0.0357343
30.8		0.0357343
30.9		0.0357343
31		0.0357343
31.1		0.036464
31.2		0.036464
31.3		0.036464
31.4		0.036464
31.5		0.036464
31.6		0.036464
31.7		0.036464
31.8		0.036464
31.9		0.036464
32		0.036464
32.1		0.0410865
32.2		0.0410865
32.3		0.0410865
32.4		0.0410865
32.5		0.0410865
32.6		0.0410865
32.7		0.0410865
32.8		0.0410865
32.9		0.0410865
33		0.0410865
33.1		0.0412301
33.2		0.0412301
33.3		0.0412301
33.4		0.0412301
33.5		0.0412301
33.6		0.0412301
33.7		0.0412301
33.8		0.0412301
33.9		0.0412301
34		0.0412301
34.1		0.0452645
34.2		0.0452645
34.3		0.0452645
34.4		0.0452645
34.5		0.0452645
34.6		0.0452645
34.7		0.0452645
34.8		0.0452645
34.9		0.0452645
35		0.0452645
35.1		0.046996
35.2		0.046996
35.3		0.046996
35.4		0.046996
35.5		0.046996
35.6		0.046996
35.7		0.046996
35.8		0.046996
35.9		0.046996
36		0.046996
36.1		0.048274
36.2		0.048274
36.3		0.048274
36.4		0.048274
36.5		0.048274
36.6		0.048274
36.7		0.048274
36.8		0.048274
36.9		0.048274
37		0.048274
37.1		0.0503565
37.2		0.0503565
37.3		0.0503565
37.4		0.0503565
37.5		0.0503565
37.6		0.0503565
37.7		0.0503565
37.8		0.0503565
37.9		0.0503565
38		0.0503565
38.1		0.0529365
38.2		0.0529365
38.3		0.0529365
38.4		0.0529365
38.5		0.0529365
38.6		0.0529365
38.7		0.0529365
38.8		0.0529365
38.9		0.0529365
39		0.0529365
39.1		0.0558573
39.2		0.0558573
39.3		0.0558573
39.4		0.0558573
39.5		0.0558573
39.6		0.0558573
39.7		0.0558573
39.8		0.0558573
39.9		0.0558573
40		0.0558573
40.1		0.0572998
40.2		0.0572998
40.3		0.0572998
40.4		0.0572998
40.5		0.0572998
40.6		0.0572998
40.7		0.0572998
40.8		0.0572998
40.9		0.0572998
41		0.0572998
41.1		0.057563
41.2		0.057563
41.3		0.057563
41.4		0.057563
41.5		0.057563
41.6		0.057563
41.7		0.057563
41.8		0.057563
41.9		0.057563
42		0.057563
42.1		0.0620629
42.2		0.0620629
42.3		0.0620629
42.4		0.0620629
42.5		0.0620629
42.6		0.0620629
42.7		0.0620629
42.8		0.0620629
42.9		0.0620629
43		0.0620629
43.1		0.0643109
43.2		0.0643109
43.3		0.0643109
43.4		0.0643109
43.5		0.0643109
43.6		0.0643109
43.7		0.0643109
43.8		0.0643109
43.9		0.0643109
44		0.0643109
44.1		0.0649838
44.2		0.0649838
44.3		0.0649838
44.4		0.0649838
44.5		0.0649838
44.6		0.0649838
44.7		0.0649838
44.8		0.0649838
44.9		0.0649838
45		0.0649838
45.1		0.0651104
45.2		0.0651104
45.3		0.0651104
45.4		0.0651104
45.5		0.0651104
45.6		0.0651104
45.7		0.0651104
45.8		0.0651104
45.9		0.0651104
46		0.0651104
46.1		0.0671361
46.2		0.0671361
46.3		0.0671361
46.4		0.0671361
46.5		0.0671361
46.6		0.0671361
46.7		0.0671361
46.8		0.0671361
46.9		0.0671361
47		0.0671361
47.1		0.0712911
47.2		0.0712911
47.3		0.0712911
47.4		0.0712911
47.5		0.0712911
47.6		0.0712911
47.7		0.0712911
47.8		0.0712911
47.9		0.0712911
48		0.0712911
48.1		0.0733596
48.2		0.0733596
48.3		0.0733596
48.4		0.0733596
48.5		0.0733596
48.6		0.0733596
48.7		0.0733596
48.8		0.0733596
48.9		0.0733596
49		0.0733596
49.1		0.075473
49.2		0.075473
49.3		0.075473
49.4		0.075473
49.5		0.075473
49.6		0.075473
49.7		0.075473
49.8		0.075473
49.9		0.075473
50		0.075473
50.1		0.0784806
50.2		0.0784806
50.3		0.0784806
50.4		0.0784806
50.5		0.0784806
50.6		0.0784806
50.7		0.0784806
50.8		0.0784806
50.9		0.0784806
51		0.0784806
51.1		0.0794197
51.2		0.0794197
51.3		0.0794197
51.4		0.0794197
51.5		0.0794197
51.6		0.0794197
51.7		0.0794197
51.8		0.0794197
51.9		0.0794197
52		0.0794197
52.1		0.0813387
52.2		0.0813387
52.3		0.0813387
52.4		0.0813387
52.5		0.0813387
52.6		0.0813387
52.7		0.0813387
52.8		0.0813387
52.9		0.0813387
53		0.0813387
53.1		0.0822757
53.2		0.0822757
53.3		0.0822757
53.4		0.0822757
53.5		0.0822757
53.6		0.0822757
53.7		0.0822757
53.8		0.0822757
53.9		0.0822757
54		0.0822757
54.1		0.0873718
54.2		0.0873718
54.3		0.0873718
54.4		0.0873718
54.5		0.0873718
54.6		0.0873718
54.7		0.0873718
54.8		0.0873718
54.9		0.0873718
55		0.0873718
55.1		0.0878024
55.2		0.0878024
55.3		0.0878024
55.4		0.0878024
55.5		0.0878024
55.6		0.0878024
55.7		0.0878024
55.8		0.0878024
55.9		0.0878024
56		0.0878024
56.1		0.0883248
56.2		0.0883248
56.3		0.0883248
56.4		0.0883248
56.5		0.0883248
56.6		0.0883248
56.7		0.0883248
56.8		0.0883248
56.9		0.0883248
57		0.0883248
57.1		0.0903535
57.2		0.0903535
57.3		0.0903535
57.4		0.0903535
57.5		0.0903535
57.6		0.0903535
57.7		0.0903535
57.8		0.0903535
57.9		0.0903535
58		0.0903535
58.1		0.0966637
58.2		0.0966637
58.3		0.0966637
58.4		0.0966637
58.5		0.0966637
58.6		0.0966637
58.7		0.0966637
58.8		0.0966637
58.9		0.0966637
59		0.0966637
59.1		0.0969867
59.2		0.0969867
59.3		0.0969867
59.4		0.0969867
59.5		0.0969867
59.6		0.0969867
59.7		0.0969867
59.8		0.0969867
59.9		0.0969867
60		0.0969867
60.1		0.0971881
60.2		0.0971881
60.3		0.0971881
60.4		0.0971881
60.5		0.0971881
60.6		0.0971881
60.7		0.0971881
60.8		0.0971881
60.9		0.0971881
61		0.0971881
61.1		0.0975111
61.2		0.0975111
61.3		0.0975111
61.4		0.0975111
61.5		0.0975111
61.6		0.0975111
61.7		0.0975111
61.8		0.0975111
61.9		0.0975111
62		0.0975111
62.1		0.103756
62.2		0.103756
62.3		0.103756
62.4		0.103756
62.5		0.103756
62.6		0.103756
62.7		0.103756
62.8		0.103756
62.9		0.103756
63		0.103756
63.1		0.105015
63.2		0.105015
63.3		0.105015
63.4		0.105015
63.5		0.105015
63.6		0.105015
63.7		0.105015
63.8		0.105015
63.9		0.105015
64		0.105015
64.1		0.106635
64.2		0.106635
64.3		0.106635
64.4		0.106635
64.5		0.106635
64.6		0.106635
64.7		0.106635
64.8		0.106635
64.9		0.106635
65		0.106635
65.1		0.107923
65.2		0.107923
65.3		0.107923
65.4		0.107923
65.5		0.107923
65.6		0.107923
65.7		0.107923
65.8		0.107923
65.9		0.107923
66		0.107923
66.1		0.111468
66.2		0.111468
66.3		0.111468
66.4		0.111468
66.5		0.111468
66.6		0.111468
66.7		0.111468
66.8		0.111468
66.9		0.111468
67		0.111468
67.1		0.112167
67.2		0.112167
67.3		0.112167
67.4		0.112167
67.5		0.112167
67.6		0.112167
67.7		0.112167
67.8		0.112167
67.9		0.112167
68		0.112167
68.1		0.115549
68.2		0.115549
68.3		0.115549
68.4		0.115549
68.5		0.115549
68.6		0.115549
68.7		0.115549
68.8		0.115549
68.9		0.115549
69		0.115549
69.1		0.115814
69.2		0.115814
69.3		0.115814
69.4		0.115814
69.5		0.115814
69.6		0.115814
69.7		0.115814
69.8		0.115814
69.9		0.115814
70		0.115814
70.1		0.120094
70.2		0.120094
70.3		0.120094
70.4		0.120094
70.5		0.120094
70.6		0.120094
70.7		0.120094
70.8		0.120094
70.9		0.120094
71		0.120094
71.1		0.122924
71.2		0.122924
71.3		0.122924
71.4		0.122924
71.5		0.122924
71.6		0.122924
71.7		0.122924
71.8		0.122924
71.9		0.122924
72		0.122924
72.1		0.124238
72.2		0.124238
72.3		0.124238
72.4		0.124238
72.5		0.124238
72.6		0.124238
72.7		0.124238
72.8		0.124238
72.9		0.124238
73		0.124238
73.1		0.125672
73.2		0.125672
73.3		0.125672
73.4		0.125672
73.5		0.125672
73.6		0.125672
73.7		0.125672
73.8		0.125672
73.9		0.125672
74		0.125672
74.1		0.127208
74.2		0.127208
74.3		0.127208
74.4		0.127208
74.5		0.127208
74.6		0.127208
74.7		0.127208
74.8		0.127208
74.9		0.127208
75		0.127208
75.1		0.130212
75.2		0.130212
75.3		0.130212
75.4		0.130212
75.5		0.130212
75.6		0.130212
75.7		0.130212
75.8		0.130212
75.9		0.130212
76		0.130212
76.1		0.131986
76.2		0.131986
76.3		0.131986
76.4		0.131986
76.5		0.131986
76.6		0.131986
76.7		0.131986
76.8		0.131986
76.9		0.131986
77		0.131986
77.1		0.132584
77.2		0.132584
77.3		0.132584
77.4		0.132584
77.5		0.132584
77.6		0.132584
77.7		0.132584
77.8		0.132584
77.9		0.132584
78		0.132584
78.1		0.133607
78.2		0.133607
78.3		0.133607
78.4		0.133607
78.5		0.133607
78.6		0.133607
78.7		0.133607
78.8		0.133607
78.9		0.133607
79		0.133607
79.1		0.136314
79.2		0.136314
79.3		0.136314
79.4		0.136314
79.5		0.136314
79.6		0.136314
79.7		0.136314
79.8		0.136314
79.9		0.136314
80		0.136314
80.1		0.139827
80.2		0.139827
80.3		0.139827
80.4		0.139827
80.5		0.139827
80.6		0.139827
80.7		0.139827
80.8		0.139827
80.9		0.139827
81		0.139827
81.1		0.14186
81.2		0.14186
81.3		0.14186
81.4		0.14186
81.5		0.14186
81.6		0.14186
81.7		0.14186
81.8		0.14186
81.9		0.14186
82		0.14186
82.1		0.142095
82.2		0.142095
82.3		0.142095
82.4		0.142095
82.5		0.142095
82.6		0.142095
82.7		0.142095
82.8		0.142095
82.9		0.142095
83		0.142095
83.1		0.142549
83.2		0.142549
83.3		0.142549
83.4		0.142549
83.5		0.142549
83.6		0.142549
83.7		0.142549
83.8		0.142549
83.9		0.142549
84		0.142549
84.1		0.150141
84.2		0.150141
84.3		0.150141
84.4		0.150141
84.5		0.150141
84.6		0.150141
84.7		0.150141
84.8		0.150141
84.9		0.150141
85		0.150141
85.1		0.150372
85.2		0.150372
85.3		0.150372
85.4		0.150372
85.5		0.150372
85.6		0.150372
85.7		0.150372
85.8		0.150372
85.9		0.150372
86		0.150372
86.1		0.152285
86.2		0.152285
86.3		0.152285
86.4		0.152285
86.5		0.152285
86.6		0.152285
86.7		0.152285
86.8		0.152285
86.9		0.152285
87		0.152285
87.1		0.153584
87.2		0.153584
87.3		0.153584
87.4		0.153584
87.5		0.153584
87.6		0.153584
87.7		0.153584
87.8		0.153584
87.9		0.153584
88		0.153584
88.1		0.156033
88.2		0.156033
88.3		0.156033
88.4		0.156033
88.5		0.156033
88.6		0.156033
88.7		0.156033
88.8		0.156033
88.9		0.156033
89		0.156033
89.1		0.157602
89.2		0.157602
89.3		0.157602
89.4		0.157602
89.5		0.157602
89.6		0.157602
89.7		0.157602
89.8		0.157602
89.9		0.157602
90		0.157602
90.1		0.159812
90.2		0.159812
90.3		0.159812
90.4		0.159812
90.5		0.159812
90.6		0.159812
90.7		0.159812
90.8		0.159812
90.9		0.159812
91		0.159812
91.1		0.162023
91.2		0.162023
91.3		0.162023
91.4		0.162023
91.5		0.162023
91.6		0.162023
91.7		0.162023
91.8		0.162023
91.9		0.162023
92		0.162023
92.1		0.165382
92.2		0.165382
92.3		0.165382
92.4		0.165382
92.5		0.165382
92.6		0.165382
92.7		0.165382
92.8		0.165382
92.9		0.165382
93		0.165382
93.1		0.167409
93.2		0.167409
93.3		0.167409
93.4		0.167409
93.5		0.167409
93.6		0.167409
93.7		0.167409
93.8		0.167409
93.9		0.167409
94		0.167409
94.1		0.168133
94.2		0.168133
94.3		0.168133
94.4		0.168133
94.5		0.168133
94.6		0.168133
94.7		0.168133
94.8		0.168133
94.9		0.168133
95		0.168133
95.1		0.168398
95.2		0.168398
95.3		0.168398
95.4		0.168398
95.5		0.168398
95.6		0.168398
95.7		0.168398
95.8		0.168398
95.9		0.168398
96		0.168398
96.1		0.173014
96.2		0.173014
96.3		0.173014
96.4		0.173014
96.5		0.173014
96.6		0.173014
96.7		0.173014
96.8		0.173014
96.9		0.173014
97		0.173014
97.1		0.174715
97.2		0.174715
97.3		0.174715
97.4		0.174715
97.5		0.174715
97.6		0.174715
97.7		0.174715
97.8		0.174715
97.9		0.174715
98		0.174715
98.1		0.176753
98.2		0.176753
98.3		0.176753
98.4		0.176753
98.5		0.176753
98.6		0.176753
98.7		0.176753
98.8		0.176753
98.9		0.176753
99		0.176753
99.1		0.177896
99.2		0.177896
99.3		0.177896
99.4		0.177896
99.5		0.177896
99.6		0.177896
99.7		0.177896
99.8		0.177896
99.9		0.177896
100		0.177896
100.1		0.181941
100.2		0.181941
100.3		0.181941
100.4		0.181941
100.5		0.181941
100.6		0.181941
100.7		0.181941
100.8		0.181941
100.9		0.181941
101		0.181941
101.1		0.182939
101.2		0.182939
101.3		0.182939
101.4		0.182939
101.5		0.182939
101.6		0.182939
101.7		0.182939
101.8		0.182939
101.9		0.182939
102		0.182939
102.1		0.183702
102.2		0.183702
102.3		0.183702
102.4		0.183702
102.5		0.183702
102.6		0.183702
102.7		0.183702
102.8		0.183702
102.9		0.183702
103		0.183702
103.1		0.186522
103.2		0.186522
103.3		0.186522
103.4		0.186522
103.5		0.186522
103.6		0.186522
103.7		0.186522
103.8		0.186522
103.9		0.186522
104		0.186522
104.1		0.189147
104.2		0.189147
104.3		0.189147
104.4		0.189147
104.5		0.189147
104.6		0.189147
104.7		0.189147
104.8		0.189147
104.9		0.189147
105		0.189147
105.1		0.190628
105.2		0.190628
105.3		0.190628
105.4		0.190628
105.5		0.190628
105.6		0.190628
105.7		0.190628
105.8		0.190628
105.9		0.190628
106		0.190628
106.1		0.190983
106.2		0.190983
106.3		0.190983
106.4		0.190983
106.5		0.190983
106.6		0.190983
106.7		0.190983
106.8		0.190983
106.9		0.190983
107		0.190983
107.1		0.194021
107.2		0.194021
107.3		0.194021
107.4		0.194021
107.5		0.194021
107.6		0.194021
107.7		0.194021
107.8		0.194021
107.9		0.194021
108		0.194021
108.1		0.196355
108.2		0.196355
108.3		0.196355
108.4		0.196355
108.5		0.196355
108.6		0.196355
108.7		0.196355
108.8		0.196355
108.9		0.196355
109		0.196355
109.1		0.198789
109.2		0.198789
109.3		0.198789
109.4		0.198789
109.5		0.198789
109.6		0.198789
109.7		0.198789
109.8		0.198789
109.9		0.198789
110		0.198789
110.1		0.202433
110.2		0.202433
110.3		0.202433
110.4		0.202433
110.5		0.202433
110.6		0.202433
110.7		0.202433
110.8		0.202433
110.9		0.202433
111		0.202433
111.1		0.202745
111.2		0.202745
111.3		0.202745
111.4		0.202745
111.5		0.202745
111.6		0.202745
111.7		0.202745
111.8		0.202745
111.9		0.202745
112		0.202745
112.1		0.203495
112.2		0.203495
112.3		0.203495
112.4		0.203495
112.5		0.203495
112.6		0.203495
112.7		0.203495
112.8		0.203495
112.9		0.203495
113		0.203495
113.1		0.204266
113.2		0.204266
113.3		0.204266
113.4		0.204266
113.5		0.204266
113.6		0.204266
113.7		0.204266
113.8		0.204266
113.9		0.204266
114		0.204266
114.1		0.21173
114.2		0.21173
114.3		0.21173
114.4		0.21173
114.5		0.21173
114.6		0.21173
114.7		0.21173
114.8		0.21173
114.9		0.21173
115		0.21173
115.1		0.213218
115.2		0.213218
115.3		0.213218
115.4		0.213218
115.5		0.213218
115.6		0.213218
115.7		0.213218
115.8		0.213218
115.9		0.213218
116		0.213218
116.1		0.214478
116.2		0.214478
116.3		0.214478
116.4		0.214478
116.5		0.214478
116.6		0.214478
116.7		0.214478
116.8		0.214478
116.9		0.214478
117		0.214478
117.1		0.215145
117.2		0.215145
117.3		0.215145
117.4		0.215145
117.5		0.215145
117.6		0.215145
117.7		0.215145
117.8		0.215145
117.9		0.215145
118		0.215145
118.1		0.215477
118.2		0.215477
118.3		0.215477
118.4		0.215477
118.5		0.215477
118.6		0.215477
118.7		0.215477
118.8		0.215477
118.9		0.215477
119		0.215477
119.1		0.219331
119.2		0.219331
119.3		0.219331
119.4		0.219331
119.5		0.219331
119.6		0.219331
119.7		0.219331
119.8		0.219331
119.9		0.219331
120		0.219331
120.1		0.221846
120.2		0.221846
120.3		0.221846
120.4		0.221846
120.5		0.221846
120.6		0.221846
120.7		0.221846
120.8		0.221846
120.9		0.221846
121		0.221846
121.1		0.222215
121.2		0.222215
121.3		0.222215
121.4		0.222215
121.5		0.222215
121.6		0.222215
121.7		0.222215
121.8		0.222215
121.9		0.222215
122		0.222215
122.1		0.226004
122.2		0.226004
122.3		0.226004
122.4		0.226004
122.5		0.226004
122.6		0.226004
122.7		0.226004
122.8		0.226004
122.9		0.226004
123		0.226004
123.1		0.226437
123.2		0.226437
123.3		0.226437
123.4		0.226437
123.5		0.226437
123.6		0.226437
123.7		0.226437
123.8		0.226437
123.9		0.226437
124		0.226437
124.1		0.229675
124.2		0.229675
124.3		0.229675
124.4		0.229675
124.5		0.229675
124.6		0.229675
124.7		0.229675
124.8		0.229675
124.9		0.229675
125		0.229675
125.1		0.230057
125.2		0.230057
125.3		0.230057
125.4		0.230057
125.5		0.230057
125.6		0.230057
125.7		0.230057
125.8		0.230057
125.9		0.230057
126		0.230057
126.1		0.235537
126.2		0.235537
126.3		0.235537
126.4		0.235537
126.5		0.235537
126.6		0.235537
126.7		0.235537
126.8		0.235537
126.9		0.235537
127		0.235537
127.1		0.236683
127.2		0.236683
127.3		0.236683
127.4		0.236683
127.5		0.236683
127.6		0.236683
127.7		0.236683
127.8		0.236683
127.9		0.236683
128		0.236683
128.1		0.237679
128.2		0.237679
128.3		0.237679
128.4		0.237679
128.5		0.237679
128.6		0.237679
128.7		0.237679
128.8		0.237679
128.9		0.237679
129		0.237679
129.1		0.242451
129.2		0.242451
129.3		0.242451
129.4		0.242451
129.5		0.242451
129.6		0.242451
129.7		0.242451
129.8		0.242451
129.9		0.242451
130		0.242451
130.1		0.243124
130.2		0.243124
130.3		0.243124
130.4		0.243124
130.5		0.243124
130.6		0.243124
130.7		0.243124
130.8		0.243124
130.9		0.243124
131		0.243124
131.1		0.245256
131.2		0.245256
131.3		0.245256
131.4		0.245256
131.5		0.245256
131.6		0.245256
131.7		0.245256
131.8		0.245256
131.9		0.245256
132		0.245256
132.1		0.247967
132.2		0.247967
132.3		0.247967
132.4		0.247967
132.5		0.247967
132.6		0.247967
132.7		0.247967
132.8		0.247967
132.9		0.247967
133		0.247967
133.1		0.249136
133.2		0.249136
133.3		0.249136
133.4		0.249136
133.5		0.249136
133.6		0.249136
133.7		0.249136
133.8		0.249136
133.9		0.249136
134		0.249136
134.1		0.250268
134.2		0.250268
134.3		0.250268
134.4		0.250268
134.5		0.250268
134.6		0.250268
134.7		0.250268
134.8		0.250268
134.9		0.250268
135		0.250268
135.1		0.252374
135.2		0.252374
135.3		0.252374
135.4		0.252374
135.5		0.252374
135.6		0.252374
135.7		0.252374
135.8		0.252374
135.9		0.252374
136		0.252374
136.1		0.256747
136.2		0.256747
136.3		0.256747
136.4		0.256747
136.5		0.256747
136.6		0.256747
136.7		0.256747
136.8		0.256747
136.9		0.256747
137		0.256747
137.1		0.25699
137.2		0.25699
137.3		0.25699
137.4		0.25699
137.5		0.25699
137.6		0.25699
137.7		0.25699
137.8		0.25699
137.9		0.25699
138		0.25699
138.1		0.259792
138.2		0.259792
138.3		0.259792
138.4		0.259792
138.5		0.259792
138.6		0.259792
138.7		0.259792
138.8		0.259792
138.9		0.259792
139		0.259792
139.1		0.260943
139.2		0.260943
139.3		0.260943
139.4		0.260943
139.5		0.260943
139.6		0.260943
139.7		0.260943
139.8		0.260943
139.9		0.260943
140		0.260943
140.1		0.261661
140.2		0.261661
140.3		0.261661
140.4		0.261661
140.5		0.261661
140.6		0.261661
140.7		0.261661
140.8		0.261661
140.9		0.261661
141		0.261661
141.1		0.263968
141.2		0.263968
141.3		0.263968
141.4		0.263968
141.5		0.263968
141.6		0.263968
141.7		0.263968
141.8		0.263968
141.9		0.263968
142		0.263968
142.1		0.267036
142.2		0.267036
142.3		0.267036
142.4		0.267036
142.5		0.267036
142.6		0.267036
142.7		0.267036
142.8		0.267036
142.9		0.267036
143		0.267036
143.1		0.270575
143.2		0.270575
143.3		0.270575
143.4		0.270575
143.5		0.270575
143.6		0.270575
143.7		0.270575
143.8		0.270575
143.9		0.270575
144		0.270575
144.1		0.272706
144.2		0.272706
144.3		0.272706
144.4		0.272706
144.5		0.272706
144.6		0.272706
144.7		0.272706
144.8		0.272706
144.9		0.272706
145		0.272706
145.1		0.273089
145.2		0.273089
145.3		0.273089
145.4		0.273089
145.5		0.273089
145.6		0.273089
145.7		0.273089
145.8		0.273089
145.9		0.273089
146		0.273089
146.1		0.273637
146.2		0.273637
146.3		0.273637
146.4		0.273637
146.5		0.273637
146.6		0.273637
146.7		0.273637
146.8		0.273637
146.9		0.273637
147		0.273637
147.1		0.274756
147.2		0.274756
147.3		0.274756
147.4		0.274756
147.5		0.274756
147.6		0.274756
147.7		0.274756
147.8		0.274756
147.9		0.274756
148		0.274756
148.1		0.28244
148.2		0.28244
148.3		0.28244
148.4		0.28244
148.5		0.28244
148.6		0.28244
148.7		0.28244
148.8		0.28244
148.9		0.28244
149		0.28244
149.1		0.283683
149.2		0.283683
149.3		0.283683
149.4		0.283683
149.5		0.283683
149.6		0.283683
149.7		0.283683
149.8		0.283683
149.9		0.283683
150		0.283683
150.1		0.284089
150.2		0.284089
150.3		0.284089
150.4		0.284089
150.5		0.284089
150.6		0.284089
150.7		0.284089
150.8		0.284089
150.9		0.284089
151		0.284089
151.1		0.285902
151.2		0.285902
151.3		0.285902
151.4		0.285902
151.5		0.285902
151.6		0.285902
151.7		0.285902
151.8		0.285902
151.9		0.285902
152		0.285902
152.1		0.287996
152.2		0.287996
152.3		0.287996
152.4		0.287996
152.5		0.287996
152.6		0.287996
152.7		0.287996
152.8		0.287996
152.9		0.287996
153		0.287996
153.1		0.290058
153.2		0.290058
153.3		0.290058
153.4		0.290058
153.5		0.290058
153.6		0.290058
153.7		0.290058
153.8		0.290058
153.9		0.290058
154		0.290058
154.1		0.294355
154.2		0.294355
154.3		0.294355
154.4		0.294355
154.5		0.294355
154.6		0.294355
154.7		0.294355
154.8		0.294355
154.9		0.294355
155		0.294355
155.1		0.29496
155.2		0.29496
155.3		0.29496
155.4		0.29496
155.5		0.29496
155.6		0.29496
155.7		0.29496
155.8		0.29496
155.9		0.29496
156		0.29496
156.1		0.297458
156.2		0.297458
156.3		0.297458
156.4		0.297458
156.5		0.297458
156.6		0.297458
156.7		0.297458
156.8		0.297458
156.9		0.297458
157		0.297458
157.1		0.298152
157.2		0.298152
157.3		0.298152
157.4		0.298152
157.5		0.298152
157.6		0.298152
157.7		0.298152
157.8		0.298152
157.9		0.298152
158		0.298152
158.1		0.298962
158.2		0.298962
158.3		0.298962
158.4		0.298962
158.5		0.298962
158.6		0.298962
158.7		0.298962
158.8		0.298962
158.9		0.298962
159		0.298962
159.1		0.299428
159.2		0.299428
159.3		0.299428
159.4		0.299428
159.5		0.299428
159.6		0.299428
159.7		0.299428
159.8		0.299428
159.9		0.299428
160		0.299428
160.1		0.305054
160.2		0.305054
160.3		0.305054
160.4		0.305054
160.5		0.305054
160.6		0.305054
160.7		0.305054
160.8		0.305054
160.9		0.305054
161		0.305054
161.1		0.3083
161.2		0.3083
161.3		0.3083
161.4		0.3083
161.5		0.3083
161.6		0.3083
161.7		0.3083
161.8		0.3083
161.9		0.3083
162		0.3083
162.1		0.309604
162.2		0.309604
162.3		0.309604
162.4		0.309604
162.5		0.309604
162.6		0.309604
162.7		0.309604
162.8		0.309604
162.9		0.309604
163		0.309604
163.1		0.309735
163.2		0.309735
163.3		0.309735
163.4		0.309735
163.5		0.309735
163.6		0.309735
163.7		0.309735
163.8		0.309735
163.9		0.309735
164		0.309735
164.1		0.314013
164.2		0.314013
164.3		0.314013
164.4		0.314013
164.5		0.314013
164.6		0.314013
164.7		0.314013
164.8		0.314013
164.9		0.314013
165		0.314013
165.1		0.314243
165.2		0.314243
165.3		0.314243
165.4		0.314243
165.5		0.314243
165.6		0.314243
165.7		0.314243
165.8		0.314243
165.9		0.314243
166		0.314243
166.1		0.316058
166.2		0.316058
166.3		0.316058
166.4		0.316058
166.5		0.316058
166.6		0.316058
166.7		0.316058
166.8		0.316058
166.9		0.316058
167		0.316058
167.1		0.320071
167.2		0.320071
167.3		0.320071
167.4		0.320071
167.5		0.320071
167.6		0.320071
167.7		0.320071
167.8		0.320071
167.9		0.320071
168		0.320071
168.1		0.320689
168.2		0.320689
168.3		0.320689
168.4		0.320689
168.5		0.320689
168.6		0.320689
168.7		0.320689
168.8		0.320689
168.9		0.320689
169		0.320689
169.1		0.324535
169.2		0.324535
169.3		0.324535
169.4		0.324535
169.5		0.324535
169.6		0.324535
169.7		0.324535
169.8		0.324535
169.9		0.324535
170		0.324535
170.1		0.324878
170.2		0.324878
170.3		0.324878
170.4		0.324878
170.5		0.324878
170.6		0.324878
170.7		0.324878
170.8		0.324878
170.9		0.324878
171		0.324878
171.1		0.327594
171.2		0.327594
171.3		0.327594
171.4		0.327594
171.5		0.327594
171.6		0.327594
171.7		0.327594
171.8		0.327594
171.9		0.327594
172		0.327594
172.1		0.329412
172.2		0.329412
172.3		0.329412
172.4		0.329412
172.5		0.329412
172.6		0.329412
172.7		0.329412
172.8		0.329412
172.9		0.329412
173		0.329412
173.1		0.331396
173.2		0.331396
173.3		0.331396
173.4		0.331396
173.5		0.331396
173.6		0.331396
173.7		0.331396
173.8		0.331396
173.9		0.331396
174		0.331396
174.1		0.334986
174.2		0.334986
174.3		0.334986
174.4		0.334986
174.5		0.334986
174.6		0.334986
174.7		0.334986
174.8		0.334986
174.9		0.334986
175		0.334986
175.1		0.336243
175.2		0.336243
175.3		0.336243
175.4		0.336243
175.5		0.336243
175.6		0.336243
175.7		0.336243
175.8		0.336243
175.9		0.336243
176		0.336243
176.1		0.336803
176.2		0.336803
176.3		0.336803
176.4		0.336803
176.5		0.336803
176.6		0.336803
176.7		0.336803
176.8		0.336803
176.9		0.336803
177		0.336803
177.1		0.339369
177.2		0.339369
177.3		0.339369
177.4		0.339369
177.5		0.339369
177.6		0.339369
177.7		0.339369
177.8		0.339369
177.9		0.339369
178		0.339369
178.1		0.340199
178.2		0.340199
178.3		0.340199
178.4		0.340199
178.5		0.340199
178.6		0.340199
178.7		0.340199
178.8		0.340199
178.9		0.340199
179		0.340199
179.1		0.343424
179.2		0.343424
179.3		0.343424
179.4		0.343424
179.5		0.343424
179.6		0.343424
179.7		0.343424
179.8		0.343424
179.9		0.343424
180		0.343424
180.1		0.345718
180.2		0.345718
180.3		0.345718
180.4		0.345718
180.5		0.345718
180.6		0.345718
180.7		0.345718
180.8		0.345718
180.9		0.345718
181		0.345718
181.1		0.346224
181.2		0.346224
181.3		0.346224
181.4		0.346224
181.5		0.346224
181.6		0.346224
181.7		0.346224
181.8		0.346224
181.9		0.346224
182		0.346224
182.1		0.3507
182.2		0.3507
182.3		0.3507
182.4		0.3507
182.5		0.3507
182.6		0.3507
182.7		0.3507
182.8		0.3507
182.9		0.3507
183		0.3507
183.1		0.351639
183.2		0.351639
183.3		0.351639
183.4		0.351639
183.5		0.351639
183.6		0.351639
183.7		0.351639
183.8		0.351639
183.9		0.351639
184		0.351639
184.1		0.352643
184.2		0.352643
184.3		0.352643
184.4		0.352643
184.5		0.352643
184.6		0.352643
184.7		0.352643
184.8		0.352643
184.9		0.352643
185		0.352643
185.1		0.354974
185.2		0.354974
185.3		0.354974
185.4		0.354974
185.5		0.354974
185.6		0.354974
185.7		0.354974
185.8		0.354974
185.9		0.354974
186		0.354974
186.1		0.358099
186.2		0.358099
186.3		0.358099
186.4		0.358099
186.5		0.358099
186.6		0.358099
186.7		0.358099
186.8		0.358099
186.9		0.358099
187		0.358099
187.1		0.363072
187.2		0.363072
187.3		0.363072
187.4		0.363072
187.5		0.363072
187.6		0.363072
187.7		0.363072
187.8		0.363072
187.9		0.363072
188		0.363072
188.1		0.363423
188.2		0.363423
188.3		0.363423
188.4		0.363423
188.5		0.363423
188.6		0.363423
188.7		0.363423
188.8		0.363423
188.9		0.363423
189		0.363423
189.1		0.363813
189.2		0.363813
189.3		0.363813
189.4		0.363813
189.5		0.363813
189.6		0.363813
189.7		0.363813
189.8		0.363813
189.9		0.363813
190		0.363813
190.1		0.367287
190.2		0.367287
190.3		0.367287
190.4		0.367287
190.5		0.367287
190.6		0.367287
190.7		0.367287
190.8		0.367287
190.9		0.367287
191		0.367287
191.1		0.368143
191.2		0.368143
191.3		0.368143
191.4		0.368143
191.5		0.368143
191.6		0.368143
191.7		0.368143
191.8		0.368143
191.9		0.368143
192		0.368143
192.1		0.370977
192.2		0.370977
192.3		0.370977
192.4		0.370977
192.5		0.370977
192.6		0.370977
192.7		0.370977
192.8		0.370977
192.9		0.370977
193		0.370977
193.1		0.375018
193.2		0.375018
193.3		0.375018
193.4		0.375018
193.5		0.375018
193.6		0.375018
193.7		0.375018
193.8		0.375018
193.9		0.375018
194		0.375018
194.1		0.375775
194.2		0.375775
194.3		0.375775
194.4		0.375775
194.5		0.375775
194.6		0.375775
194.7		0.375775
194.8		0.375775
194.9		0.375775
195		0.375775
195.1		0.377694
195.2		0.377694
195.3		0.377694
195.4		0.377694
195.5		0.377694
195.6		0.377694
195.7		0.377694
195.8		0.377694
195.9		0.377694
196		0.377694
196.1		0.38046
196.2		0.38046
196.3		0.38046
196.4		0.38046
196.5		0.38046
196.6		0.38046
196.7		0.38046
196.8		0.38046
196.9		0.38046
197		0.38046
197.1		0.38068
197.2		0.38068
197.3		0.38068
197.4		0.38068
197.5		0.38068
197.6		0.38068
197.7		0.38068
197.8		0.38068
197.9		0.38068
198		0.38068
198.1		0.380887
198.2		0.380887
198.3		0.380887
198.4		0.380887
198.5		0.380887
198.6		0.380887
198.7		0.380887
198.8		0.380887
198.9		0.380887
199		0.380887
199.1		0.386518
199.2		0.386518
199.3		0.386518
199.4		0.386518
199.5		0.386518
199.6		0.386518
199.7		0.386518
199.8		0.386518
199.9		0.386518
200		0.386518
200.1		0.386786
200.2		0.386786
200.3		0.386786
200.4		0.386786
200.5		0.386786
200.6		0.386786
200.7		0.386786
200.8		0.386786
200.9		0.386786
201		0.386786
201.1		0.388295
201.2		0.388295
201.3		0.388295
201.4		0.388295
201.5		0.388295
201.6		0.388295
201.7		0.388295
201.8		0.388295
201.9		0.388295
202		0.388295
202.1		0.390266
202.2		0.390266
202.3		0.390266
202.4		0.390266
202.5		0.390266
202.6		0.390266
202.7		0.390266
202.8		0.390266
202.9		0.390266
203		0.390266
203.1		0.392161
203.2		0.392161
203.3		0.392161
203.4		0.392161
203.5		0.392161
203.6		0.392161
203.7		0.392161
203.8		0.392161
203.9		0.392161
204		0.392161
204.1		0.397619
204.2		0.397619
204.3		0.397619
204.4		0.397619
204.5		0.397619
204.6		0.397619
204.7		0.397619
204.8		0.397619
204.9		0.397619
205		0.397619
205.1		0.398703
205.2		0.398703
205.3		0.398703
205.4		0.398703
205.5		0.398703
205.6		0.398703
205.7		0.398703
205.8		0.398703
205.9		0.398703
206		0.398703
206.1		0.399056
206.2		0.399056
206.3		0.399056
206.4		0.399056
206.5		0.399056
206.6		0.399056
206.7		0.399056
206.8		0.399056
206.9		0.399056
207		0.399056
207.1		0.399709
207.2		0.399709
207.3		0.399709
207.4		0.399709
207.5		0.399709
207.6		0.399709
207.7		0.399709
207.8		0.399709
207.9		0.399709
208		0.399709
208.1		0.404921
208.2		0.404921
208.3		0.404921
208.4		0.404921
208.5		0.404921
208.6		0.404921
208.7		0.404921
208.8		0.404921
208.9		0.404921
209		0.404921
209.1		0.406501
209.2		0.406501
209.3		0.406501
209.4		0.406501
209.5		0.406501
209.6		0.406501
209.7		0.406501
209.8		0.406501
209.9		0.406501
210		0.406501
210.1		0.408047
210.2		0.408047
210.3		0.408047
210.4		0.408047
210.5		0.408047
210.6		0.408047
210.7		0.408047
210.8		0.408047
210.9		0.408047
211		0.408047
211.1		0.409638
211.2		0.409638
211.3		0.409638
211.4		0.409638
211.5		0.409638
211.6		0.409638
211.7		0.409638
211.8		0.409638
211.9		0.409638
212		0.409638
212.1		0.414285
212.2		0.414285
212.3		0.414285
212.4		0.414285
212.5		0.414285
212.6		0.414285
212.7		0.414285
212.8		0.414285
212.9		0.414285
213		0.414285
213.1		0.414864
213.2		0.414864
213.3		0.414864
213.4		0.414864
213.5		0.414864
213.6		0.414864
213.7		0.414864
213.8		0.414864
213.9		0.414864
214		0.414864
214.1		0.416979
214.2		0.416979
214.3		0.416979
214.4		0.416979
214.5		0.416979
214.6		0.416979
214.7		0.416979
214.8		0.416979
214.9		0.416979
215		0.416979
215.1		0.417243
215.2		0.417243
215.3		0.417243
215.4		0.417243
215.5		0.417243
215.6		0.417243
215.7		0.417243
215.8		0.417243
215.9		0.417243
216		0.417243
216.1		0.421691
216.2		0.421691
216.3		0.421691
216.4		0.421691
216.5		0.421691
216.6		0.421691
216.7		0.421691
216.8		0.421691
216.9		0.421691
217		0.421691
217.1		0.424906
217.2		0.424906
217.3		0.424906
217.4		0.424906
217.5		0.424906
217.6		0.424906
217.7		0.424906
217.8		0.424906
217.9		0.424906
218		0.424906
218.1		0.425219
218.2		0.425219
218.3		0.425219
218.4		0.425219
218.5		0.425219
218.6		0.425219
218.7		0.425219
218.8		0.425219
218.9		0.425219
219		0.425219
219.1		0.426306
219.2		0.426306
219.3		0.426306
219.4		0.426306
219.5		0.426306
219.6		0.426306
219.7		0.426306
219.8		0.426306
219.9		0.426306
220		0.426306
220.1		0.429902
220.2		0.429902
220.3		0.429902
220.4		0.429902
220.5		0.429902
220.6		0.429902
220.7		0.429902
220.8		0.429902
220.9		0.429902
221		0.429902
221.1		0.432188
221.2		0.432188
221.3		0.432188
221.4		0.432188
221.5		0.432188
221.6		0.432188
221.7		0.432188
221.8		0.432188
221.9		0.432188
222		0.432188
222.1		0.432531
222.2		0.432531
222.3		0.432531
222.4		0.432531
222.5		0.432531
222.6		0.432531
222.7		0.432531
222.8		0.432531
222.9		0.432531
223		0.432531
223.1		0.435123
223.2		0.435123
223.3		0.435123
223.4		0.435123
223.5		0.435123
223.6		0.435123
223.7		0.435123
223.8		0.435123
223.9		0.435123
224		0.435123
224.1		0.43804
224.2		0.43804
224.3		0.43804
224.4		0.43804
224.5		0.43804
224.6		0.43804
224.7		0.43804
224.8		0.43804
224.9		0.43804
225		0.43804
225.1		0.439406
225.2		0.439406
225.3		0.439406
225.4		0.439406
225.5		0.439406
225.6		0.439406
225.7		0.439406
225.8		0.439406
225.9		0.439406
226		0.439406
226.1		0.440729
226.2		0.440729
226.3		0.440729
226.4		0.440729
226.5		0.440729
226.6		0.440729
226.7		0.440729
226.8		0.440729
226.9		0.440729
227		0.440729
227.1		0.442564
227.2		0.442564
227.3		0.442564
227.4		0.442564
227.5		0.442564
227.6		0.442564
227.7		0.442564
227.8		0.442564
227.9		0.442564
228		0.442564
228.1		0.44533
228.2		0.44533
228.3		0.44533
228.4		0.44533
228.5		0.44533
228.6		0.44533
228.7		0.44533
228.8		0.44533
228.9		0.44533
229		0.44533
229.1		0.44743
229.2		0.44743
229.3		0.44743
229.4		0.44743
229.5		0.44743
229.6		0.44743
229.7		0.44743
229.8		0.44743
229.9		0.44743
230		0.44743
230.1		0.448091
230.2		0.448091
230.3		0.448091
230.4		0.448091
230.5		0.448091
230.6		0.448091
230.7		0.448091
230.8		0.448091
230.9		0.448091
231		0.448091
231.1		0.453514
231.2		0.453514
231.3		0.453514
231.4		0.453514
231.5		0.453514
231.6		0.453514
231.7		0.453514
231.8		0.453514
231.9		0.453514
232		0.453514
232.1		0.453824
232.2		0.453824
232.3		0.453824
232.4		0.453824
232.5		0.453824
232.6		0.453824
232.7		0.453824
232.8		0.453824
232.9		0.453824
233		0.453824
233.1		0.457973
233.2		0.457973
233.3		0.457973
233.4		0.457973
233.5		0.457973
233.6		0.457973
233.7		0.457973
233.8		0.457973
233.9		0.457973
234		0.457973
234.1		0.458365
234.2		0.458365
234.3		0.458365
234.4		0.458365
234.5		0.458365
234.6		0.458365
234.7		0.458365
234.8		0.458365
234.9		0.458365
235		0.458365
235.1		0.459842
235.2		0.459842
235.3		0.459842
235.4		0.459842
235.5		0.459842
235.6		0.459842
235.7		0.459842
235.8		0.459842
235.9		0.459842
236		0.459842
236.1		0.460212
236.2		0.460212
236.3		0.460212
236.4		0.460212
236.5		0.460212
236.6		0.460212
236.7		0.460212
236.8		0.460212
236.9		0.460212
237		0.460212
237.1		0.463528
237.2		0.463528
237.3		0.463528
237.4		0.463528
237.5		0.463528
237.6		0.463528
237.7		0.463528
237.8		0.463528
237.9		0.463528
238		0.463528
238.1		0.468675
238.2		0.468675
238.3		0.468675
238.4		0.468675
238.5		0.468675
238.6		0.468675
238.7		0.468675
238.8		0.468675
238.9		0.468675
239		0.468675
239.1		0.469414
239.2		0.469414
239.3		0.469414
239.4		0.469414
239.5		0.469414
239.6		0.469414
239.7		0.469414
239.8		0.469414
239.9		0.469414
240		0.469414
240.1		0.471291
240.2		0.471291
240.3		0.471291
240.4		0.471291
240.5		0.471291
240.6		0.471291
240.7		0.471291
240.8		0.471291
240.9		0.471291
241		0.471291
241.1		0.471523
241.2		0.471523
241.3		0.471523
241.4		0.471523
241.5		0.471523
241.6		0.471523
241.7		0.471523
241.8		0.471523
241.9		0.471523
242		0.471523
242.1		0.476556
242.2		0.476556
242.3		0.476556
242.4		0.476556
242.5		0.476556
242.6		0.476556
242.7		0.476556
242.8		0.476556
242.9		0.476556
243		0.476556
243.1		0.478614
243.2		0.478614
243.3		0.478614
243.4		0.478614
243.5		0.478614
243.6		0.478614
243.7		0.478614
243.8		0.478614
243.9		0.478614
244		0.478614
244.1		0.479673
244.2		0.479673
244.3		0.479673
244.4		0.479673
244.5		0.479673
244.6		0.479673
244.7		0.479673
244.8		0.479673
244.9		0.479673
245		0.479673
245.1		0.480298
245.2		0.480298
245.3		0.480298
245.4		0.480298
245.5		0.480298
245.6		0.480298
245.7		0.480298
245.8		0.480298
245.9		0.480298
246		0.480298
246.1		0.48294
246.2		0.48294
246.3		0.48294
246.4		0.48294
246.5		0.48294
246.6		0.48294
246.7		0.48294
246.8		0.48294
246.9		0.48294
247		0.48294
247.1		0.484675
247.2		0.484675
247.3		0.484675
247.4		0.484675
247.5		0.484675
247.6		0.484675
247.7		0.484675
247.8		0.484675
247.9		0.484675
248		0.484675
248.1		0.485941
248.2		0.485941
248.3		0.485941
248.4		0.485941
248.5		0.485941
248.6		0.485941
248.7		0.485941
248.8		0.485941
248.9		0.485941
249		0.485941
249.1		0.48703
249.2		0.48703
249.3		0.48703
249.4		0.48703
249.5		0.48703
249.6		0.48703
249.7		0.48703
249.8		0.48703
249.9		0.48703
250		0.48703
250.1		0.491396
250.2		0.491396
250.3		0.491396
250.4		0.491396
250.5		0.491396
250.6		0.491396
250.7		0.491396
250.8		0.491396
250.9		0.491396
251		0.491396
251.1		0.494513
251.2		0.494513
251.3		0.494513
251.4		0.494513
251.5		0.494513
251.6		0.494513
251.7		0.494513
251.8		0.494513
251.9		0.494513
252		0.494513
252.1		0.495557
252.2		0.495557
252.3		0.495557
252.4		0.495557
252.5		0.495557
252.6		0.495557
252.7		0.495557
252.8		0.495557
252.9		0.495557
253		0.495557
253.1		0.495697
253.2		0.495697
253.3		0.495697
253.4		0.495697
253.5		0.495697
253.6		0.495697
253.7		0.495697
253.8		0.495697
253.9		0.495697
254		0.495697
254.1		0.499858
254.2		0.499858
254.3		0.499858
254.4		0.499858
254.5		0.499858
254.6		0.499858
254.7		0.499858
254.8		0.499858
254.9		0.499858
255		0.499858
255.1		0.501407
255.2		0.501407
255.3		0.501407
255.4		0.501407
255.5		0.501407
255.6		0.501407
255.7		0.501407
255.8		0.501407
255.9		0.501407
256		0.501407
256.1		0.504813
256.2		0.504813
256.3		0.504813
256.4		0.504813
256.5		0.504813
256.6		0.504813
256.7		0.504813
256.8		0.504813
256.9		0.504813
257		0.504813
257.1		0.507714
257.2		0.507714
257.3		0.507714
257.4		0.507714
257.5		0.507714
257.6		0.507714
257.7		0.507714
257.8		0.507714
257.9		0.507714
258		0.507714
258.1		0.509665
258.2		0.509665
258.3		0.509665
258.4		0.509665
258.5		0.509665
258.6		0.509665
258.7		0.509665
258.8		0.509665
258.9		0.509665
259		0.509665
259.1		0.510241
259.2		0.510241
259.3		0.510241
259.4		0.510241
259.5		0.510241
259.6		0.510241
259.7		0.510241
259.8		0.510241
259.9		0.510241
260		0.510241
260.1		0.512767
260.2		0.512767
260.3		0.512767
260.4		0.512767
260.5		0.512767
260.6		0.512767
260.7		0.512767
260.8		0.512767
260.9		0.512767
261		0.512767
261.1		0.516019
261.2		0.516019
261.3		0.516019
261.4		0.516019
261.5		0.516019
261.6		0.516019
261.7		0.516019
261.8		0.516019
261.9		0.516019
262		0.516019
262.1		0.516348
262.2		0.516348
262.3		0.516348
262.4		0.516348
262.5		0.516348
262.6		0.516348
262.7		0.516348
262.8		0.516348
262.9		0.516348
263		0.516348
263.1		0.520272
263.2		0.520272
263.3		0.520272
263.4		0.520272
263.5		0.520272
263.6		0.520272
263.7		0.520272
263.8		0.520272
263.9		0.520272
264		0.520272
264.1		0.52136
264.2		0.52136
264.3		0.52136
264.4		0.52136
264.5		0.52136
264.6		0.52136
264.7		0.52136
264.8		0.52136
264.9		0.52136
265		0.52136
265.1		0.523433
265.2		0.523433
265.3		0.523433
265.4		0.523433
265.5		0.523433
265.6		0.523433
265.7		0.523433
265.8		0.523433
265.9		0.523433
266		0.523433
266.1		0.523983
266.2		0.523983
266.3		0.523983
266.4		0.523983
266.5		0.523983
266.6		0.523983
266.7		0.523983
266.8		0.523983
266.9		0.523983
267		0.523983
267.1		0.527487
267.2		0.527487
267.3		0.527487
267.4		0.527487
267.5		0.527487
267.6		0.527487
267.7		0.527487
267.8		0.527487
267.9		0.527487
268		0.527487
268.1		0.531008
268.2		0.531008
268.3		0.531008
268.4		0.531008
268.5		0.531008
268.6		0.531008
268.7		0.531008
268.8		0.531008
268.9		0.531008
269		0.531008
269.1		0.531306
269.2		0.531306
269.3		0.531306
269.4		0.531306
269.5		0.531306
269.6		0.531306
269.7		0.531306
269.8		0.531306
269.9		0.531306
270		0.531306
270.1		0.533109
270.2		0.533109
270.3		0.533109
270.4		0.533109
270.5		0.533109
270.6		0.533109
270.7		0.533109
270.8		0.533109
270.9		0.533109
271		0.533109
271.1		0.534211
271.2		0.534211
271.3		0.534211
271.4		0.534211
271.5		0.534211
271.6		0.534211
271.7		0.534211
271.8		0.534211
271.9		0.534211
272		0.534211
272.1		0.538036
272.2		0.538036
272.3		0.538036
272.4		0.538036
272.5		0.538036
272.6		0.538036
272.7		0.538036
272.8		0.538036
272.9		0.538036
273		0.538036
273.1		0.538786
273.2		0.538786
273.3		0.538786
273.4		0.538786
273.5		0.538786
273.6		0.538786
273.7		0.538786
273.8		0.538786
273.9		0.538786
274		0.538786
274.1		0.539784
274.2		0.539784
274.3		0.539784
274.4		0.539784
274.5		0.539784
274.6		0.539784
274.7		0.539784
274.8		0.539784
274.9		0.539784
275		0.539784
275.1		0.541143
275.2		0.541143
275.3		0.541143
275.4		0.541143
275.5		0.541143
275.6		0.541143
275.7		0.541143
275.8		0.541143
275.9		0.541143
276		0.541143
276.1		0.547065
276.2		0.547065
276.3		0.547065
276.4		0.547065
276.5		0.547065
276.6		0.547065
276.7		0.547065
276.8		0.547065
276.9		0.547065
277		0.547065
277.1		0.548367
277.2		0.548367
277.3		0.548367
277.4		0.548367
277.5		0.548367
277.6		0.548367
277.7		0.548367
277.8		0.548367
277.9		0.548367
278		0.548367
278.1		0.548643
278.2		0.548643
278.3		0.548643
278.4		0.548643
278.5		0.548643
278.6		0.548643
278.7		0.548643
278.8		0.548643
278.9		0.548643
279		0.548643
279.1		0.550332
279.2		0.550332
279.3		0.550332
279.4		0.550332
279.5		0.550332
279.6		0.550332
279.7		0.550332
279.8		0.550332
279.9		0.550332
280		0.550332
280.1		0.556361
280.2		0.556361
280.3		0.556361
280.4		0.556361
280.5		0.556361
280.6		0.556361
280.7		0.556361
280.8		0.556361
280.9		0.556361
281		0.556361
281.1		0.556627
281.2		0.556627
281.3		0.556627
281.4		0.556627
281.5		0.556627
281.6		0.556627
281.7		0.556627
281.8		0.556627
281.9		0.556627
282		0.556627
282.1		0.557044
282.2		0.557044
282.3		0.557044
282.4		0.557044
282.5		0.557044
282.6		0.557044
282.7		0.557044
282.8		0.557044
282.9		0.557044
283		0.557044
283.1		0.561302
283.2		0.561302
283.3		0.561302
283.4		0.561302
283.5		0.561302
283.6		0.561302
283.7		0.561302
283.8		0.561302
283.9		0.561302
284		0.561302
284.1		0.564905
284.2		0.564905
284.3		0.564905
284.4		0.564905
284.5		0.564905
284.6		0.564905
284.7		0.564905
284.8		0.564905
284.9		0.564905
285		0.564905
285.1		0.565302
285.2		0.565302
285.3		0.565302
285.4		0.565302
285.5		0.565302
285.6		0.565302
285.7		0.565302
285.8		0.565302
285.9		0.565302
286		0.565302
286.1		0.566938
286.2		0.566938
286.3		0.566938
286.4		0.566938
286.5		0.566938
286.6		0.566938
286.7		0.566938
286.8		0.566938
286.9		0.566938
287		0.566938
287.1		0.571964
287.2		0.571964
287.3		0.571964
287.4		0.571964
287.5		0.571964
287.6		0.571964
287.7		0.571964
287.8		0.571964
287.9		0.571964
288		0.571964
288.1		0.575806
288.2		0.575806
288.3		0.575806
288.4		0.575806
288.5		0.575806
288.6		0.575806
288.7		0.575806
288.8		0.575806
288.9		0.575806
289		0.575806
289.1		0.57644
289.2		0.57644
289.3		0.57644
289.4		0.57644
289.5		0.57644
289.6		0.57644
289.7		0.57644
289.8		0.57644
289.9		0.57644
290		0.57644
290.1		0.576868
290.2		0.576868
290.3		0.576868
290.4		0.576868
290.5		0.576868
290.6		0.576868
290.7		0.576868
290.8		0.576868
290.9		0.576868
291		0.576868
291.1		0.584085
291.2		0.584085
291.3		0.584085
291.4		0.584085
291.5		0.584085
291.6		0.584085
291.7		0.584085
291.8		0.584085
291.9		0.584085
292		0.584085
292.1		0.585029
292.2		0.585029
292.3		0.585029
292.4		0.585029
292.5		0.585029
292.6		0.585029
292.7		0.585029
292.8		0.585029
292.9		0.585029
293		0.585029
293.1		0.585597
293.2		0.585597
293.3		0.585597
293.4		0.585597
293.5		0.585597
293.6		0.585597
293.7		0.585597
293.8		0.585597
293.9		0.585597
294		0.585597
294.1		0.585873
294.2		0.585873
294.3		0.585873
294.4		0.585873
294.5		0.585873
294.6		0.585873
294.7		0.585873
294.8		0.585873
294.9		0.585873
295		0.585873
295.1		0.586106
295.2		0.586106
295.3		0.586106
295.4		0.586106
295.5		0.586106
295.6		0.586106
295.7		0.586106
295.8		0.586106
295.9		0.586106
296		0.586106
296.1		0.592523
296.2		0.592523
296.3		0.592523
296.4		0.592523
296.5		0.592523
296.6		0.592523
296.7		0.592523
296.8		0.592523
296.9		0.592523
297		0.592523
297.1		0.593514
297.2		0.593514
297.3		0.593514
297.4		0.593514
297.5		0.593514
297.6		0.593514
297.7		0.593514
297.8		0.593514
297.9		0.593514
298		0.593514
298.1		0.594082
298.2		0.594082
298.3		0.594082
298.4		0.594082
298.5		0.594082
298.6		0.594082
298.7		0.594082
298.8		0.594082
298.9		0.594082
299		0.594082
299.1		0.601171
299.2		0.601171
299.3		0.601171
299.4		0.601171
299.5		0.601171
299.6		0.601171
299.7		0.601171
299.8		0.601171
299.9		0.601171
300		0.601171
300.1		0.602917
300.2		0.602917
300.3		0.602917
300.4		0.602917
300.5		0.602917
300.6		0.602917
300.7		0.602917
300.8		0.602917
300.9		0.602917
301		0.602917
301.1		0.603174
301.2		0.603174
301.3		0.603174
301.4		0.603174
301.5		0.603174
301.6		0.603174
301.7		0.603174
301.8		0.603174
301.9		0.603174
302		0.603174
302.1		0.608187
302.2		0.608187
302.3		0.608187
302.4		0.608187
302.5		0.608187
302.6		0.608187
302.7		0.608187
302.8		0.608187
302.9		0.608187
303		0.608187
303.1		0.610447
303.2		0.610447
303.3		0.610447
303.4		0.610447
303.5		0.610447
303.6		0.610447
303.7		0.610447
303.8		0.610447
303.9		0.610447
304		0.610447
304.1		0.611884
304.2		0.611884
304.3		0.611884
304.4		0.611884
304.5		0.611884
304.6		0.611884
304.7		0.611884
304.8		0.611884
304.9		0.611884
305		0.611884
305.1		0.615411
305.2		0.615411
305.3		0.615411
305.4		0.615411
305.5		0.615411
305.6		0.615411
305.7		0.615411
305.8		0.615411
305.9		0.615411
306		0.615411
306.1		0.618508
306.2		0.618508
306.3		0.618508
306.4		0.618508
306.5		0.618508
306.6		0.618508
306.7		0.618508
306.8		0.618508
306.9		0.618508
307		0.618508
307.1		0.618938
307.2		0.618938
307.3		0.618938
307.4		0.618938
307.5		0.618938
307.6		0.618938
307.7		0.618938
307.8		0.618938
307.9		0.618938
308		0.618938
308.1		0.620712
308.2		0.620712
308.3		0.620712
308.4		0.620712
308.5		0.620712
308.6		0.620712
308.7		0.620712
308.8		0.620712
308.9		0.620712
309		0.620712
309.1		0.621767
309.2		0.621767
309.3		0.621767
309.4		0.621767
309.5		0.621767
309.6		0.621767
309.7		0.621767
309.8		0.621767
309.9		0.621767
310		0.621767
310.1		0.627378
310.2		0.627378
310.3		0.627378
310.4		0.627378
310.5		0.627378
310.6		0.627378
310.7		0.627378
310.8		0.627378
310.9		0.627378
311		0.627378
311.1		0.627844
311.2		0.627844
311.3		0.627844
311.4		0.627844
311.5		0.627844
311.6		0.627844
311.7		0.627844
311.8		0.627844
311.9		0.627844
312		0.627844
312.1		0.629168
312.2		0.629168
312.3		0.629168
312.4		0.629168
312.5		0.629168
312.6		0.629168
312.7		0.629168
312.8		0.629168
312.9		0.629168
313		0.629168
313.1		0.63006
313.2		0.63006
313.3		0.63006
313.4		0.63006
313.5		0.63006
313.6		0.63006
313.7		0.63006
313.8		0.63006
313.9		0.63006
314		0.63006
314.1		0.635448
314.2		0.635448
314.3		0.635448
314.4		0.635448
314.5		0.635448
314.6		0.635448
314.7		0.635448
314.8		0.635448
314.9		0.635448
315		0.635448
315.1		0.636597
315.2		0.636597
315.3		0.636597
315.4		0.636597
315.5		0.636597
315.6		0.636597
315.7		0.636597
315.8		0.636597
315.9		0.636597
316		0.636597
316.1		0.638891
316.2		0.638891
316.3		0.638891
316.4		0.638891
316.5		0.638891
316.6		0.638891
316.7		0.638891
316.8		0.638891
316.9		0.638891
317		0.638891
317.1		0.639742
317.2		0.639742
317.3		0.639742
317.4		0.639742
317.5		0.639742
317.6		0.639742
317.7		0.639742
317.8		0.639742
317.9		0.639742
318		0.639742
318.1		0.643857
318.2		0.643857
318.3		0.643857
318.4		0.643857
318.5		0.643857
318.6		0.643857
318.7		0.643857
318.8		0.643857
318.9		0.643857
319		0.643857
319.1		0.644759
319.2		0.644759
319.3		0.644759
319.4		0.644759
319.5		0.644759
319.6		0.644759
319.7		0.644759
319.8		0.644759
319.9		0.644759
320		0.644759
320.1		0.64562
320.2		0.64562
320.3		0.64562
320.4		0.64562
320.5		0.64562
320.6		0.64562
320.7		0.64562
320.8		0.64562
320.9		0.64562
321		0.64562
321.1		0.647787
321.2		0.647787
321.3		0.647787
321.4		0.647787
321.5		0.647787
321.6		0.647787
321.7		0.647787
321.8		0.647787
321.9		0.647787
322		0.647787
322.1		0.651002
322.2		0.651002
322.3		0.651002
322.4		0.651002
322.5		0.651002
322.6		0.651002
322.7		0.651002
322.8		0.651002
322.9		0.651002
323		0.651002
323.1		0.653523
323.2		0.653523
323.3		0.653523
323.4		0.653523
323.5		0.653523
323.6		0.653523
323.7		0.653523
323.8		0.653523
323.9		0.653523
324		0.653523
324.1		0.654458
324.2		0.654458
324.3		0.654458
324.4		0.654458
324.5		0.654458
324.6		0.654458
324.7		0.654458
324.8		0.654458
324.9		0.654458
325		0.654458
325.1		0.656855
325.2		0.656855
325.3		0.656855
325.4		0.656855
325.5		0.656855
325.6		0.656855
325.7		0.656855
325.8		0.656855
325.9		0.656855
326		0.656855
326.1		0.659074
326.2		0.659074
326.3		0.659074
326.4		0.659074
326.5		0.659074
326.6		0.659074
326.7		0.659074
326.8		0.659074
326.9		0.659074
327		0.659074
327.1		0.659513
327.2		0.659513
327.3		0.659513
327.4		0.659513
327.5		0.659513
327.6		0.659513
327.7		0.659513
327.8		0.659513
327.9		0.659513
328		0.659513
328.1		0.661742
328.2		0.661742
328.3		0.661742
328.4		0.661742
328.5		0.661742
328.6		0.661742
328.7		0.661742
328.8		0.661742
328.9		0.661742
329		0.661742
329.1		0.665006
329.2		0.665006
329.3		0.665006
329.4		0.665006
329.5		0.665006
329.6		0.665006
329.7		0.665006
329.8		0.665006
329.9		0.665006
330		0.665006
330.1		0.665951
330.2		0.665951
330.3		0.665951
330.4		0.665951
330.5		0.665951
330.6		0.665951
330.7		0.665951
330.8		0.665951
330.9		0.665951
331		0.665951
331.1		0.669365
331.2		0.669365
331.3		0.669365
331.4		0.669365
331.5		0.669365
331.6		0.669365
331.7		0.669365
331.8		0.669365
331.9		0.669365
332		0.669365
332.1		0.671762
332.2		0.671762
332.3		0.671762
332.4		0.671762
332.5		0.671762
332.6		0.671762
332.7		0.671762
332.8		0.671762
332.9		0.671762
333		0.671762
333.1		0.672658
333.2		0.672658
333.3		0.672658
333.4		0.672658
333.5		0.672658
333.6		0.672658
333.7		0.672658
333.8		0.672658
333.9		0.672658
334		0.672658
334.1		0.673864
334.2		0.673864
334.3		0.673864
334.4		0.673864
334.5		0.673864
334.6		0.673864
334.7		0.673864
334.8		0.673864
334.9		0.673864
335		0.673864
335.1		0.676657
335.2		0.676657
335.3		0.676657
335.4		0.676657
335.5		0.676657
335.6		0.676657
335.7		0.676657
335.8		0.676657
335.9		0.676657
336		0.676657
336.1		0.682542
336.2		0.682542
336.3		0.682542
336.4		0.682542
336.5		0.682542
336.6		0.682542
336.7		0.682542
336.8		0.682542
336.9		0.682542
337		0.682542
337.1		0.683155
337.2		0.683155
337.3		0.683155
337.4		0.683155
337.5		0.683155
337.6		0.683155
337.7		0.683155
337.8		0.683155
337.9		0.683155
338		0.683155
338.1		0.686463
338.2		0.686463
338.3		0.686463
338.4		0.686463
338.5		0.686463
338.6		0.686463
338.7		0.686463
338.8		0.686463
338.9		0.686463
339		0.686463
339.1		0.688519
339.2		0.688519
339.3		0.688519
339.4		0.688519
339.5		0.688519
339.6		0.688519
339.7		0.688519
339.8		0.688519
339.9		0.688519
340		0.688519
340.1		0.692904
340.2		0.692904
340.3		0.692904
340.4		0.692904
340.5		0.692904
340.6		0.692904
340.7		0.692904
340.8		0.692904
340.9		0.692904
341		0.692904
341.1		0.693368
341.2		0.693368
341.3		0.693368
341.4		0.693368
341.5		0.693368
341.6		0.693368
341.7		0.693368
341.8		0.693368
341.9		0.693368
342		0.693368
342.1		0.697891
342.2		0.697891
342.3		0.697891
342.4		0.697891
342.5		0.697891
342.6		0.697891
342.7		0.697891
342.8		0.697891
342.9		0.697891
343		0.697891
343.1		0.69844
343.2		0.69844
343.3		0.69844
343.4		0.69844
343.5		0.69844
343.6		0.69844
343.7		0.69844
343.8		0.69844
343.9		0.69844
344		0.69844
344.1		0.700242
344.2		0.700242
344.3		0.700242
344.4		0.700242
344.5		0.700242
344.6		0.700242
344.7		0.700242
344.8		0.700242
344.9		0.700242
345		0.700242
345.1		0.704289
345.2		0.704289
345.3		0.704289
345.4		0.704289
345.5		0.704289
345.6		0.704289
345.7		0.704289
345.8		0.704289
345.9		0.704289
346		0.704289
346.1		0.705253
346.2		0.705253
346.3		0.705253
346.4		0.705253
346.5		0.705253
346.6		0.705253
346.7		0.705253
346.8		0.705253
346.9		0.705253
347		0.705253
347.1		0.705254
347.2		0.705254
347.3		0.705254
347.4		0.705254
347.5		0.705254
347.6		0.705254
347.7		0.705254
347.8		0.705254
347.9		0.705254
348		0.705254
348.1		0.70683
348.2		0.70683
348.3		0.70683
348.4		0.70683
348.5		0.70683
348.6		0.70683
348.7		0.70683
348.8		0.70683
348.9		0.70683
349		0.70683
349.1		0.708369
349.2		0.708369
349.3		0.708369
349.4		0.708369
349.5		0.708369
349.6		0.708369
349.7		0.708369
349.8		0.708369
349.9		0.708369
350		0.708369
350.1		0.712708
350.2		0.712708
350.3		0.712708
350.4		0.712708
350.5		0.712708
350.6		0.712708
350.7		0.712708
350.8		0.712708
350.9		0.712708
351		0.712708
351.1		0.713312
351.2		0.713312
351.3		0.713312
351.4		0.713312
351.5		0.713312
351.6		0.713312
351.7		0.713312
351.8		0.713312
351.9		0.713312
352		0.713312
352.1		0.717233
352.2		0.717233
352.3		0.717233
352.4		0.717233
352.5		0.717233
352.6		0.717233
352.7		0.717233
352.8		0.717233
352.9		0.717233
353		0.717233
353.1		0.720152
353.2		0.720152
353.3		0.720152
353.4		0.720152
353.5		0.720152
353.6		0.720152
353.7		0.720152
353.8		0.720152
353.9		0.720152
354		0.720152
354.1		0.724668
354.2		0.724668
354.3		0.724668
354.4		0.724668
354.5		0.724668
354.6		0.724668
354.7		0.724668
354.8		0.724668
354.9		0.724668
355		0.724668
355.1		0.725328
355.2		0.725328
355.3		0.725328
355.4		0.725328
355.5		0.725328
355.6		0.725328
355.7		0.725328
355.8		0.725328
355.9		0.725328
356		0.725328
356.1		0.728088
356.2		0.728088
356.3		0.728088
356.4		0.728088
356.5		0.728088
356.6		0.728088
356.7		0.728088
356.8		0.728088
356.9		0.728088
357		0.728088
357.1		0.733592
357.2		0.733592
357.3		0.733592
357.4		0.733592
357.5		0.733592
357.6		0.733592
357.7		0.733592
357.8		0.733592
357.9		0.733592
358		0.733592
358.1		0.736468
358.2		0.736468
358.3		0.736468
358.4		0.736468
358.5		0.736468
358.6		0.736468
358.7		0.736468
358.8		0.736468
358.9		0.736468
359		0.736468
359.1		0.736744
359.2		0.736744
359.3		0.736744
359.4		0.736744
359.5		0.736744
359.6		0.736744
359.7		0.736744
359.8		0.736744
359.9		0.736744
360		0.736744
360.1		0.737383
360.2		0.737383
360.3		0.737383
360.4		0.737383
360.5		0.737383
360.6		0.737383
360.7		0.737383
360.8		0.737383
360.9		0.737383
361		0.737383
361.1		0.740326
361.2		0.740326
361.3		0.740326
361.4		0.740326
361.5		0.740326
361.6		0.740326
361.7		0.740326
361.8		0.740326
361.9		0.740326
362		0.740326
362.1		0.744581
362.2		0.744581
362.3		0.744581
362.4		0.744581
362.5		0.744581
362.6		0.744581
362.7		0.744581
362.8		0.744581
362.9		0.744581
363		0.744581
363.1		0.744843
363.2		0.744843
363.3		0.744843
363.4		0.744843
363.5		0.744843
363.6		0.744843
363.7		0.744843
363.8		0.744843
363.9		0.744843
364		0.744843
364.1		0.746152
364.2		0.746152
364.3		0.746152
364.4		0.746152
364.5		0.746152
364.6		0.746152
364.7		0.746152
364.8		0.746152
364.9		0.746152
365		0.746152
365.1		0.748843
365.2		0.748843
365.3		0.748843
365.4		0.748843
365.5		0.748843
365.6		0.748843
365.7		0.748843
365.8		0.748843
365.9		0.748843
366		0.748843
366.1		0.751078
366.2		0.751078
366.3		0.751078
366.4		0.751078
366.5		0.751078
366.6		0.751078
366.7		0.751078
366.8		0.751078
366.9		0.751078
367		0.751078
367.1		0.754492
367.2		0.754492
367.3		0.754492
367.4		0.754492
367.5		0.754492
367.6		0.754492
367.7		0.754492
367.8		0.754492
367.9		0.754492
368		0.754492
368.1		0.755476
368.2		0.755476
368.3		0.755476
368.4		0.755476
368.5		0.755476
368.6		0.755476
368.7		0.755476
368.8		0.755476
368.9		0.755476
369		0.755476
369.1		0.756935
369.2		0.756935
369.3		0.756935
369.4		0.756935
369.5		0.756935
369.6		0.756935
369.7		0.756935
369.8		0.756935
369.9		0.756935
370		0.756935
370.1		0.758124
370.2		0.758124
370.3		0.758124
370.4		0.758124
370.5		0.758124
370.6		0.758124
370.7		0.758124
370.8		0.758124
370.9		0.758124
371		0.758124
371.1		0.761872
371.2		0.761872
371.3		0.761872
371.4		0.761872
371.5		0.761872
371.6		0.761872
371.7		0.761872
371.8		0.761872
371.9		0.761872
372		0.761872
372.1		0.763634
372.2		0.763634
372.3		0.763634
372.4		0.763634
372.5		0.763634
372.6		0.763634
372.7		0.763634
372.8		0.763634
372.9		0.763634
373		0.763634
373.1		0.767946
373.2		0.767946
373.3		0.767946
373.4		0.767946
373.5		0.767946
373.6		0.767946
373.7		0.767946
373.8		0.767946
373.9		0.767946
374		0.767946
374.1		0.76841
374.2		0.76841
374.3		0.76841
374.4		0.76841
374.5		0.76841
374.6		0.76841
374.7		0.76841
374.8		0.76841
374.9		0.76841
375		0.76841
375.1		0.768656
375.2		0.768656
375.3		0.768656
375.4		0.768656
375.5		0.768656
375.6		0.768656
375.7		0.768656
375.8		0.768656
375.9		0.768656
376		0.768656
376.1		0.772395
376.2		0.772395
376.3		0.772395
376.4		0.772395
376.5		0.772395
376.6		0.772395
376.7		0.772395
376.8		0.772395
376.9		0.772395
377		0.772395
377.1		0.774154
377.2		0.774154
377.3		0.774154
377.4		0.774154
377.5		0.774154
377.6		0.774154
377.7		0.774154
377.8		0.774154
377.9		0.774154
378		0.774154
378.1		0.774386
378.2		0.774386
378.3		0.774386
378.4		0.774386
378.5		0.774386
378.6		0.774386
378.7		0.774386
378.8		0.774386
378.9		0.774386
379		0.774386
379.1		0.780014
379.2		0.780014
379.3		0.780014
379.4		0.780014
379.5		0.780014
379.6		0.780014
379.7		0.780014
379.8		0.780014
379.9		0.780014
380		0.780014
380.1		0.780792
380.2		0.780792
380.3		0.780792
380.4		0.780792
380.5		0.780792
380.6		0.780792
380.7		0.780792
380.8		0.780792
380.9		0.780792
381		0.780792
381.1		0.783022
381.2		0.783022
381.3		0.783022
381.4		0.783022
381.5		0.783022
381.6		0.783022
381.7		0.783022
381.8		0.783022
381.9		0.783022
382		0.783022
382.1		0.783362
382.2		0.783362
382.3		0.783362
382.4		0.783362
382.5		0.783362
382.6		0.783362
382.7		0.783362
382.8		0.783362
382.9		0.783362
383		0.783362
383.1		0.784269
383.2		0.784269
383.3		0.784269
383.4		0.784269
383.5		0.784269
383.6		0.784269
383.7		0.784269
383.8		0.784269
383.9		0.784269
384		0.784269
384.1		0.789303
384.2		0.789303
384.3		0.789303
384.4		0.789303
384.5		0.789303
384.6		0.789303
384.7		0.789303
384.8		0.789303
384.9		0.789303
385		0.789303
385.1		0.791104
385.2		0.791104
385.3		0.791104
385.4		0.791104
385.5		0.791104
385.6		0.791104
385.7		0.791104
385.8		0.791104
385.9		0.791104
386		0.791104
386.1		0.792644
386.2		0.792644
386.3		0.792644
386.4		0.792644
386.5		0.792644
386.6		0.792644
386.7		0.792644
386.8		0.792644
386.9		0.792644
387		0.792644
387.1		0.794401
387.2		0.794401
387.3		0.794401
387.4		0.794401
387.5		0.794401
387.6		0.794401
387.7		0.794401
387.8		0.794401
387.9		0.794401
388		0.794401
388.1		0.796847
388.2		0.796847
388.3		0.796847
388.4		0.796847
388.5		0.796847
388.6		0.796847
388.7		0.796847
388.8		0.796847
388.9		0.796847
389		0.796847
389.1		0.798737
389.2		0.798737
389.3		0.798737
389.4		0.798737
389.5		0.798737
389.6		0.798737
389.7		0.798737
389.8		0.798737
389.9		0.798737
390		0.798737
390.1		0.799162
390.2		0.799162
390.3		0.799162
390.4		0.799162
390.5		0.799162
390.6		0.799162
390.7		0.799162
390.8		0.799162
390.9		0.799162
391		0.799162
391.1		0.802151
391.2		0.802151
391.3		0.802151
391.4		0.802151
391.5		0.802151
391.6		0.802151
391.7		0.802151
391.8		0.802151
391.9		0.802151
392		0.802151
392.1		0.805981
392.2		0.805981
392.3		0.805981
392.4		0.805981
392.5		0.805981
392.6		0.805981
392.7		0.805981
392.8		0.805981
392.9		0.805981
393		0.805981
393.1		0.807903
393.2		0.807903
393.3		0.807903
393.4		0.807903
393.5		0.807903
393.6		0.807903
393.7		0.807903
393.8		0.807903
393.9		0.807903
394		0.807903
394.1		0.809783
394.2		0.809783
394.3		0.809783
394.4		0.809783
394.5		0.809783
394.6		0.809783
394.7		0.809783
394.8		0.809783
394.9		0.809783
395		0.809783
395.1		0.809926
395.2		0.809926
395.3		0.809926
395.4		0.809926
395.5		0.809926
395.6		0.809926
395.7		0.809926
395.8		0.809926
395.9		0.809926
396		0.809926
396.1		0.812856
396.2		0.812856
396.3		0.812856
396.4		0.812856
396.5		0.812856
396.6		0.812856
396.7		0.812856
396.8		0.812856
396.9		0.812856
397		0.812856
397.1		0.816112
397.2		0.816112
397.3		0.816112
397.4		0.816112
397.5		0.816112
397.6		0.816112
397.7		0.816112
397.8		0.816112
397.9		0.816112
398		0.816112
398.1		0.819108
398.2		0.819108
398.3		0.819108
398.4		0.819108
398.5		0.819108
398.6		0.819108
398.7		0.819108
398.8		0.819108
398.9		0.819108
399		0.819108
399.1		0.821001
399.2		0.821001
399.3		0.821001
399.4		0.821001
399.5		0.821001
399.6		0.821001
399.7		0.821001
399.8		0.821001
399.9		0.821001
400		0.821001
400.1		0.821557
400.2		0.821557
400.3		0.821557
400.4		0.821557
400.5		0.821557
400.6		0.821557
400.7		0.821557
400.8		0.821557
400.9		0.821557
401		0.821557
401.1		0.82402
401.2		0.82402
401.3		0.82402
401.4		0.82402
401.5		0.82402
401.6		0.82402
401.7		0.82402
401.8		0.82402
401.9		0.82402
402		0.82402
402.1		0.825853
402.2		0.825853
402.3		0.825853
402.4		0.825853
402.5		0.825853
402.6		0.825853
402.7		0.825853
402.8		0.825853
402.9		0.825853
403		0.825853
403.1		0.82771
403.2		0.82771
403.3		0.82771
403.4		0.82771
403.5		0.82771
403.6		0.82771
403.7		0.82771
403.8		0.82771
403.9		0.82771
404		0.82771
404.1		0.828515
404.2		0.828515
404.3		0.828515
404.4		0.828515
404.5		0.828515
404.6		0.828515
404.7		0.828515
404.8		0.828515
404.9		0.828515
405		0.828515
405.1		0.831718
405.2		0.831718
405.3		0.831718
405.4		0.831718
405.5		0.831718
405.6		0.831718
405.7		0.831718
405.8		0.831718
405.9		0.831718
406		0.831718
406.1		0.834765
406.2		0.834765
406.3		0.834765
406.4		0.834765
406.5		0.834765
406.6		0.834765
406.7		0.834765
406.8		0.834765
406.9		0.834765
407		0.834765
407.1		0.835445
407.2		0.835445
407.3		0.835445
407.4		0.835445
407.5		0.835445
407.6		0.835445
407.7		0.835445
407.8		0.835445
407.9		0.835445
408		0.835445
408.1		0.837963
408.2		0.837963
408.3		0.837963
408.4		0.837963
408.5		0.837963
408.6		0.837963
408.7		0.837963
408.8		0.837963
408.9		0.837963
409		0.837963
409.1		0.838323
409.2		0.838323
409.3		0.838323
409.4		0.838323
409.5		0.838323
409.6		0.838323
409.7		0.838323
409.8		0.838323
409.9		0.838323
410		0.838323
410.1		0.842409
410.2		0.842409
410.3		0.842409
410.4		0.842409
410.5		0.842409
410.6		0.842409
410.7		0.842409
410.8		0.842409
410.9		0.842409
411		0.842409
411.1		0.84337
411.2		0.84337
411.3		0.84337
411.4		0.84337
411.5		0.84337
411.6		0.84337
411.7		0.84337
411.8		0.84337
411.9		0.84337
412		0.84337
412.1		0.846135
412.2		0.846135
412.3		0.846135
412.4		0.846135
412.5		0.846135
412.6		0.846135
412.7		0.846135
412.8		0.846135
412.9		0.846135
413		0.846135
413.1		0.846408
413.2		0.846408
413.3		0.846408
413.4		0.846408
413.5		0.846408
413.6		0.846408
413.7		0.846408
413.8		0.846408
413.9		0.846408
414		0.846408
414.1		0.851889
414.2		0.851889
414.3		0.851889
414.4		0.851889
414.5		0.851889
414.6		0.851889
414.7		0.851889
414.8		0.851889
414.9		0.851889
415		0.851889
415.1		0.852367
415.2		0.852367
415.3		0.852367
415.4		0.852367
415.5		0.852367
415.6		0.852367
415.7		0.852367
415.8		0.852367
415.9		0.852367
416		0.852367
416.1		0.854891
416.2		0.854891
416.3		0.854891
416.4		0.854891
416.5		0.854891
416.6		0.854891
416.7		0.854891
416.8		0.854891
416.9		0.854891
417		0.854891
417.1		0.855246
417.2		0.855246
417.3		0.855246
417.4		0.855246
417.5		0.855246
417.6		0.855246
417.7		0.855246
417.8		0.855246
417.9		0.855246
418		0.855246
418.1		0.858332
418.2		0.858332
418.3		0.858332
418.4		0.858332
418.5		0.858332
418.6		0.858332
418.7		0.858332
418.8		0.858332
418.9		0.858332
419		0.858332
419.1		0.861429
419.2		0.861429
419.3		0.861429
419.4		0.861429
419.5		0.861429
419.6		0.861429
419.7		0.861429
419.8		0.861429
419.9		0.861429
420		0.861429
420.1		0.861945
420.2		0.861945
420.3		0.861945
420.4		0.861945
420.5		0.861945
420.6		0.861945
420.7		0.861945
420.8		0.861945
420.9		0.861945
421		0.861945
421.1		0.86346
421.2		0.86346
421.3		0.86346
421.4		0.86346
421.5		0.86346
421.6		0.86346
421.7		0.86346
421.8		0.86346
421.9		0.86346
422		0.86346
422.1		0.866834
422.2		0.866834
422.3		0.866834
422.4		0.866834
422.5		0.866834
422.6		0.866834
422.7		0.866834
422.8		0.866834
422.9		0.866834
423		0.866834
423.1		0.868458
423.2		0.868458
423.3		0.868458
423.4		0.868458
423.5		0.868458
423.6		0.868458
423.7		0.868458
423.8		0.868458
423.9		0.868458
424		0.868458
424.1		0.869261
424.2		0.869261
424.3		0.869261
424.4		0.869261
424.5		0.869261
424.6		0.869261
424.7		0.869261
424.8		0.869261
424.9		0.869261
425		0.869261
425.1		0.872988
425.2		0.872988
425.3		0.872988
425.4		0.872988
425.5		0.872988
425.6		0.872988
425.7		0.872988
425.8		0.872988
425.9		0.872988
426		0.872988
426.1		0.876429
426.2		0.876429
426.3		0.876429
426.4		0.876429
426.5		0.876429
426.6		0.876429
426.7		0.876429
426.8		0.876429
426.9		0.876429
427		0.876429
427.1		0.87658
427.2		0.87658
427.3		0.87658
427.4		0.87658
427.5		0.87658
427.6		0.87658
427.7		0.87658
427.8		0.87658
427.9		0.87658
428		0.87658
428.1		0.878268
428.2		0.878268
428.3		0.878268
428.4		0.878268
428.5		0.878268
428.6		0.878268
428.7		0.878268
428.8		0.878268
428.9		0.878268
429		0.878268
429.1		0.879374
429.2		0.879374
429.3		0.879374
429.4		0.879374
429.5		0.879374
429.6		0.879374
429.7		0.879374
429.8		0.879374
429.9		0.879374
430		0.879374
430.1		0.881182
430.2		0.881182
430.3		0.881182
430.4		0.881182
430.5		0.881182
430.6		0.881182
430.7		0.881182
430.8		0.881182
430.9		0.881182
431		0.881182
431.1		0.886794
431.2		0.886794
431.3		0.886794
431.4		0.886794
431.5		0.886794
431.6		0.886794
431.7		0.886794
431.8		0.886794
431.9		0.886794
432		0.886794
432.1		0.887689
432.2		0.887689
432.3		0.887689
432.4		0.887689
432.5		0.887689
432.6		0.887689
432.7		0.887689
432.8		0.887689
432.9		0.887689
433		0.887689
433.1		0.889175
433.2		0.889175
433.3		0.889175
433.4		0.889175
433.5		0.889175
433.6		0.889175
433.7		0.889175
433.8		0.889175
433.9		0.889175
434		0.889175
434.1		0.8915
434.2		0.8915
434.3		0.8915
434.4		0.8915
434.5		0.8915
434.6		0.8915
434.7		0.8915
434.8		0.8915
434.9		0.8915
435		0.8915
435.1		0.892645
435.2		0.892645
435.3		0.892645
435.4		0.892645
435.5		0.892645
435.6		0.892645
435.7		0.892645
435.8		0.892645
435.9		0.892645
436		0.892645
436.1		0.895868
436.2		0.895868
436.3		0.895868
436.4		0.895868
436.5		0.895868
436.6		0.895868
436.7		0.895868
436.8		0.895868
436.9		0.895868
437		0.895868
437.1		0.897516
437.2		0.897516
437.3		0.897516
437.4		0.897516
437.5		0.897516
437.6		0.897516
437.7		0.897516
437.8		0.897516
437.9		0.897516
438		0.897516
438.1		0.898469
438.2		0.898469
438.3		0.898469
438.4		0.898469
438.5		0.898469
438.6		0.898469
438.7		0.898469
438.8		0.898469
438.9		0.898469
439		0.898469
439.1		0.900918
439.2		0.900918
439.3		0.900918
439.4		0.900918
439.5		0.900918
439.6		0.900918
439.7		0.900918
439.8		0.900918
439.9		0.900918
440		0.900918
440.1		0.903116
440.2		0.903116
440.3		0.903116
440.4		0.903116
440.5		0.903116
440.6		0.903116
440.7		0.903116
440.8		0.903116
440.9		0.903116
441		0.903116
441.1		0.90723
441.2		0.90723
441.3		0.90723
441.4		0.90723
441.5		0.90723
441.6		0.90723
441.7		0.90723
441.8		0.90723
441.9		0.90723
442		0.90723
442.1		0.90825
442.2		0.90825
442.3		0.90825
442.4		0.90825
442.5		0.90825
442.6		0.90825
442.7		0.90825
442.8		0.90825
442.9		0.90825
443		0.90825
443.1		0.908489
443.2		0.908489
443.3		0.908489
443.4		0.908489
443.5		0.908489
443.6		0.908489
443.7		0.908489
443.8		0.908489
443.9		0.908489
444		0.908489
444.1		0.912731
444.2		0.912731
444.3		0.912731
444.4		0.912731
444.5		0.912731
444.6		0.912731
444.7		0.912731
444.8		0.912731
444.9		0.912731
445		0.912731
445.1		0.914129
445.2		0.914129
445.3		0.914129
445.4		0.914129
445.5		0.914129
445.6		0.914129
445.7		0.914129
445.8		0.914129
445.9		0.914129
446		0.914129
446.1		0.916074
446.2		0.916074
446.3		0.916074
446.4		0.916074
446.5		0.916074
446.6		0.916074
446.7		0.916074
446.8		0.916074
446.9		0.916074
447		0.916074
447.1		0.918409
447.2		0.918409
447.3		0.918409
447.4		0.918409
447.5		0.918409
447.6		0.918409
447.7		0.918409
447.8		0.918409
447.9		0.918409
448		0.918409
448.1		0.921533
448.2		0.921533
448.3		0.921533
448.4		0.921533
448.5		0.921533
448.6		0.921533
448.7		0.921533
448.8		0.921533
448.9		0.921533
449		0.921533
449.1		0.92391
449.2		0.92391
449.3		0.92391
449.4		0.92391
449.5		0.92391
449.6		0.92391
449.7		0.92391
449.8		0.92391
449.9		0.92391
450		0.92391
450.1		0.925597
450.2		0.925597
450.3		0.925597
450.4		0.925597
450.5		0.925597
450.6		0.925597
450.7		0.925597
450.8		0.925597
450.9		0.925597
451		0.925597
451.1		0.928111
451.2		0.928111
451.3		0.928111
451.4		0.928111
451.5		0.928111
451.6		0.928111
451.7		0.928111
451.8		0.928111
451.9		0.928111
452		0.928111
452.1		0.928578
452.2		0.928578
452.3		0.928578
452.4		0.928578
452.5		0.928578
452.6		0.928578
452.7		0.928578
452.8		0.928578
452.9		0.928578
453		0.928578
453.1		0.931279
453.2		0.931279
453.3		0.931279
453.4		0.931279
453.5		0.931279
453.6		0.931279
453.7		0.931279
453.8		0.931279
453.9		0.931279
454		0.931279
454.1		0.93237
454.2		0.93237
454.3		0.93237
454.4		0.93237
454.5		0.93237
454.6		0.93237
454.7		0.93237
454.8		0.93237
454.9		0.93237
455		0.93237
455.1		0.933966
455.2		0.933966
455.3		0.933966
455.4		0.933966
455.5		0.933966
455.6		0.933966
455.7		0.933966
455.8		0.933966
455.9		0.933966
456		0.933966
456.1		0.937493
456.2		0.937493
456.3		0.937493
456.4		0.937493
456.5		0.937493
456.6		0.937493
456.7		0.937493
456.8		0.937493
456.9		0.937493
457		0.937493
457.1		0.939567
457.2		0.939567
457.3		0.939567
457.4		0.939567
457.5		0.939567
457.6		0.939567
457.7		0.939567
457.8		0.939567
457.9		0.939567
458		0.939567
458.1		0.940036
458.2		0.940036
458.3		0.940036
458.4		0.940036
458.5		0.940036
458.6		0.940036
458.7		0.940036
458.8		0.940036
458.9		0.940036
459		0.940036
459.1		0.941911
459.2		0.941911
459.3		0.941911
459.4		0.941911
459.5		0.941911
459.6		0.941911
459.7		0.941911
459.8		0.941911
459.9		0.941911
460		0.941911
460.1		0.944163
460.2		0.944163
460.3		0.944163
460.4		0.944163
460.5		0.944163
460.6		0.944163
460.7		0.944163
460.8		0.944163
460.9		0.944163
461		0.944163
461.1		0.948206
461.2		0.948206
461.3		0.948206
461.4		0.948206
461.5		0.948206
461.6		0.948206
461.7		0.948206
461.8		0.948206
461.9		0.948206
462		0.948206
462.1		0.948791
462.2		0.948791
462.3		0.948791
462.4		0.948791
462.5		0.948791
462.6		0.948791
462.7		0.948791
462.8		0.948791
462.9		0.948791
463		0.948791
463.1		0.951289
463.2		0.951289
463.3		0.951289
463.4		0.951289
463.5		0.951289
463.6		0.951289
463.7		0.951289
463.8		0.951289
463.9		0.951289
464		0.951289
464.1		0.952969
464.2		0.952969
464.3		0.952969
464.4		0.952969
464.5		0.952969
464.6		0.952969
464.7		0.952969
464.8		0.952969
464.9		0.952969
465		0.952969
465.1		0.954767
465.2		0.954767
465.3		0.954767
465.4		0.954767
465.5		0.954767
465.6		0.954767
465.7		0.954767
465.8		0.954767
465.9		0.954767
466		0.954767
466.1		0.957882
466.2		0.957882
466.3		0.957882
466.4		0.957882
466.5		0.957882
466.6		0.957882
466.7		0.957882
466.8		0.957882
466.9		0.957882
467		0.957882
467.1		0.958941
467.2		0.958941
467.3		0.958941
467.4		0.958941
467.5		0.958941
467.6		0.958941
467.7		0.958941
467.8		0.958941
467.9		0.958941
468		0.958941
468.1		0.961101
468.2		0.961101
468.3		0.961101
468.4		0.961101
468.5		0.961101
468.6		0.961101
468.7		0.961101
468.8		0.961101
468.9		0.961101
469		0.961101
469.1		0.963399
469.2		0.963399
469.3		0.963399
469.4		0.963399
469.5		0.963399
469.6		0.963399
469.7		0.963399
469.8		0.963399
469.9		0.963399
470		0.963399
470.1		0.966625
470.2		0.966625
470.3		0.966625
470.4		0.966625
470.5		0.966625
470.6		0.966625
470.7		0.966625
470.8		0.966625
470.9		0.966625
471		0.966625
471.1		0.969194
471.2		0.969194
471.3		0.969194
471.4		0.969194
471.5		0.969194
471.6		0.969194
471.7		0.969194
471.8		0.969194
471.9		0.969194
472		0.969194
472.1		0.969331
472.2		0.969331
472.3		0.969331
472.4		0.969331
472.5		0.969331
472.6		0.969331
472.7		0.969331
472.8		0.969331
472.9		0.969331
473		0.969331
473.1		0.969773
473.2		0.969773
473.3		0.969773
473.4		0.969773
473.5		0.969773
473.6		0.969773
473.7		0.969773
473.8		0.969773
473.9		0.969773
474		0.969773
474.1		0.976018
474.2		0.976018
474.3		0.976018
474.4		0.976018
474.5		0.976018
474.6		0.976018
474.7		0.976018
474.8		0.976018
474.9		0.976018
475		0.976018
475.1		0.977359
475.2		0.977359
475.3		0.977359
475.4		0.977359
475.5		0.977359
475.6		0.977359
475.7		0.977359
475.8		0.977359
475.9		0.977359
476		0.977359
476.1		0.978113
476.2		0.978113
476.3		0.978113
476.4		0.978113
476.5		0.978113
476.6		0.978113
476.7		0.978113
476.8		0.978113
476.9		0.978113
477		0.978113
477.1		0.980808
477.2		0.980808
477.3		0.980808
477.4		0.980808
477.5		0.980808
477.6		0.980808
477.7		0.980808
477.8		0.980808
477.9		0.980808
478		0.980808
478.1		0.982223
478.2		0.982223
478.3		0.982223
478.4		0.982223
478.5		0.982223
478.6		0.982223
478.7		0.982223
478.8		0.982223
478.9		0.982223
479		0.982223
479.1		0.98451
479.2		0.98451
479.3		0.98451
479.4		0.98451
479.5		0.98451
479.6		0.98451
479.7		0.98451
479.8		0.98451
479.9		0.98451
480		0.98451
480.1		0.985929
480.2		0.985929
480.3		0.985929
480.4		0.985929
480.5		0.985929
480.6		0.985929
480.7		0.985929
480.8		0.985929
480.9		0.985929
481		0.985929
481.1		0.987643
481.2		0.987643
481.3		0.987643
481.4		0.987643
481.5		0.987643
481.6		0.987643
481.7		0.987643
481.8		0.987643
481.9		0.987643
482		0.987643
482.1		0.988339
482.2		0.988339
482.3		0.988339
482.4		0.988339
482.5		0.988339
482.6		0.988339
482.7		0.988339
482.8		0.988339
482.9		0.988339
483		0.988339
483.1		0.991918
483.2		0.991918
483.3		0.991918
483.4		0.991918
483.5		0.991918
483.6		0.991918
483.7		0.991918
483.8		0.991918
483.9		0.991918
484		0.991918
484.1		0.994139
484.2		0.994139
484.3		0.994139
484.4		0.994139
484.5		0.994139
484.6		0.994139
484.7		0.994139
484.8		0.994139
484.9		0.994139
485		0.994139
485.1		0.995473
485.2		0.995473
485.3		0.995473
485.4		0.995473
485.5		0.995473
485.6		0.995473
485.7		0.995473
485.8		0.995473
485.9		0.995473
486		0.995473
486.1		0.997682
486.2		0.997682
486.3		0.997682
486.4		0.997682
486.5		0.997682
486.6		0.997682
486.7		0.997682
486.8		0.997682
486.9		0.997682
487		0.997682
487.1		0.999814
487.2		0.999814
487.3		0.999814
487.4		0.999814
487.5		0.999814
487.6		0.999814
487.7		0.999814
487.8		0.999814
487.9		0.999814
488		0.999814
488.1		1
488.2		1
488.3		1
488.4		1
488.5		1
488.6		1
488.7		1
488.8		1
488.9		1
489		1
489.1		1
489.2		1
489.3		1
489.4		1
489.5		1
489.6		1
489.7		1
489.8		1
489.9		1
490		1
490.1		1
490.2		1
490.3		1
490.4		1
490.5		1
490.6		1
490.7		1
490.8		1
490.9		1
491		1
491.1		1
491.2		1
491.3		1
491.4		1
491.5		1
491.6		1
491.7		1
491.8		1
491.9		1
492		1
492.1		1
492.2		1
492.3		1
492.4		1
492.5		1
492.6		1
492.7		1
492.8		1
492.9		1
493		1
493.1		1
493.2		1
493.3		1
493.4		1
493.5		1
493.6		1
493.7		1
493.8		1
493.9		1
494		1
494.1		1
494.2		1
494.3		1
494.4		1
494.5		1
494.6		1
494.7		1
494.8		1
494.9		1
495		1
495.1		1
495.2		1
495.3		1
495.4		1
495.5		1
495.6		1
495.7		1
495.8		1
495.9		1
496		1
496.1		1
496.2		1
496.3		1
496.4		1
496.5		1
496.6		1
496.7		1
496.8		1
496.9		1
497		1
497.1		1
497.2		1
497.3		1
497.4		1
497.5		1
497.6		1
497.7		1
497.8		1
497.9		1
498		1
498.1		1
498.2		1
498.3		1
498.4		1
498.5		1
498.6		1
498.7		1
498.8		1
498.9		1
499		1
499.1		1
499.2		1
499.3		1
499.4		1
499.5		1
499.6		1
499.7		1
499.8		1
499.9		1
500		1
500.1		1
500.2		1
500.3		1
500.4		1
500.5		1
500.6		1
500.7		1
500.8		1
500.9		1
501		1
501.1		1
501.2		1
501.3		1
501.4		1
501.5		1
501.6		1
501.7		1
501.8		1
501.9		1
502		1
502.1		1
502.2		1
502.3		1
502.4		1
502.5		1
502.6		1
502.7		1
502.8		1
502.9		1
503		1
503.1		1
503.2		1
503.3		1
503.4		1
503.5		1
503.6		1
503.7		1
503.8		1
503.9		1
504		1
504.1		1
504.2		1
504.3		1
504.4		1
504.5		1
504.6		1
504.7		1
504.8		1
504.9		1
505		1
505.1		1
505.2		1
505.3		1
505.4		1
505.5		1
505.6		1
505.7		1
505.8		1
505.9		1
506		1
506.1		1
506.2		1
506.3		1
506.4		1
506.5		1
506.6		1
506.7		1
506.8		1
506.9		1
507		1
507.1		1
507.2		1
507.3		1
507.4		1
507.5		1
507.6		1
507.7		1
507.8		1
507.9		1
508		1
508.1		1
508.2		1
508.3		1
508.4		1
508.5		1
508.6		1
508.7		1
508.8		1
508.9		1
509		1
509.1		1
509.2		1
509.3		1
509.4		1
509.5		1
509.6		1
509.7		1
509.8		1
509.9		1
510		1
510.1		1
510.2		1
510.3		1
510.4		1
510.5		1
510.6		1
510.7		1
510.8		1
510.9		1
511		1
511.1		1
511.2		1
511.3		1
511.4		1
511.5		1
511.6		1
511.7		1
511.8		1
511.9		1
512		1
512.1		1
512.2		1
512.3		1
512.4		1
512.5		1
512.6		1
512.7		1
512.8		1
512.9		1
513		1
513.1		1
513.2		1
513.3		1
513.4		1
513.5		1
513.6		1
513.7		1
513.8		1
513.9		1
514		1
514.1		1
514.2		1
514.3		1
514.4		1
514.5		1
514.6		1
514.7		1
514.8		1
514.9		1
515		1
515.1		1
515.2		1
515.3		1
515.4		1
515.5		1
515.6		1
515.7		1
515.8		1
515.9		1
516		1
516.1		1
516.2		1
516.3		1
516.4		1
516.5		1
516.6		1
516.7		1
516.8		1
516.9		1
517		1
517.1		1
517.2		1
517.3		1
517.4		1
517.5		1
517.6		1
517.7		1
517.8		1
517.9		1
518		1
518.1		1
518.2		1
518.3		1
518.4		1
518.5		1
518.6		1
518.7		1
518.8		1
518.9		1
519		1
519.1		1
519.2		1
519.3		1
519.4		1
519.5		1
519.6		1
519.7		1
519.8		1
519.9		1
520		1
520.1		1
520.2		1
520.3		1
520.4		1
520.5		1
520.6		1
520.7		1
520.8		1
520.9		1
521		1
521.1		1
521.2		1
521.3		1
521.4		1
521.5		1
521.6		1
521.7		1
521.8		1
521.9		1
522		1
522.1		1
522.2		1
522.3		1
522.4		1
522.5		1
522.6		1
522.7		1
522.8		1
522.9		1
523		1
523.1		1
523.2		1
523.3		1
523.4		1
523.5		1
523.6		1
523.7		1
523.8		1
523.9		1
524		1
524.1		1
524.2		1
524.3		1
524.4		1
524.5		1
524.6		1
524.7		1
524.8		1
524.9		1
525		1
525.1		1
525.2		1
525.3		1
525.4		1
525.5		1
525.6		1
525.7		1
525.8		1
525.9		1
526		1
526.1		1
526.2		1
526.3		1
526.4		1
526.5		1
526.6		1
526.7		1
526.8		1
526.9		1
527		1
527.1		1
527.2		1
527.3		1
527.4		1
527.5		1
527.6		1
527.7		1
527.8		1
527.9		1
528		1
528.1		1
528.2		1
528.3		1
528.4		1
528.5		1
528.6		1
528.7		1
528.8		1
528.9		1
529		1
529.1		1
529.2		1
529.3		1
529.4		1
529.5		1
529.6		1
529.7		1
529.8		1
529.9		1
530		1
530.1		1
530.2		1
530.3		1
530.4		1
530.5		1
530.6		1
530.7		1
530.8		1
530.9		1
531		1
531.1		1
531.2		1
531.3		1
531.4		1
531.5		1
531.6		1
531.7		1
531.8		1
531.9		1
532		1
532.1		1
532.2		1
532.3		1
532.4		1
532.5		1
532.6		1
532.7		1
532.8		1
532.9		1
533		1
533.1		1
533.2		1
533.3		1
533.4		1
533.5		1
533.6		1
533.7		1
533.8		1
533.9		1
534		1
534.1		1
534.2		1
534.3		1
534.4		1
534.5		1
534.6		1
534.7		1
534.8		1
534.9		1
535		1
535.1		1
535.2		1
535.3		1
535.4		1
535.5		1
535.6		1
535.7		1
535.8		1
535.9		1
536		1
536.1		1
536.2		1
536.3		1
536.4		1
536.5		1
536.6		1
536.7		1
536.8		1
536.9		1
537		1
537.1		1
537.2		1
537.3		1
537.4		1
537.5		1
537.6		1
537.7		1
537.8		1
537.9		1
538		1
538.1		1
538.2		1
538.3		1
538.4		1
538.5		1
538.6		1
538.7		1
538.8		1
538.9		1
539		1
539.1		1
539.2		1
539.3		1
539.4		1
539.5		1
539.6		1
539.7		1
539.8		1
539.9		1
540		1
540.1		1
540.2		1
540.3		1
540.4		1
540.5		1
540.6		1
540.7		1
540.8		1
540.9		1
541		1
541.1		1
541.2		1
541.3		1
541.4		1
541.5		1
541.6		1
541.7		1
541.8		1
541.9		1
542		1
542.1		1
542.2		1
542.3		1
542.4		1
542.5		1
542.6		1
542.7		1
542.8		1
542.9		1
543		1
543.1		1
543.2		1
543.3		1
543.4		1
543.5		1
543.6		1
543.7		1
543.8		1
543.9		1
544		1
544.1		1
544.2		1
544.3		1
544.4		1
544.5		1
544.6		1
544.7		1
544.8		1
544.9		1
545		1
545.1		1
545.2		1
545.3		1
545.4		1
545.5		1
545.6		1
545.7		1
545.8		1
545.9		1
546		1
546.1		1
546.2		1
546.3		1
546.4		1
546.5		1
546.6		1
546.7		1
546.8		1
546.9		1
547		1
547.1		1
547.2		1
547.3		1
547.4		1
547.5		1
547.6		1
547.7		1
547.8		1
547.9		1
548		1
548.1		1
548.2		1
548.3		1
548.4		1
548.5		1
548.6		1
548.7		1
548.8		1
548.9		1
549		1
549.1		1
549.2		1
549.3		1
549.4		1
549.5		1
549.6		1
549.7		1
549.8		1
549.9		1
550		1
550.1		1
550.2		1
550.3		1
550.4		1
550.5		1
550.6		1
550.7		1
550.8		1
550.9		1
551		1
551.1		1
551.2		1
551.3		1
551.4		1
551.5		1
551.6		1
551.7		1
551.8		1
551.9		1
552		1
552.1		1
552.2		1
552.3		1
552.4		1
552.5		1
552.6		1
552.7		1
552.8		1
552.9		1
553		1
553.1		1
553.2		1
553.3		1
553.4		1
553.5		1
553.6		1
553.7		1
553.8		1
553.9		1
554		1
554.1		1
554.2		1
554.3		1
554.4		1
554.5		1
554.6		1
554.7		1
554.8		1
554.9		1
555		1
555.1		1
555.2		1
555.3		1
555.4		1
555.5		1
555.6		1
555.7		1
555.8		1
555.9		1
556		1
556.1		1
556.2		1
556.3		1
556.4		1
556.5		1
556.6		1
556.7		1
556.8		1
556.9		1
557		1
557.1		1
557.2		1
557.3		1
557.4		1
557.5		1
557.6		1
557.7		1
557.8		1
557.9		1
558		1
558.1		1
558.2		1
558.3		1
558.4		1
558.5		1
558.6		1
558.7		1
558.8		1
558.9		1
559		1
559.1		1
559.2		1
559.3		1
559.4		1
559.5		1
559.6		1
559.7		1
559.8		1
559.9		1
560		1
560.1		1
560.2		1
560.3		1
560.4		1
560.5		1
560.6		1
560.7		1
560.8		1
560.9		1
561		1
561.1		1
561.2		1
561.3		1
561.4		1
561.5		1
561.6		1
561.7		1
561.8		1
561.9		1
562		1
562.1		1
562.2		1
562.3		1
562.4		1
562.5		1
562.6		1
562.7		1
562.8		1
562.9		1
563		1
563.1		1
563.2		1
563.3		1
563.4		1
563.5		1
563.6		1
563.7		1
563.8		1
563.9		1
564		1
564.1		1
564.2		1
564.3		1
564.4		1
564.5		1
564.6		1
564.7		1
564.8		1
564.9		1
565		1
565.1		1
565.2		1
565.3		1
565.4		1
565.5		1
565.6		1
565.7		1
565.8		1
565.9		1
566		1
566.1		1
566.2		1
566.3		1
566.4		1
566.5		1
566.6		1
566.7		1
566.8		1
566.9		1
567		1
567.1		1
567.2		1
567.3		1
567.4		1
567.5		1
567.6		1
567.7		1
567.8		1
567.9		1
568		1
568.1		1
568.2		1
568.3		1
568.4		1
568.5		1
568.6		1
568.7		1
568.8		1
568.9		1
569		1
569.1		1
569.2		1
569.3		1
569.4		1
569.5		1
569.6		1
569.7		1
569.8		1
569.9		1
570		1
570.1		1
570.2		1
570.3		1
570.4		1
570.5		1
570.6		1
570.7		1
570.8		1
570.9		1
571		1
571.1		1
571.2		1
571.3		1
571.4		1
571.5		1
571.6		1
571.7		1
571.8		1
571.9		1
572		1
572.1		1
572.2		1
572.3		1
572.4		1
572.5		1
572.6		1
572.7		1
572.8		1
572.9		1
573		1
573.1		1
573.2		1
573.3		1
573.4		1
573.5		1
573.6		1
573.7		1
573.8		1
573.9		1
574		1
574.1		1
574.2		1
574.3		1
574.4		1
574.5		1
574.6		1
574.7		1
574.8		1
574.9		1
575		1
575.1		1
575.2		1
575.3		1
575.4		1
575.5		1
575.6		1
575.7		1
575.8		1
575.9		1
576		1
576.1		1
576.2		1
576.3		1
576.4		1
576.5		1
576.6		1
576.7		1
576.8		1
576.9		1
577		1
577.1		1
577.2		1
577.3		1
577.4		1
577.5		1
577.6		1
577.7		1
577.8		1
577.9		1
578		1
578.1		1
578.2		1
578.3		1
578.4		1
578.5		1
578.6		1
578.7		1
578.8		1
578.9		1
579		1
579.1		1
579.2		1
579.3		1
579.4		1
579.5		1
579.6		1
579.7		1
579.8		1
579.9		1
580		1
580.1		1
580.2		1
580.3		1
580.4		1
580.5		1
580.6		1
580.7		1
580.8		1
580.9		1
581		1
581.1		1
581.2		1
581.3		1
581.4		1
581.5		1
581.6		1
581.7		1
581.8		1
581.9		1
582		1
582.1		1
582.2		1
582.3		1
582.4		1
582.5		1
582.6		1
582.7		1
582.8		1
582.9		1
583		1
583.1		1
583.2		1
583.3		1
583.4		1
583.5		1
583.6		1
583.7		1
583.8		1
583.9		1
584		1
584.1		1
584.2		1
584.3		1
584.4		1
584.5		1
584.6		1
584.7		1
584.8		1
584.9		1
585		1
585.1		1
585.2		1
585.3		1
585.4		1
585.5		1
585.6		1
585.7		1
585.8		1
585.9		1
586		1
586.1		1
586.2		1
586.3		1
586.4		1
586.5		1
586.6		1
586.7		1
586.8		1
586.9		1
587		1
587.1		1
587.2		1
587.3		1
587.4		1
587.5		1
587.6		1
587.7		1
587.8		1
587.9		1
588		1
588.1		1
588.2		1
588.3		1
588.4		1
588.5		1
588.6		1
588.7		1
588.8		1
588.9		1
589		1
589.1		1
589.2		1
589.3		1
589.4		1
589.5		1
589.6		1
589.7		1
589.8		1
589.9		1
590		1
590.1		1
590.2		1
590.3		1
590.4		1
590.5		1
590.6		1
590.7		1
590.8		1
590.9		1
591		1
591.1		1
591.2		1
591.3		1
591.4		1
591.5		1
591.6		1
591.7		1
591.8		1
591.9		1
592		1
592.1		1
592.2		1
592.3		1
592.4		1
592.5		1
592.6		1
592.7		1
592.8		1
592.9		1
593		1
593.1		1
593.2		1
593.3		1
593.4		1
593.5		1
593.6		1
593.7		1
593.8		1
593.9		1
594		1
594.1		1
594.2		1
594.3		1
594.4		1
594.5		1
594.6		1
594.7		1
594.8		1
594.9		1
595		1
595.1		1
595.2		1
595.3		1
595.4		1
595.5		1
595.6		1
595.7		1
595.8		1
595.9		1
596		1
596.1		1
596.2		1
596.3		1
596.4		1
596.5		1
596.6		1
596.7		1
596.8		1
596.9		1
597		1
597.1		1
597.2		1
597.3		1
597.4		1
597.5		1
597.6		1
597.7		1
597.8		1
597.9		1
598		1
598.1		1
598.2		1
598.3		1
598.4		1
598.5		1
598.6		1
598.7		1
598.8		1
598.9		1
599		1
599.1		1
599.2		1
599.3		1
599.4		1
599.5		1
599.6		1
599.7		1
599.8		1
599.9		1
600		1
