# Calibration file of tamex_id 1 @ channel 50
# fine_T bin		 Calibration value
0.1		0
0.2		0
0.3		0
0.4		0
0.5		0
0.6		0
0.7		0
0.8		0
0.9		0
1		0
1.1		0
1.2		0
1.3		0
1.4		0
1.5		0
1.6		0
1.7		0
1.8		0
1.9		0
2		0
2.1		0
2.2		0
2.3		0
2.4		0
2.5		0
2.6		0
2.7		0
2.8		0
2.9		0
3		0
3.1		0
3.2		0
3.3		0
3.4		0
3.5		0
3.6		0
3.7		0
3.8		0
3.9		0
4		0
4.1		0
4.2		0
4.3		0
4.4		0
4.5		0
4.6		0
4.7		0
4.8		0
4.9		0
5		0
5.1		0
5.2		0
5.3		0
5.4		0
5.5		0
5.6		0
5.7		0
5.8		0
5.9		0
6		0
6.1		0
6.2		0
6.3		0
6.4		0
6.5		0
6.6		0
6.7		0
6.8		0
6.9		0
7		0
7.1		0
7.2		0
7.3		0
7.4		0
7.5		0
7.6		0
7.7		0
7.8		0
7.9		0
8		0
8.1		0
8.2		0
8.3		0
8.4		0
8.5		0
8.6		0
8.7		0
8.8		0
8.9		0
9		0
9.1		0
9.2		0
9.3		0
9.4		0
9.5		0
9.6		0
9.7		0
9.8		0
9.9		0
10		0
10.1		0
10.2		0
10.3		0
10.4		0
10.5		0
10.6		0
10.7		0
10.8		0
10.9		0
11		0
11.1		0
11.2		0
11.3		0
11.4		0
11.5		0
11.6		0
11.7		0
11.8		0
11.9		0
12		0
12.1		0
12.2		0
12.3		0
12.4		0
12.5		0
12.6		0
12.7		0
12.8		0
12.9		0
13		0
13.1		0
13.2		0
13.3		0
13.4		0
13.5		0
13.6		0
13.7		0
13.8		0
13.9		0
14		0
14.1		0
14.2		0
14.3		0
14.4		0
14.5		0
14.6		0
14.7		0
14.8		0
14.9		0
15		0
15.1		0
15.2		0
15.3		0
15.4		0
15.5		0
15.6		0
15.7		0
15.8		0
15.9		0
16		0
16.1		0.00163337
16.2		0.00163337
16.3		0.00163337
16.4		0.00163337
16.5		0.00163337
16.6		0.00163337
16.7		0.00163337
16.8		0.00163337
16.9		0.00163337
17		0.00163337
17.1		0.00952051
17.2		0.00952051
17.3		0.00952051
17.4		0.00952051
17.5		0.00952051
17.6		0.00952051
17.7		0.00952051
17.8		0.00952051
17.9		0.00952051
18		0.00952051
18.1		0.0103931
18.2		0.0103931
18.3		0.0103931
18.4		0.0103931
18.5		0.0103931
18.6		0.0103931
18.7		0.0103931
18.8		0.0103931
18.9		0.0103931
19		0.0103931
19.1		0.011042
19.2		0.011042
19.3		0.011042
19.4		0.011042
19.5		0.011042
19.6		0.011042
19.7		0.011042
19.8		0.011042
19.9		0.011042
20		0.011042
20.1		0.0174076
20.2		0.0174076
20.3		0.0174076
20.4		0.0174076
20.5		0.0174076
20.6		0.0174076
20.7		0.0174076
20.8		0.0174076
20.9		0.0174076
21		0.0174076
21.1		0.0193431
21.2		0.0193431
21.3		0.0193431
21.4		0.0193431
21.5		0.0193431
21.6		0.0193431
21.7		0.0193431
21.8		0.0193431
21.9		0.0193431
22		0.0193431
22.1		0.0199808
22.2		0.0199808
22.3		0.0199808
22.4		0.0199808
22.5		0.0199808
22.6		0.0199808
22.7		0.0199808
22.8		0.0199808
22.9		0.0199808
23		0.0199808
23.1		0.0216477
23.2		0.0216477
23.3		0.0216477
23.4		0.0216477
23.5		0.0216477
23.6		0.0216477
23.7		0.0216477
23.8		0.0216477
23.9		0.0216477
24		0.0216477
24.1		0.0259772
24.2		0.0259772
24.3		0.0259772
24.4		0.0259772
24.5		0.0259772
24.6		0.0259772
24.7		0.0259772
24.8		0.0259772
24.9		0.0259772
25		0.0259772
25.1		0.0274763
25.2		0.0274763
25.3		0.0274763
25.4		0.0274763
25.5		0.0274763
25.6		0.0274763
25.7		0.0274763
25.8		0.0274763
25.9		0.0274763
26		0.0274763
26.1		0.0296355
26.2		0.0296355
26.3		0.0296355
26.4		0.0296355
26.5		0.0296355
26.6		0.0296355
26.7		0.0296355
26.8		0.0296355
26.9		0.0296355
27		0.0296355
27.1		0.0300159
27.2		0.0300159
27.3		0.0300159
27.4		0.0300159
27.5		0.0300159
27.6		0.0300159
27.7		0.0300159
27.8		0.0300159
27.9		0.0300159
28		0.0300159
28.1		0.0330365
28.2		0.0330365
28.3		0.0330365
28.4		0.0330365
28.5		0.0330365
28.6		0.0330365
28.7		0.0330365
28.8		0.0330365
28.9		0.0330365
29		0.0330365
29.1		0.0350055
29.2		0.0350055
29.3		0.0350055
29.4		0.0350055
29.5		0.0350055
29.6		0.0350055
29.7		0.0350055
29.8		0.0350055
29.9		0.0350055
30		0.0350055
30.1		0.0354194
30.2		0.0354194
30.3		0.0354194
30.4		0.0354194
30.5		0.0354194
30.6		0.0354194
30.7		0.0354194
30.8		0.0354194
30.9		0.0354194
31		0.0354194
31.1		0.0379813
31.2		0.0379813
31.3		0.0379813
31.4		0.0379813
31.5		0.0379813
31.6		0.0379813
31.7		0.0379813
31.8		0.0379813
31.9		0.0379813
32		0.0379813
32.1		0.0397713
32.2		0.0397713
32.3		0.0397713
32.4		0.0397713
32.5		0.0397713
32.6		0.0397713
32.7		0.0397713
32.8		0.0397713
32.9		0.0397713
33		0.0397713
33.1		0.0436981
33.2		0.0436981
33.3		0.0436981
33.4		0.0436981
33.5		0.0436981
33.6		0.0436981
33.7		0.0436981
33.8		0.0436981
33.9		0.0436981
34		0.0436981
34.1		0.045063
34.2		0.045063
34.3		0.045063
34.4		0.045063
34.5		0.045063
34.6		0.045063
34.7		0.045063
34.8		0.045063
34.9		0.045063
35		0.045063
35.1		0.0475018
35.2		0.0475018
35.3		0.0475018
35.4		0.0475018
35.5		0.0475018
35.6		0.0475018
35.7		0.0475018
35.8		0.0475018
35.9		0.0475018
36		0.0475018
36.1		0.049001
36.2		0.049001
36.3		0.049001
36.4		0.049001
36.5		0.049001
36.6		0.049001
36.7		0.049001
36.8		0.049001
36.9		0.049001
37		0.049001
37.1		0.051093
37.2		0.051093
37.3		0.051093
37.4		0.051093
37.5		0.051093
37.6		0.051093
37.7		0.051093
37.8		0.051093
37.9		0.051093
38		0.051093
38.1		0.0535319
38.2		0.0535319
38.3		0.0535319
38.4		0.0535319
38.5		0.0535319
38.6		0.0535319
38.7		0.0535319
38.8		0.0535319
38.9		0.0535319
39		0.0535319
39.1		0.0538787
39.2		0.0538787
39.3		0.0538787
39.4		0.0538787
39.5		0.0538787
39.6		0.0538787
39.7		0.0538787
39.8		0.0538787
39.9		0.0538787
40		0.0538787
40.1		0.0576936
40.2		0.0576936
40.3		0.0576936
40.4		0.0576936
40.5		0.0576936
40.6		0.0576936
40.7		0.0576936
40.8		0.0576936
40.9		0.0576936
41		0.0576936
41.1		0.0606806
41.2		0.0606806
41.3		0.0606806
41.4		0.0606806
41.5		0.0606806
41.6		0.0606806
41.7		0.0606806
41.8		0.0606806
41.9		0.0606806
42		0.0606806
42.1		0.0616651
42.2		0.0616651
42.3		0.0616651
42.4		0.0616651
42.5		0.0616651
42.6		0.0616651
42.7		0.0616651
42.8		0.0616651
42.9		0.0616651
43		0.0616651
43.1		0.064641
43.2		0.064641
43.3		0.064641
43.4		0.064641
43.5		0.064641
43.6		0.064641
43.7		0.064641
43.8		0.064641
43.9		0.064641
44		0.064641
44.1		0.0659052
44.2		0.0659052
44.3		0.0659052
44.4		0.0659052
44.5		0.0659052
44.6		0.0659052
44.7		0.0659052
44.8		0.0659052
44.9		0.0659052
45		0.0659052
45.1		0.0669904
45.2		0.0669904
45.3		0.0669904
45.4		0.0669904
45.5		0.0669904
45.6		0.0669904
45.7		0.0669904
45.8		0.0669904
45.9		0.0669904
46		0.0669904
46.1		0.0723491
46.2		0.0723491
46.3		0.0723491
46.4		0.0723491
46.5		0.0723491
46.6		0.0723491
46.7		0.0723491
46.8		0.0723491
46.9		0.0723491
47		0.0723491
47.1		0.0727743
47.2		0.0727743
47.3		0.0727743
47.4		0.0727743
47.5		0.0727743
47.6		0.0727743
47.7		0.0727743
47.8		0.0727743
47.9		0.0727743
48		0.0727743
48.1		0.0753026
48.2		0.0753026
48.3		0.0753026
48.4		0.0753026
48.5		0.0753026
48.6		0.0753026
48.7		0.0753026
48.8		0.0753026
48.9		0.0753026
49		0.0753026
49.1		0.0755823
49.2		0.0755823
49.3		0.0755823
49.4		0.0755823
49.5		0.0755823
49.6		0.0755823
49.7		0.0755823
49.8		0.0755823
49.9		0.0755823
50		0.0755823
50.1		0.0786029
50.2		0.0786029
50.3		0.0786029
50.4		0.0786029
50.5		0.0786029
50.6		0.0786029
50.7		0.0786029
50.8		0.0786029
50.9		0.0786029
51		0.0786029
51.1		0.0790952
51.2		0.0790952
51.3		0.0790952
51.4		0.0790952
51.5		0.0790952
51.6		0.0790952
51.7		0.0790952
51.8		0.0790952
51.9		0.0790952
52		0.0790952
52.1		0.0821381
52.2		0.0821381
52.3		0.0821381
52.4		0.0821381
52.5		0.0821381
52.6		0.0821381
52.7		0.0821381
52.8		0.0821381
52.9		0.0821381
53		0.0821381
53.1		0.0847784
53.2		0.0847784
53.3		0.0847784
53.4		0.0847784
53.5		0.0847784
53.6		0.0847784
53.7		0.0847784
53.8		0.0847784
53.9		0.0847784
54		0.0847784
54.1		0.0889849
54.2		0.0889849
54.3		0.0889849
54.4		0.0889849
54.5		0.0889849
54.6		0.0889849
54.7		0.0889849
54.8		0.0889849
54.9		0.0889849
55		0.0889849
55.1		0.0894435
55.2		0.0894435
55.3		0.0894435
55.4		0.0894435
55.5		0.0894435
55.6		0.0894435
55.7		0.0894435
55.8		0.0894435
55.9		0.0894435
56		0.0894435
56.1		0.0903497
56.2		0.0903497
56.3		0.0903497
56.4		0.0903497
56.5		0.0903497
56.6		0.0903497
56.7		0.0903497
56.8		0.0903497
56.9		0.0903497
57		0.0903497
57.1		0.0913342
57.2		0.0913342
57.3		0.0913342
57.4		0.0913342
57.5		0.0913342
57.6		0.0913342
57.7		0.0913342
57.8		0.0913342
57.9		0.0913342
58		0.0913342
58.1		0.0953169
58.2		0.0953169
58.3		0.0953169
58.4		0.0953169
58.5		0.0953169
58.6		0.0953169
58.7		0.0953169
58.8		0.0953169
58.9		0.0953169
59		0.0953169
59.1		0.100004
59.2		0.100004
59.3		0.100004
59.4		0.100004
59.5		0.100004
59.6		0.100004
59.7		0.100004
59.8		0.100004
59.9		0.100004
60		0.100004
60.1		0.100575
60.2		0.100575
60.3		0.100575
60.4		0.100575
60.5		0.100575
60.6		0.100575
60.7		0.100575
60.8		0.100575
60.9		0.100575
61		0.100575
61.1		0.100698
61.2		0.100698
61.3		0.100698
61.4		0.100698
61.5		0.100698
61.6		0.100698
61.7		0.100698
61.8		0.100698
61.9		0.100698
62		0.100698
62.1		0.102947
62.2		0.102947
62.3		0.102947
62.4		0.102947
62.5		0.102947
62.6		0.102947
62.7		0.102947
62.8		0.102947
62.9		0.102947
63		0.102947
63.1		0.105095
63.2		0.105095
63.3		0.105095
63.4		0.105095
63.5		0.105095
63.6		0.105095
63.7		0.105095
63.8		0.105095
63.9		0.105095
64		0.105095
64.1		0.107746
64.2		0.107746
64.3		0.107746
64.4		0.107746
64.5		0.107746
64.6		0.107746
64.7		0.107746
64.8		0.107746
64.9		0.107746
65		0.107746
65.1		0.111114
65.2		0.111114
65.3		0.111114
65.4		0.111114
65.5		0.111114
65.6		0.111114
65.7		0.111114
65.8		0.111114
65.9		0.111114
66		0.111114
66.1		0.111684
66.2		0.111684
66.3		0.111684
66.4		0.111684
66.5		0.111684
66.6		0.111684
66.7		0.111684
66.8		0.111684
66.9		0.111684
67		0.111684
67.1		0.113228
67.2		0.113228
67.3		0.113228
67.4		0.113228
67.5		0.113228
67.6		0.113228
67.7		0.113228
67.8		0.113228
67.9		0.113228
68		0.113228
68.1		0.117434
68.2		0.117434
68.3		0.117434
68.4		0.117434
68.5		0.117434
68.6		0.117434
68.7		0.117434
68.8		0.117434
68.9		0.117434
69		0.117434
69.1		0.117893
69.2		0.117893
69.3		0.117893
69.4		0.117893
69.5		0.117893
69.6		0.117893
69.7		0.117893
69.8		0.117893
69.9		0.117893
70		0.117893
70.1		0.121865
70.2		0.121865
70.3		0.121865
70.4		0.121865
70.5		0.121865
70.6		0.121865
70.7		0.121865
70.8		0.121865
70.9		0.121865
71		0.121865
71.1		0.123677
71.2		0.123677
71.3		0.123677
71.4		0.123677
71.5		0.123677
71.6		0.123677
71.7		0.123677
71.8		0.123677
71.9		0.123677
72		0.123677
72.1		0.127089
72.2		0.127089
72.3		0.127089
72.4		0.127089
72.5		0.127089
72.6		0.127089
72.7		0.127089
72.8		0.127089
72.9		0.127089
73		0.127089
73.1		0.13077
73.2		0.13077
73.3		0.13077
73.4		0.13077
73.5		0.13077
73.6		0.13077
73.7		0.13077
73.8		0.13077
73.9		0.13077
74		0.13077
74.1		0.13218
74.2		0.13218
74.3		0.13218
74.4		0.13218
74.5		0.13218
74.6		0.13218
74.7		0.13218
74.8		0.13218
74.9		0.13218
75		0.13218
75.1		0.134932
75.2		0.134932
75.3		0.134932
75.4		0.134932
75.5		0.134932
75.6		0.134932
75.7		0.134932
75.8		0.134932
75.9		0.134932
76		0.134932
76.1		0.136699
76.2		0.136699
76.3		0.136699
76.4		0.136699
76.5		0.136699
76.6		0.136699
76.7		0.136699
76.8		0.136699
76.9		0.136699
77		0.136699
77.1		0.13972
77.2		0.13972
77.3		0.13972
77.4		0.13972
77.5		0.13972
77.6		0.13972
77.7		0.13972
77.8		0.13972
77.9		0.13972
78		0.13972
78.1		0.139955
78.2		0.139955
78.3		0.139955
78.4		0.139955
78.5		0.139955
78.6		0.139955
78.7		0.139955
78.8		0.139955
78.9		0.139955
79		0.139955
79.1		0.141969
79.2		0.141969
79.3		0.141969
79.4		0.141969
79.5		0.141969
79.6		0.141969
79.7		0.141969
79.8		0.141969
79.9		0.141969
80		0.141969
80.1		0.14622
80.2		0.14622
80.3		0.14622
80.4		0.14622
80.5		0.14622
80.6		0.14622
80.7		0.14622
80.8		0.14622
80.9		0.14622
81		0.14622
81.1		0.146511
81.2		0.146511
81.3		0.146511
81.4		0.146511
81.5		0.146511
81.6		0.146511
81.7		0.146511
81.8		0.146511
81.9		0.146511
82		0.146511
82.1		0.148457
82.2		0.148457
82.3		0.148457
82.4		0.148457
82.5		0.148457
82.6		0.148457
82.7		0.148457
82.8		0.148457
82.9		0.148457
83		0.148457
83.1		0.150292
83.2		0.150292
83.3		0.150292
83.4		0.150292
83.5		0.150292
83.6		0.150292
83.7		0.150292
83.8		0.150292
83.9		0.150292
84		0.150292
84.1		0.151679
84.2		0.151679
84.3		0.151679
84.4		0.151679
84.5		0.151679
84.6		0.151679
84.7		0.151679
84.8		0.151679
84.9		0.151679
85		0.151679
85.1		0.154409
85.2		0.154409
85.3		0.154409
85.4		0.154409
85.5		0.154409
85.6		0.154409
85.7		0.154409
85.8		0.154409
85.9		0.154409
86		0.154409
86.1		0.157016
86.2		0.157016
86.3		0.157016
86.4		0.157016
86.5		0.157016
86.6		0.157016
86.7		0.157016
86.8		0.157016
86.9		0.157016
87		0.157016
87.1		0.157228
87.2		0.157228
87.3		0.157228
87.4		0.157228
87.5		0.157228
87.6		0.157228
87.7		0.157228
87.8		0.157228
87.9		0.157228
88		0.157228
88.1		0.161021
88.2		0.161021
88.3		0.161021
88.4		0.161021
88.5		0.161021
88.6		0.161021
88.7		0.161021
88.8		0.161021
88.9		0.161021
89		0.161021
89.1		0.162263
89.2		0.162263
89.3		0.162263
89.4		0.162263
89.5		0.162263
89.6		0.162263
89.7		0.162263
89.8		0.162263
89.9		0.162263
90		0.162263
90.1		0.1645
90.2		0.1645
90.3		0.1645
90.4		0.1645
90.5		0.1645
90.6		0.1645
90.7		0.1645
90.8		0.1645
90.9		0.1645
91		0.1645
91.1		0.166245
91.2		0.166245
91.3		0.166245
91.4		0.166245
91.5		0.166245
91.6		0.166245
91.7		0.166245
91.8		0.166245
91.9		0.166245
92		0.166245
92.1		0.170329
92.2		0.170329
92.3		0.170329
92.4		0.170329
92.5		0.170329
92.6		0.170329
92.7		0.170329
92.8		0.170329
92.9		0.170329
93		0.170329
93.1		0.170552
93.2		0.170552
93.3		0.170552
93.4		0.170552
93.5		0.170552
93.6		0.170552
93.7		0.170552
93.8		0.170552
93.9		0.170552
94		0.170552
94.1		0.172253
94.2		0.172253
94.3		0.172253
94.4		0.172253
94.5		0.172253
94.6		0.172253
94.7		0.172253
94.8		0.172253
94.9		0.172253
95		0.172253
95.1		0.172779
95.2		0.172779
95.3		0.172779
95.4		0.172779
95.5		0.172779
95.6		0.172779
95.7		0.172779
95.8		0.172779
95.9		0.172779
96		0.172779
96.1		0.179939
96.2		0.179939
96.3		0.179939
96.4		0.179939
96.5		0.179939
96.6		0.179939
96.7		0.179939
96.8		0.179939
96.9		0.179939
97		0.179939
97.1		0.180017
97.2		0.180017
97.3		0.180017
97.4		0.180017
97.5		0.180017
97.6		0.180017
97.7		0.180017
97.8		0.180017
97.9		0.180017
98		0.180017
98.1		0.182288
98.2		0.182288
98.3		0.182288
98.4		0.182288
98.5		0.182288
98.6		0.182288
98.7		0.182288
98.8		0.182288
98.9		0.182288
99		0.182288
99.1		0.185566
99.2		0.185566
99.3		0.185566
99.4		0.185566
99.5		0.185566
99.6		0.185566
99.7		0.185566
99.8		0.185566
99.9		0.185566
100		0.185566
100.1		0.18579
100.2		0.18579
100.3		0.18579
100.4		0.18579
100.5		0.18579
100.6		0.18579
100.7		0.18579
100.8		0.18579
100.9		0.18579
101		0.18579
101.1		0.189135
101.2		0.189135
101.3		0.189135
101.4		0.189135
101.5		0.189135
101.6		0.189135
101.7		0.189135
101.8		0.189135
101.9		0.189135
102		0.189135
102.1		0.192133
102.2		0.192133
102.3		0.192133
102.4		0.192133
102.5		0.192133
102.6		0.192133
102.7		0.192133
102.8		0.192133
102.9		0.192133
103		0.192133
103.1		0.192748
103.2		0.192748
103.3		0.192748
103.4		0.192748
103.5		0.192748
103.6		0.192748
103.7		0.192748
103.8		0.192748
103.9		0.192748
104		0.192748
104.1		0.195008
104.2		0.195008
104.3		0.195008
104.4		0.195008
104.5		0.195008
104.6		0.195008
104.7		0.195008
104.8		0.195008
104.9		0.195008
105		0.195008
105.1		0.195601
105.2		0.195601
105.3		0.195601
105.4		0.195601
105.5		0.195601
105.6		0.195601
105.7		0.195601
105.8		0.195601
105.9		0.195601
106		0.195601
106.1		0.199975
106.2		0.199975
106.3		0.199975
106.4		0.199975
106.5		0.199975
106.6		0.199975
106.7		0.199975
106.8		0.199975
106.9		0.199975
107		0.199975
107.1		0.2003
107.2		0.2003
107.3		0.2003
107.4		0.2003
107.5		0.2003
107.6		0.2003
107.7		0.2003
107.8		0.2003
107.9		0.2003
108		0.2003
108.1		0.20256
108.2		0.20256
108.3		0.20256
108.4		0.20256
108.5		0.20256
108.6		0.20256
108.7		0.20256
108.8		0.20256
108.9		0.20256
109		0.20256
109.1		0.204987
109.2		0.204987
109.3		0.204987
109.4		0.204987
109.5		0.204987
109.6		0.204987
109.7		0.204987
109.8		0.204987
109.9		0.204987
110		0.204987
110.1		0.208042
110.2		0.208042
110.3		0.208042
110.4		0.208042
110.5		0.208042
110.6		0.208042
110.7		0.208042
110.8		0.208042
110.9		0.208042
111		0.208042
111.1		0.211308
111.2		0.211308
111.3		0.211308
111.4		0.211308
111.5		0.211308
111.6		0.211308
111.7		0.211308
111.8		0.211308
111.9		0.211308
112		0.211308
112.1		0.211599
112.2		0.211599
112.3		0.211599
112.4		0.211599
112.5		0.211599
112.6		0.211599
112.7		0.211599
112.8		0.211599
112.9		0.211599
113		0.211599
113.1		0.211912
113.2		0.211912
113.3		0.211912
113.4		0.211912
113.5		0.211912
113.6		0.211912
113.7		0.211912
113.8		0.211912
113.9		0.211912
114		0.211912
114.1		0.217752
114.2		0.217752
114.3		0.217752
114.4		0.217752
114.5		0.217752
114.6		0.217752
114.7		0.217752
114.8		0.217752
114.9		0.217752
115		0.217752
115.1		0.217954
115.2		0.217954
115.3		0.217954
115.4		0.217954
115.5		0.217954
115.6		0.217954
115.7		0.217954
115.8		0.217954
115.9		0.217954
116		0.217954
116.1		0.218099
116.2		0.218099
116.3		0.218099
116.4		0.218099
116.5		0.218099
116.6		0.218099
116.7		0.218099
116.8		0.218099
116.9		0.218099
117		0.218099
117.1		0.222775
117.2		0.222775
117.3		0.222775
117.4		0.222775
117.5		0.222775
117.6		0.222775
117.7		0.222775
117.8		0.222775
117.9		0.222775
118		0.222775
118.1		0.223894
118.2		0.223894
118.3		0.223894
118.4		0.223894
118.5		0.223894
118.6		0.223894
118.7		0.223894
118.8		0.223894
118.9		0.223894
119		0.223894
119.1		0.225919
119.2		0.225919
119.3		0.225919
119.4		0.225919
119.5		0.225919
119.6		0.225919
119.7		0.225919
119.8		0.225919
119.9		0.225919
120		0.225919
120.1		0.226232
120.2		0.226232
120.3		0.226232
120.4		0.226232
120.5		0.226232
120.6		0.226232
120.7		0.226232
120.8		0.226232
120.9		0.226232
121		0.226232
121.1		0.229186
121.2		0.229186
121.3		0.229186
121.4		0.229186
121.5		0.229186
121.6		0.229186
121.7		0.229186
121.8		0.229186
121.9		0.229186
122		0.229186
122.1		0.232475
122.2		0.232475
122.3		0.232475
122.4		0.232475
122.5		0.232475
122.6		0.232475
122.7		0.232475
122.8		0.232475
122.9		0.232475
123		0.232475
123.1		0.23394
123.2		0.23394
123.3		0.23394
123.4		0.23394
123.5		0.23394
123.6		0.23394
123.7		0.23394
123.8		0.23394
123.9		0.23394
124		0.23394
124.1		0.236167
124.2		0.236167
124.3		0.236167
124.4		0.236167
124.5		0.236167
124.6		0.236167
124.7		0.236167
124.8		0.236167
124.9		0.236167
125		0.236167
125.1		0.237431
125.2		0.237431
125.3		0.237431
125.4		0.237431
125.5		0.237431
125.6		0.237431
125.7		0.237431
125.8		0.237431
125.9		0.237431
126		0.237431
126.1		0.243013
126.2		0.243013
126.3		0.243013
126.4		0.243013
126.5		0.243013
126.6		0.243013
126.7		0.243013
126.8		0.243013
126.9		0.243013
127		0.243013
127.1		0.243696
127.2		0.243696
127.3		0.243696
127.4		0.243696
127.5		0.243696
127.6		0.243696
127.7		0.243696
127.8		0.243696
127.9		0.243696
128		0.243696
128.1		0.245676
128.2		0.245676
128.3		0.245676
128.4		0.245676
128.5		0.245676
128.6		0.245676
128.7		0.245676
128.8		0.245676
128.9		0.245676
129		0.245676
129.1		0.245821
129.2		0.245821
129.3		0.245821
129.4		0.245821
129.5		0.245821
129.6		0.245821
129.7		0.245821
129.8		0.245821
129.9		0.245821
130		0.245821
130.1		0.247578
130.2		0.247578
130.3		0.247578
130.4		0.247578
130.5		0.247578
130.6		0.247578
130.7		0.247578
130.8		0.247578
130.9		0.247578
131		0.247578
131.1		0.25193
131.2		0.25193
131.3		0.25193
131.4		0.25193
131.5		0.25193
131.6		0.25193
131.7		0.25193
131.8		0.25193
131.9		0.25193
132		0.25193
132.1		0.252165
132.2		0.252165
132.3		0.252165
132.4		0.252165
132.5		0.252165
132.6		0.252165
132.7		0.252165
132.8		0.252165
132.9		0.252165
133		0.252165
133.1		0.254794
133.2		0.254794
133.3		0.254794
133.4		0.254794
133.5		0.254794
133.6		0.254794
133.7		0.254794
133.8		0.254794
133.9		0.254794
134		0.254794
134.1		0.256875
134.2		0.256875
134.3		0.256875
134.4		0.256875
134.5		0.256875
134.6		0.256875
134.7		0.256875
134.8		0.256875
134.9		0.256875
135		0.256875
135.1		0.257848
135.2		0.257848
135.3		0.257848
135.4		0.257848
135.5		0.257848
135.6		0.257848
135.7		0.257848
135.8		0.257848
135.9		0.257848
136		0.257848
136.1		0.262301
136.2		0.262301
136.3		0.262301
136.4		0.262301
136.5		0.262301
136.6		0.262301
136.7		0.262301
136.8		0.262301
136.9		0.262301
137		0.262301
137.1		0.264247
137.2		0.264247
137.3		0.264247
137.4		0.264247
137.5		0.264247
137.6		0.264247
137.7		0.264247
137.8		0.264247
137.9		0.264247
138		0.264247
138.1		0.264739
138.2		0.264739
138.3		0.264739
138.4		0.264739
138.5		0.264739
138.6		0.264739
138.7		0.264739
138.8		0.264739
138.9		0.264739
139		0.264739
139.1		0.268599
139.2		0.268599
139.3		0.268599
139.4		0.268599
139.5		0.268599
139.6		0.268599
139.7		0.268599
139.8		0.268599
139.9		0.268599
140		0.268599
140.1		0.269237
140.2		0.269237
140.3		0.269237
140.4		0.269237
140.5		0.269237
140.6		0.269237
140.7		0.269237
140.8		0.269237
140.9		0.269237
141		0.269237
141.1		0.270501
141.2		0.270501
141.3		0.270501
141.4		0.270501
141.5		0.270501
141.6		0.270501
141.7		0.270501
141.8		0.270501
141.9		0.270501
142		0.270501
142.1		0.272694
142.2		0.272694
142.3		0.272694
142.4		0.272694
142.5		0.272694
142.6		0.272694
142.7		0.272694
142.8		0.272694
142.9		0.272694
143		0.272694
143.1		0.273678
143.2		0.273678
143.3		0.273678
143.4		0.273678
143.5		0.273678
143.6		0.273678
143.7		0.273678
143.8		0.273678
143.9		0.273678
144		0.273678
144.1		0.279395
144.2		0.279395
144.3		0.279395
144.4		0.279395
144.5		0.279395
144.6		0.279395
144.7		0.279395
144.8		0.279395
144.9		0.279395
145		0.279395
145.1		0.28076
145.2		0.28076
145.3		0.28076
145.4		0.28076
145.5		0.28076
145.6		0.28076
145.7		0.28076
145.8		0.28076
145.9		0.28076
146		0.28076
146.1		0.281196
146.2		0.281196
146.3		0.281196
146.4		0.281196
146.5		0.281196
146.6		0.281196
146.7		0.281196
146.8		0.281196
146.9		0.281196
147		0.281196
147.1		0.281677
147.2		0.281677
147.3		0.281677
147.4		0.281677
147.5		0.281677
147.6		0.281677
147.7		0.281677
147.8		0.281677
147.9		0.281677
148		0.281677
148.1		0.289061
148.2		0.289061
148.3		0.289061
148.4		0.289061
148.5		0.289061
148.6		0.289061
148.7		0.289061
148.8		0.289061
148.9		0.289061
149		0.289061
149.1		0.28971
149.2		0.28971
149.3		0.28971
149.4		0.28971
149.5		0.28971
149.6		0.28971
149.7		0.28971
149.8		0.28971
149.9		0.28971
150		0.28971
150.1		0.290336
150.2		0.290336
150.3		0.290336
150.4		0.290336
150.5		0.290336
150.6		0.290336
150.7		0.290336
150.8		0.290336
150.9		0.290336
151		0.290336
151.1		0.291746
151.2		0.291746
151.3		0.291746
151.4		0.291746
151.5		0.291746
151.6		0.291746
151.7		0.291746
151.8		0.291746
151.9		0.291746
152		0.291746
152.1		0.297407
152.2		0.297407
152.3		0.297407
152.4		0.297407
152.5		0.297407
152.6		0.297407
152.7		0.297407
152.8		0.297407
152.9		0.297407
153		0.297407
153.1		0.298022
153.2		0.298022
153.3		0.298022
153.4		0.298022
153.5		0.298022
153.6		0.298022
153.7		0.298022
153.8		0.298022
153.9		0.298022
154		0.298022
154.1		0.299588
154.2		0.299588
154.3		0.299588
154.4		0.299588
154.5		0.299588
154.6		0.299588
154.7		0.299588
154.8		0.299588
154.9		0.299588
155		0.299588
155.1		0.301613
155.2		0.301613
155.3		0.301613
155.4		0.301613
155.5		0.301613
155.6		0.301613
155.7		0.301613
155.8		0.301613
155.9		0.301613
156		0.301613
156.1		0.302318
156.2		0.302318
156.3		0.302318
156.4		0.302318
156.5		0.302318
156.6		0.302318
156.7		0.302318
156.8		0.302318
156.9		0.302318
157		0.302318
157.1		0.307173
157.2		0.307173
157.3		0.307173
157.4		0.307173
157.5		0.307173
157.6		0.307173
157.7		0.307173
157.8		0.307173
157.9		0.307173
158		0.307173
158.1		0.307431
158.2		0.307431
158.3		0.307431
158.4		0.307431
158.5		0.307431
158.6		0.307431
158.7		0.307431
158.8		0.307431
158.9		0.307431
159		0.307431
159.1		0.309277
159.2		0.309277
159.3		0.309277
159.4		0.309277
159.5		0.309277
159.6		0.309277
159.7		0.309277
159.8		0.309277
159.9		0.309277
160		0.309277
160.1		0.31543
160.2		0.31543
160.3		0.31543
160.4		0.31543
160.5		0.31543
160.6		0.31543
160.7		0.31543
160.8		0.31543
160.9		0.31543
161		0.31543
161.1		0.315743
161.2		0.315743
161.3		0.315743
161.4		0.315743
161.5		0.315743
161.6		0.315743
161.7		0.315743
161.8		0.315743
161.9		0.315743
162		0.315743
162.1		0.318842
162.2		0.318842
162.3		0.318842
162.4		0.318842
162.5		0.318842
162.6		0.318842
162.7		0.318842
162.8		0.318842
162.9		0.318842
163		0.318842
163.1		0.319155
163.2		0.319155
163.3		0.319155
163.4		0.319155
163.5		0.319155
163.6		0.319155
163.7		0.319155
163.8		0.319155
163.9		0.319155
164		0.319155
164.1		0.319692
164.2		0.319692
164.3		0.319692
164.4		0.319692
164.5		0.319692
164.6		0.319692
164.7		0.319692
164.8		0.319692
164.9		0.319692
165		0.319692
165.1		0.325543
165.2		0.325543
165.3		0.325543
165.4		0.325543
165.5		0.325543
165.6		0.325543
165.7		0.325543
165.8		0.325543
165.9		0.325543
166		0.325543
166.1		0.326125
166.2		0.326125
166.3		0.326125
166.4		0.326125
166.5		0.326125
166.6		0.326125
166.7		0.326125
166.8		0.326125
166.9		0.326125
167		0.326125
167.1		0.329347
167.2		0.329347
167.3		0.329347
167.4		0.329347
167.5		0.329347
167.6		0.329347
167.7		0.329347
167.8		0.329347
167.9		0.329347
168		0.329347
168.1		0.330253
168.2		0.330253
168.3		0.330253
168.4		0.330253
168.5		0.330253
168.6		0.330253
168.7		0.330253
168.8		0.330253
168.9		0.330253
169		0.330253
169.1		0.330566
169.2		0.330566
169.3		0.330566
169.4		0.330566
169.5		0.330566
169.6		0.330566
169.7		0.330566
169.8		0.330566
169.9		0.330566
170		0.330566
170.1		0.334314
170.2		0.334314
170.3		0.334314
170.4		0.334314
170.5		0.334314
170.6		0.334314
170.7		0.334314
170.8		0.334314
170.9		0.334314
171		0.334314
171.1		0.336093
171.2		0.336093
171.3		0.336093
171.4		0.336093
171.5		0.336093
171.6		0.336093
171.7		0.336093
171.8		0.336093
171.9		0.336093
172		0.336093
172.1		0.337077
172.2		0.337077
172.3		0.337077
172.4		0.337077
172.5		0.337077
172.6		0.337077
172.7		0.337077
172.8		0.337077
172.9		0.337077
173		0.337077
173.1		0.33955
173.2		0.33955
173.3		0.33955
173.4		0.33955
173.5		0.33955
173.6		0.33955
173.7		0.33955
173.8		0.33955
173.9		0.33955
174		0.33955
174.1		0.341564
174.2		0.341564
174.3		0.341564
174.4		0.341564
174.5		0.341564
174.6		0.341564
174.7		0.341564
174.8		0.341564
174.9		0.341564
175		0.341564
175.1		0.343633
175.2		0.343633
175.3		0.343633
175.4		0.343633
175.5		0.343633
175.6		0.343633
175.7		0.343633
175.8		0.343633
175.9		0.343633
176		0.343633
176.1		0.344998
176.2		0.344998
176.3		0.344998
176.4		0.344998
176.5		0.344998
176.6		0.344998
176.7		0.344998
176.8		0.344998
176.9		0.344998
177		0.344998
177.1		0.346106
177.2		0.346106
177.3		0.346106
177.4		0.346106
177.5		0.346106
177.6		0.346106
177.7		0.346106
177.8		0.346106
177.9		0.346106
178		0.346106
178.1		0.349831
178.2		0.349831
178.3		0.349831
178.4		0.349831
178.5		0.349831
178.6		0.349831
178.7		0.349831
178.8		0.349831
178.9		0.349831
179		0.349831
179.1		0.350737
179.2		0.350737
179.3		0.350737
179.4		0.350737
179.5		0.350737
179.6		0.350737
179.7		0.350737
179.8		0.350737
179.9		0.350737
180		0.350737
180.1		0.352024
180.2		0.352024
180.3		0.352024
180.4		0.352024
180.5		0.352024
180.6		0.352024
180.7		0.352024
180.8		0.352024
180.9		0.352024
181		0.352024
181.1		0.353389
181.2		0.353389
181.3		0.353389
181.4		0.353389
181.5		0.353389
181.6		0.353389
181.7		0.353389
181.8		0.353389
181.9		0.353389
182		0.353389
182.1		0.35651
182.2		0.35651
182.3		0.35651
182.4		0.35651
182.5		0.35651
182.6		0.35651
182.7		0.35651
182.8		0.35651
182.9		0.35651
183		0.35651
183.1		0.360157
183.2		0.360157
183.3		0.360157
183.4		0.360157
183.5		0.360157
183.6		0.360157
183.7		0.360157
183.8		0.360157
183.9		0.360157
184		0.360157
184.1		0.360895
184.2		0.360895
184.3		0.360895
184.4		0.360895
184.5		0.360895
184.6		0.360895
184.7		0.360895
184.8		0.360895
184.9		0.360895
185		0.360895
185.1		0.361186
185.2		0.361186
185.3		0.361186
185.4		0.361186
185.5		0.361186
185.6		0.361186
185.7		0.361186
185.8		0.361186
185.9		0.361186
186		0.361186
186.1		0.366523
186.2		0.366523
186.3		0.366523
186.4		0.366523
186.5		0.366523
186.6		0.366523
186.7		0.366523
186.8		0.366523
186.9		0.366523
187		0.366523
187.1		0.368939
187.2		0.368939
187.3		0.368939
187.4		0.368939
187.5		0.368939
187.6		0.368939
187.7		0.368939
187.8		0.368939
187.9		0.368939
188		0.368939
188.1		0.371244
188.2		0.371244
188.3		0.371244
188.4		0.371244
188.5		0.371244
188.6		0.371244
188.7		0.371244
188.8		0.371244
188.9		0.371244
189		0.371244
189.1		0.371725
189.2		0.371725
189.3		0.371725
189.4		0.371725
189.5		0.371725
189.6		0.371725
189.7		0.371725
189.8		0.371725
189.9		0.371725
190		0.371725
190.1		0.375294
190.2		0.375294
190.3		0.375294
190.4		0.375294
190.5		0.375294
190.6		0.375294
190.7		0.375294
190.8		0.375294
190.9		0.375294
191		0.375294
191.1		0.376714
191.2		0.376714
191.3		0.376714
191.4		0.376714
191.5		0.376714
191.6		0.376714
191.7		0.376714
191.8		0.376714
191.9		0.376714
192		0.376714
192.1		0.37922
192.2		0.37922
192.3		0.37922
192.4		0.37922
192.5		0.37922
192.6		0.37922
192.7		0.37922
192.8		0.37922
192.9		0.37922
193		0.37922
193.1		0.380921
193.2		0.380921
193.3		0.380921
193.4		0.380921
193.5		0.380921
193.6		0.380921
193.7		0.380921
193.8		0.380921
193.9		0.380921
194		0.380921
194.1		0.384993
194.2		0.384993
194.3		0.384993
194.4		0.384993
194.5		0.384993
194.6		0.384993
194.7		0.384993
194.8		0.384993
194.9		0.384993
195		0.384993
195.1		0.386313
195.2		0.386313
195.3		0.386313
195.4		0.386313
195.5		0.386313
195.6		0.386313
195.7		0.386313
195.8		0.386313
195.9		0.386313
196		0.386313
196.1		0.387365
196.2		0.387365
196.3		0.387365
196.4		0.387365
196.5		0.387365
196.6		0.387365
196.7		0.387365
196.8		0.387365
196.9		0.387365
197		0.387365
197.1		0.389748
197.2		0.389748
197.3		0.389748
197.4		0.389748
197.5		0.389748
197.6		0.389748
197.7		0.389748
197.8		0.389748
197.9		0.389748
198		0.389748
198.1		0.39005
198.2		0.39005
198.3		0.39005
198.4		0.39005
198.5		0.39005
198.6		0.39005
198.7		0.39005
198.8		0.39005
198.9		0.39005
199		0.39005
199.1		0.396595
199.2		0.396595
199.3		0.396595
199.4		0.396595
199.5		0.396595
199.6		0.396595
199.7		0.396595
199.8		0.396595
199.9		0.396595
200		0.396595
200.1		0.398877
200.2		0.398877
200.3		0.398877
200.4		0.398877
200.5		0.398877
200.6		0.398877
200.7		0.398877
200.8		0.398877
200.9		0.398877
201		0.398877
201.1		0.399302
201.2		0.399302
201.3		0.399302
201.4		0.399302
201.5		0.399302
201.6		0.399302
201.7		0.399302
201.8		0.399302
201.9		0.399302
202		0.399302
202.1		0.40032
202.2		0.40032
202.3		0.40032
202.4		0.40032
202.5		0.40032
202.6		0.40032
202.7		0.40032
202.8		0.40032
202.9		0.40032
203		0.40032
203.1		0.401372
203.2		0.401372
203.3		0.401372
203.4		0.401372
203.5		0.401372
203.6		0.401372
203.7		0.401372
203.8		0.401372
203.9		0.401372
204		0.401372
204.1		0.40842
204.2		0.40842
204.3		0.40842
204.4		0.40842
204.5		0.40842
204.6		0.40842
204.7		0.40842
204.8		0.40842
204.9		0.40842
205		0.40842
205.1		0.409091
205.2		0.409091
205.3		0.409091
205.4		0.409091
205.5		0.409091
205.6		0.409091
205.7		0.409091
205.8		0.409091
205.9		0.409091
206		0.409091
206.1		0.410568
206.2		0.410568
206.3		0.410568
206.4		0.410568
206.5		0.410568
206.6		0.410568
206.7		0.410568
206.8		0.410568
206.9		0.410568
207		0.410568
207.1		0.411653
207.2		0.411653
207.3		0.411653
207.4		0.411653
207.5		0.411653
207.6		0.411653
207.7		0.411653
207.8		0.411653
207.9		0.411653
208		0.411653
208.1		0.417191
208.2		0.417191
208.3		0.417191
208.4		0.417191
208.5		0.417191
208.6		0.417191
208.7		0.417191
208.8		0.417191
208.9		0.417191
209		0.417191
209.1		0.418376
209.2		0.418376
209.3		0.418376
209.4		0.418376
209.5		0.418376
209.6		0.418376
209.7		0.418376
209.8		0.418376
209.9		0.418376
210		0.418376
210.1		0.419786
210.2		0.419786
210.3		0.419786
210.4		0.419786
210.5		0.419786
210.6		0.419786
210.7		0.419786
210.8		0.419786
210.9		0.419786
211		0.419786
211.1		0.420625
211.2		0.420625
211.3		0.420625
211.4		0.420625
211.5		0.420625
211.6		0.420625
211.7		0.420625
211.8		0.420625
211.9		0.420625
212		0.420625
212.1		0.426711
212.2		0.426711
212.3		0.426711
212.4		0.426711
212.5		0.426711
212.6		0.426711
212.7		0.426711
212.8		0.426711
212.9		0.426711
213		0.426711
213.1		0.427763
213.2		0.427763
213.3		0.427763
213.4		0.427763
213.5		0.427763
213.6		0.427763
213.7		0.427763
213.8		0.427763
213.9		0.427763
214		0.427763
214.1		0.428434
214.2		0.428434
214.3		0.428434
214.4		0.428434
214.5		0.428434
214.6		0.428434
214.7		0.428434
214.8		0.428434
214.9		0.428434
215		0.428434
215.1		0.42896
215.2		0.42896
215.3		0.42896
215.4		0.42896
215.5		0.42896
215.6		0.42896
215.7		0.42896
215.8		0.42896
215.9		0.42896
216		0.42896
216.1		0.431678
216.2		0.431678
216.3		0.431678
216.4		0.431678
216.5		0.431678
216.6		0.431678
216.7		0.431678
216.8		0.431678
216.9		0.431678
217		0.431678
217.1		0.433513
217.2		0.433513
217.3		0.433513
217.4		0.433513
217.5		0.433513
217.6		0.433513
217.7		0.433513
217.8		0.433513
217.9		0.433513
218		0.433513
218.1		0.437529
218.2		0.437529
218.3		0.437529
218.4		0.437529
218.5		0.437529
218.6		0.437529
218.7		0.437529
218.8		0.437529
218.9		0.437529
219		0.437529
219.1		0.437921
219.2		0.437921
219.3		0.437921
219.4		0.437921
219.5		0.437921
219.6		0.437921
219.7		0.437921
219.8		0.437921
219.9		0.437921
220		0.437921
220.1		0.442105
220.2		0.442105
220.3		0.442105
220.4		0.442105
220.5		0.442105
220.6		0.442105
220.7		0.442105
220.8		0.442105
220.9		0.442105
221		0.442105
221.1		0.44234
221.2		0.44234
221.3		0.44234
221.4		0.44234
221.5		0.44234
221.6		0.44234
221.7		0.44234
221.8		0.44234
221.9		0.44234
222		0.44234
222.1		0.442463
222.2		0.442463
222.3		0.442463
222.4		0.442463
222.5		0.442463
222.6		0.442463
222.7		0.442463
222.8		0.442463
222.9		0.442463
223		0.442463
223.1		0.445417
223.2		0.445417
223.3		0.445417
223.4		0.445417
223.5		0.445417
223.6		0.445417
223.7		0.445417
223.8		0.445417
223.9		0.445417
224		0.445417
224.1		0.44762
224.2		0.44762
224.3		0.44762
224.4		0.44762
224.5		0.44762
224.6		0.44762
224.7		0.44762
224.8		0.44762
224.9		0.44762
225		0.44762
225.1		0.450943
225.2		0.450943
225.3		0.450943
225.4		0.450943
225.5		0.450943
225.6		0.450943
225.7		0.450943
225.8		0.450943
225.9		0.450943
226		0.450943
226.1		0.452599
226.2		0.452599
226.3		0.452599
226.4		0.452599
226.5		0.452599
226.6		0.452599
226.7		0.452599
226.8		0.452599
226.9		0.452599
227		0.452599
227.1		0.454736
227.2		0.454736
227.3		0.454736
227.4		0.454736
227.5		0.454736
227.6		0.454736
227.7		0.454736
227.8		0.454736
227.9		0.454736
228		0.454736
228.1		0.455631
228.2		0.455631
228.3		0.455631
228.4		0.455631
228.5		0.455631
228.6		0.455631
228.7		0.455631
228.8		0.455631
228.9		0.455631
229		0.455631
229.1		0.46062
229.2		0.46062
229.3		0.46062
229.4		0.46062
229.5		0.46062
229.6		0.46062
229.7		0.46062
229.8		0.46062
229.9		0.46062
230		0.46062
230.1		0.460855
230.2		0.460855
230.3		0.460855
230.4		0.460855
230.5		0.460855
230.6		0.460855
230.7		0.460855
230.8		0.460855
230.9		0.460855
231		0.460855
231.1		0.463205
231.2		0.463205
231.3		0.463205
231.4		0.463205
231.5		0.463205
231.6		0.463205
231.7		0.463205
231.8		0.463205
231.9		0.463205
232		0.463205
232.1		0.463529
232.2		0.463529
232.3		0.463529
232.4		0.463529
232.5		0.463529
232.6		0.463529
232.7		0.463529
232.8		0.463529
232.9		0.463529
233		0.463529
233.1		0.467131
233.2		0.467131
233.3		0.467131
233.4		0.467131
233.5		0.467131
233.6		0.467131
233.7		0.467131
233.8		0.467131
233.9		0.467131
234		0.467131
234.1		0.469604
234.2		0.469604
234.3		0.469604
234.4		0.469604
234.5		0.469604
234.6		0.469604
234.7		0.469604
234.8		0.469604
234.9		0.469604
235		0.469604
235.1		0.471259
235.2		0.471259
235.3		0.471259
235.4		0.471259
235.5		0.471259
235.6		0.471259
235.7		0.471259
235.8		0.471259
235.9		0.471259
236		0.471259
236.1		0.472781
236.2		0.472781
236.3		0.472781
236.4		0.472781
236.5		0.472781
236.6		0.472781
236.7		0.472781
236.8		0.472781
236.9		0.472781
237		0.472781
237.1		0.473989
237.2		0.473989
237.3		0.473989
237.4		0.473989
237.5		0.473989
237.6		0.473989
237.7		0.473989
237.8		0.473989
237.9		0.473989
238		0.473989
238.1		0.480444
238.2		0.480444
238.3		0.480444
238.4		0.480444
238.5		0.480444
238.6		0.480444
238.7		0.480444
238.8		0.480444
238.9		0.480444
239		0.480444
239.1		0.481216
239.2		0.481216
239.3		0.481216
239.4		0.481216
239.5		0.481216
239.6		0.481216
239.7		0.481216
239.8		0.481216
239.9		0.481216
240		0.481216
240.1		0.481518
240.2		0.481518
240.3		0.481518
240.4		0.481518
240.5		0.481518
240.6		0.481518
240.7		0.481518
240.8		0.481518
240.9		0.481518
241		0.481518
241.1		0.483073
241.2		0.483073
241.3		0.483073
241.4		0.483073
241.5		0.483073
241.6		0.483073
241.7		0.483073
241.8		0.483073
241.9		0.483073
242		0.483073
242.1		0.487034
242.2		0.487034
242.3		0.487034
242.4		0.487034
242.5		0.487034
242.6		0.487034
242.7		0.487034
242.8		0.487034
242.9		0.487034
243		0.487034
243.1		0.490323
243.2		0.490323
243.3		0.490323
243.4		0.490323
243.5		0.490323
243.6		0.490323
243.7		0.490323
243.8		0.490323
243.9		0.490323
244		0.490323
244.1		0.492717
244.2		0.492717
244.3		0.492717
244.4		0.492717
244.5		0.492717
244.6		0.492717
244.7		0.492717
244.8		0.492717
244.9		0.492717
245		0.492717
245.1		0.492985
245.2		0.492985
245.3		0.492985
245.4		0.492985
245.5		0.492985
245.6		0.492985
245.7		0.492985
245.8		0.492985
245.9		0.492985
246		0.492985
246.1		0.495391
246.2		0.495391
246.3		0.495391
246.4		0.495391
246.5		0.495391
246.6		0.495391
246.7		0.495391
246.8		0.495391
246.9		0.495391
247		0.495391
247.1		0.496487
247.2		0.496487
247.3		0.496487
247.4		0.496487
247.5		0.496487
247.6		0.496487
247.7		0.496487
247.8		0.496487
247.9		0.496487
248		0.496487
248.1		0.497382
248.2		0.497382
248.3		0.497382
248.4		0.497382
248.5		0.497382
248.6		0.497382
248.7		0.497382
248.8		0.497382
248.9		0.497382
249		0.497382
249.1		0.498378
249.2		0.498378
249.3		0.498378
249.4		0.498378
249.5		0.498378
249.6		0.498378
249.7		0.498378
249.8		0.498378
249.9		0.498378
250		0.498378
250.1		0.504184
250.2		0.504184
250.3		0.504184
250.4		0.504184
250.5		0.504184
250.6		0.504184
250.7		0.504184
250.8		0.504184
250.9		0.504184
251		0.504184
251.1		0.508178
251.2		0.508178
251.3		0.508178
251.4		0.508178
251.5		0.508178
251.6		0.508178
251.7		0.508178
251.8		0.508178
251.9		0.508178
252		0.508178
252.1		0.509129
252.2		0.509129
252.3		0.509129
252.4		0.509129
252.5		0.509129
252.6		0.509129
252.7		0.509129
252.8		0.509129
252.9		0.509129
253		0.509129
253.1		0.510091
253.2		0.510091
253.3		0.510091
253.4		0.510091
253.5		0.510091
253.6		0.510091
253.7		0.510091
253.8		0.510091
253.9		0.510091
254		0.510091
254.1		0.510785
254.2		0.510785
254.3		0.510785
254.4		0.510785
254.5		0.510785
254.6		0.510785
254.7		0.510785
254.8		0.510785
254.9		0.510785
255		0.510785
255.1		0.515774
255.2		0.515774
255.3		0.515774
255.4		0.515774
255.5		0.515774
255.6		0.515774
255.7		0.515774
255.8		0.515774
255.9		0.515774
256		0.515774
256.1		0.519097
256.2		0.519097
256.3		0.519097
256.4		0.519097
256.5		0.519097
256.6		0.519097
256.7		0.519097
256.8		0.519097
256.9		0.519097
257		0.519097
257.1		0.521223
257.2		0.521223
257.3		0.521223
257.4		0.521223
257.5		0.521223
257.6		0.521223
257.7		0.521223
257.8		0.521223
257.9		0.521223
258		0.521223
258.1		0.521983
258.2		0.521983
258.3		0.521983
258.4		0.521983
258.5		0.521983
258.6		0.521983
258.7		0.521983
258.8		0.521983
258.9		0.521983
259		0.521983
259.1		0.522632
259.2		0.522632
259.3		0.522632
259.4		0.522632
259.5		0.522632
259.6		0.522632
259.7		0.522632
259.8		0.522632
259.9		0.522632
260		0.522632
260.1		0.525519
260.2		0.525519
260.3		0.525519
260.4		0.525519
260.5		0.525519
260.6		0.525519
260.7		0.525519
260.8		0.525519
260.9		0.525519
261		0.525519
261.1		0.528002
261.2		0.528002
261.3		0.528002
261.4		0.528002
261.5		0.528002
261.6		0.528002
261.7		0.528002
261.8		0.528002
261.9		0.528002
262		0.528002
262.1		0.528819
262.2		0.528819
262.3		0.528819
262.4		0.528819
262.5		0.528819
262.6		0.528819
262.7		0.528819
262.8		0.528819
262.9		0.528819
263		0.528819
263.1		0.533059
263.2		0.533059
263.3		0.533059
263.4		0.533059
263.5		0.533059
263.6		0.533059
263.7		0.533059
263.8		0.533059
263.9		0.533059
264		0.533059
264.1		0.535968
264.2		0.535968
264.3		0.535968
264.4		0.535968
264.5		0.535968
264.6		0.535968
264.7		0.535968
264.8		0.535968
264.9		0.535968
265		0.535968
265.1		0.536203
265.2		0.536203
265.3		0.536203
265.4		0.536203
265.5		0.536203
265.6		0.536203
265.7		0.536203
265.8		0.536203
265.9		0.536203
266		0.536203
266.1		0.539078
266.2		0.539078
266.3		0.539078
266.4		0.539078
266.5		0.539078
266.6		0.539078
266.7		0.539078
266.8		0.539078
266.9		0.539078
267		0.539078
267.1		0.540286
267.2		0.540286
267.3		0.540286
267.4		0.540286
267.5		0.540286
267.6		0.540286
267.7		0.540286
267.8		0.540286
267.9		0.540286
268		0.540286
268.1		0.545097
268.2		0.545097
268.3		0.545097
268.4		0.545097
268.5		0.545097
268.6		0.545097
268.7		0.545097
268.8		0.545097
268.9		0.545097
269		0.545097
269.1		0.545645
269.2		0.545645
269.3		0.545645
269.4		0.545645
269.5		0.545645
269.6		0.545645
269.7		0.545645
269.8		0.545645
269.9		0.545645
270		0.545645
270.1		0.548173
270.2		0.548173
270.3		0.548173
270.4		0.548173
270.5		0.548173
270.6		0.548173
270.7		0.548173
270.8		0.548173
270.9		0.548173
271		0.548173
271.1		0.548542
271.2		0.548542
271.3		0.548542
271.4		0.548542
271.5		0.548542
271.6		0.548542
271.7		0.548542
271.8		0.548542
271.9		0.548542
272		0.548542
272.1		0.553174
272.2		0.553174
272.3		0.553174
272.4		0.553174
272.5		0.553174
272.6		0.553174
272.7		0.553174
272.8		0.553174
272.9		0.553174
273		0.553174
273.1		0.553834
273.2		0.553834
273.3		0.553834
273.4		0.553834
273.5		0.553834
273.6		0.553834
273.7		0.553834
273.8		0.553834
273.9		0.553834
274		0.553834
274.1		0.555613
274.2		0.555613
274.3		0.555613
274.4		0.555613
274.5		0.555613
274.6		0.555613
274.7		0.555613
274.8		0.555613
274.9		0.555613
275		0.555613
275.1		0.557022
275.2		0.557022
275.3		0.557022
275.4		0.557022
275.5		0.557022
275.6		0.557022
275.7		0.557022
275.8		0.557022
275.9		0.557022
276		0.557022
276.1		0.55728
276.2		0.55728
276.3		0.55728
276.4		0.55728
276.5		0.55728
276.6		0.55728
276.7		0.55728
276.8		0.55728
276.9		0.55728
277		0.55728
277.1		0.562213
277.2		0.562213
277.3		0.562213
277.4		0.562213
277.5		0.562213
277.6		0.562213
277.7		0.562213
277.8		0.562213
277.9		0.562213
278		0.562213
278.1		0.562784
278.2		0.562784
278.3		0.562784
278.4		0.562784
278.5		0.562784
278.6		0.562784
278.7		0.562784
278.8		0.562784
278.9		0.562784
279		0.562784
279.1		0.565446
279.2		0.565446
279.3		0.565446
279.4		0.565446
279.5		0.565446
279.6		0.565446
279.7		0.565446
279.8		0.565446
279.9		0.565446
280		0.565446
280.1		0.567505
280.2		0.567505
280.3		0.567505
280.4		0.567505
280.5		0.567505
280.6		0.567505
280.7		0.567505
280.8		0.567505
280.9		0.567505
281		0.567505
281.1		0.568277
281.2		0.568277
281.3		0.568277
281.4		0.568277
281.5		0.568277
281.6		0.568277
281.7		0.568277
281.8		0.568277
281.9		0.568277
282		0.568277
282.1		0.571275
282.2		0.571275
282.3		0.571275
282.4		0.571275
282.5		0.571275
282.6		0.571275
282.7		0.571275
282.8		0.571275
282.9		0.571275
283		0.571275
283.1		0.574508
283.2		0.574508
283.3		0.574508
283.4		0.574508
283.5		0.574508
283.6		0.574508
283.7		0.574508
283.8		0.574508
283.9		0.574508
284		0.574508
284.1		0.577507
284.2		0.577507
284.3		0.577507
284.4		0.577507
284.5		0.577507
284.6		0.577507
284.7		0.577507
284.8		0.577507
284.9		0.577507
285		0.577507
285.1		0.581042
285.2		0.581042
285.3		0.581042
285.4		0.581042
285.5		0.581042
285.6		0.581042
285.7		0.581042
285.8		0.581042
285.9		0.581042
286		0.581042
286.1		0.581154
286.2		0.581154
286.3		0.581154
286.4		0.581154
286.5		0.581154
286.6		0.581154
286.7		0.581154
286.8		0.581154
286.9		0.581154
287		0.581154
287.1		0.584577
287.2		0.584577
287.3		0.584577
287.4		0.584577
287.5		0.584577
287.6		0.584577
287.7		0.584577
287.8		0.584577
287.9		0.584577
288		0.584577
288.1		0.586848
288.2		0.586848
288.3		0.586848
288.4		0.586848
288.5		0.586848
288.6		0.586848
288.7		0.586848
288.8		0.586848
288.9		0.586848
289		0.586848
289.1		0.590215
289.2		0.590215
289.3		0.590215
289.4		0.590215
289.5		0.590215
289.6		0.590215
289.7		0.590215
289.8		0.590215
289.9		0.590215
290		0.590215
290.1		0.590797
290.2		0.590797
290.3		0.590797
290.4		0.590797
290.5		0.590797
290.6		0.590797
290.7		0.590797
290.8		0.590797
290.9		0.590797
291		0.590797
291.1		0.594814
291.2		0.594814
291.3		0.594814
291.4		0.594814
291.5		0.594814
291.6		0.594814
291.7		0.594814
291.8		0.594814
291.9		0.594814
292		0.594814
292.1		0.594814
292.2		0.594814
292.3		0.594814
292.4		0.594814
292.5		0.594814
292.6		0.594814
292.7		0.594814
292.8		0.594814
292.9		0.594814
293		0.594814
293.1		0.594814
293.2		0.594814
293.3		0.594814
293.4		0.594814
293.5		0.594814
293.6		0.594814
293.7		0.594814
293.8		0.594814
293.9		0.594814
294		0.594814
294.1		0.594814
294.2		0.594814
294.3		0.594814
294.4		0.594814
294.5		0.594814
294.6		0.594814
294.7		0.594814
294.8		0.594814
294.9		0.594814
295		0.594814
295.1		0.597812
295.2		0.597812
295.3		0.597812
295.4		0.597812
295.5		0.597812
295.6		0.597812
295.7		0.597812
295.8		0.597812
295.9		0.597812
296		0.597812
296.1		0.600844
296.2		0.600844
296.3		0.600844
296.4		0.600844
296.5		0.600844
296.6		0.600844
296.7		0.600844
296.8		0.600844
296.9		0.600844
297		0.600844
297.1		0.601761
297.2		0.601761
297.3		0.601761
297.4		0.601761
297.5		0.601761
297.6		0.601761
297.7		0.601761
297.8		0.601761
297.9		0.601761
298		0.601761
298.1		0.604356
298.2		0.604356
298.3		0.604356
298.4		0.604356
298.5		0.604356
298.6		0.604356
298.7		0.604356
298.8		0.604356
298.9		0.604356
299		0.604356
299.1		0.605643
299.2		0.605643
299.3		0.605643
299.4		0.605643
299.5		0.605643
299.6		0.605643
299.7		0.605643
299.8		0.605643
299.9		0.605643
300		0.605643
300.1		0.606605
300.2		0.606605
300.3		0.606605
300.4		0.606605
300.5		0.606605
300.6		0.606605
300.7		0.606605
300.8		0.606605
300.9		0.606605
301		0.606605
301.1		0.610118
301.2		0.610118
301.3		0.610118
301.4		0.610118
301.5		0.610118
301.6		0.610118
301.7		0.610118
301.8		0.610118
301.9		0.610118
302		0.610118
302.1		0.611326
302.2		0.611326
302.3		0.611326
302.4		0.611326
302.5		0.611326
302.6		0.611326
302.7		0.611326
302.8		0.611326
302.9		0.611326
303		0.611326
303.1		0.614649
303.2		0.614649
303.3		0.614649
303.4		0.614649
303.5		0.614649
303.6		0.614649
303.7		0.614649
303.8		0.614649
303.9		0.614649
304		0.614649
304.1		0.616965
304.2		0.616965
304.3		0.616965
304.4		0.616965
304.5		0.616965
304.6		0.616965
304.7		0.616965
304.8		0.616965
304.9		0.616965
305		0.616965
305.1		0.619985
305.2		0.619985
305.3		0.619985
305.4		0.619985
305.5		0.619985
305.6		0.619985
305.7		0.619985
305.8		0.619985
305.9		0.619985
306		0.619985
306.1		0.620399
306.2		0.620399
306.3		0.620399
306.4		0.620399
306.5		0.620399
306.6		0.620399
306.7		0.620399
306.8		0.620399
306.9		0.620399
307		0.620399
307.1		0.622726
307.2		0.622726
307.3		0.622726
307.4		0.622726
307.5		0.622726
307.6		0.622726
307.7		0.622726
307.8		0.622726
307.9		0.622726
308		0.622726
308.1		0.624796
308.2		0.624796
308.3		0.624796
308.4		0.624796
308.5		0.624796
308.6		0.624796
308.7		0.624796
308.8		0.624796
308.9		0.624796
309		0.624796
309.1		0.625098
309.2		0.625098
309.3		0.625098
309.4		0.625098
309.5		0.625098
309.6		0.625098
309.7		0.625098
309.8		0.625098
309.9		0.625098
310		0.625098
310.1		0.626619
310.2		0.626619
310.3		0.626619
310.4		0.626619
310.5		0.626619
310.6		0.626619
310.7		0.626619
310.8		0.626619
310.9		0.626619
311		0.626619
311.1		0.62917
311.2		0.62917
311.3		0.62917
311.4		0.62917
311.5		0.62917
311.6		0.62917
311.7		0.62917
311.8		0.62917
311.9		0.62917
312		0.62917
312.1		0.633455
312.2		0.633455
312.3		0.633455
312.4		0.633455
312.5		0.633455
312.6		0.633455
312.7		0.633455
312.8		0.633455
312.9		0.633455
313		0.633455
313.1		0.634383
313.2		0.634383
313.3		0.634383
313.4		0.634383
313.5		0.634383
313.6		0.634383
313.7		0.634383
313.8		0.634383
313.9		0.634383
314		0.634383
314.1		0.635726
314.2		0.635726
314.3		0.635726
314.4		0.635726
314.5		0.635726
314.6		0.635726
314.7		0.635726
314.8		0.635726
314.9		0.635726
315		0.635726
315.1		0.636028
315.2		0.636028
315.3		0.636028
315.4		0.636028
315.5		0.636028
315.6		0.636028
315.7		0.636028
315.8		0.636028
315.9		0.636028
316		0.636028
316.1		0.642271
316.2		0.642271
316.3		0.642271
316.4		0.642271
316.5		0.642271
316.6		0.642271
316.7		0.642271
316.8		0.642271
316.9		0.642271
317		0.642271
317.1		0.644553
317.2		0.644553
317.3		0.644553
317.4		0.644553
317.5		0.644553
317.6		0.644553
317.7		0.644553
317.8		0.644553
317.9		0.644553
318		0.644553
318.1		0.645929
318.2		0.645929
318.3		0.645929
318.4		0.645929
318.5		0.645929
318.6		0.645929
318.7		0.645929
318.8		0.645929
318.9		0.645929
319		0.645929
319.1		0.646533
319.2		0.646533
319.3		0.646533
319.4		0.646533
319.5		0.646533
319.6		0.646533
319.7		0.646533
319.8		0.646533
319.9		0.646533
320		0.646533
320.1		0.651422
320.2		0.651422
320.3		0.651422
320.4		0.651422
320.5		0.651422
320.6		0.651422
320.7		0.651422
320.8		0.651422
320.9		0.651422
321		0.651422
321.1		0.652048
321.2		0.652048
321.3		0.652048
321.4		0.652048
321.5		0.652048
321.6		0.652048
321.7		0.652048
321.8		0.652048
321.9		0.652048
322		0.652048
322.1		0.652664
322.2		0.652664
322.3		0.652664
322.4		0.652664
322.5		0.652664
322.6		0.652664
322.7		0.652664
322.8		0.652664
322.9		0.652664
323		0.652664
323.1		0.654856
323.2		0.654856
323.3		0.654856
323.4		0.654856
323.5		0.654856
323.6		0.654856
323.7		0.654856
323.8		0.654856
323.9		0.654856
324		0.654856
324.1		0.659768
324.2		0.659768
324.3		0.659768
324.4		0.659768
324.5		0.659768
324.6		0.659768
324.7		0.659768
324.8		0.659768
324.9		0.659768
325		0.659768
325.1		0.661435
325.2		0.661435
325.3		0.661435
325.4		0.661435
325.5		0.661435
325.6		0.661435
325.7		0.661435
325.8		0.661435
325.9		0.661435
326		0.661435
326.1		0.661793
326.2		0.661793
326.3		0.661793
326.4		0.661793
326.5		0.661793
326.6		0.661793
326.7		0.661793
326.8		0.661793
326.9		0.661793
327		0.661793
327.1		0.663471
327.2		0.663471
327.3		0.663471
327.4		0.663471
327.5		0.663471
327.6		0.663471
327.7		0.663471
327.8		0.663471
327.9		0.663471
328		0.663471
328.1		0.667207
328.2		0.667207
328.3		0.667207
328.4		0.667207
328.5		0.667207
328.6		0.667207
328.7		0.667207
328.8		0.667207
328.9		0.667207
329		0.667207
329.1		0.669154
329.2		0.669154
329.3		0.669154
329.4		0.669154
329.5		0.669154
329.6		0.669154
329.7		0.669154
329.8		0.669154
329.9		0.669154
330		0.669154
330.1		0.671962
330.2		0.671962
330.3		0.671962
330.4		0.671962
330.5		0.671962
330.6		0.671962
330.7		0.671962
330.8		0.671962
330.9		0.671962
331		0.671962
331.1		0.672443
331.2		0.672443
331.3		0.672443
331.4		0.672443
331.5		0.672443
331.6		0.672443
331.7		0.672443
331.8		0.672443
331.9		0.672443
332		0.672443
332.1		0.674088
332.2		0.674088
332.3		0.674088
332.4		0.674088
332.5		0.674088
332.6		0.674088
332.7		0.674088
332.8		0.674088
332.9		0.674088
333		0.674088
333.1		0.67731
333.2		0.67731
333.3		0.67731
333.4		0.67731
333.5		0.67731
333.6		0.67731
333.7		0.67731
333.8		0.67731
333.9		0.67731
334		0.67731
334.1		0.677578
334.2		0.677578
334.3		0.677578
334.4		0.677578
334.5		0.677578
334.6		0.677578
334.7		0.677578
334.8		0.677578
334.9		0.677578
335		0.677578
335.1		0.680263
335.2		0.680263
335.3		0.680263
335.4		0.680263
335.5		0.680263
335.6		0.680263
335.7		0.680263
335.8		0.680263
335.9		0.680263
336		0.680263
336.1		0.682008
336.2		0.682008
336.3		0.682008
336.4		0.682008
336.5		0.682008
336.6		0.682008
336.7		0.682008
336.8		0.682008
336.9		0.682008
337		0.682008
337.1		0.68353
337.2		0.68353
337.3		0.68353
337.4		0.68353
337.5		0.68353
337.6		0.68353
337.7		0.68353
337.8		0.68353
337.9		0.68353
338		0.68353
338.1		0.687401
338.2		0.687401
338.3		0.687401
338.4		0.687401
338.5		0.687401
338.6		0.687401
338.7		0.687401
338.8		0.687401
338.9		0.687401
339		0.687401
339.1		0.688038
339.2		0.688038
339.3		0.688038
339.4		0.688038
339.5		0.688038
339.6		0.688038
339.7		0.688038
339.8		0.688038
339.9		0.688038
340		0.688038
340.1		0.690589
340.2		0.690589
340.3		0.690589
340.4		0.690589
340.5		0.690589
340.6		0.690589
340.7		0.690589
340.8		0.690589
340.9		0.690589
341		0.690589
341.1		0.692457
341.2		0.692457
341.3		0.692457
341.4		0.692457
341.5		0.692457
341.6		0.692457
341.7		0.692457
341.8		0.692457
341.9		0.692457
342		0.692457
342.1		0.697581
342.2		0.697581
342.3		0.697581
342.4		0.697581
342.5		0.697581
342.6		0.697581
342.7		0.697581
342.8		0.697581
342.9		0.697581
343		0.697581
343.1		0.700456
343.2		0.700456
343.3		0.700456
343.4		0.700456
343.5		0.700456
343.6		0.700456
343.7		0.700456
343.8		0.700456
343.9		0.700456
344		0.700456
344.1		0.702
344.2		0.702
344.3		0.702
344.4		0.702
344.5		0.702
344.6		0.702
344.7		0.702
344.8		0.702
344.9		0.702
345		0.702
345.1		0.706386
345.2		0.706386
345.3		0.706386
345.4		0.706386
345.5		0.706386
345.6		0.706386
345.7		0.706386
345.8		0.706386
345.9		0.706386
346		0.706386
346.1		0.706632
346.2		0.706632
346.3		0.706632
346.4		0.706632
346.5		0.706632
346.6		0.706632
346.7		0.706632
346.8		0.706632
346.9		0.706632
347		0.706632
347.1		0.711689
347.2		0.711689
347.3		0.711689
347.4		0.711689
347.5		0.711689
347.6		0.711689
347.7		0.711689
347.8		0.711689
347.9		0.711689
348		0.711689
348.1		0.713747
348.2		0.713747
348.3		0.713747
348.4		0.713747
348.5		0.713747
348.6		0.713747
348.7		0.713747
348.8		0.713747
348.9		0.713747
349		0.713747
349.1		0.714004
349.2		0.714004
349.3		0.714004
349.4		0.714004
349.5		0.714004
349.6		0.714004
349.7		0.714004
349.8		0.714004
349.9		0.714004
350		0.714004
350.1		0.718144
350.2		0.718144
350.3		0.718144
350.4		0.718144
350.5		0.718144
350.6		0.718144
350.7		0.718144
350.8		0.718144
350.9		0.718144
351		0.718144
351.1		0.721746
351.2		0.721746
351.3		0.721746
351.4		0.721746
351.5		0.721746
351.6		0.721746
351.7		0.721746
351.8		0.721746
351.9		0.721746
352		0.721746
352.1		0.722071
352.2		0.722071
352.3		0.722071
352.4		0.722071
352.5		0.722071
352.6		0.722071
352.7		0.722071
352.8		0.722071
352.9		0.722071
353		0.722071
353.1		0.722462
353.2		0.722462
353.3		0.722462
353.4		0.722462
353.5		0.722462
353.6		0.722462
353.7		0.722462
353.8		0.722462
353.9		0.722462
354		0.722462
354.1		0.723995
354.2		0.723995
354.3		0.723995
354.4		0.723995
354.5		0.723995
354.6		0.723995
354.7		0.723995
354.8		0.723995
354.9		0.723995
355		0.723995
355.1		0.725225
355.2		0.725225
355.3		0.725225
355.4		0.725225
355.5		0.725225
355.6		0.725225
355.7		0.725225
355.8		0.725225
355.9		0.725225
356		0.725225
356.1		0.725315
356.2		0.725315
356.3		0.725315
356.4		0.725315
356.5		0.725315
356.6		0.725315
356.7		0.725315
356.8		0.725315
356.9		0.725315
357		0.725315
357.1		0.730674
357.2		0.730674
357.3		0.730674
357.4		0.730674
357.5		0.730674
357.6		0.730674
357.7		0.730674
357.8		0.730674
357.9		0.730674
358		0.730674
358.1		0.731065
358.2		0.731065
358.3		0.731065
358.4		0.731065
358.5		0.731065
358.6		0.731065
358.7		0.731065
358.8		0.731065
358.9		0.731065
359		0.731065
359.1		0.733169
359.2		0.733169
359.3		0.733169
359.4		0.733169
359.5		0.733169
359.6		0.733169
359.7		0.733169
359.8		0.733169
359.9		0.733169
360		0.733169
360.1		0.733202
360.2		0.733202
360.3		0.733202
360.4		0.733202
360.5		0.733202
360.6		0.733202
360.7		0.733202
360.8		0.733202
360.9		0.733202
361		0.733202
361.1		0.735339
361.2		0.735339
361.3		0.735339
361.4		0.735339
361.5		0.735339
361.6		0.735339
361.7		0.735339
361.8		0.735339
361.9		0.735339
362		0.735339
362.1		0.73789
362.2		0.73789
362.3		0.73789
362.4		0.73789
362.5		0.73789
362.6		0.73789
362.7		0.73789
362.8		0.73789
362.9		0.73789
363		0.73789
363.1		0.73902
363.2		0.73902
363.3		0.73902
363.4		0.73902
363.5		0.73902
363.6		0.73902
363.7		0.73902
363.8		0.73902
363.9		0.73902
364		0.73902
364.1		0.742577
364.2		0.742577
364.3		0.742577
364.4		0.742577
364.5		0.742577
364.6		0.742577
364.7		0.742577
364.8		0.742577
364.9		0.742577
365		0.742577
365.1		0.744155
365.2		0.744155
365.3		0.744155
365.4		0.744155
365.5		0.744155
365.6		0.744155
365.7		0.744155
365.8		0.744155
365.9		0.744155
366		0.744155
366.1		0.744893
366.2		0.744893
366.3		0.744893
366.4		0.744893
366.5		0.744893
366.6		0.744893
366.7		0.744893
366.8		0.744893
366.9		0.744893
367		0.744893
367.1		0.748137
367.2		0.748137
367.3		0.748137
367.4		0.748137
367.5		0.748137
367.6		0.748137
367.7		0.748137
367.8		0.748137
367.9		0.748137
368		0.748137
368.1		0.75174
368.2		0.75174
368.3		0.75174
368.4		0.75174
368.5		0.75174
368.6		0.75174
368.7		0.75174
368.8		0.75174
368.9		0.75174
369		0.75174
369.1		0.752031
369.2		0.752031
369.3		0.752031
369.4		0.752031
369.5		0.752031
369.6		0.752031
369.7		0.752031
369.8		0.752031
369.9		0.752031
370		0.752031
370.1		0.755499
370.2		0.755499
370.3		0.755499
370.4		0.755499
370.5		0.755499
370.6		0.755499
370.7		0.755499
370.8		0.755499
370.9		0.755499
371		0.755499
371.1		0.755845
371.2		0.755845
371.3		0.755845
371.4		0.755845
371.5		0.755845
371.6		0.755845
371.7		0.755845
371.8		0.755845
371.9		0.755845
372		0.755845
372.1		0.758206
372.2		0.758206
372.3		0.758206
372.4		0.758206
372.5		0.758206
372.6		0.758206
372.7		0.758206
372.8		0.758206
372.9		0.758206
373		0.758206
373.1		0.761003
373.2		0.761003
373.3		0.761003
373.4		0.761003
373.5		0.761003
373.6		0.761003
373.7		0.761003
373.8		0.761003
373.9		0.761003
374		0.761003
374.1		0.761954
374.2		0.761954
374.3		0.761954
374.4		0.761954
374.5		0.761954
374.6		0.761954
374.7		0.761954
374.8		0.761954
374.9		0.761954
375		0.761954
375.1		0.764505
375.2		0.764505
375.3		0.764505
375.4		0.764505
375.5		0.764505
375.6		0.764505
375.7		0.764505
375.8		0.764505
375.9		0.764505
376		0.764505
376.1		0.767682
376.2		0.767682
376.3		0.767682
376.4		0.767682
376.5		0.767682
376.6		0.767682
376.7		0.767682
376.8		0.767682
376.9		0.767682
377		0.767682
377.1		0.769617
377.2		0.769617
377.3		0.769617
377.4		0.769617
377.5		0.769617
377.6		0.769617
377.7		0.769617
377.8		0.769617
377.9		0.769617
378		0.769617
378.1		0.770825
378.2		0.770825
378.3		0.770825
378.4		0.770825
378.5		0.770825
378.6		0.770825
378.7		0.770825
378.8		0.770825
378.9		0.770825
379		0.770825
379.1		0.77134
379.2		0.77134
379.3		0.77134
379.4		0.77134
379.5		0.77134
379.6		0.77134
379.7		0.77134
379.8		0.77134
379.9		0.77134
380		0.77134
380.1		0.775479
380.2		0.775479
380.3		0.775479
380.4		0.775479
380.5		0.775479
380.6		0.775479
380.7		0.775479
380.8		0.775479
380.9		0.775479
381		0.775479
381.1		0.778075
381.2		0.778075
381.3		0.778075
381.4		0.778075
381.5		0.778075
381.6		0.778075
381.7		0.778075
381.8		0.778075
381.9		0.778075
382		0.778075
382.1		0.778332
382.2		0.778332
382.3		0.778332
382.4		0.778332
382.5		0.778332
382.6		0.778332
382.7		0.778332
382.8		0.778332
382.9		0.778332
383		0.778332
383.1		0.782997
383.2		0.782997
383.3		0.782997
383.4		0.782997
383.5		0.782997
383.6		0.782997
383.7		0.782997
383.8		0.782997
383.9		0.782997
384		0.782997
384.1		0.78557
384.2		0.78557
384.3		0.78557
384.4		0.78557
384.5		0.78557
384.6		0.78557
384.7		0.78557
384.8		0.78557
384.9		0.78557
385		0.78557
385.1		0.787226
385.2		0.787226
385.3		0.787226
385.4		0.787226
385.5		0.787226
385.6		0.787226
385.7		0.787226
385.8		0.787226
385.9		0.787226
386		0.787226
386.1		0.787461
386.2		0.787461
386.3		0.787461
386.4		0.787461
386.5		0.787461
386.6		0.787461
386.7		0.787461
386.8		0.787461
386.9		0.787461
387		0.787461
387.1		0.790202
387.2		0.790202
387.3		0.790202
387.4		0.790202
387.5		0.790202
387.6		0.790202
387.7		0.790202
387.8		0.790202
387.9		0.790202
388		0.790202
388.1		0.792037
388.2		0.792037
388.3		0.792037
388.4		0.792037
388.5		0.792037
388.6		0.792037
388.7		0.792037
388.8		0.792037
388.9		0.792037
389		0.792037
389.1		0.795874
389.2		0.795874
389.3		0.795874
389.4		0.795874
389.5		0.795874
389.6		0.795874
389.7		0.795874
389.8		0.795874
389.9		0.795874
390		0.795874
390.1		0.796881
390.2		0.796881
390.3		0.796881
390.4		0.796881
390.5		0.796881
390.6		0.796881
390.7		0.796881
390.8		0.796881
390.9		0.796881
391		0.796881
391.1		0.799018
391.2		0.799018
391.3		0.799018
391.4		0.799018
391.5		0.799018
391.6		0.799018
391.7		0.799018
391.8		0.799018
391.9		0.799018
392		0.799018
392.1		0.801121
392.2		0.801121
392.3		0.801121
392.4		0.801121
392.5		0.801121
392.6		0.801121
392.7		0.801121
392.8		0.801121
392.9		0.801121
393		0.801121
393.1		0.802777
393.2		0.802777
393.3		0.802777
393.4		0.802777
393.5		0.802777
393.6		0.802777
393.7		0.802777
393.8		0.802777
393.9		0.802777
394		0.802777
394.1		0.806469
394.2		0.806469
394.3		0.806469
394.4		0.806469
394.5		0.806469
394.6		0.806469
394.7		0.806469
394.8		0.806469
394.9		0.806469
395		0.806469
395.1		0.807285
395.2		0.807285
395.3		0.807285
395.4		0.807285
395.5		0.807285
395.6		0.807285
395.7		0.807285
395.8		0.807285
395.9		0.807285
396		0.807285
396.1		0.809635
396.2		0.809635
396.3		0.809635
396.4		0.809635
396.5		0.809635
396.6		0.809635
396.7		0.809635
396.8		0.809635
396.9		0.809635
397		0.809635
397.1		0.811928
397.2		0.811928
397.3		0.811928
397.4		0.811928
397.5		0.811928
397.6		0.811928
397.7		0.811928
397.8		0.811928
397.9		0.811928
398		0.811928
398.1		0.813651
398.2		0.813651
398.3		0.813651
398.4		0.813651
398.5		0.813651
398.6		0.813651
398.7		0.813651
398.8		0.813651
398.9		0.813651
399		0.813651
399.1		0.816067
399.2		0.816067
399.3		0.816067
399.4		0.816067
399.5		0.816067
399.6		0.816067
399.7		0.816067
399.8		0.816067
399.9		0.816067
400		0.816067
400.1		0.819099
400.2		0.819099
400.3		0.819099
400.4		0.819099
400.5		0.819099
400.6		0.819099
400.7		0.819099
400.8		0.819099
400.9		0.819099
401		0.819099
401.1		0.820755
401.2		0.820755
401.3		0.820755
401.4		0.820755
401.5		0.820755
401.6		0.820755
401.7		0.820755
401.8		0.820755
401.9		0.820755
402		0.820755
402.1		0.823541
402.2		0.823541
402.3		0.823541
402.4		0.823541
402.5		0.823541
402.6		0.823541
402.7		0.823541
402.8		0.823541
402.9		0.823541
403		0.823541
403.1		0.824424
403.2		0.824424
403.3		0.824424
403.4		0.824424
403.5		0.824424
403.6		0.824424
403.7		0.824424
403.8		0.824424
403.9		0.824424
404		0.824424
404.1		0.826494
404.2		0.826494
404.3		0.826494
404.4		0.826494
404.5		0.826494
404.6		0.826494
404.7		0.826494
404.8		0.826494
404.9		0.826494
405		0.826494
405.1		0.826774
405.2		0.826774
405.3		0.826774
405.4		0.826774
405.5		0.826774
405.6		0.826774
405.7		0.826774
405.8		0.826774
405.9		0.826774
406		0.826774
406.1		0.832849
406.2		0.832849
406.3		0.832849
406.4		0.832849
406.5		0.832849
406.6		0.832849
406.7		0.832849
406.8		0.832849
406.9		0.832849
407		0.832849
407.1		0.833028
407.2		0.833028
407.3		0.833028
407.4		0.833028
407.5		0.833028
407.6		0.833028
407.7		0.833028
407.8		0.833028
407.9		0.833028
408		0.833028
408.1		0.834594
408.2		0.834594
408.3		0.834594
408.4		0.834594
408.5		0.834594
408.6		0.834594
408.7		0.834594
408.8		0.834594
408.9		0.834594
409		0.834594
409.1		0.835802
409.2		0.835802
409.3		0.835802
409.4		0.835802
409.5		0.835802
409.6		0.835802
409.7		0.835802
409.8		0.835802
409.9		0.835802
410		0.835802
410.1		0.841597
410.2		0.841597
410.3		0.841597
410.4		0.841597
410.5		0.841597
410.6		0.841597
410.7		0.841597
410.8		0.841597
410.9		0.841597
411		0.841597
411.1		0.842212
411.2		0.842212
411.3		0.842212
411.4		0.842212
411.5		0.842212
411.6		0.842212
411.7		0.842212
411.8		0.842212
411.9		0.842212
412		0.842212
412.1		0.844741
412.2		0.844741
412.3		0.844741
412.4		0.844741
412.5		0.844741
412.6		0.844741
412.7		0.844741
412.8		0.844741
412.9		0.844741
413		0.844741
413.1		0.845255
413.2		0.845255
413.3		0.845255
413.4		0.845255
413.5		0.845255
413.6		0.845255
413.7		0.845255
413.8		0.845255
413.9		0.845255
414		0.845255
414.1		0.848276
414.2		0.848276
414.3		0.848276
414.4		0.848276
414.5		0.848276
414.6		0.848276
414.7		0.848276
414.8		0.848276
414.9		0.848276
415		0.848276
415.1		0.849909
415.2		0.849909
415.3		0.849909
415.4		0.849909
415.5		0.849909
415.6		0.849909
415.7		0.849909
415.8		0.849909
415.9		0.849909
416		0.849909
416.1		0.851509
416.2		0.851509
416.3		0.851509
416.4		0.851509
416.5		0.851509
416.6		0.851509
416.7		0.851509
416.8		0.851509
416.9		0.851509
417		0.851509
417.1		0.851722
417.2		0.851722
417.3		0.851722
417.4		0.851722
417.5		0.851722
417.6		0.851722
417.7		0.851722
417.8		0.851722
417.9		0.851722
418		0.851722
418.1		0.857439
418.2		0.857439
418.3		0.857439
418.4		0.857439
418.5		0.857439
418.6		0.857439
418.7		0.857439
418.8		0.857439
418.9		0.857439
419		0.857439
419.1		0.85877
419.2		0.85877
419.3		0.85877
419.4		0.85877
419.5		0.85877
419.6		0.85877
419.7		0.85877
419.8		0.85877
419.9		0.85877
420		0.85877
420.1		0.860963
420.2		0.860963
420.3		0.860963
420.4		0.860963
420.5		0.860963
420.6		0.860963
420.7		0.860963
420.8		0.860963
420.9		0.860963
421		0.860963
421.1		0.862965
421.2		0.862965
421.3		0.862965
421.4		0.862965
421.5		0.862965
421.6		0.862965
421.7		0.862965
421.8		0.862965
421.9		0.862965
422		0.862965
422.1		0.864151
422.2		0.864151
422.3		0.864151
422.4		0.864151
422.5		0.864151
422.6		0.864151
422.7		0.864151
422.8		0.864151
422.9		0.864151
423		0.864151
423.1		0.867362
423.2		0.867362
423.3		0.867362
423.4		0.867362
423.5		0.867362
423.6		0.867362
423.7		0.867362
423.8		0.867362
423.9		0.867362
424		0.867362
424.1		0.868626
424.2		0.868626
424.3		0.868626
424.4		0.868626
424.5		0.868626
424.6		0.868626
424.7		0.868626
424.8		0.868626
424.9		0.868626
425		0.868626
425.1		0.870069
425.2		0.870069
425.3		0.870069
425.4		0.870069
425.5		0.870069
425.6		0.870069
425.7		0.870069
425.8		0.870069
425.9		0.870069
426		0.870069
426.1		0.870998
426.2		0.870998
426.3		0.870998
426.4		0.870998
426.5		0.870998
426.6		0.870998
426.7		0.870998
426.8		0.870998
426.9		0.870998
427		0.870998
427.1		0.874589
427.2		0.874589
427.3		0.874589
427.4		0.874589
427.5		0.874589
427.6		0.874589
427.7		0.874589
427.8		0.874589
427.9		0.874589
428		0.874589
428.1		0.877531
428.2		0.877531
428.3		0.877531
428.4		0.877531
428.5		0.877531
428.6		0.877531
428.7		0.877531
428.8		0.877531
428.9		0.877531
429		0.877531
429.1		0.877766
429.2		0.877766
429.3		0.877766
429.4		0.877766
429.5		0.877766
429.6		0.877766
429.7		0.877766
429.8		0.877766
429.9		0.877766
430		0.877766
430.1		0.880731
430.2		0.880731
430.3		0.880731
430.4		0.880731
430.5		0.880731
430.6		0.880731
430.7		0.880731
430.8		0.880731
430.9		0.880731
431		0.880731
431.1		0.882073
431.2		0.882073
431.3		0.882073
431.4		0.882073
431.5		0.882073
431.6		0.882073
431.7		0.882073
431.8		0.882073
431.9		0.882073
432		0.882073
432.1		0.88572
432.2		0.88572
432.3		0.88572
432.4		0.88572
432.5		0.88572
432.6		0.88572
432.7		0.88572
432.8		0.88572
432.9		0.88572
433		0.88572
433.1		0.887298
433.2		0.887298
433.3		0.887298
433.4		0.887298
433.5		0.887298
433.6		0.887298
433.7		0.887298
433.8		0.887298
433.9		0.887298
434		0.887298
434.1		0.887544
434.2		0.887544
434.3		0.887544
434.4		0.887544
434.5		0.887544
434.6		0.887544
434.7		0.887544
434.8		0.887544
434.9		0.887544
435		0.887544
435.1		0.892231
435.2		0.892231
435.3		0.892231
435.4		0.892231
435.5		0.892231
435.6		0.892231
435.7		0.892231
435.8		0.892231
435.9		0.892231
436		0.892231
436.1		0.894144
436.2		0.894144
436.3		0.894144
436.4		0.894144
436.5		0.894144
436.6		0.894144
436.7		0.894144
436.8		0.894144
436.9		0.894144
437		0.894144
437.1		0.894424
437.2		0.894424
437.3		0.894424
437.4		0.894424
437.5		0.894424
437.6		0.894424
437.7		0.894424
437.8		0.894424
437.9		0.894424
438		0.894424
438.1		0.898239
438.2		0.898239
438.3		0.898239
438.4		0.898239
438.5		0.898239
438.6		0.898239
438.7		0.898239
438.8		0.898239
438.9		0.898239
439		0.898239
439.1		0.899414
439.2		0.899414
439.3		0.899414
439.4		0.899414
439.5		0.899414
439.6		0.899414
439.7		0.899414
439.8		0.899414
439.9		0.899414
440		0.899414
440.1		0.902479
440.2		0.902479
440.3		0.902479
440.4		0.902479
440.5		0.902479
440.6		0.902479
440.7		0.902479
440.8		0.902479
440.9		0.902479
441		0.902479
441.1		0.904459
441.2		0.904459
441.3		0.904459
441.4		0.904459
441.5		0.904459
441.6		0.904459
441.7		0.904459
441.8		0.904459
441.9		0.904459
442		0.904459
442.1		0.904739
442.2		0.904739
442.3		0.904739
442.4		0.904739
442.5		0.904739
442.6		0.904739
442.7		0.904739
442.8		0.904739
442.9		0.904739
443		0.904739
443.1		0.906238
443.2		0.906238
443.3		0.906238
443.4		0.906238
443.5		0.906238
443.6		0.906238
443.7		0.906238
443.8		0.906238
443.9		0.906238
444		0.906238
444.1		0.912335
444.2		0.912335
444.3		0.912335
444.4		0.912335
444.5		0.912335
444.6		0.912335
444.7		0.912335
444.8		0.912335
444.9		0.912335
445		0.912335
445.1		0.912839
445.2		0.912839
445.3		0.912839
445.4		0.912839
445.5		0.912839
445.6		0.912839
445.7		0.912839
445.8		0.912839
445.9		0.912839
446		0.912839
446.1		0.914002
446.2		0.914002
446.3		0.914002
446.4		0.914002
446.5		0.914002
446.6		0.914002
446.7		0.914002
446.8		0.914002
446.9		0.914002
447		0.914002
447.1		0.915669
447.2		0.915669
447.3		0.915669
447.4		0.915669
447.5		0.915669
447.6		0.915669
447.7		0.915669
447.8		0.915669
447.9		0.915669
448		0.915669
448.1		0.920636
448.2		0.920636
448.3		0.920636
448.4		0.920636
448.5		0.920636
448.6		0.920636
448.7		0.920636
448.8		0.920636
448.9		0.920636
449		0.920636
449.1		0.922091
449.2		0.922091
449.3		0.922091
449.4		0.922091
449.5		0.922091
449.6		0.922091
449.7		0.922091
449.8		0.922091
449.9		0.922091
450		0.922091
450.1		0.92284
450.2		0.92284
450.3		0.92284
450.4		0.92284
450.5		0.92284
450.6		0.92284
450.7		0.92284
450.8		0.92284
450.9		0.92284
451		0.92284
451.1		0.925492
451.2		0.925492
451.3		0.925492
451.4		0.925492
451.5		0.925492
451.6		0.925492
451.7		0.925492
451.8		0.925492
451.9		0.925492
452		0.925492
452.1		0.930772
452.2		0.930772
452.3		0.930772
452.4		0.930772
452.5		0.930772
452.6		0.930772
452.7		0.930772
452.8		0.930772
452.9		0.930772
453		0.930772
453.1		0.931276
453.2		0.931276
453.3		0.931276
453.4		0.931276
453.5		0.931276
453.6		0.931276
453.7		0.931276
453.8		0.931276
453.9		0.931276
454		0.931276
454.1		0.931578
454.2		0.931578
454.3		0.931578
454.4		0.931578
454.5		0.931578
454.6		0.931578
454.7		0.931578
454.8		0.931578
454.9		0.931578
455		0.931578
455.1		0.932775
455.2		0.932775
455.3		0.932775
455.4		0.932775
455.5		0.932775
455.6		0.932775
455.7		0.932775
455.8		0.932775
455.9		0.932775
456		0.932775
456.1		0.936209
456.2		0.936209
456.3		0.936209
456.4		0.936209
456.5		0.936209
456.6		0.936209
456.7		0.936209
456.8		0.936209
456.9		0.936209
457		0.936209
457.1		0.942608
457.2		0.942608
457.3		0.942608
457.4		0.942608
457.5		0.942608
457.6		0.942608
457.7		0.942608
457.8		0.942608
457.9		0.942608
458		0.942608
458.1		0.943627
458.2		0.943627
458.3		0.943627
458.4		0.943627
458.5		0.943627
458.6		0.943627
458.7		0.943627
458.8		0.943627
458.9		0.943627
459		0.943627
459.1		0.943962
459.2		0.943962
459.3		0.943962
459.4		0.943962
459.5		0.943962
459.6		0.943962
459.7		0.943962
459.8		0.943962
459.9		0.943962
460		0.943962
460.1		0.945864
460.2		0.945864
460.3		0.945864
460.4		0.945864
460.5		0.945864
460.6		0.945864
460.7		0.945864
460.8		0.945864
460.9		0.945864
461		0.945864
461.1		0.947139
461.2		0.947139
461.3		0.947139
461.4		0.947139
461.5		0.947139
461.6		0.947139
461.7		0.947139
461.8		0.947139
461.9		0.947139
462		0.947139
462.1		0.951212
462.2		0.951212
462.3		0.951212
462.4		0.951212
462.5		0.951212
462.6		0.951212
462.7		0.951212
462.8		0.951212
462.9		0.951212
463		0.951212
463.1		0.952666
463.2		0.952666
463.3		0.952666
463.4		0.952666
463.5		0.952666
463.6		0.952666
463.7		0.952666
463.8		0.952666
463.9		0.952666
464		0.952666
464.1		0.953885
464.2		0.953885
464.3		0.953885
464.4		0.953885
464.5		0.953885
464.6		0.953885
464.7		0.953885
464.8		0.953885
464.9		0.953885
465		0.953885
465.1		0.956403
465.2		0.956403
465.3		0.956403
465.4		0.956403
465.5		0.956403
465.6		0.956403
465.7		0.956403
465.8		0.956403
465.9		0.956403
466		0.956403
466.1		0.957499
466.2		0.957499
466.3		0.957499
466.4		0.957499
466.5		0.957499
466.6		0.957499
466.7		0.957499
466.8		0.957499
466.9		0.957499
467		0.957499
467.1		0.961258
467.2		0.961258
467.3		0.961258
467.4		0.961258
467.5		0.961258
467.6		0.961258
467.7		0.961258
467.8		0.961258
467.9		0.961258
468		0.961258
468.1		0.961952
468.2		0.961952
468.3		0.961952
468.4		0.961952
468.5		0.961952
468.6		0.961952
468.7		0.961952
468.8		0.961952
468.9		0.961952
469		0.961952
469.1		0.964256
469.2		0.964256
469.3		0.964256
469.4		0.964256
469.5		0.964256
469.6		0.964256
469.7		0.964256
469.8		0.964256
469.9		0.964256
470		0.964256
470.1		0.968463
470.2		0.968463
470.3		0.968463
470.4		0.968463
470.5		0.968463
470.6		0.968463
470.7		0.968463
470.8		0.968463
470.9		0.968463
471		0.968463
471.1		0.968787
471.2		0.968787
471.3		0.968787
471.4		0.968787
471.5		0.968787
471.6		0.968787
471.7		0.968787
471.8		0.968787
471.9		0.968787
472		0.968787
472.1		0.971774
472.2		0.971774
472.3		0.971774
472.4		0.971774
472.5		0.971774
472.6		0.971774
472.7		0.971774
472.8		0.971774
472.9		0.971774
473		0.971774
473.1		0.972043
473.2		0.972043
473.3		0.972043
473.4		0.972043
473.5		0.972043
473.6		0.972043
473.7		0.972043
473.8		0.972043
473.9		0.972043
474		0.972043
474.1		0.976238
474.2		0.976238
474.3		0.976238
474.4		0.976238
474.5		0.976238
474.6		0.976238
474.7		0.976238
474.8		0.976238
474.9		0.976238
475		0.976238
475.1		0.979203
475.2		0.979203
475.3		0.979203
475.4		0.979203
475.5		0.979203
475.6		0.979203
475.7		0.979203
475.8		0.979203
475.9		0.979203
476		0.979203
476.1		0.979605
476.2		0.979605
476.3		0.979605
476.4		0.979605
476.5		0.979605
476.6		0.979605
476.7		0.979605
476.8		0.979605
476.9		0.979605
477		0.979605
477.1		0.979896
477.2		0.979896
477.3		0.979896
477.4		0.979896
477.5		0.979896
477.6		0.979896
477.7		0.979896
477.8		0.979896
477.9		0.979896
478		0.979896
478.1		0.987258
478.2		0.987258
478.3		0.987258
478.4		0.987258
478.5		0.987258
478.6		0.987258
478.7		0.987258
478.8		0.987258
478.9		0.987258
479		0.987258
479.1		0.987638
479.2		0.987638
479.3		0.987638
479.4		0.987638
479.5		0.987638
479.6		0.987638
479.7		0.987638
479.8		0.987638
479.9		0.987638
480		0.987638
480.1		0.988208
480.2		0.988208
480.3		0.988208
480.4		0.988208
480.5		0.988208
480.6		0.988208
480.7		0.988208
480.8		0.988208
480.9		0.988208
481		0.988208
481.1		0.990893
481.2		0.990893
481.3		0.990893
481.4		0.990893
481.5		0.990893
481.6		0.990893
481.7		0.990893
481.8		0.990893
481.9		0.990893
482		0.990893
482.1		0.994865
482.2		0.994865
482.3		0.994865
482.4		0.994865
482.5		0.994865
482.6		0.994865
482.7		0.994865
482.8		0.994865
482.9		0.994865
483		0.994865
483.1		0.996935
483.2		0.996935
483.3		0.996935
483.4		0.996935
483.5		0.996935
483.6		0.996935
483.7		0.996935
483.8		0.996935
483.9		0.996935
484		0.996935
484.1		0.998031
484.2		0.998031
484.3		0.998031
484.4		0.998031
484.5		0.998031
484.6		0.998031
484.7		0.998031
484.8		0.998031
484.9		0.998031
485		0.998031
485.1		0.999195
485.2		0.999195
485.3		0.999195
485.4		0.999195
485.5		0.999195
485.6		0.999195
485.7		0.999195
485.8		0.999195
485.9		0.999195
486		0.999195
486.1		1
486.2		1
486.3		1
486.4		1
486.5		1
486.6		1
486.7		1
486.8		1
486.9		1
487		1
487.1		1
487.2		1
487.3		1
487.4		1
487.5		1
487.6		1
487.7		1
487.8		1
487.9		1
488		1
488.1		1
488.2		1
488.3		1
488.4		1
488.5		1
488.6		1
488.7		1
488.8		1
488.9		1
489		1
489.1		1
489.2		1
489.3		1
489.4		1
489.5		1
489.6		1
489.7		1
489.8		1
489.9		1
490		1
490.1		1
490.2		1
490.3		1
490.4		1
490.5		1
490.6		1
490.7		1
490.8		1
490.9		1
491		1
491.1		1
491.2		1
491.3		1
491.4		1
491.5		1
491.6		1
491.7		1
491.8		1
491.9		1
492		1
492.1		1
492.2		1
492.3		1
492.4		1
492.5		1
492.6		1
492.7		1
492.8		1
492.9		1
493		1
493.1		1
493.2		1
493.3		1
493.4		1
493.5		1
493.6		1
493.7		1
493.8		1
493.9		1
494		1
494.1		1
494.2		1
494.3		1
494.4		1
494.5		1
494.6		1
494.7		1
494.8		1
494.9		1
495		1
495.1		1
495.2		1
495.3		1
495.4		1
495.5		1
495.6		1
495.7		1
495.8		1
495.9		1
496		1
496.1		1
496.2		1
496.3		1
496.4		1
496.5		1
496.6		1
496.7		1
496.8		1
496.9		1
497		1
497.1		1
497.2		1
497.3		1
497.4		1
497.5		1
497.6		1
497.7		1
497.8		1
497.9		1
498		1
498.1		1
498.2		1
498.3		1
498.4		1
498.5		1
498.6		1
498.7		1
498.8		1
498.9		1
499		1
499.1		1
499.2		1
499.3		1
499.4		1
499.5		1
499.6		1
499.7		1
499.8		1
499.9		1
500		1
500.1		1
500.2		1
500.3		1
500.4		1
500.5		1
500.6		1
500.7		1
500.8		1
500.9		1
501		1
501.1		1
501.2		1
501.3		1
501.4		1
501.5		1
501.6		1
501.7		1
501.8		1
501.9		1
502		1
502.1		1
502.2		1
502.3		1
502.4		1
502.5		1
502.6		1
502.7		1
502.8		1
502.9		1
503		1
503.1		1
503.2		1
503.3		1
503.4		1
503.5		1
503.6		1
503.7		1
503.8		1
503.9		1
504		1
504.1		1
504.2		1
504.3		1
504.4		1
504.5		1
504.6		1
504.7		1
504.8		1
504.9		1
505		1
505.1		1
505.2		1
505.3		1
505.4		1
505.5		1
505.6		1
505.7		1
505.8		1
505.9		1
506		1
506.1		1
506.2		1
506.3		1
506.4		1
506.5		1
506.6		1
506.7		1
506.8		1
506.9		1
507		1
507.1		1
507.2		1
507.3		1
507.4		1
507.5		1
507.6		1
507.7		1
507.8		1
507.9		1
508		1
508.1		1
508.2		1
508.3		1
508.4		1
508.5		1
508.6		1
508.7		1
508.8		1
508.9		1
509		1
509.1		1
509.2		1
509.3		1
509.4		1
509.5		1
509.6		1
509.7		1
509.8		1
509.9		1
510		1
510.1		1
510.2		1
510.3		1
510.4		1
510.5		1
510.6		1
510.7		1
510.8		1
510.9		1
511		1
511.1		1
511.2		1
511.3		1
511.4		1
511.5		1
511.6		1
511.7		1
511.8		1
511.9		1
512		1
512.1		1
512.2		1
512.3		1
512.4		1
512.5		1
512.6		1
512.7		1
512.8		1
512.9		1
513		1
513.1		1
513.2		1
513.3		1
513.4		1
513.5		1
513.6		1
513.7		1
513.8		1
513.9		1
514		1
514.1		1
514.2		1
514.3		1
514.4		1
514.5		1
514.6		1
514.7		1
514.8		1
514.9		1
515		1
515.1		1
515.2		1
515.3		1
515.4		1
515.5		1
515.6		1
515.7		1
515.8		1
515.9		1
516		1
516.1		1
516.2		1
516.3		1
516.4		1
516.5		1
516.6		1
516.7		1
516.8		1
516.9		1
517		1
517.1		1
517.2		1
517.3		1
517.4		1
517.5		1
517.6		1
517.7		1
517.8		1
517.9		1
518		1
518.1		1
518.2		1
518.3		1
518.4		1
518.5		1
518.6		1
518.7		1
518.8		1
518.9		1
519		1
519.1		1
519.2		1
519.3		1
519.4		1
519.5		1
519.6		1
519.7		1
519.8		1
519.9		1
520		1
520.1		1
520.2		1
520.3		1
520.4		1
520.5		1
520.6		1
520.7		1
520.8		1
520.9		1
521		1
521.1		1
521.2		1
521.3		1
521.4		1
521.5		1
521.6		1
521.7		1
521.8		1
521.9		1
522		1
522.1		1
522.2		1
522.3		1
522.4		1
522.5		1
522.6		1
522.7		1
522.8		1
522.9		1
523		1
523.1		1
523.2		1
523.3		1
523.4		1
523.5		1
523.6		1
523.7		1
523.8		1
523.9		1
524		1
524.1		1
524.2		1
524.3		1
524.4		1
524.5		1
524.6		1
524.7		1
524.8		1
524.9		1
525		1
525.1		1
525.2		1
525.3		1
525.4		1
525.5		1
525.6		1
525.7		1
525.8		1
525.9		1
526		1
526.1		1
526.2		1
526.3		1
526.4		1
526.5		1
526.6		1
526.7		1
526.8		1
526.9		1
527		1
527.1		1
527.2		1
527.3		1
527.4		1
527.5		1
527.6		1
527.7		1
527.8		1
527.9		1
528		1
528.1		1
528.2		1
528.3		1
528.4		1
528.5		1
528.6		1
528.7		1
528.8		1
528.9		1
529		1
529.1		1
529.2		1
529.3		1
529.4		1
529.5		1
529.6		1
529.7		1
529.8		1
529.9		1
530		1
530.1		1
530.2		1
530.3		1
530.4		1
530.5		1
530.6		1
530.7		1
530.8		1
530.9		1
531		1
531.1		1
531.2		1
531.3		1
531.4		1
531.5		1
531.6		1
531.7		1
531.8		1
531.9		1
532		1
532.1		1
532.2		1
532.3		1
532.4		1
532.5		1
532.6		1
532.7		1
532.8		1
532.9		1
533		1
533.1		1
533.2		1
533.3		1
533.4		1
533.5		1
533.6		1
533.7		1
533.8		1
533.9		1
534		1
534.1		1
534.2		1
534.3		1
534.4		1
534.5		1
534.6		1
534.7		1
534.8		1
534.9		1
535		1
535.1		1
535.2		1
535.3		1
535.4		1
535.5		1
535.6		1
535.7		1
535.8		1
535.9		1
536		1
536.1		1
536.2		1
536.3		1
536.4		1
536.5		1
536.6		1
536.7		1
536.8		1
536.9		1
537		1
537.1		1
537.2		1
537.3		1
537.4		1
537.5		1
537.6		1
537.7		1
537.8		1
537.9		1
538		1
538.1		1
538.2		1
538.3		1
538.4		1
538.5		1
538.6		1
538.7		1
538.8		1
538.9		1
539		1
539.1		1
539.2		1
539.3		1
539.4		1
539.5		1
539.6		1
539.7		1
539.8		1
539.9		1
540		1
540.1		1
540.2		1
540.3		1
540.4		1
540.5		1
540.6		1
540.7		1
540.8		1
540.9		1
541		1
541.1		1
541.2		1
541.3		1
541.4		1
541.5		1
541.6		1
541.7		1
541.8		1
541.9		1
542		1
542.1		1
542.2		1
542.3		1
542.4		1
542.5		1
542.6		1
542.7		1
542.8		1
542.9		1
543		1
543.1		1
543.2		1
543.3		1
543.4		1
543.5		1
543.6		1
543.7		1
543.8		1
543.9		1
544		1
544.1		1
544.2		1
544.3		1
544.4		1
544.5		1
544.6		1
544.7		1
544.8		1
544.9		1
545		1
545.1		1
545.2		1
545.3		1
545.4		1
545.5		1
545.6		1
545.7		1
545.8		1
545.9		1
546		1
546.1		1
546.2		1
546.3		1
546.4		1
546.5		1
546.6		1
546.7		1
546.8		1
546.9		1
547		1
547.1		1
547.2		1
547.3		1
547.4		1
547.5		1
547.6		1
547.7		1
547.8		1
547.9		1
548		1
548.1		1
548.2		1
548.3		1
548.4		1
548.5		1
548.6		1
548.7		1
548.8		1
548.9		1
549		1
549.1		1
549.2		1
549.3		1
549.4		1
549.5		1
549.6		1
549.7		1
549.8		1
549.9		1
550		1
550.1		1
550.2		1
550.3		1
550.4		1
550.5		1
550.6		1
550.7		1
550.8		1
550.9		1
551		1
551.1		1
551.2		1
551.3		1
551.4		1
551.5		1
551.6		1
551.7		1
551.8		1
551.9		1
552		1
552.1		1
552.2		1
552.3		1
552.4		1
552.5		1
552.6		1
552.7		1
552.8		1
552.9		1
553		1
553.1		1
553.2		1
553.3		1
553.4		1
553.5		1
553.6		1
553.7		1
553.8		1
553.9		1
554		1
554.1		1
554.2		1
554.3		1
554.4		1
554.5		1
554.6		1
554.7		1
554.8		1
554.9		1
555		1
555.1		1
555.2		1
555.3		1
555.4		1
555.5		1
555.6		1
555.7		1
555.8		1
555.9		1
556		1
556.1		1
556.2		1
556.3		1
556.4		1
556.5		1
556.6		1
556.7		1
556.8		1
556.9		1
557		1
557.1		1
557.2		1
557.3		1
557.4		1
557.5		1
557.6		1
557.7		1
557.8		1
557.9		1
558		1
558.1		1
558.2		1
558.3		1
558.4		1
558.5		1
558.6		1
558.7		1
558.8		1
558.9		1
559		1
559.1		1
559.2		1
559.3		1
559.4		1
559.5		1
559.6		1
559.7		1
559.8		1
559.9		1
560		1
560.1		1
560.2		1
560.3		1
560.4		1
560.5		1
560.6		1
560.7		1
560.8		1
560.9		1
561		1
561.1		1
561.2		1
561.3		1
561.4		1
561.5		1
561.6		1
561.7		1
561.8		1
561.9		1
562		1
562.1		1
562.2		1
562.3		1
562.4		1
562.5		1
562.6		1
562.7		1
562.8		1
562.9		1
563		1
563.1		1
563.2		1
563.3		1
563.4		1
563.5		1
563.6		1
563.7		1
563.8		1
563.9		1
564		1
564.1		1
564.2		1
564.3		1
564.4		1
564.5		1
564.6		1
564.7		1
564.8		1
564.9		1
565		1
565.1		1
565.2		1
565.3		1
565.4		1
565.5		1
565.6		1
565.7		1
565.8		1
565.9		1
566		1
566.1		1
566.2		1
566.3		1
566.4		1
566.5		1
566.6		1
566.7		1
566.8		1
566.9		1
567		1
567.1		1
567.2		1
567.3		1
567.4		1
567.5		1
567.6		1
567.7		1
567.8		1
567.9		1
568		1
568.1		1
568.2		1
568.3		1
568.4		1
568.5		1
568.6		1
568.7		1
568.8		1
568.9		1
569		1
569.1		1
569.2		1
569.3		1
569.4		1
569.5		1
569.6		1
569.7		1
569.8		1
569.9		1
570		1
570.1		1
570.2		1
570.3		1
570.4		1
570.5		1
570.6		1
570.7		1
570.8		1
570.9		1
571		1
571.1		1
571.2		1
571.3		1
571.4		1
571.5		1
571.6		1
571.7		1
571.8		1
571.9		1
572		1
572.1		1
572.2		1
572.3		1
572.4		1
572.5		1
572.6		1
572.7		1
572.8		1
572.9		1
573		1
573.1		1
573.2		1
573.3		1
573.4		1
573.5		1
573.6		1
573.7		1
573.8		1
573.9		1
574		1
574.1		1
574.2		1
574.3		1
574.4		1
574.5		1
574.6		1
574.7		1
574.8		1
574.9		1
575		1
575.1		1
575.2		1
575.3		1
575.4		1
575.5		1
575.6		1
575.7		1
575.8		1
575.9		1
576		1
576.1		1
576.2		1
576.3		1
576.4		1
576.5		1
576.6		1
576.7		1
576.8		1
576.9		1
577		1
577.1		1
577.2		1
577.3		1
577.4		1
577.5		1
577.6		1
577.7		1
577.8		1
577.9		1
578		1
578.1		1
578.2		1
578.3		1
578.4		1
578.5		1
578.6		1
578.7		1
578.8		1
578.9		1
579		1
579.1		1
579.2		1
579.3		1
579.4		1
579.5		1
579.6		1
579.7		1
579.8		1
579.9		1
580		1
580.1		1
580.2		1
580.3		1
580.4		1
580.5		1
580.6		1
580.7		1
580.8		1
580.9		1
581		1
581.1		1
581.2		1
581.3		1
581.4		1
581.5		1
581.6		1
581.7		1
581.8		1
581.9		1
582		1
582.1		1
582.2		1
582.3		1
582.4		1
582.5		1
582.6		1
582.7		1
582.8		1
582.9		1
583		1
583.1		1
583.2		1
583.3		1
583.4		1
583.5		1
583.6		1
583.7		1
583.8		1
583.9		1
584		1
584.1		1
584.2		1
584.3		1
584.4		1
584.5		1
584.6		1
584.7		1
584.8		1
584.9		1
585		1
585.1		1
585.2		1
585.3		1
585.4		1
585.5		1
585.6		1
585.7		1
585.8		1
585.9		1
586		1
586.1		1
586.2		1
586.3		1
586.4		1
586.5		1
586.6		1
586.7		1
586.8		1
586.9		1
587		1
587.1		1
587.2		1
587.3		1
587.4		1
587.5		1
587.6		1
587.7		1
587.8		1
587.9		1
588		1
588.1		1
588.2		1
588.3		1
588.4		1
588.5		1
588.6		1
588.7		1
588.8		1
588.9		1
589		1
589.1		1
589.2		1
589.3		1
589.4		1
589.5		1
589.6		1
589.7		1
589.8		1
589.9		1
590		1
590.1		1
590.2		1
590.3		1
590.4		1
590.5		1
590.6		1
590.7		1
590.8		1
590.9		1
591		1
591.1		1
591.2		1
591.3		1
591.4		1
591.5		1
591.6		1
591.7		1
591.8		1
591.9		1
592		1
592.1		1
592.2		1
592.3		1
592.4		1
592.5		1
592.6		1
592.7		1
592.8		1
592.9		1
593		1
593.1		1
593.2		1
593.3		1
593.4		1
593.5		1
593.6		1
593.7		1
593.8		1
593.9		1
594		1
594.1		1
594.2		1
594.3		1
594.4		1
594.5		1
594.6		1
594.7		1
594.8		1
594.9		1
595		1
595.1		1
595.2		1
595.3		1
595.4		1
595.5		1
595.6		1
595.7		1
595.8		1
595.9		1
596		1
596.1		1
596.2		1
596.3		1
596.4		1
596.5		1
596.6		1
596.7		1
596.8		1
596.9		1
597		1
597.1		1
597.2		1
597.3		1
597.4		1
597.5		1
597.6		1
597.7		1
597.8		1
597.9		1
598		1
598.1		1
598.2		1
598.3		1
598.4		1
598.5		1
598.6		1
598.7		1
598.8		1
598.9		1
599		1
599.1		1
599.2		1
599.3		1
599.4		1
599.5		1
599.6		1
599.7		1
599.8		1
599.9		1
600		1
