# Calibration file of tamex_id 1 @ channel 53
# fine_T bin		 Calibration value
0.1		0
0.2		0
0.3		0
0.4		0
0.5		0
0.6		0
0.7		0
0.8		0
0.9		0
1		0
1.1		0
1.2		0
1.3		0
1.4		0
1.5		0
1.6		0
1.7		0
1.8		0
1.9		0
2		0
2.1		0
2.2		0
2.3		0
2.4		0
2.5		0
2.6		0
2.7		0
2.8		0
2.9		0
3		0
3.1		0
3.2		0
3.3		0
3.4		0
3.5		0
3.6		0
3.7		0
3.8		0
3.9		0
4		0
4.1		0
4.2		0
4.3		0
4.4		0
4.5		0
4.6		0
4.7		0
4.8		0
4.9		0
5		0
5.1		0
5.2		0
5.3		0
5.4		0
5.5		0
5.6		0
5.7		0
5.8		0
5.9		0
6		0
6.1		0
6.2		0
6.3		0
6.4		0
6.5		0
6.6		0
6.7		0
6.8		0
6.9		0
7		0
7.1		0
7.2		0
7.3		0
7.4		0
7.5		0
7.6		0
7.7		0
7.8		0
7.9		0
8		0
8.1		0
8.2		0
8.3		0
8.4		0
8.5		0
8.6		0
8.7		0
8.8		0
8.9		0
9		0
9.1		0
9.2		0
9.3		0
9.4		0
9.5		0
9.6		0
9.7		0
9.8		0
9.9		0
10		0
10.1		0
10.2		0
10.3		0
10.4		0
10.5		0
10.6		0
10.7		0
10.8		0
10.9		0
11		0
11.1		0
11.2		0
11.3		0
11.4		0
11.5		0
11.6		0
11.7		0
11.8		0
11.9		0
12		0
12.1		0
12.2		0
12.3		0
12.4		0
12.5		0
12.6		0
12.7		0
12.8		0
12.9		0
13		0
13.1		0
13.2		0
13.3		0
13.4		0
13.5		0
13.6		0
13.7		0
13.8		0
13.9		0
14		0
14.1		0
14.2		0
14.3		0
14.4		0
14.5		0
14.6		0
14.7		0
14.8		0
14.9		0
15		0
15.1		0
15.2		0
15.3		0
15.4		0
15.5		0
15.6		0
15.7		0
15.8		0
15.9		0
16		0
16.1		0.00204346
16.2		0.00204346
16.3		0.00204346
16.4		0.00204346
16.5		0.00204346
16.6		0.00204346
16.7		0.00204346
16.8		0.00204346
16.9		0.00204346
17		0.00204346
17.1		0.00750403
17.2		0.00750403
17.3		0.00750403
17.4		0.00750403
17.5		0.00750403
17.6		0.00750403
17.7		0.00750403
17.8		0.00750403
17.9		0.00750403
18		0.00750403
18.1		0.00766297
18.2		0.00766297
18.3		0.00766297
18.4		0.00766297
18.5		0.00766297
18.6		0.00766297
18.7		0.00766297
18.8		0.00766297
18.9		0.00766297
19		0.00766297
19.1		0.0111936
19.2		0.0111936
19.3		0.0111936
19.4		0.0111936
19.5		0.0111936
19.6		0.0111936
19.7		0.0111936
19.8		0.0111936
19.9		0.0111936
20		0.0111936
20.1		0.0136571
20.2		0.0136571
20.3		0.0136571
20.4		0.0136571
20.5		0.0136571
20.6		0.0136571
20.7		0.0136571
20.8		0.0136571
20.9		0.0136571
21		0.0136571
21.1		0.0198215
21.2		0.0198215
21.3		0.0198215
21.4		0.0198215
21.5		0.0198215
21.6		0.0198215
21.7		0.0198215
21.8		0.0198215
21.9		0.0198215
22		0.0198215
22.1		0.0199237
22.2		0.0199237
22.3		0.0199237
22.4		0.0199237
22.5		0.0199237
22.6		0.0199237
22.7		0.0199237
22.8		0.0199237
22.9		0.0199237
23		0.0199237
23.1		0.0205027
23.2		0.0205027
23.3		0.0205027
23.4		0.0205027
23.5		0.0205027
23.6		0.0205027
23.7		0.0205027
23.8		0.0205027
23.9		0.0205027
24		0.0205027
24.1		0.0241242
24.2		0.0241242
24.3		0.0241242
24.4		0.0241242
24.5		0.0241242
24.6		0.0241242
24.7		0.0241242
24.8		0.0241242
24.9		0.0241242
25		0.0241242
25.1		0.0249642
25.2		0.0249642
25.3		0.0249642
25.4		0.0249642
25.5		0.0249642
25.6		0.0249642
25.7		0.0249642
25.8		0.0249642
25.9		0.0249642
26		0.0249642
26.1		0.0269963
26.2		0.0269963
26.3		0.0269963
26.4		0.0269963
26.5		0.0269963
26.6		0.0269963
26.7		0.0269963
26.8		0.0269963
26.9		0.0269963
27		0.0269963
27.1		0.0298458
27.2		0.0298458
27.3		0.0298458
27.4		0.0298458
27.5		0.0298458
27.6		0.0298458
27.7		0.0298458
27.8		0.0298458
27.9		0.0298458
28		0.0298458
28.1		0.0302318
28.2		0.0302318
28.3		0.0302318
28.4		0.0302318
28.5		0.0302318
28.6		0.0302318
28.7		0.0302318
28.8		0.0302318
28.9		0.0302318
29		0.0302318
29.1		0.0329224
29.2		0.0329224
29.3		0.0329224
29.4		0.0329224
29.5		0.0329224
29.6		0.0329224
29.7		0.0329224
29.8		0.0329224
29.9		0.0329224
30		0.0329224
30.1		0.0359876
30.2		0.0359876
30.3		0.0359876
30.4		0.0359876
30.5		0.0359876
30.6		0.0359876
30.7		0.0359876
30.8		0.0359876
30.9		0.0359876
31		0.0359876
31.1		0.0361692
31.2		0.0361692
31.3		0.0361692
31.4		0.0361692
31.5		0.0361692
31.6		0.0361692
31.7		0.0361692
31.8		0.0361692
31.9		0.0361692
32		0.0361692
32.1		0.0369298
32.2		0.0369298
32.3		0.0369298
32.4		0.0369298
32.5		0.0369298
32.6		0.0369298
32.7		0.0369298
32.8		0.0369298
32.9		0.0369298
33		0.0369298
33.1		0.0420725
33.2		0.0420725
33.3		0.0420725
33.4		0.0420725
33.5		0.0420725
33.6		0.0420725
33.7		0.0420725
33.8		0.0420725
33.9		0.0420725
34		0.0420725
34.1		0.0426401
34.2		0.0426401
34.3		0.0426401
34.4		0.0426401
34.5		0.0426401
34.6		0.0426401
34.7		0.0426401
34.8		0.0426401
34.9		0.0426401
35		0.0426401
35.1		0.0445474
35.2		0.0445474
35.3		0.0445474
35.4		0.0445474
35.5		0.0445474
35.6		0.0445474
35.7		0.0445474
35.8		0.0445474
35.9		0.0445474
36		0.0445474
36.1		0.046886
36.2		0.046886
36.3		0.046886
36.4		0.046886
36.5		0.046886
36.6		0.046886
36.7		0.046886
36.8		0.046886
36.9		0.046886
37		0.046886
37.1		0.0485094
37.2		0.0485094
37.3		0.0485094
37.4		0.0485094
37.5		0.0485094
37.6		0.0485094
37.7		0.0485094
37.8		0.0485094
37.9		0.0485094
38		0.0485094
38.1		0.0510183
38.2		0.0510183
38.3		0.0510183
38.4		0.0510183
38.5		0.0510183
38.6		0.0510183
38.7		0.0510183
38.8		0.0510183
38.9		0.0510183
39		0.0510183
39.1		0.0525509
39.2		0.0525509
39.3		0.0525509
39.4		0.0525509
39.5		0.0525509
39.6		0.0525509
39.7		0.0525509
39.8		0.0525509
39.9		0.0525509
40		0.0525509
40.1		0.0540154
40.2		0.0540154
40.3		0.0540154
40.4		0.0540154
40.5		0.0540154
40.6		0.0540154
40.7		0.0540154
40.8		0.0540154
40.9		0.0540154
41		0.0540154
41.1		0.056933
41.2		0.056933
41.3		0.056933
41.4		0.056933
41.5		0.056933
41.6		0.056933
41.7		0.056933
41.8		0.056933
41.9		0.056933
42		0.056933
42.1		0.0572055
42.2		0.0572055
42.3		0.0572055
42.4		0.0572055
42.5		0.0572055
42.6		0.0572055
42.7		0.0572055
42.8		0.0572055
42.9		0.0572055
43		0.0572055
43.1		0.0602366
43.2		0.0602366
43.3		0.0602366
43.4		0.0602366
43.5		0.0602366
43.6		0.0602366
43.7		0.0602366
43.8		0.0602366
43.9		0.0602366
44		0.0602366
44.1		0.0622119
44.2		0.0622119
44.3		0.0622119
44.4		0.0622119
44.5		0.0622119
44.6		0.0622119
44.7		0.0622119
44.8		0.0622119
44.9		0.0622119
45		0.0622119
45.1		0.0623255
45.2		0.0623255
45.3		0.0623255
45.4		0.0623255
45.5		0.0623255
45.6		0.0623255
45.7		0.0623255
45.8		0.0623255
45.9		0.0623255
46		0.0623255
46.1		0.0690235
46.2		0.0690235
46.3		0.0690235
46.4		0.0690235
46.5		0.0690235
46.6		0.0690235
46.7		0.0690235
46.8		0.0690235
46.9		0.0690235
47		0.0690235
47.1		0.0709874
47.2		0.0709874
47.3		0.0709874
47.4		0.0709874
47.5		0.0709874
47.6		0.0709874
47.7		0.0709874
47.8		0.0709874
47.9		0.0709874
48		0.0709874
48.1		0.0716118
48.2		0.0716118
48.3		0.0716118
48.4		0.0716118
48.5		0.0716118
48.6		0.0716118
48.7		0.0716118
48.8		0.0716118
48.9		0.0716118
49		0.0716118
49.1		0.0719638
49.2		0.0719638
49.3		0.0719638
49.4		0.0719638
49.5		0.0719638
49.6		0.0719638
49.7		0.0719638
49.8		0.0719638
49.9		0.0719638
50		0.0719638
50.1		0.0769589
50.2		0.0769589
50.3		0.0769589
50.4		0.0769589
50.5		0.0769589
50.6		0.0769589
50.7		0.0769589
50.8		0.0769589
50.9		0.0769589
51		0.0769589
51.1		0.0772654
51.2		0.0772654
51.3		0.0772654
51.4		0.0772654
51.5		0.0772654
51.6		0.0772654
51.7		0.0772654
51.8		0.0772654
51.9		0.0772654
52		0.0772654
52.1		0.0819767
52.2		0.0819767
52.3		0.0819767
52.4		0.0819767
52.5		0.0819767
52.6		0.0819767
52.7		0.0819767
52.8		0.0819767
52.9		0.0819767
53		0.0819767
53.1		0.0835661
53.2		0.0835661
53.3		0.0835661
53.4		0.0835661
53.5		0.0835661
53.6		0.0835661
53.7		0.0835661
53.8		0.0835661
53.9		0.0835661
54		0.0835661
54.1		0.0841677
54.2		0.0841677
54.3		0.0841677
54.4		0.0841677
54.5		0.0841677
54.6		0.0841677
54.7		0.0841677
54.8		0.0841677
54.9		0.0841677
55		0.0841677
55.1		0.086075
55.2		0.086075
55.3		0.086075
55.4		0.086075
55.5		0.086075
55.6		0.086075
55.7		0.086075
55.8		0.086075
55.9		0.086075
56		0.086075
56.1		0.0868015
56.2		0.0868015
56.3		0.0868015
56.4		0.0868015
56.5		0.0868015
56.6		0.0868015
56.7		0.0868015
56.8		0.0868015
56.9		0.0868015
57		0.0868015
57.1		0.088845
57.2		0.088845
57.3		0.088845
57.4		0.088845
57.5		0.088845
57.6		0.088845
57.7		0.088845
57.8		0.088845
57.9		0.088845
58		0.088845
58.1		0.0944645
58.2		0.0944645
58.3		0.0944645
58.4		0.0944645
58.5		0.0944645
58.6		0.0944645
58.7		0.0944645
58.8		0.0944645
58.9		0.0944645
59		0.0944645
59.1		0.0947143
59.2		0.0947143
59.3		0.0947143
59.4		0.0947143
59.5		0.0947143
59.6		0.0947143
59.7		0.0947143
59.8		0.0947143
59.9		0.0947143
60		0.0947143
60.1		0.0960652
60.2		0.0960652
60.3		0.0960652
60.4		0.0960652
60.5		0.0960652
60.6		0.0960652
60.7		0.0960652
60.8		0.0960652
60.9		0.0960652
61		0.0960652
61.1		0.0962128
61.2		0.0962128
61.3		0.0962128
61.4		0.0962128
61.5		0.0962128
61.6		0.0962128
61.7		0.0962128
61.8		0.0962128
61.9		0.0962128
62		0.0962128
62.1		0.101049
62.2		0.101049
62.3		0.101049
62.4		0.101049
62.5		0.101049
62.6		0.101049
62.7		0.101049
62.8		0.101049
62.9		0.101049
63		0.101049
63.1		0.102604
63.2		0.102604
63.3		0.102604
63.4		0.102604
63.5		0.102604
63.6		0.102604
63.7		0.102604
63.8		0.102604
63.9		0.102604
64		0.102604
64.1		0.104886
64.2		0.104886
64.3		0.104886
64.4		0.104886
64.5		0.104886
64.6		0.104886
64.7		0.104886
64.8		0.104886
64.9		0.104886
65		0.104886
65.1		0.105431
65.2		0.105431
65.3		0.105431
65.4		0.105431
65.5		0.105431
65.6		0.105431
65.7		0.105431
65.8		0.105431
65.9		0.105431
66		0.105431
66.1		0.10702
66.2		0.10702
66.3		0.10702
66.4		0.10702
66.5		0.10702
66.6		0.10702
66.7		0.10702
66.8		0.10702
66.9		0.10702
67		0.10702
67.1		0.111073
67.2		0.111073
67.3		0.111073
67.4		0.111073
67.5		0.111073
67.6		0.111073
67.7		0.111073
67.8		0.111073
67.9		0.111073
68		0.111073
68.1		0.111516
68.2		0.111516
68.3		0.111516
68.4		0.111516
68.5		0.111516
68.6		0.111516
68.7		0.111516
68.8		0.111516
68.9		0.111516
69		0.111516
69.1		0.114195
69.2		0.114195
69.3		0.114195
69.4		0.114195
69.5		0.114195
69.6		0.114195
69.7		0.114195
69.8		0.114195
69.9		0.114195
70		0.114195
70.1		0.116023
70.2		0.116023
70.3		0.116023
70.4		0.116023
70.5		0.116023
70.6		0.116023
70.7		0.116023
70.8		0.116023
70.9		0.116023
71		0.116023
71.1		0.118861
71.2		0.118861
71.3		0.118861
71.4		0.118861
71.5		0.118861
71.6		0.118861
71.7		0.118861
71.8		0.118861
71.9		0.118861
72		0.118861
72.1		0.121665
72.2		0.121665
72.3		0.121665
72.4		0.121665
72.5		0.121665
72.6		0.121665
72.7		0.121665
72.8		0.121665
72.9		0.121665
73		0.121665
73.1		0.123107
73.2		0.123107
73.3		0.123107
73.4		0.123107
73.5		0.123107
73.6		0.123107
73.7		0.123107
73.8		0.123107
73.9		0.123107
74		0.123107
74.1		0.123402
74.2		0.123402
74.3		0.123402
74.4		0.123402
74.5		0.123402
74.6		0.123402
74.7		0.123402
74.8		0.123402
74.9		0.123402
75		0.123402
75.1		0.127296
75.2		0.127296
75.3		0.127296
75.4		0.127296
75.5		0.127296
75.6		0.127296
75.7		0.127296
75.8		0.127296
75.9		0.127296
76		0.127296
76.1		0.127637
76.2		0.127637
76.3		0.127637
76.4		0.127637
76.5		0.127637
76.6		0.127637
76.7		0.127637
76.8		0.127637
76.9		0.127637
77		0.127637
77.1		0.129635
77.2		0.129635
77.3		0.129635
77.4		0.129635
77.5		0.129635
77.6		0.129635
77.7		0.129635
77.8		0.129635
77.9		0.129635
78		0.129635
78.1		0.134675
78.2		0.134675
78.3		0.134675
78.4		0.134675
78.5		0.134675
78.6		0.134675
78.7		0.134675
78.8		0.134675
78.9		0.134675
79		0.134675
79.1		0.135004
79.2		0.135004
79.3		0.135004
79.4		0.135004
79.5		0.135004
79.6		0.135004
79.7		0.135004
79.8		0.135004
79.9		0.135004
80		0.135004
80.1		0.138013
80.2		0.138013
80.3		0.138013
80.4		0.138013
80.5		0.138013
80.6		0.138013
80.7		0.138013
80.8		0.138013
80.9		0.138013
81		0.138013
81.1		0.139035
81.2		0.139035
81.3		0.139035
81.4		0.139035
81.5		0.139035
81.6		0.139035
81.7		0.139035
81.8		0.139035
81.9		0.139035
82		0.139035
82.1		0.139602
82.2		0.139602
82.3		0.139602
82.4		0.139602
82.5		0.139602
82.6		0.139602
82.7		0.139602
82.8		0.139602
82.9		0.139602
83		0.139602
83.1		0.14118
83.2		0.14118
83.3		0.14118
83.4		0.14118
83.5		0.14118
83.6		0.14118
83.7		0.14118
83.8		0.14118
83.9		0.14118
84		0.14118
84.1		0.145154
84.2		0.145154
84.3		0.145154
84.4		0.145154
84.5		0.145154
84.6		0.145154
84.7		0.145154
84.8		0.145154
84.9		0.145154
85		0.145154
85.1		0.148298
85.2		0.148298
85.3		0.148298
85.4		0.148298
85.5		0.148298
85.6		0.148298
85.7		0.148298
85.8		0.148298
85.9		0.148298
86		0.148298
86.1		0.148537
86.2		0.148537
86.3		0.148537
86.4		0.148537
86.5		0.148537
86.6		0.148537
86.7		0.148537
86.8		0.148537
86.9		0.148537
87		0.148537
87.1		0.148855
87.2		0.148855
87.3		0.148855
87.4		0.148855
87.5		0.148855
87.6		0.148855
87.7		0.148855
87.8		0.148855
87.9		0.148855
88		0.148855
88.1		0.152953
88.2		0.152953
88.3		0.152953
88.4		0.152953
88.5		0.152953
88.6		0.152953
88.7		0.152953
88.8		0.152953
88.9		0.152953
89		0.152953
89.1		0.154202
89.2		0.154202
89.3		0.154202
89.4		0.154202
89.5		0.154202
89.6		0.154202
89.7		0.154202
89.8		0.154202
89.9		0.154202
90		0.154202
90.1		0.15486
90.2		0.15486
90.3		0.15486
90.4		0.15486
90.5		0.15486
90.6		0.15486
90.7		0.15486
90.8		0.15486
90.9		0.15486
91		0.15486
91.1		0.157301
91.2		0.157301
91.3		0.157301
91.4		0.157301
91.5		0.157301
91.6		0.157301
91.7		0.157301
91.8		0.157301
91.9		0.157301
92		0.157301
92.1		0.161558
92.2		0.161558
92.3		0.161558
92.4		0.161558
92.5		0.161558
92.6		0.161558
92.7		0.161558
92.8		0.161558
92.9		0.161558
93		0.161558
93.1		0.162001
93.2		0.162001
93.3		0.162001
93.4		0.162001
93.5		0.162001
93.6		0.162001
93.7		0.162001
93.8		0.162001
93.9		0.162001
94		0.162001
94.1		0.162943
94.2		0.162943
94.3		0.162943
94.4		0.162943
94.5		0.162943
94.6		0.162943
94.7		0.162943
94.8		0.162943
94.9		0.162943
95		0.162943
95.1		0.16678
95.2		0.16678
95.3		0.16678
95.4		0.16678
95.5		0.16678
95.6		0.16678
95.7		0.16678
95.8		0.16678
95.9		0.16678
96		0.16678
96.1		0.168199
96.2		0.168199
96.3		0.168199
96.4		0.168199
96.5		0.168199
96.6		0.168199
96.7		0.168199
96.8		0.168199
96.9		0.168199
97		0.168199
97.1		0.172536
97.2		0.172536
97.3		0.172536
97.4		0.172536
97.5		0.172536
97.6		0.172536
97.7		0.172536
97.8		0.172536
97.9		0.172536
98		0.172536
98.1		0.173683
98.2		0.173683
98.3		0.173683
98.4		0.173683
98.5		0.173683
98.6		0.173683
98.7		0.173683
98.8		0.173683
98.9		0.173683
99		0.173683
99.1		0.177134
99.2		0.177134
99.3		0.177134
99.4		0.177134
99.5		0.177134
99.6		0.177134
99.7		0.177134
99.8		0.177134
99.9		0.177134
100		0.177134
100.1		0.178269
100.2		0.178269
100.3		0.178269
100.4		0.178269
100.5		0.178269
100.6		0.178269
100.7		0.178269
100.8		0.178269
100.9		0.178269
101		0.178269
101.1		0.178916
101.2		0.178916
101.3		0.178916
101.4		0.178916
101.5		0.178916
101.6		0.178916
101.7		0.178916
101.8		0.178916
101.9		0.178916
102		0.178916
102.1		0.183309
102.2		0.183309
102.3		0.183309
102.4		0.183309
102.5		0.183309
102.6		0.183309
102.7		0.183309
102.8		0.183309
102.9		0.183309
103		0.183309
103.1		0.184445
103.2		0.184445
103.3		0.184445
103.4		0.184445
103.5		0.184445
103.6		0.184445
103.7		0.184445
103.8		0.184445
103.9		0.184445
104		0.184445
104.1		0.185455
104.2		0.185455
104.3		0.185455
104.4		0.185455
104.5		0.185455
104.6		0.185455
104.7		0.185455
104.8		0.185455
104.9		0.185455
105		0.185455
105.1		0.187192
105.2		0.187192
105.3		0.187192
105.4		0.187192
105.5		0.187192
105.6		0.187192
105.7		0.187192
105.8		0.187192
105.9		0.187192
106		0.187192
106.1		0.187726
106.2		0.187726
106.3		0.187726
106.4		0.187726
106.5		0.187726
106.6		0.187726
106.7		0.187726
106.8		0.187726
106.9		0.187726
107		0.187726
107.1		0.190677
107.2		0.190677
107.3		0.190677
107.4		0.190677
107.5		0.190677
107.6		0.190677
107.7		0.190677
107.8		0.190677
107.9		0.190677
108		0.190677
108.1		0.193447
108.2		0.193447
108.3		0.193447
108.4		0.193447
108.5		0.193447
108.6		0.193447
108.7		0.193447
108.8		0.193447
108.9		0.193447
109		0.193447
109.1		0.193447
109.2		0.193447
109.3		0.193447
109.4		0.193447
109.5		0.193447
109.6		0.193447
109.7		0.193447
109.8		0.193447
109.9		0.193447
110		0.193447
110.1		0.194639
110.2		0.194639
110.3		0.194639
110.4		0.194639
110.5		0.194639
110.6		0.194639
110.7		0.194639
110.8		0.194639
110.9		0.194639
111		0.194639
111.1		0.200191
111.2		0.200191
111.3		0.200191
111.4		0.200191
111.5		0.200191
111.6		0.200191
111.7		0.200191
111.8		0.200191
111.9		0.200191
112		0.200191
112.1		0.201031
112.2		0.201031
112.3		0.201031
112.4		0.201031
112.5		0.201031
112.6		0.201031
112.7		0.201031
112.8		0.201031
112.9		0.201031
113		0.201031
113.1		0.202314
113.2		0.202314
113.3		0.202314
113.4		0.202314
113.5		0.202314
113.6		0.202314
113.7		0.202314
113.8		0.202314
113.9		0.202314
114		0.202314
114.1		0.207093
114.2		0.207093
114.3		0.207093
114.4		0.207093
114.5		0.207093
114.6		0.207093
114.7		0.207093
114.8		0.207093
114.9		0.207093
115		0.207093
115.1		0.207366
115.2		0.207366
115.3		0.207366
115.4		0.207366
115.5		0.207366
115.6		0.207366
115.7		0.207366
115.8		0.207366
115.9		0.207366
116		0.207366
116.1		0.208864
116.2		0.208864
116.3		0.208864
116.4		0.208864
116.5		0.208864
116.6		0.208864
116.7		0.208864
116.8		0.208864
116.9		0.208864
117		0.208864
117.1		0.21202
117.2		0.21202
117.3		0.21202
117.4		0.21202
117.5		0.21202
117.6		0.21202
117.7		0.21202
117.8		0.21202
117.9		0.21202
118		0.21202
118.1		0.212236
118.2		0.212236
118.3		0.212236
118.4		0.212236
118.5		0.212236
118.6		0.212236
118.7		0.212236
118.8		0.212236
118.9		0.212236
119		0.212236
119.1		0.217526
119.2		0.217526
119.3		0.217526
119.4		0.217526
119.5		0.217526
119.6		0.217526
119.7		0.217526
119.8		0.217526
119.9		0.217526
120		0.217526
120.1		0.218468
120.2		0.218468
120.3		0.218468
120.4		0.218468
120.5		0.218468
120.6		0.218468
120.7		0.218468
120.8		0.218468
120.9		0.218468
121		0.218468
121.1		0.219297
121.2		0.219297
121.3		0.219297
121.4		0.219297
121.5		0.219297
121.6		0.219297
121.7		0.219297
121.8		0.219297
121.9		0.219297
122		0.219297
122.1		0.219581
122.2		0.219581
122.3		0.219581
122.4		0.219581
122.5		0.219581
122.6		0.219581
122.7		0.219581
122.8		0.219581
122.9		0.219581
123		0.219581
123.1		0.222816
123.2		0.222816
123.3		0.222816
123.4		0.222816
123.5		0.222816
123.6		0.222816
123.7		0.222816
123.8		0.222816
123.9		0.222816
124		0.222816
124.1		0.2278
124.2		0.2278
124.3		0.2278
124.4		0.2278
124.5		0.2278
124.6		0.2278
124.7		0.2278
124.8		0.2278
124.9		0.2278
125		0.2278
125.1		0.228118
125.2		0.228118
125.3		0.228118
125.4		0.228118
125.5		0.228118
125.6		0.228118
125.7		0.228118
125.8		0.228118
125.9		0.228118
126		0.228118
126.1		0.229946
126.2		0.229946
126.3		0.229946
126.4		0.229946
126.5		0.229946
126.6		0.229946
126.7		0.229946
126.8		0.229946
126.9		0.229946
127		0.229946
127.1		0.230264
127.2		0.230264
127.3		0.230264
127.4		0.230264
127.5		0.230264
127.6		0.230264
127.7		0.230264
127.8		0.230264
127.9		0.230264
128		0.230264
128.1		0.233749
128.2		0.233749
128.3		0.233749
128.4		0.233749
128.5		0.233749
128.6		0.233749
128.7		0.233749
128.8		0.233749
128.9		0.233749
129		0.233749
129.1		0.237541
129.2		0.237541
129.3		0.237541
129.4		0.237541
129.5		0.237541
129.6		0.237541
129.7		0.237541
129.8		0.237541
129.9		0.237541
130		0.237541
130.1		0.239743
130.2		0.239743
130.3		0.239743
130.4		0.239743
130.5		0.239743
130.6		0.239743
130.7		0.239743
130.8		0.239743
130.9		0.239743
131		0.239743
131.1		0.240685
131.2		0.240685
131.3		0.240685
131.4		0.240685
131.5		0.240685
131.6		0.240685
131.7		0.240685
131.8		0.240685
131.9		0.240685
132		0.240685
132.1		0.242763
132.2		0.242763
132.3		0.242763
132.4		0.242763
132.5		0.242763
132.6		0.242763
132.7		0.242763
132.8		0.242763
132.9		0.242763
133		0.242763
133.1		0.24383
133.2		0.24383
133.3		0.24383
133.4		0.24383
133.5		0.24383
133.6		0.24383
133.7		0.24383
133.8		0.24383
133.9		0.24383
134		0.24383
134.1		0.246566
134.2		0.246566
134.3		0.246566
134.4		0.246566
134.5		0.246566
134.6		0.246566
134.7		0.246566
134.8		0.246566
134.9		0.246566
135		0.246566
135.1		0.247871
135.2		0.247871
135.3		0.247871
135.4		0.247871
135.5		0.247871
135.6		0.247871
135.7		0.247871
135.8		0.247871
135.9		0.247871
136		0.247871
136.1		0.25231
136.2		0.25231
136.3		0.25231
136.4		0.25231
136.5		0.25231
136.6		0.25231
136.7		0.25231
136.8		0.25231
136.9		0.25231
137		0.25231
137.1		0.253922
137.2		0.253922
137.3		0.253922
137.4		0.253922
137.5		0.253922
137.6		0.253922
137.7		0.253922
137.8		0.253922
137.9		0.253922
138		0.253922
138.1		0.254195
138.2		0.254195
138.3		0.254195
138.4		0.254195
138.5		0.254195
138.6		0.254195
138.7		0.254195
138.8		0.254195
138.9		0.254195
139		0.254195
139.1		0.256749
139.2		0.256749
139.3		0.256749
139.4		0.256749
139.5		0.256749
139.6		0.256749
139.7		0.256749
139.8		0.256749
139.9		0.256749
140		0.256749
140.1		0.259201
140.2		0.259201
140.3		0.259201
140.4		0.259201
140.5		0.259201
140.6		0.259201
140.7		0.259201
140.8		0.259201
140.9		0.259201
141		0.259201
141.1		0.262391
141.2		0.262391
141.3		0.262391
141.4		0.262391
141.5		0.262391
141.6		0.262391
141.7		0.262391
141.8		0.262391
141.9		0.262391
142		0.262391
142.1		0.265093
142.2		0.265093
142.3		0.265093
142.4		0.265093
142.5		0.265093
142.6		0.265093
142.7		0.265093
142.8		0.265093
142.9		0.265093
143		0.265093
143.1		0.265093
143.2		0.265093
143.3		0.265093
143.4		0.265093
143.5		0.265093
143.6		0.265093
143.7		0.265093
143.8		0.265093
143.9		0.265093
144		0.265093
144.1		0.268749
144.2		0.268749
144.3		0.268749
144.4		0.268749
144.5		0.268749
144.6		0.268749
144.7		0.268749
144.8		0.268749
144.9		0.268749
145		0.268749
145.1		0.269646
145.2		0.269646
145.3		0.269646
145.4		0.269646
145.5		0.269646
145.6		0.269646
145.7		0.269646
145.8		0.269646
145.9		0.269646
146		0.269646
146.1		0.270474
146.2		0.270474
146.3		0.270474
146.4		0.270474
146.5		0.270474
146.6		0.270474
146.7		0.270474
146.8		0.270474
146.9		0.270474
147		0.270474
147.1		0.273676
147.2		0.273676
147.3		0.273676
147.4		0.273676
147.5		0.273676
147.6		0.273676
147.7		0.273676
147.8		0.273676
147.9		0.273676
148		0.273676
148.1		0.275731
148.2		0.275731
148.3		0.275731
148.4		0.275731
148.5		0.275731
148.6		0.275731
148.7		0.275731
148.8		0.275731
148.9		0.275731
149		0.275731
149.1		0.278115
149.2		0.278115
149.3		0.278115
149.4		0.278115
149.5		0.278115
149.6		0.278115
149.7		0.278115
149.8		0.278115
149.9		0.278115
150		0.278115
150.1		0.280567
150.2		0.280567
150.3		0.280567
150.4		0.280567
150.5		0.280567
150.6		0.280567
150.7		0.280567
150.8		0.280567
150.9		0.280567
151		0.280567
151.1		0.283257
151.2		0.283257
151.3		0.283257
151.4		0.283257
151.5		0.283257
151.6		0.283257
151.7		0.283257
151.8		0.283257
151.9		0.283257
152		0.283257
152.1		0.283961
152.2		0.283961
152.3		0.283961
152.4		0.283961
152.5		0.283961
152.6		0.283961
152.7		0.283961
152.8		0.283961
152.9		0.283961
153		0.283961
153.1		0.289513
153.2		0.289513
153.3		0.289513
153.4		0.289513
153.5		0.289513
153.6		0.289513
153.7		0.289513
153.8		0.289513
153.9		0.289513
154		0.289513
154.1		0.289581
154.2		0.289581
154.3		0.289581
154.4		0.289581
154.5		0.289581
154.6		0.289581
154.7		0.289581
154.8		0.289581
154.9		0.289581
155		0.289581
155.1		0.289785
155.2		0.289785
155.3		0.289785
155.4		0.289785
155.5		0.289785
155.6		0.289785
155.7		0.289785
155.8		0.289785
155.9		0.289785
156		0.289785
156.1		0.293645
156.2		0.293645
156.3		0.293645
156.4		0.293645
156.5		0.293645
156.6		0.293645
156.7		0.293645
156.8		0.293645
156.9		0.293645
157		0.293645
157.1		0.293849
157.2		0.293849
157.3		0.293849
157.4		0.293849
157.5		0.293849
157.6		0.293849
157.7		0.293849
157.8		0.293849
157.9		0.293849
158		0.293849
158.1		0.297414
158.2		0.297414
158.3		0.297414
158.4		0.297414
158.5		0.297414
158.6		0.297414
158.7		0.297414
158.8		0.297414
158.9		0.297414
159		0.297414
159.1		0.299968
159.2		0.299968
159.3		0.299968
159.4		0.299968
159.5		0.299968
159.6		0.299968
159.7		0.299968
159.8		0.299968
159.9		0.299968
160		0.299968
160.1		0.300184
160.2		0.300184
160.3		0.300184
160.4		0.300184
160.5		0.300184
160.6		0.300184
160.7		0.300184
160.8		0.300184
160.9		0.300184
161		0.300184
161.1		0.302647
161.2		0.302647
161.3		0.302647
161.4		0.302647
161.5		0.302647
161.6		0.302647
161.7		0.302647
161.8		0.302647
161.9		0.302647
162		0.302647
162.1		0.307836
162.2		0.307836
162.3		0.307836
162.4		0.307836
162.5		0.307836
162.6		0.307836
162.7		0.307836
162.8		0.307836
162.9		0.307836
163		0.307836
163.1		0.308085
163.2		0.308085
163.3		0.308085
163.4		0.308085
163.5		0.308085
163.6		0.308085
163.7		0.308085
163.8		0.308085
163.9		0.308085
164		0.308085
164.1		0.311491
164.2		0.311491
164.3		0.311491
164.4		0.311491
164.5		0.311491
164.6		0.311491
164.7		0.311491
164.8		0.311491
164.9		0.311491
165		0.311491
165.1		0.313285
165.2		0.313285
165.3		0.313285
165.4		0.313285
165.5		0.313285
165.6		0.313285
165.7		0.313285
165.8		0.313285
165.9		0.313285
166		0.313285
166.1		0.315408
166.2		0.315408
166.3		0.315408
166.4		0.315408
166.5		0.315408
166.6		0.315408
166.7		0.315408
166.8		0.315408
166.9		0.315408
167		0.315408
167.1		0.315839
167.2		0.315839
167.3		0.315839
167.4		0.315839
167.5		0.315839
167.6		0.315839
167.7		0.315839
167.8		0.315839
167.9		0.315839
168		0.315839
168.1		0.319847
168.2		0.319847
168.3		0.319847
168.4		0.319847
168.5		0.319847
168.6		0.319847
168.7		0.319847
168.8		0.319847
168.9		0.319847
169		0.319847
169.1		0.322798
169.2		0.322798
169.3		0.322798
169.4		0.322798
169.5		0.322798
169.6		0.322798
169.7		0.322798
169.8		0.322798
169.9		0.322798
170		0.322798
170.1		0.324524
170.2		0.324524
170.3		0.324524
170.4		0.324524
170.5		0.324524
170.6		0.324524
170.7		0.324524
170.8		0.324524
170.9		0.324524
171		0.324524
171.1		0.326022
171.2		0.326022
171.3		0.326022
171.4		0.326022
171.5		0.326022
171.6		0.326022
171.7		0.326022
171.8		0.326022
171.9		0.326022
172		0.326022
172.1		0.326147
172.2		0.326147
172.3		0.326147
172.4		0.326147
172.5		0.326147
172.6		0.326147
172.7		0.326147
172.8		0.326147
172.9		0.326147
173		0.326147
173.1		0.327419
173.2		0.327419
173.3		0.327419
173.4		0.327419
173.5		0.327419
173.6		0.327419
173.7		0.327419
173.8		0.327419
173.9		0.327419
174		0.327419
174.1		0.332096
174.2		0.332096
174.3		0.332096
174.4		0.332096
174.5		0.332096
174.6		0.332096
174.7		0.332096
174.8		0.332096
174.9		0.332096
175		0.332096
175.1		0.334469
175.2		0.334469
175.3		0.334469
175.4		0.334469
175.5		0.334469
175.6		0.334469
175.7		0.334469
175.8		0.334469
175.9		0.334469
176		0.334469
176.1		0.335422
176.2		0.335422
176.3		0.335422
176.4		0.335422
176.5		0.335422
176.6		0.335422
176.7		0.335422
176.8		0.335422
176.9		0.335422
177		0.335422
177.1		0.336694
177.2		0.336694
177.3		0.336694
177.4		0.336694
177.5		0.336694
177.6		0.336694
177.7		0.336694
177.8		0.336694
177.9		0.336694
178		0.336694
178.1		0.3375
178.2		0.3375
178.3		0.3375
178.4		0.3375
178.5		0.3375
178.6		0.3375
178.7		0.3375
178.8		0.3375
178.9		0.3375
179		0.3375
179.1		0.341076
179.2		0.341076
179.3		0.341076
179.4		0.341076
179.5		0.341076
179.6		0.341076
179.7		0.341076
179.8		0.341076
179.9		0.341076
180		0.341076
180.1		0.344561
180.2		0.344561
180.3		0.344561
180.4		0.344561
180.5		0.344561
180.6		0.344561
180.7		0.344561
180.8		0.344561
180.9		0.344561
181		0.344561
181.1		0.34749
181.2		0.34749
181.3		0.34749
181.4		0.34749
181.5		0.34749
181.6		0.34749
181.7		0.34749
181.8		0.34749
181.9		0.34749
182		0.34749
182.1		0.347762
182.2		0.347762
182.3		0.347762
182.4		0.347762
182.5		0.347762
182.6		0.347762
182.7		0.347762
182.8		0.347762
182.9		0.347762
183		0.347762
183.1		0.348012
183.2		0.348012
183.3		0.348012
183.4		0.348012
183.5		0.348012
183.6		0.348012
183.7		0.348012
183.8		0.348012
183.9		0.348012
184		0.348012
184.1		0.348455
184.2		0.348455
184.3		0.348455
184.4		0.348455
184.5		0.348455
184.6		0.348455
184.7		0.348455
184.8		0.348455
184.9		0.348455
185		0.348455
185.1		0.352179
185.2		0.352179
185.3		0.352179
185.4		0.352179
185.5		0.352179
185.6		0.352179
185.7		0.352179
185.8		0.352179
185.9		0.352179
186		0.352179
186.1		0.352542
186.2		0.352542
186.3		0.352542
186.4		0.352542
186.5		0.352542
186.6		0.352542
186.7		0.352542
186.8		0.352542
186.9		0.352542
187		0.352542
187.1		0.35899
187.2		0.35899
187.3		0.35899
187.4		0.35899
187.5		0.35899
187.6		0.35899
187.7		0.35899
187.8		0.35899
187.9		0.35899
188		0.35899
188.1		0.359467
188.2		0.359467
188.3		0.359467
188.4		0.359467
188.5		0.359467
188.6		0.359467
188.7		0.359467
188.8		0.359467
188.9		0.359467
189		0.359467
189.1		0.362305
189.2		0.362305
189.3		0.362305
189.4		0.362305
189.5		0.362305
189.6		0.362305
189.7		0.362305
189.8		0.362305
189.9		0.362305
190		0.362305
190.1		0.362566
190.2		0.362566
190.3		0.362566
190.4		0.362566
190.5		0.362566
190.6		0.362566
190.7		0.362566
190.8		0.362566
190.9		0.362566
191		0.362566
191.1		0.363804
191.2		0.363804
191.3		0.363804
191.4		0.363804
191.5		0.363804
191.6		0.363804
191.7		0.363804
191.8		0.363804
191.9		0.363804
192		0.363804
192.1		0.36906
192.2		0.36906
192.3		0.36906
192.4		0.36906
192.5		0.36906
192.6		0.36906
192.7		0.36906
192.8		0.36906
192.9		0.36906
193		0.36906
193.1		0.371943
193.2		0.371943
193.3		0.371943
193.4		0.371943
193.5		0.371943
193.6		0.371943
193.7		0.371943
193.8		0.371943
193.9		0.371943
194		0.371943
194.1		0.372988
194.2		0.372988
194.3		0.372988
194.4		0.372988
194.5		0.372988
194.6		0.372988
194.7		0.372988
194.8		0.372988
194.9		0.372988
195		0.372988
195.1		0.374055
195.2		0.374055
195.3		0.374055
195.4		0.374055
195.5		0.374055
195.6		0.374055
195.7		0.374055
195.8		0.374055
195.9		0.374055
196		0.374055
196.1		0.374895
196.2		0.374895
196.3		0.374895
196.4		0.374895
196.5		0.374895
196.6		0.374895
196.7		0.374895
196.8		0.374895
196.9		0.374895
197		0.374895
197.1		0.378482
197.2		0.378482
197.3		0.378482
197.4		0.378482
197.5		0.378482
197.6		0.378482
197.7		0.378482
197.8		0.378482
197.9		0.378482
198		0.378482
198.1		0.380469
198.2		0.380469
198.3		0.380469
198.4		0.380469
198.5		0.380469
198.6		0.380469
198.7		0.380469
198.8		0.380469
198.9		0.380469
199		0.380469
199.1		0.382376
199.2		0.382376
199.3		0.382376
199.4		0.382376
199.5		0.382376
199.6		0.382376
199.7		0.382376
199.8		0.382376
199.9		0.382376
200		0.382376
200.1		0.383943
200.2		0.383943
200.3		0.383943
200.4		0.383943
200.5		0.383943
200.6		0.383943
200.7		0.383943
200.8		0.383943
200.9		0.383943
201		0.383943
201.1		0.384647
201.2		0.384647
201.3		0.384647
201.4		0.384647
201.5		0.384647
201.6		0.384647
201.7		0.384647
201.8		0.384647
201.9		0.384647
202		0.384647
202.1		0.388881
202.2		0.388881
202.3		0.388881
202.4		0.388881
202.5		0.388881
202.6		0.388881
202.7		0.388881
202.8		0.388881
202.9		0.388881
203		0.388881
203.1		0.39072
203.2		0.39072
203.3		0.39072
203.4		0.39072
203.5		0.39072
203.6		0.39072
203.7		0.39072
203.8		0.39072
203.9		0.39072
204		0.39072
204.1		0.393797
204.2		0.393797
204.3		0.393797
204.4		0.393797
204.5		0.393797
204.6		0.393797
204.7		0.393797
204.8		0.393797
204.9		0.393797
205		0.393797
205.1		0.396646
205.2		0.396646
205.3		0.396646
205.4		0.396646
205.5		0.396646
205.6		0.396646
205.7		0.396646
205.8		0.396646
205.9		0.396646
206		0.396646
206.1		0.398077
206.2		0.398077
206.3		0.398077
206.4		0.398077
206.5		0.398077
206.6		0.398077
206.7		0.398077
206.8		0.398077
206.9		0.398077
207		0.398077
207.1		0.400904
207.2		0.400904
207.3		0.400904
207.4		0.400904
207.5		0.400904
207.6		0.400904
207.7		0.400904
207.8		0.400904
207.9		0.400904
208		0.400904
208.1		0.402777
208.2		0.402777
208.3		0.402777
208.4		0.402777
208.5		0.402777
208.6		0.402777
208.7		0.402777
208.8		0.402777
208.9		0.402777
209		0.402777
209.1		0.405626
209.2		0.405626
209.3		0.405626
209.4		0.405626
209.5		0.405626
209.6		0.405626
209.7		0.405626
209.8		0.405626
209.9		0.405626
210		0.405626
210.1		0.407023
210.2		0.407023
210.3		0.407023
210.4		0.407023
210.5		0.407023
210.6		0.407023
210.7		0.407023
210.8		0.407023
210.9		0.407023
211		0.407023
211.1		0.407352
211.2		0.407352
211.3		0.407352
211.4		0.407352
211.5		0.407352
211.6		0.407352
211.7		0.407352
211.8		0.407352
211.9		0.407352
212		0.407352
212.1		0.409815
212.2		0.409815
212.3		0.409815
212.4		0.409815
212.5		0.409815
212.6		0.409815
212.7		0.409815
212.8		0.409815
212.9		0.409815
213		0.409815
213.1		0.413846
213.2		0.413846
213.3		0.413846
213.4		0.413846
213.5		0.413846
213.6		0.413846
213.7		0.413846
213.8		0.413846
213.9		0.413846
214		0.413846
214.1		0.417138
214.2		0.417138
214.3		0.417138
214.4		0.417138
214.5		0.417138
214.6		0.417138
214.7		0.417138
214.8		0.417138
214.9		0.417138
215		0.417138
215.1		0.417376
215.2		0.417376
215.3		0.417376
215.4		0.417376
215.5		0.417376
215.6		0.417376
215.7		0.417376
215.8		0.417376
215.9		0.417376
216		0.417376
216.1		0.419102
216.2		0.419102
216.3		0.419102
216.4		0.419102
216.5		0.419102
216.6		0.419102
216.7		0.419102
216.8		0.419102
216.9		0.419102
217		0.419102
217.1		0.41942
217.2		0.41942
217.3		0.41942
217.4		0.41942
217.5		0.41942
217.6		0.41942
217.7		0.41942
217.8		0.41942
217.9		0.41942
218		0.41942
218.1		0.425312
218.2		0.425312
218.3		0.425312
218.4		0.425312
218.5		0.425312
218.6		0.425312
218.7		0.425312
218.8		0.425312
218.9		0.425312
219		0.425312
219.1		0.42572
219.2		0.42572
219.3		0.42572
219.4		0.42572
219.5		0.42572
219.6		0.42572
219.7		0.42572
219.8		0.42572
219.9		0.42572
220		0.42572
220.1		0.42924
220.2		0.42924
220.3		0.42924
220.4		0.42924
220.5		0.42924
220.6		0.42924
220.7		0.42924
220.8		0.42924
220.9		0.42924
221		0.42924
221.1		0.430273
221.2		0.430273
221.3		0.430273
221.4		0.430273
221.5		0.430273
221.6		0.430273
221.7		0.430273
221.8		0.430273
221.9		0.430273
222		0.430273
222.1		0.430715
222.2		0.430715
222.3		0.430715
222.4		0.430715
222.5		0.430715
222.6		0.430715
222.7		0.430715
222.8		0.430715
222.9		0.430715
223		0.430715
223.1		0.432929
223.2		0.432929
223.3		0.432929
223.4		0.432929
223.5		0.432929
223.6		0.432929
223.7		0.432929
223.8		0.432929
223.9		0.432929
224		0.432929
224.1		0.434155
224.2		0.434155
224.3		0.434155
224.4		0.434155
224.5		0.434155
224.6		0.434155
224.7		0.434155
224.8		0.434155
224.9		0.434155
225		0.434155
225.1		0.436471
225.2		0.436471
225.3		0.436471
225.4		0.436471
225.5		0.436471
225.6		0.436471
225.7		0.436471
225.8		0.436471
225.9		0.436471
226		0.436471
226.1		0.441886
226.2		0.441886
226.3		0.441886
226.4		0.441886
226.5		0.441886
226.6		0.441886
226.7		0.441886
226.8		0.441886
226.9		0.441886
227		0.441886
227.1		0.442919
227.2		0.442919
227.3		0.442919
227.4		0.442919
227.5		0.442919
227.6		0.442919
227.7		0.442919
227.8		0.442919
227.9		0.442919
228		0.442919
228.1		0.443623
228.2		0.443623
228.3		0.443623
228.4		0.443623
228.5		0.443623
228.6		0.443623
228.7		0.443623
228.8		0.443623
228.9		0.443623
229		0.443623
229.1		0.445054
229.2		0.445054
229.3		0.445054
229.4		0.445054
229.5		0.445054
229.6		0.445054
229.7		0.445054
229.8		0.445054
229.9		0.445054
230		0.445054
230.1		0.446257
230.2		0.446257
230.3		0.446257
230.4		0.446257
230.5		0.446257
230.6		0.446257
230.7		0.446257
230.8		0.446257
230.9		0.446257
231		0.446257
231.1		0.449424
231.2		0.449424
231.3		0.449424
231.4		0.449424
231.5		0.449424
231.6		0.449424
231.7		0.449424
231.8		0.449424
231.9		0.449424
232		0.449424
232.1		0.452126
232.2		0.452126
232.3		0.452126
232.4		0.452126
232.5		0.452126
232.6		0.452126
232.7		0.452126
232.8		0.452126
232.9		0.452126
233		0.452126
233.1		0.45501
233.2		0.45501
233.3		0.45501
233.4		0.45501
233.5		0.45501
233.6		0.45501
233.7		0.45501
233.8		0.45501
233.9		0.45501
234		0.45501
234.1		0.45535
234.2		0.45535
234.3		0.45535
234.4		0.45535
234.5		0.45535
234.6		0.45535
234.7		0.45535
234.8		0.45535
234.9		0.45535
235		0.45535
235.1		0.457405
235.2		0.457405
235.3		0.457405
235.4		0.457405
235.5		0.457405
235.6		0.457405
235.7		0.457405
235.8		0.457405
235.9		0.457405
236		0.457405
236.1		0.458563
236.2		0.458563
236.3		0.458563
236.4		0.458563
236.5		0.458563
236.6		0.458563
236.7		0.458563
236.8		0.458563
236.9		0.458563
237		0.458563
237.1		0.45988
237.2		0.45988
237.3		0.45988
237.4		0.45988
237.5		0.45988
237.6		0.45988
237.7		0.45988
237.8		0.45988
237.9		0.45988
238		0.45988
238.1		0.46475
238.2		0.46475
238.3		0.46475
238.4		0.46475
238.5		0.46475
238.6		0.46475
238.7		0.46475
238.8		0.46475
238.9		0.46475
239		0.46475
239.1		0.465522
239.2		0.465522
239.3		0.465522
239.4		0.465522
239.5		0.465522
239.6		0.465522
239.7		0.465522
239.8		0.465522
239.9		0.465522
240		0.465522
240.1		0.46844
240.2		0.46844
240.3		0.46844
240.4		0.46844
240.5		0.46844
240.6		0.46844
240.7		0.46844
240.8		0.46844
240.9		0.46844
241		0.46844
241.1		0.470007
241.2		0.470007
241.3		0.470007
241.4		0.470007
241.5		0.470007
241.6		0.470007
241.7		0.470007
241.8		0.470007
241.9		0.470007
242		0.470007
242.1		0.470393
242.2		0.470393
242.3		0.470393
242.4		0.470393
242.5		0.470393
242.6		0.470393
242.7		0.470393
242.8		0.470393
242.9		0.470393
243		0.470393
243.1		0.474343
243.2		0.474343
243.3		0.474343
243.4		0.474343
243.5		0.474343
243.6		0.474343
243.7		0.474343
243.8		0.474343
243.9		0.474343
244		0.474343
244.1		0.474945
244.2		0.474945
244.3		0.474945
244.4		0.474945
244.5		0.474945
244.6		0.474945
244.7		0.474945
244.8		0.474945
244.9		0.474945
245		0.474945
245.1		0.474945
245.2		0.474945
245.3		0.474945
245.4		0.474945
245.5		0.474945
245.6		0.474945
245.7		0.474945
245.8		0.474945
245.9		0.474945
246		0.474945
246.1		0.479679
246.2		0.479679
246.3		0.479679
246.4		0.479679
246.5		0.479679
246.6		0.479679
246.7		0.479679
246.8		0.479679
246.9		0.479679
247		0.479679
247.1		0.480417
247.2		0.480417
247.3		0.480417
247.4		0.480417
247.5		0.480417
247.6		0.480417
247.7		0.480417
247.8		0.480417
247.9		0.480417
248		0.480417
248.1		0.484265
248.2		0.484265
248.3		0.484265
248.4		0.484265
248.5		0.484265
248.6		0.484265
248.7		0.484265
248.8		0.484265
248.9		0.484265
249		0.484265
249.1		0.484969
249.2		0.484969
249.3		0.484969
249.4		0.484969
249.5		0.484969
249.6		0.484969
249.7		0.484969
249.8		0.484969
249.9		0.484969
250		0.484969
250.1		0.486229
250.2		0.486229
250.3		0.486229
250.4		0.486229
250.5		0.486229
250.6		0.486229
250.7		0.486229
250.8		0.486229
250.9		0.486229
251		0.486229
251.1		0.487682
251.2		0.487682
251.3		0.487682
251.4		0.487682
251.5		0.487682
251.6		0.487682
251.7		0.487682
251.8		0.487682
251.9		0.487682
252		0.487682
252.1		0.494403
252.2		0.494403
252.3		0.494403
252.4		0.494403
252.5		0.494403
252.6		0.494403
252.7		0.494403
252.8		0.494403
252.9		0.494403
253		0.494403
253.1		0.497582
253.2		0.497582
253.3		0.497582
253.4		0.497582
253.5		0.497582
253.6		0.497582
253.7		0.497582
253.8		0.497582
253.9		0.497582
254		0.497582
254.1		0.501056
254.2		0.501056
254.3		0.501056
254.4		0.501056
254.5		0.501056
254.6		0.501056
254.7		0.501056
254.8		0.501056
254.9		0.501056
255		0.501056
255.1		0.501181
255.2		0.501181
255.3		0.501181
255.4		0.501181
255.5		0.501181
255.6		0.501181
255.7		0.501181
255.8		0.501181
255.9		0.501181
256		0.501181
256.1		0.501317
256.2		0.501317
256.3		0.501317
256.4		0.501317
256.5		0.501317
256.6		0.501317
256.7		0.501317
256.8		0.501317
256.9		0.501317
257		0.501317
257.1		0.504757
257.2		0.504757
257.3		0.504757
257.4		0.504757
257.5		0.504757
257.6		0.504757
257.7		0.504757
257.8		0.504757
257.9		0.504757
258		0.504757
258.1		0.505744
258.2		0.505744
258.3		0.505744
258.4		0.505744
258.5		0.505744
258.6		0.505744
258.7		0.505744
258.8		0.505744
258.9		0.505744
259		0.505744
259.1		0.511341
259.2		0.511341
259.3		0.511341
259.4		0.511341
259.5		0.511341
259.6		0.511341
259.7		0.511341
259.8		0.511341
259.9		0.511341
260		0.511341
260.1		0.511546
260.2		0.511546
260.3		0.511546
260.4		0.511546
260.5		0.511546
260.6		0.511546
260.7		0.511546
260.8		0.511546
260.9		0.511546
261		0.511546
261.1		0.513498
261.2		0.513498
261.3		0.513498
261.4		0.513498
261.5		0.513498
261.6		0.513498
261.7		0.513498
261.8		0.513498
261.9		0.513498
262		0.513498
262.1		0.514338
262.2		0.514338
262.3		0.514338
262.4		0.514338
262.5		0.514338
262.6		0.514338
262.7		0.514338
262.8		0.514338
262.9		0.514338
263		0.514338
263.1		0.517789
263.2		0.517789
263.3		0.517789
263.4		0.517789
263.5		0.517789
263.6		0.517789
263.7		0.517789
263.8		0.517789
263.9		0.517789
264		0.517789
264.1		0.518153
264.2		0.518153
264.3		0.518153
264.4		0.518153
264.5		0.518153
264.6		0.518153
264.7		0.518153
264.8		0.518153
264.9		0.518153
265		0.518153
265.1		0.521854
265.2		0.521854
265.3		0.521854
265.4		0.521854
265.5		0.521854
265.6		0.521854
265.7		0.521854
265.8		0.521854
265.9		0.521854
266		0.521854
266.1		0.523908
266.2		0.523908
266.3		0.523908
266.4		0.523908
266.5		0.523908
266.6		0.523908
266.7		0.523908
266.8		0.523908
266.9		0.523908
267		0.523908
267.1		0.524964
267.2		0.524964
267.3		0.524964
267.4		0.524964
267.5		0.524964
267.6		0.524964
267.7		0.524964
267.8		0.524964
267.9		0.524964
268		0.524964
268.1		0.526054
268.2		0.526054
268.3		0.526054
268.4		0.526054
268.5		0.526054
268.6		0.526054
268.7		0.526054
268.8		0.526054
268.9		0.526054
269		0.526054
269.1		0.527666
269.2		0.527666
269.3		0.527666
269.4		0.527666
269.5		0.527666
269.6		0.527666
269.7		0.527666
269.8		0.527666
269.9		0.527666
270		0.527666
270.1		0.532775
270.2		0.532775
270.3		0.532775
270.4		0.532775
270.5		0.532775
270.6		0.532775
270.7		0.532775
270.8		0.532775
270.9		0.532775
271		0.532775
271.1		0.534466
271.2		0.534466
271.3		0.534466
271.4		0.534466
271.5		0.534466
271.6		0.534466
271.7		0.534466
271.8		0.534466
271.9		0.534466
272		0.534466
272.1		0.534659
272.2		0.534659
272.3		0.534659
272.4		0.534659
272.5		0.534659
272.6		0.534659
272.7		0.534659
272.8		0.534659
272.9		0.534659
273		0.534659
273.1		0.537009
273.2		0.537009
273.3		0.537009
273.4		0.537009
273.5		0.537009
273.6		0.537009
273.7		0.537009
273.8		0.537009
273.9		0.537009
274		0.537009
274.1		0.537929
274.2		0.537929
274.3		0.537929
274.4		0.537929
274.5		0.537929
274.6		0.537929
274.7		0.537929
274.8		0.537929
274.9		0.537929
275		0.537929
275.1		0.538303
275.2		0.538303
275.3		0.538303
275.4		0.538303
275.5		0.538303
275.6		0.538303
275.7		0.538303
275.8		0.538303
275.9		0.538303
276		0.538303
276.1		0.542254
276.2		0.542254
276.3		0.542254
276.4		0.542254
276.5		0.542254
276.6		0.542254
276.7		0.542254
276.8		0.542254
276.9		0.542254
277		0.542254
277.1		0.543299
277.2		0.543299
277.3		0.543299
277.4		0.543299
277.5		0.543299
277.6		0.543299
277.7		0.543299
277.8		0.543299
277.9		0.543299
278		0.543299
278.1		0.545183
278.2		0.545183
278.3		0.545183
278.4		0.545183
278.5		0.545183
278.6		0.545183
278.7		0.545183
278.8		0.545183
278.9		0.545183
279		0.545183
279.1		0.549247
279.2		0.549247
279.3		0.549247
279.4		0.549247
279.5		0.549247
279.6		0.549247
279.7		0.549247
279.8		0.549247
279.9		0.549247
280		0.549247
280.1		0.549338
280.2		0.549338
280.3		0.549338
280.4		0.549338
280.5		0.549338
280.6		0.549338
280.7		0.549338
280.8		0.549338
280.9		0.549338
281		0.549338
281.1		0.551881
281.2		0.551881
281.3		0.551881
281.4		0.551881
281.5		0.551881
281.6		0.551881
281.7		0.551881
281.8		0.551881
281.9		0.551881
282		0.551881
282.1		0.555809
282.2		0.555809
282.3		0.555809
282.4		0.555809
282.5		0.555809
282.6		0.555809
282.7		0.555809
282.8		0.555809
282.9		0.555809
283		0.555809
283.1		0.556093
283.2		0.556093
283.3		0.556093
283.4		0.556093
283.5		0.556093
283.6		0.556093
283.7		0.556093
283.8		0.556093
283.9		0.556093
284		0.556093
284.1		0.562632
284.2		0.562632
284.3		0.562632
284.4		0.562632
284.5		0.562632
284.6		0.562632
284.7		0.562632
284.8		0.562632
284.9		0.562632
285		0.562632
285.1		0.565561
285.2		0.565561
285.3		0.565561
285.4		0.565561
285.5		0.565561
285.6		0.565561
285.7		0.565561
285.8		0.565561
285.9		0.565561
286		0.565561
286.1		0.566549
286.2		0.566549
286.3		0.566549
286.4		0.566549
286.5		0.566549
286.6		0.566549
286.7		0.566549
286.8		0.566549
286.9		0.566549
287		0.566549
287.1		0.567196
287.2		0.567196
287.3		0.567196
287.4		0.567196
287.5		0.567196
287.6		0.567196
287.7		0.567196
287.8		0.567196
287.9		0.567196
288		0.567196
288.1		0.569023
288.2		0.569023
288.3		0.569023
288.4		0.569023
288.5		0.569023
288.6		0.569023
288.7		0.569023
288.8		0.569023
288.9		0.569023
289		0.569023
289.1		0.572134
289.2		0.572134
289.3		0.572134
289.4		0.572134
289.5		0.572134
289.6		0.572134
289.7		0.572134
289.8		0.572134
289.9		0.572134
290		0.572134
290.1		0.572134
290.2		0.572134
290.3		0.572134
290.4		0.572134
290.5		0.572134
290.6		0.572134
290.7		0.572134
290.8		0.572134
290.9		0.572134
291		0.572134
291.1		0.573462
291.2		0.573462
291.3		0.573462
291.4		0.573462
291.5		0.573462
291.6		0.573462
291.7		0.573462
291.8		0.573462
291.9		0.573462
292		0.573462
292.1		0.573462
292.2		0.573462
292.3		0.573462
292.4		0.573462
292.5		0.573462
292.6		0.573462
292.7		0.573462
292.8		0.573462
292.9		0.573462
293		0.573462
293.1		0.576051
293.2		0.576051
293.3		0.576051
293.4		0.576051
293.5		0.576051
293.6		0.576051
293.7		0.576051
293.8		0.576051
293.9		0.576051
294		0.576051
294.1		0.577901
294.2		0.577901
294.3		0.577901
294.4		0.577901
294.5		0.577901
294.6		0.577901
294.7		0.577901
294.8		0.577901
294.9		0.577901
295		0.577901
295.1		0.579093
295.2		0.579093
295.3		0.579093
295.4		0.579093
295.5		0.579093
295.6		0.579093
295.7		0.579093
295.8		0.579093
295.9		0.579093
296		0.579093
296.1		0.582998
296.2		0.582998
296.3		0.582998
296.4		0.582998
296.5		0.582998
296.6		0.582998
296.7		0.582998
296.8		0.582998
296.9		0.582998
297		0.582998
297.1		0.583339
297.2		0.583339
297.3		0.583339
297.4		0.583339
297.5		0.583339
297.6		0.583339
297.7		0.583339
297.8		0.583339
297.9		0.583339
298		0.583339
298.1		0.584452
298.2		0.584452
298.3		0.584452
298.4		0.584452
298.5		0.584452
298.6		0.584452
298.7		0.584452
298.8		0.584452
298.9		0.584452
299		0.584452
299.1		0.584452
299.2		0.584452
299.3		0.584452
299.4		0.584452
299.5		0.584452
299.6		0.584452
299.7		0.584452
299.8		0.584452
299.9		0.584452
300		0.584452
300.1		0.586938
300.2		0.586938
300.3		0.586938
300.4		0.586938
300.5		0.586938
300.6		0.586938
300.7		0.586938
300.8		0.586938
300.9		0.586938
301		0.586938
301.1		0.588084
301.2		0.588084
301.3		0.588084
301.4		0.588084
301.5		0.588084
301.6		0.588084
301.7		0.588084
301.8		0.588084
301.9		0.588084
302		0.588084
302.1		0.588084
302.2		0.588084
302.3		0.588084
302.4		0.588084
302.5		0.588084
302.6		0.588084
302.7		0.588084
302.8		0.588084
302.9		0.588084
303		0.588084
303.1		0.592909
303.2		0.592909
303.3		0.592909
303.4		0.592909
303.5		0.592909
303.6		0.592909
303.7		0.592909
303.8		0.592909
303.9		0.592909
304		0.592909
304.1		0.594828
304.2		0.594828
304.3		0.594828
304.4		0.594828
304.5		0.594828
304.6		0.594828
304.7		0.594828
304.8		0.594828
304.9		0.594828
305		0.594828
305.1		0.595963
305.2		0.595963
305.3		0.595963
305.4		0.595963
305.5		0.595963
305.6		0.595963
305.7		0.595963
305.8		0.595963
305.9		0.595963
306		0.595963
306.1		0.598937
306.2		0.598937
306.3		0.598937
306.4		0.598937
306.5		0.598937
306.6		0.598937
306.7		0.598937
306.8		0.598937
306.9		0.598937
307		0.598937
307.1		0.60089
307.2		0.60089
307.3		0.60089
307.4		0.60089
307.5		0.60089
307.6		0.60089
307.7		0.60089
307.8		0.60089
307.9		0.60089
308		0.60089
308.1		0.604784
308.2		0.604784
308.3		0.604784
308.4		0.604784
308.5		0.604784
308.6		0.604784
308.7		0.604784
308.8		0.604784
308.9		0.604784
309		0.604784
309.1		0.605919
309.2		0.605919
309.3		0.605919
309.4		0.605919
309.5		0.605919
309.6		0.605919
309.7		0.605919
309.8		0.605919
309.9		0.605919
310		0.605919
310.1		0.607327
310.2		0.607327
310.3		0.607327
310.4		0.607327
310.5		0.607327
310.6		0.607327
310.7		0.607327
310.8		0.607327
310.9		0.607327
311		0.607327
311.1		0.609824
311.2		0.609824
311.3		0.609824
311.4		0.609824
311.5		0.609824
311.6		0.609824
311.7		0.609824
311.8		0.609824
311.9		0.609824
312		0.609824
312.1		0.611312
312.2		0.611312
312.3		0.611312
312.4		0.611312
312.5		0.611312
312.6		0.611312
312.7		0.611312
312.8		0.611312
312.9		0.611312
313		0.611312
313.1		0.6144
313.2		0.6144
313.3		0.6144
313.4		0.6144
313.5		0.6144
313.6		0.6144
313.7		0.6144
313.8		0.6144
313.9		0.6144
314		0.6144
314.1		0.616602
314.2		0.616602
314.3		0.616602
314.4		0.616602
314.5		0.616602
314.6		0.616602
314.7		0.616602
314.8		0.616602
314.9		0.616602
315		0.616602
315.1		0.617022
315.2		0.617022
315.3		0.617022
315.4		0.617022
315.5		0.617022
315.6		0.617022
315.7		0.617022
315.8		0.617022
315.9		0.617022
316		0.617022
316.1		0.617805
316.2		0.617805
316.3		0.617805
316.4		0.617805
316.5		0.617805
316.6		0.617805
316.7		0.617805
316.8		0.617805
316.9		0.617805
317		0.617805
317.1		0.623606
317.2		0.623606
317.3		0.623606
317.4		0.623606
317.5		0.623606
317.6		0.623606
317.7		0.623606
317.8		0.623606
317.9		0.623606
318		0.623606
318.1		0.623845
318.2		0.623845
318.3		0.623845
318.4		0.623845
318.5		0.623845
318.6		0.623845
318.7		0.623845
318.8		0.623845
318.9		0.623845
319		0.623845
319.1		0.628658
319.2		0.628658
319.3		0.628658
319.4		0.628658
319.5		0.628658
319.6		0.628658
319.7		0.628658
319.8		0.628658
319.9		0.628658
320		0.628658
320.1		0.628954
320.2		0.628954
320.3		0.628954
320.4		0.628954
320.5		0.628954
320.6		0.628954
320.7		0.628954
320.8		0.628954
320.9		0.628954
321		0.628954
321.1		0.630838
321.2		0.630838
321.3		0.630838
321.4		0.630838
321.5		0.630838
321.6		0.630838
321.7		0.630838
321.8		0.630838
321.9		0.630838
322		0.630838
322.1		0.631065
322.2		0.631065
322.3		0.631065
322.4		0.631065
322.5		0.631065
322.6		0.631065
322.7		0.631065
322.8		0.631065
322.9		0.631065
323		0.631065
323.1		0.634845
323.2		0.634845
323.3		0.634845
323.4		0.634845
323.5		0.634845
323.6		0.634845
323.7		0.634845
323.8		0.634845
323.9		0.634845
324		0.634845
324.1		0.636616
324.2		0.636616
324.3		0.636616
324.4		0.636616
324.5		0.636616
324.6		0.636616
324.7		0.636616
324.8		0.636616
324.9		0.636616
325		0.636616
325.1		0.640249
325.2		0.640249
325.3		0.640249
325.4		0.640249
325.5		0.640249
325.6		0.640249
325.7		0.640249
325.8		0.640249
325.9		0.640249
326		0.640249
326.1		0.64051
326.2		0.64051
326.3		0.64051
326.4		0.64051
326.5		0.64051
326.6		0.64051
326.7		0.64051
326.8		0.64051
326.9		0.64051
327		0.64051
327.1		0.643065
327.2		0.643065
327.3		0.643065
327.4		0.643065
327.5		0.643065
327.6		0.643065
327.7		0.643065
327.8		0.643065
327.9		0.643065
328		0.643065
328.1		0.643519
328.2		0.643519
328.3		0.643519
328.4		0.643519
328.5		0.643519
328.6		0.643519
328.7		0.643519
328.8		0.643519
328.9		0.643519
329		0.643519
329.1		0.646334
329.2		0.646334
329.3		0.646334
329.4		0.646334
329.5		0.646334
329.6		0.646334
329.7		0.646334
329.8		0.646334
329.9		0.646334
330		0.646334
330.1		0.646618
330.2		0.646618
330.3		0.646618
330.4		0.646618
330.5		0.646618
330.6		0.646618
330.7		0.646618
330.8		0.646618
330.9		0.646618
331		0.646618
331.1		0.651454
331.2		0.651454
331.3		0.651454
331.4		0.651454
331.5		0.651454
331.6		0.651454
331.7		0.651454
331.8		0.651454
331.9		0.651454
332		0.651454
332.1		0.653486
332.2		0.653486
332.3		0.653486
332.4		0.653486
332.5		0.653486
332.6		0.653486
332.7		0.653486
332.8		0.653486
332.9		0.653486
333		0.653486
333.1		0.655575
333.2		0.655575
333.3		0.655575
333.4		0.655575
333.5		0.655575
333.6		0.655575
333.7		0.655575
333.8		0.655575
333.9		0.655575
334		0.655575
334.1		0.656517
334.2		0.656517
334.3		0.656517
334.4		0.656517
334.5		0.656517
334.6		0.656517
334.7		0.656517
334.8		0.656517
334.9		0.656517
335		0.656517
335.1		0.657074
335.2		0.657074
335.3		0.657074
335.4		0.657074
335.5		0.657074
335.6		0.657074
335.7		0.657074
335.8		0.657074
335.9		0.657074
336		0.657074
336.1		0.661581
336.2		0.661581
336.3		0.661581
336.4		0.661581
336.5		0.661581
336.6		0.661581
336.7		0.661581
336.8		0.661581
336.9		0.661581
337		0.661581
337.1		0.663965
337.2		0.663965
337.3		0.663965
337.4		0.663965
337.5		0.663965
337.6		0.663965
337.7		0.663965
337.8		0.663965
337.9		0.663965
338		0.663965
338.1		0.664317
338.2		0.664317
338.3		0.664317
338.4		0.664317
338.5		0.664317
338.6		0.664317
338.7		0.664317
338.8		0.664317
338.9		0.664317
339		0.664317
339.1		0.665986
339.2		0.665986
339.3		0.665986
339.4		0.665986
339.5		0.665986
339.6		0.665986
339.7		0.665986
339.8		0.665986
339.9		0.665986
340		0.665986
340.1		0.670186
340.2		0.670186
340.3		0.670186
340.4		0.670186
340.5		0.670186
340.6		0.670186
340.7		0.670186
340.8		0.670186
340.9		0.670186
341		0.670186
341.1		0.670583
341.2		0.670583
341.3		0.670583
341.4		0.670583
341.5		0.670583
341.6		0.670583
341.7		0.670583
341.8		0.670583
341.9		0.670583
342		0.670583
342.1		0.67215
342.2		0.67215
342.3		0.67215
342.4		0.67215
342.5		0.67215
342.6		0.67215
342.7		0.67215
342.8		0.67215
342.9		0.67215
343		0.67215
343.1		0.676169
343.2		0.676169
343.3		0.676169
343.4		0.676169
343.5		0.676169
343.6		0.676169
343.7		0.676169
343.8		0.676169
343.9		0.676169
344		0.676169
344.1		0.677667
344.2		0.677667
344.3		0.677667
344.4		0.677667
344.5		0.677667
344.6		0.677667
344.7		0.677667
344.8		0.677667
344.9		0.677667
345		0.677667
345.1		0.679427
345.2		0.679427
345.3		0.679427
345.4		0.679427
345.5		0.679427
345.6		0.679427
345.7		0.679427
345.8		0.679427
345.9		0.679427
346		0.679427
346.1		0.680585
346.2		0.680585
346.3		0.680585
346.4		0.680585
346.5		0.680585
346.6		0.680585
346.7		0.680585
346.8		0.680585
346.9		0.680585
347		0.680585
347.1		0.684899
347.2		0.684899
347.3		0.684899
347.4		0.684899
347.5		0.684899
347.6		0.684899
347.7		0.684899
347.8		0.684899
347.9		0.684899
348		0.684899
348.1		0.68667
348.2		0.68667
348.3		0.68667
348.4		0.68667
348.5		0.68667
348.6		0.68667
348.7		0.68667
348.8		0.68667
348.9		0.68667
349		0.68667
349.1		0.692164
349.2		0.692164
349.3		0.692164
349.4		0.692164
349.5		0.692164
349.6		0.692164
349.7		0.692164
349.8		0.692164
349.9		0.692164
350		0.692164
350.1		0.694174
350.2		0.694174
350.3		0.694174
350.4		0.694174
350.5		0.694174
350.6		0.694174
350.7		0.694174
350.8		0.694174
350.9		0.694174
351		0.694174
351.1		0.694707
351.2		0.694707
351.3		0.694707
351.4		0.694707
351.5		0.694707
351.6		0.694707
351.7		0.694707
351.8		0.694707
351.9		0.694707
352		0.694707
352.1		0.696808
352.2		0.696808
352.3		0.696808
352.4		0.696808
352.5		0.696808
352.6		0.696808
352.7		0.696808
352.8		0.696808
352.9		0.696808
353		0.696808
353.1		0.698511
353.2		0.698511
353.3		0.698511
353.4		0.698511
353.5		0.698511
353.6		0.698511
353.7		0.698511
353.8		0.698511
353.9		0.698511
354		0.698511
354.1		0.702109
354.2		0.702109
354.3		0.702109
354.4		0.702109
354.5		0.702109
354.6		0.702109
354.7		0.702109
354.8		0.702109
354.9		0.702109
355		0.702109
355.1		0.702109
355.2		0.702109
355.3		0.702109
355.4		0.702109
355.5		0.702109
355.6		0.702109
355.7		0.702109
355.8		0.702109
355.9		0.702109
356		0.702109
356.1		0.70287
356.2		0.70287
356.3		0.70287
356.4		0.70287
356.5		0.70287
356.6		0.70287
356.7		0.70287
356.8		0.70287
356.9		0.70287
357		0.70287
357.1		0.705231
357.2		0.705231
357.3		0.705231
357.4		0.705231
357.5		0.705231
357.6		0.705231
357.7		0.705231
357.8		0.705231
357.9		0.705231
358		0.705231
358.1		0.705231
358.2		0.705231
358.3		0.705231
358.4		0.705231
358.5		0.705231
358.6		0.705231
358.7		0.705231
358.8		0.705231
358.9		0.705231
359		0.705231
359.1		0.708694
359.2		0.708694
359.3		0.708694
359.4		0.708694
359.5		0.708694
359.6		0.708694
359.7		0.708694
359.8		0.708694
359.9		0.708694
360		0.708694
360.1		0.709068
360.2		0.709068
360.3		0.709068
360.4		0.709068
360.5		0.709068
360.6		0.709068
360.7		0.709068
360.8		0.709068
360.9		0.709068
361		0.709068
361.1		0.70908
361.2		0.70908
361.3		0.70908
361.4		0.70908
361.5		0.70908
361.6		0.70908
361.7		0.70908
361.8		0.70908
361.9		0.70908
362		0.70908
362.1		0.711611
362.2		0.711611
362.3		0.711611
362.4		0.711611
362.5		0.711611
362.6		0.711611
362.7		0.711611
362.8		0.711611
362.9		0.711611
363		0.711611
363.1		0.713655
363.2		0.713655
363.3		0.713655
363.4		0.713655
363.5		0.713655
363.6		0.713655
363.7		0.713655
363.8		0.713655
363.9		0.713655
364		0.713655
364.1		0.714188
364.2		0.714188
364.3		0.714188
364.4		0.714188
364.5		0.714188
364.6		0.714188
364.7		0.714188
364.8		0.714188
364.9		0.714188
365		0.714188
365.1		0.716981
365.2		0.716981
365.3		0.716981
365.4		0.716981
365.5		0.716981
365.6		0.716981
365.7		0.716981
365.8		0.716981
365.9		0.716981
366		0.716981
366.1		0.720444
366.2		0.720444
366.3		0.720444
366.4		0.720444
366.5		0.720444
366.6		0.720444
366.7		0.720444
366.8		0.720444
366.9		0.720444
367		0.720444
367.1		0.721182
367.2		0.721182
367.3		0.721182
367.4		0.721182
367.5		0.721182
367.6		0.721182
367.7		0.721182
367.8		0.721182
367.9		0.721182
368		0.721182
368.1		0.721182
368.2		0.721182
368.3		0.721182
368.4		0.721182
368.5		0.721182
368.6		0.721182
368.7		0.721182
368.8		0.721182
368.9		0.721182
369		0.721182
369.1		0.725461
369.2		0.725461
369.3		0.725461
369.4		0.725461
369.5		0.725461
369.6		0.725461
369.7		0.725461
369.8		0.725461
369.9		0.725461
370		0.725461
370.1		0.726881
370.2		0.726881
370.3		0.726881
370.4		0.726881
370.5		0.726881
370.6		0.726881
370.7		0.726881
370.8		0.726881
370.9		0.726881
371		0.726881
371.1		0.729651
371.2		0.729651
371.3		0.729651
371.4		0.729651
371.5		0.729651
371.6		0.729651
371.7		0.729651
371.8		0.729651
371.9		0.729651
372		0.729651
372.1		0.731297
372.2		0.731297
372.3		0.731297
372.4		0.731297
372.5		0.731297
372.6		0.731297
372.7		0.731297
372.8		0.731297
372.9		0.731297
373		0.731297
373.1		0.732307
373.2		0.732307
373.3		0.732307
373.4		0.732307
373.5		0.732307
373.6		0.732307
373.7		0.732307
373.8		0.732307
373.9		0.732307
374		0.732307
374.1		0.734192
374.2		0.734192
374.3		0.734192
374.4		0.734192
374.5		0.734192
374.6		0.734192
374.7		0.734192
374.8		0.734192
374.9		0.734192
375		0.734192
375.1		0.73619
375.2		0.73619
375.3		0.73619
375.4		0.73619
375.5		0.73619
375.6		0.73619
375.7		0.73619
375.8		0.73619
375.9		0.73619
376		0.73619
376.1		0.739334
376.2		0.739334
376.3		0.739334
376.4		0.739334
376.5		0.739334
376.6		0.739334
376.7		0.739334
376.8		0.739334
376.9		0.739334
377		0.739334
377.1		0.743444
377.2		0.743444
377.3		0.743444
377.4		0.743444
377.5		0.743444
377.6		0.743444
377.7		0.743444
377.8		0.743444
377.9		0.743444
378		0.743444
378.1		0.744136
378.2		0.744136
378.3		0.744136
378.4		0.744136
378.5		0.744136
378.6		0.744136
378.7		0.744136
378.8		0.744136
378.9		0.744136
379		0.744136
379.1		0.744375
379.2		0.744375
379.3		0.744375
379.4		0.744375
379.5		0.744375
379.6		0.744375
379.7		0.744375
379.8		0.744375
379.9		0.744375
380		0.744375
380.1		0.747383
380.2		0.747383
380.3		0.747383
380.4		0.747383
380.5		0.747383
380.6		0.747383
380.7		0.747383
380.8		0.747383
380.9		0.747383
381		0.747383
381.1		0.748076
381.2		0.748076
381.3		0.748076
381.4		0.748076
381.5		0.748076
381.6		0.748076
381.7		0.748076
381.8		0.748076
381.9		0.748076
382		0.748076
382.1		0.754445
382.2		0.754445
382.3		0.754445
382.4		0.754445
382.5		0.754445
382.6		0.754445
382.7		0.754445
382.8		0.754445
382.9		0.754445
383		0.754445
383.1		0.754865
383.2		0.754865
383.3		0.754865
383.4		0.754865
383.5		0.754865
383.6		0.754865
383.7		0.754865
383.8		0.754865
383.9		0.754865
384		0.754865
384.1		0.755262
384.2		0.755262
384.3		0.755262
384.4		0.755262
384.5		0.755262
384.6		0.755262
384.7		0.755262
384.8		0.755262
384.9		0.755262
385		0.755262
385.1		0.75583
385.2		0.75583
385.3		0.75583
385.4		0.75583
385.5		0.75583
385.6		0.75583
385.7		0.75583
385.8		0.75583
385.9		0.75583
386		0.75583
386.1		0.760495
386.2		0.760495
386.3		0.760495
386.4		0.760495
386.5		0.760495
386.6		0.760495
386.7		0.760495
386.8		0.760495
386.9		0.760495
387		0.760495
387.1		0.761165
387.2		0.761165
387.3		0.761165
387.4		0.761165
387.5		0.761165
387.6		0.761165
387.7		0.761165
387.8		0.761165
387.9		0.761165
388		0.761165
388.1		0.763175
388.2		0.763175
388.3		0.763175
388.4		0.763175
388.5		0.763175
388.6		0.763175
388.7		0.763175
388.8		0.763175
388.9		0.763175
389		0.763175
389.1		0.765559
389.2		0.765559
389.3		0.765559
389.4		0.765559
389.5		0.765559
389.6		0.765559
389.7		0.765559
389.8		0.765559
389.9		0.765559
390		0.765559
390.1		0.766649
390.2		0.766649
390.3		0.766649
390.4		0.766649
390.5		0.766649
390.6		0.766649
390.7		0.766649
390.8		0.766649
390.9		0.766649
391		0.766649
391.1		0.770452
391.2		0.770452
391.3		0.770452
391.4		0.770452
391.5		0.770452
391.6		0.770452
391.7		0.770452
391.8		0.770452
391.9		0.770452
392		0.770452
392.1		0.770815
392.2		0.770815
392.3		0.770815
392.4		0.770815
392.5		0.770815
392.6		0.770815
392.7		0.770815
392.8		0.770815
392.9		0.770815
393		0.770815
393.1		0.772506
393.2		0.772506
393.3		0.772506
393.4		0.772506
393.5		0.772506
393.6		0.772506
393.7		0.772506
393.8		0.772506
393.9		0.772506
394		0.772506
394.1		0.776786
394.2		0.776786
394.3		0.776786
394.4		0.776786
394.5		0.776786
394.6		0.776786
394.7		0.776786
394.8		0.776786
394.9		0.776786
395		0.776786
395.1		0.777956
395.2		0.777956
395.3		0.777956
395.4		0.777956
395.5		0.777956
395.6		0.777956
395.7		0.777956
395.8		0.777956
395.9		0.777956
396		0.777956
396.1		0.779931
396.2		0.779931
396.3		0.779931
396.4		0.779931
396.5		0.779931
396.6		0.779931
396.7		0.779931
396.8		0.779931
396.9		0.779931
397		0.779931
397.1		0.782826
397.2		0.782826
397.3		0.782826
397.4		0.782826
397.5		0.782826
397.6		0.782826
397.7		0.782826
397.8		0.782826
397.9		0.782826
398		0.782826
398.1		0.78311
398.2		0.78311
398.3		0.78311
398.4		0.78311
398.5		0.78311
398.6		0.78311
398.7		0.78311
398.8		0.78311
398.9		0.78311
399		0.78311
399.1		0.787821
399.2		0.787821
399.3		0.787821
399.4		0.787821
399.5		0.787821
399.6		0.787821
399.7		0.787821
399.8		0.787821
399.9		0.787821
400		0.787821
400.1		0.788207
400.2		0.788207
400.3		0.788207
400.4		0.788207
400.5		0.788207
400.6		0.788207
400.7		0.788207
400.8		0.788207
400.9		0.788207
401		0.788207
401.1		0.790784
401.2		0.790784
401.3		0.790784
401.4		0.790784
401.5		0.790784
401.6		0.790784
401.7		0.790784
401.8		0.790784
401.9		0.790784
402		0.790784
402.1		0.793747
402.2		0.793747
402.3		0.793747
402.4		0.793747
402.5		0.793747
402.6		0.793747
402.7		0.793747
402.8		0.793747
402.9		0.793747
403		0.793747
403.1		0.793963
403.2		0.793963
403.3		0.793963
403.4		0.793963
403.5		0.793963
403.6		0.793963
403.7		0.793963
403.8		0.793963
403.9		0.793963
404		0.793963
404.1		0.795064
404.2		0.795064
404.3		0.795064
404.4		0.795064
404.5		0.795064
404.6		0.795064
404.7		0.795064
404.8		0.795064
404.9		0.795064
405		0.795064
405.1		0.798901
405.2		0.798901
405.3		0.798901
405.4		0.798901
405.5		0.798901
405.6		0.798901
405.7		0.798901
405.8		0.798901
405.9		0.798901
406		0.798901
406.1		0.799162
406.2		0.799162
406.3		0.799162
406.4		0.799162
406.5		0.799162
406.6		0.799162
406.7		0.799162
406.8		0.799162
406.9		0.799162
407		0.799162
407.1		0.800649
407.2		0.800649
407.3		0.800649
407.4		0.800649
407.5		0.800649
407.6		0.800649
407.7		0.800649
407.8		0.800649
407.9		0.800649
408		0.800649
408.1		0.805679
408.2		0.805679
408.3		0.805679
408.4		0.805679
408.5		0.805679
408.6		0.805679
408.7		0.805679
408.8		0.805679
408.9		0.805679
409		0.805679
409.1		0.807166
409.2		0.807166
409.3		0.807166
409.4		0.807166
409.5		0.807166
409.6		0.807166
409.7		0.807166
409.8		0.807166
409.9		0.807166
410		0.807166
410.1		0.809947
410.2		0.809947
410.3		0.809947
410.4		0.809947
410.5		0.809947
410.6		0.809947
410.7		0.809947
410.8		0.809947
410.9		0.809947
411		0.809947
411.1		0.811491
411.2		0.811491
411.3		0.811491
411.4		0.811491
411.5		0.811491
411.6		0.811491
411.7		0.811491
411.8		0.811491
411.9		0.811491
412		0.811491
412.1		0.814692
412.2		0.814692
412.3		0.814692
412.4		0.814692
412.5		0.814692
412.6		0.814692
412.7		0.814692
412.8		0.814692
412.9		0.814692
413		0.814692
413.1		0.814874
413.2		0.814874
413.3		0.814874
413.4		0.814874
413.5		0.814874
413.6		0.814874
413.7		0.814874
413.8		0.814874
413.9		0.814874
414		0.814874
414.1		0.816225
414.2		0.816225
414.3		0.816225
414.4		0.816225
414.5		0.816225
414.6		0.816225
414.7		0.816225
414.8		0.816225
414.9		0.816225
415		0.816225
415.1		0.821958
415.2		0.821958
415.3		0.821958
415.4		0.821958
415.5		0.821958
415.6		0.821958
415.7		0.821958
415.8		0.821958
415.9		0.821958
416		0.821958
416.1		0.823956
416.2		0.823956
416.3		0.823956
416.4		0.823956
416.5		0.823956
416.6		0.823956
416.7		0.823956
416.8		0.823956
416.9		0.823956
417		0.823956
417.1		0.824342
417.2		0.824342
417.3		0.824342
417.4		0.824342
417.5		0.824342
417.6		0.824342
417.7		0.824342
417.8		0.824342
417.9		0.824342
418		0.824342
418.1		0.826079
418.2		0.826079
418.3		0.826079
418.4		0.826079
418.5		0.826079
418.6		0.826079
418.7		0.826079
418.8		0.826079
418.9		0.826079
419		0.826079
419.1		0.826942
419.2		0.826942
419.3		0.826942
419.4		0.826942
419.5		0.826942
419.6		0.826942
419.7		0.826942
419.8		0.826942
419.9		0.826942
420		0.826942
420.1		0.827396
420.2		0.827396
420.3		0.827396
420.4		0.827396
420.5		0.827396
420.6		0.827396
420.7		0.827396
420.8		0.827396
420.9		0.827396
421		0.827396
421.1		0.833231
421.2		0.833231
421.3		0.833231
421.4		0.833231
421.5		0.833231
421.6		0.833231
421.7		0.833231
421.8		0.833231
421.9		0.833231
422		0.833231
422.1		0.833958
422.2		0.833958
422.3		0.833958
422.4		0.833958
422.5		0.833958
422.6		0.833958
422.7		0.833958
422.8		0.833958
422.9		0.833958
423		0.833958
423.1		0.83515
423.2		0.83515
423.3		0.83515
423.4		0.83515
423.5		0.83515
423.6		0.83515
423.7		0.83515
423.8		0.83515
423.9		0.83515
424		0.83515
424.1		0.835933
424.2		0.835933
424.3		0.835933
424.4		0.835933
424.5		0.835933
424.6		0.835933
424.7		0.835933
424.8		0.835933
424.9		0.835933
425		0.835933
425.1		0.838624
425.2		0.838624
425.3		0.838624
425.4		0.838624
425.5		0.838624
425.6		0.838624
425.7		0.838624
425.8		0.838624
425.9		0.838624
426		0.838624
426.1		0.840258
426.2		0.840258
426.3		0.840258
426.4		0.840258
426.5		0.840258
426.6		0.840258
426.7		0.840258
426.8		0.840258
426.9		0.840258
427		0.840258
427.1		0.846945
427.2		0.846945
427.3		0.846945
427.4		0.846945
427.5		0.846945
427.6		0.846945
427.7		0.846945
427.8		0.846945
427.9		0.846945
428		0.846945
428.1		0.847138
428.2		0.847138
428.3		0.847138
428.4		0.847138
428.5		0.847138
428.6		0.847138
428.7		0.847138
428.8		0.847138
428.9		0.847138
429		0.847138
429.1		0.847728
429.2		0.847728
429.3		0.847728
429.4		0.847728
429.5		0.847728
429.6		0.847728
429.7		0.847728
429.8		0.847728
429.9		0.847728
430		0.847728
430.1		0.847887
430.2		0.847887
430.3		0.847887
430.4		0.847887
430.5		0.847887
430.6		0.847887
430.7		0.847887
430.8		0.847887
430.9		0.847887
431		0.847887
431.1		0.85211
431.2		0.85211
431.3		0.85211
431.4		0.85211
431.5		0.85211
431.6		0.85211
431.7		0.85211
431.8		0.85211
431.9		0.85211
432		0.85211
432.1		0.852962
432.2		0.852962
432.3		0.852962
432.4		0.852962
432.5		0.852962
432.6		0.852962
432.7		0.852962
432.8		0.852962
432.9		0.852962
433		0.852962
433.1		0.856856
433.2		0.856856
433.3		0.856856
433.4		0.856856
433.5		0.856856
433.6		0.856856
433.7		0.856856
433.8		0.856856
433.9		0.856856
434		0.856856
434.1		0.858479
434.2		0.858479
434.3		0.858479
434.4		0.858479
434.5		0.858479
434.6		0.858479
434.7		0.858479
434.8		0.858479
434.9		0.858479
435		0.858479
435.1		0.863077
435.2		0.863077
435.3		0.863077
435.4		0.863077
435.5		0.863077
435.6		0.863077
435.7		0.863077
435.8		0.863077
435.9		0.863077
436		0.863077
436.1		0.863418
436.2		0.863418
436.3		0.863418
436.4		0.863418
436.5		0.863418
436.6		0.863418
436.7		0.863418
436.8		0.863418
436.9		0.863418
437		0.863418
437.1		0.863928
437.2		0.863928
437.3		0.863928
437.4		0.863928
437.5		0.863928
437.6		0.863928
437.7		0.863928
437.8		0.863928
437.9		0.863928
438		0.863928
438.1		0.866642
438.2		0.866642
438.3		0.866642
438.4		0.866642
438.5		0.866642
438.6		0.866642
438.7		0.866642
438.8		0.866642
438.9		0.866642
439		0.866642
439.1		0.871217
439.2		0.871217
439.3		0.871217
439.4		0.871217
439.5		0.871217
439.6		0.871217
439.7		0.871217
439.8		0.871217
439.9		0.871217
440		0.871217
440.1		0.871421
440.2		0.871421
440.3		0.871421
440.4		0.871421
440.5		0.871421
440.6		0.871421
440.7		0.871421
440.8		0.871421
440.9		0.871421
441		0.871421
441.1		0.873805
441.2		0.873805
441.3		0.873805
441.4		0.873805
441.5		0.873805
441.6		0.873805
441.7		0.873805
441.8		0.873805
441.9		0.873805
442		0.873805
442.1		0.875122
442.2		0.875122
442.3		0.875122
442.4		0.875122
442.5		0.875122
442.6		0.875122
442.7		0.875122
442.8		0.875122
442.9		0.875122
443		0.875122
443.1		0.876882
443.2		0.876882
443.3		0.876882
443.4		0.876882
443.5		0.876882
443.6		0.876882
443.7		0.876882
443.8		0.876882
443.9		0.876882
444		0.876882
444.1		0.878369
444.2		0.878369
444.3		0.878369
444.4		0.878369
444.5		0.878369
444.6		0.878369
444.7		0.878369
444.8		0.878369
444.9		0.878369
445		0.878369
445.1		0.881775
445.2		0.881775
445.3		0.881775
445.4		0.881775
445.5		0.881775
445.6		0.881775
445.7		0.881775
445.8		0.881775
445.9		0.881775
446		0.881775
446.1		0.884056
446.2		0.884056
446.3		0.884056
446.4		0.884056
446.5		0.884056
446.6		0.884056
446.7		0.884056
446.8		0.884056
446.9		0.884056
447		0.884056
447.1		0.884511
447.2		0.884511
447.3		0.884511
447.4		0.884511
447.5		0.884511
447.6		0.884511
447.7		0.884511
447.8		0.884511
447.9		0.884511
448		0.884511
448.1		0.886713
448.2		0.886713
448.3		0.886713
448.4		0.886713
448.5		0.886713
448.6		0.886713
448.7		0.886713
448.8		0.886713
448.9		0.886713
449		0.886713
449.1		0.888246
449.2		0.888246
449.3		0.888246
449.4		0.888246
449.5		0.888246
449.6		0.888246
449.7		0.888246
449.8		0.888246
449.9		0.888246
450		0.888246
450.1		0.893388
450.2		0.893388
450.3		0.893388
450.4		0.893388
450.5		0.893388
450.6		0.893388
450.7		0.893388
450.8		0.893388
450.9		0.893388
451		0.893388
451.1		0.895261
451.2		0.895261
451.3		0.895261
451.4		0.895261
451.5		0.895261
451.6		0.895261
451.7		0.895261
451.8		0.895261
451.9		0.895261
452		0.895261
452.1		0.89567
452.2		0.89567
452.3		0.89567
452.4		0.89567
452.5		0.89567
452.6		0.89567
452.7		0.89567
452.8		0.89567
452.9		0.89567
453		0.89567
453.1		0.899462
453.2		0.899462
453.3		0.899462
453.4		0.899462
453.5		0.899462
453.6		0.899462
453.7		0.899462
453.8		0.899462
453.9		0.899462
454		0.899462
454.1		0.900279
454.2		0.900279
454.3		0.900279
454.4		0.900279
454.5		0.900279
454.6		0.900279
454.7		0.900279
454.8		0.900279
454.9		0.900279
455		0.900279
455.1		0.901914
455.2		0.901914
455.3		0.901914
455.4		0.901914
455.5		0.901914
455.6		0.901914
455.7		0.901914
455.8		0.901914
455.9		0.901914
456		0.901914
456.1		0.903469
456.2		0.903469
456.3		0.903469
456.4		0.903469
456.5		0.903469
456.6		0.903469
456.7		0.903469
456.8		0.903469
456.9		0.903469
457		0.903469
457.1		0.903628
457.2		0.903628
457.3		0.903628
457.4		0.903628
457.5		0.903628
457.6		0.903628
457.7		0.903628
457.8		0.903628
457.9		0.903628
458		0.903628
458.1		0.903719
458.2		0.903719
458.3		0.903719
458.4		0.903719
458.5		0.903719
458.6		0.903719
458.7		0.903719
458.8		0.903719
458.9		0.903719
459		0.903719
459.1		0.912392
459.2		0.912392
459.3		0.912392
459.4		0.912392
459.5		0.912392
459.6		0.912392
459.7		0.912392
459.8		0.912392
459.9		0.912392
460		0.912392
460.1		0.912983
460.2		0.912983
460.3		0.912983
460.4		0.912983
460.5		0.912983
460.6		0.912983
460.7		0.912983
460.8		0.912983
460.9		0.912983
461		0.912983
461.1		0.915072
461.2		0.915072
461.3		0.915072
461.4		0.915072
461.5		0.915072
461.6		0.915072
461.7		0.915072
461.8		0.915072
461.9		0.915072
462		0.915072
462.1		0.915934
462.2		0.915934
462.3		0.915934
462.4		0.915934
462.5		0.915934
462.6		0.915934
462.7		0.915934
462.8		0.915934
462.9		0.915934
463		0.915934
463.1		0.91816
463.2		0.91816
463.3		0.91816
463.4		0.91816
463.5		0.91816
463.6		0.91816
463.7		0.91816
463.8		0.91816
463.9		0.91816
464		0.91816
464.1		0.920998
464.2		0.920998
464.3		0.920998
464.4		0.920998
464.5		0.920998
464.6		0.920998
464.7		0.920998
464.8		0.920998
464.9		0.920998
465		0.920998
465.1		0.923745
465.2		0.923745
465.3		0.923745
465.4		0.923745
465.5		0.923745
465.6		0.923745
465.7		0.923745
465.8		0.923745
465.9		0.923745
466		0.923745
466.1		0.926401
466.2		0.926401
466.3		0.926401
466.4		0.926401
466.5		0.926401
466.6		0.926401
466.7		0.926401
466.8		0.926401
466.9		0.926401
467		0.926401
467.1		0.927821
467.2		0.927821
467.3		0.927821
467.4		0.927821
467.5		0.927821
467.6		0.927821
467.7		0.927821
467.8		0.927821
467.9		0.927821
468		0.927821
468.1		0.927968
468.2		0.927968
468.3		0.927968
468.4		0.927968
468.5		0.927968
468.6		0.927968
468.7		0.927968
468.8		0.927968
468.9		0.927968
469		0.927968
469.1		0.92924
469.2		0.92924
469.3		0.92924
469.4		0.92924
469.5		0.92924
469.6		0.92924
469.7		0.92924
469.8		0.92924
469.9		0.92924
470		0.92924
470.1		0.933429
470.2		0.933429
470.3		0.933429
470.4		0.933429
470.5		0.933429
470.6		0.933429
470.7		0.933429
470.8		0.933429
470.9		0.933429
471		0.933429
471.1		0.934246
471.2		0.934246
471.3		0.934246
471.4		0.934246
471.5		0.934246
471.6		0.934246
471.7		0.934246
471.8		0.934246
471.9		0.934246
472		0.934246
472.1		0.939661
472.2		0.939661
472.3		0.939661
472.4		0.939661
472.5		0.939661
472.6		0.939661
472.7		0.939661
472.8		0.939661
472.9		0.939661
473		0.939661
473.1		0.940399
473.2		0.940399
473.3		0.940399
473.4		0.940399
473.5		0.940399
473.6		0.940399
473.7		0.940399
473.8		0.940399
473.9		0.940399
474		0.940399
474.1		0.941182
474.2		0.941182
474.3		0.941182
474.4		0.941182
474.5		0.941182
474.6		0.941182
474.7		0.941182
474.8		0.941182
474.9		0.941182
475		0.941182
475.1		0.941852
475.2		0.941852
475.3		0.941852
475.4		0.941852
475.5		0.941852
475.6		0.941852
475.7		0.941852
475.8		0.941852
475.9		0.941852
476		0.941852
476.1		0.946439
476.2		0.946439
476.3		0.946439
476.4		0.946439
476.5		0.946439
476.6		0.946439
476.7		0.946439
476.8		0.946439
476.9		0.946439
477		0.946439
477.1		0.948119
477.2		0.948119
477.3		0.948119
477.4		0.948119
477.5		0.948119
477.6		0.948119
477.7		0.948119
477.8		0.948119
477.9		0.948119
478		0.948119
478.1		0.950662
478.2		0.950662
478.3		0.950662
478.4		0.950662
478.5		0.950662
478.6		0.950662
478.7		0.950662
478.8		0.950662
478.9		0.950662
479		0.950662
479.1		0.953727
479.2		0.953727
479.3		0.953727
479.4		0.953727
479.5		0.953727
479.6		0.953727
479.7		0.953727
479.8		0.953727
479.9		0.953727
480		0.953727
480.1		0.955146
480.2		0.955146
480.3		0.955146
480.4		0.955146
480.5		0.955146
480.6		0.955146
480.7		0.955146
480.8		0.955146
480.9		0.955146
481		0.955146
481.1		0.955782
481.2		0.955782
481.3		0.955782
481.4		0.955782
481.5		0.955782
481.6		0.955782
481.7		0.955782
481.8		0.955782
481.9		0.955782
482		0.955782
482.1		0.956452
482.2		0.956452
482.3		0.956452
482.4		0.956452
482.5		0.956452
482.6		0.956452
482.7		0.956452
482.8		0.956452
482.9		0.956452
483		0.956452
483.1		0.959324
483.2		0.959324
483.3		0.959324
483.4		0.959324
483.5		0.959324
483.6		0.959324
483.7		0.959324
483.8		0.959324
483.9		0.959324
484		0.959324
484.1		0.963343
484.2		0.963343
484.3		0.963343
484.4		0.963343
484.5		0.963343
484.6		0.963343
484.7		0.963343
484.8		0.963343
484.9		0.963343
485		0.963343
485.1		0.964444
485.2		0.964444
485.3		0.964444
485.4		0.964444
485.5		0.964444
485.6		0.964444
485.7		0.964444
485.8		0.964444
485.9		0.964444
486		0.964444
486.1		0.967963
486.2		0.967963
486.3		0.967963
486.4		0.967963
486.5		0.967963
486.6		0.967963
486.7		0.967963
486.8		0.967963
486.9		0.967963
487		0.967963
487.1		0.968213
487.2		0.968213
487.3		0.968213
487.4		0.968213
487.5		0.968213
487.6		0.968213
487.7		0.968213
487.8		0.968213
487.9		0.968213
488		0.968213
488.1		0.970676
488.2		0.970676
488.3		0.970676
488.4		0.970676
488.5		0.970676
488.6		0.970676
488.7		0.970676
488.8		0.970676
488.9		0.970676
489		0.970676
489.1		0.975615
489.2		0.975615
489.3		0.975615
489.4		0.975615
489.5		0.975615
489.6		0.975615
489.7		0.975615
489.8		0.975615
489.9		0.975615
490		0.975615
490.1		0.976194
490.2		0.976194
490.3		0.976194
490.4		0.976194
490.5		0.976194
490.6		0.976194
490.7		0.976194
490.8		0.976194
490.9		0.976194
491		0.976194
491.1		0.978283
491.2		0.978283
491.3		0.978283
491.4		0.978283
491.5		0.978283
491.6		0.978283
491.7		0.978283
491.8		0.978283
491.9		0.978283
492		0.978283
492.1		0.978725
492.2		0.978725
492.3		0.978725
492.4		0.978725
492.5		0.978725
492.6		0.978725
492.7		0.978725
492.8		0.978725
492.9		0.978725
493		0.978725
493.1		0.981109
493.2		0.981109
493.3		0.981109
493.4		0.981109
493.5		0.981109
493.6		0.981109
493.7		0.981109
493.8		0.981109
493.9		0.981109
494		0.981109
494.1		0.983051
494.2		0.983051
494.3		0.983051
494.4		0.983051
494.5		0.983051
494.6		0.983051
494.7		0.983051
494.8		0.983051
494.9		0.983051
495		0.983051
495.1		0.986241
495.2		0.986241
495.3		0.986241
495.4		0.986241
495.5		0.986241
495.6		0.986241
495.7		0.986241
495.8		0.986241
495.9		0.986241
496		0.986241
496.1		0.987047
496.2		0.987047
496.3		0.987047
496.4		0.987047
496.5		0.987047
496.6		0.987047
496.7		0.987047
496.8		0.987047
496.9		0.987047
497		0.987047
497.1		0.987637
497.2		0.987637
497.3		0.987637
497.4		0.987637
497.5		0.987637
497.6		0.987637
497.7		0.987637
497.8		0.987637
497.9		0.987637
498		0.987637
498.1		0.991667
498.2		0.991667
498.3		0.991667
498.4		0.991667
498.5		0.991667
498.6		0.991667
498.7		0.991667
498.8		0.991667
498.9		0.991667
499		0.991667
499.1		0.993393
499.2		0.993393
499.3		0.993393
499.4		0.993393
499.5		0.993393
499.6		0.993393
499.7		0.993393
499.8		0.993393
499.9		0.993393
500		0.993393
500.1		0.993767
500.2		0.993767
500.3		0.993767
500.4		0.993767
500.5		0.993767
500.6		0.993767
500.7		0.993767
500.8		0.993767
500.9		0.993767
501		0.993767
501.1		0.997105
501.2		0.997105
501.3		0.997105
501.4		0.997105
501.5		0.997105
501.6		0.997105
501.7		0.997105
501.8		0.997105
501.9		0.997105
502		0.997105
502.1		0.99765
502.2		0.99765
502.3		0.99765
502.4		0.99765
502.5		0.99765
502.6		0.99765
502.7		0.99765
502.8		0.99765
502.9		0.99765
503		0.99765
503.1		0.99983
503.2		0.99983
503.3		0.99983
503.4		0.99983
503.5		0.99983
503.6		0.99983
503.7		0.99983
503.8		0.99983
503.9		0.99983
504		0.99983
504.1		1
504.2		1
504.3		1
504.4		1
504.5		1
504.6		1
504.7		1
504.8		1
504.9		1
505		1
505.1		1
505.2		1
505.3		1
505.4		1
505.5		1
505.6		1
505.7		1
505.8		1
505.9		1
506		1
506.1		1
506.2		1
506.3		1
506.4		1
506.5		1
506.6		1
506.7		1
506.8		1
506.9		1
507		1
507.1		1
507.2		1
507.3		1
507.4		1
507.5		1
507.6		1
507.7		1
507.8		1
507.9		1
508		1
508.1		1
508.2		1
508.3		1
508.4		1
508.5		1
508.6		1
508.7		1
508.8		1
508.9		1
509		1
509.1		1
509.2		1
509.3		1
509.4		1
509.5		1
509.6		1
509.7		1
509.8		1
509.9		1
510		1
510.1		1
510.2		1
510.3		1
510.4		1
510.5		1
510.6		1
510.7		1
510.8		1
510.9		1
511		1
511.1		1
511.2		1
511.3		1
511.4		1
511.5		1
511.6		1
511.7		1
511.8		1
511.9		1
512		1
512.1		1
512.2		1
512.3		1
512.4		1
512.5		1
512.6		1
512.7		1
512.8		1
512.9		1
513		1
513.1		1
513.2		1
513.3		1
513.4		1
513.5		1
513.6		1
513.7		1
513.8		1
513.9		1
514		1
514.1		1
514.2		1
514.3		1
514.4		1
514.5		1
514.6		1
514.7		1
514.8		1
514.9		1
515		1
515.1		1
515.2		1
515.3		1
515.4		1
515.5		1
515.6		1
515.7		1
515.8		1
515.9		1
516		1
516.1		1
516.2		1
516.3		1
516.4		1
516.5		1
516.6		1
516.7		1
516.8		1
516.9		1
517		1
517.1		1
517.2		1
517.3		1
517.4		1
517.5		1
517.6		1
517.7		1
517.8		1
517.9		1
518		1
518.1		1
518.2		1
518.3		1
518.4		1
518.5		1
518.6		1
518.7		1
518.8		1
518.9		1
519		1
519.1		1
519.2		1
519.3		1
519.4		1
519.5		1
519.6		1
519.7		1
519.8		1
519.9		1
520		1
520.1		1
520.2		1
520.3		1
520.4		1
520.5		1
520.6		1
520.7		1
520.8		1
520.9		1
521		1
521.1		1
521.2		1
521.3		1
521.4		1
521.5		1
521.6		1
521.7		1
521.8		1
521.9		1
522		1
522.1		1
522.2		1
522.3		1
522.4		1
522.5		1
522.6		1
522.7		1
522.8		1
522.9		1
523		1
523.1		1
523.2		1
523.3		1
523.4		1
523.5		1
523.6		1
523.7		1
523.8		1
523.9		1
524		1
524.1		1
524.2		1
524.3		1
524.4		1
524.5		1
524.6		1
524.7		1
524.8		1
524.9		1
525		1
525.1		1
525.2		1
525.3		1
525.4		1
525.5		1
525.6		1
525.7		1
525.8		1
525.9		1
526		1
526.1		1
526.2		1
526.3		1
526.4		1
526.5		1
526.6		1
526.7		1
526.8		1
526.9		1
527		1
527.1		1
527.2		1
527.3		1
527.4		1
527.5		1
527.6		1
527.7		1
527.8		1
527.9		1
528		1
528.1		1
528.2		1
528.3		1
528.4		1
528.5		1
528.6		1
528.7		1
528.8		1
528.9		1
529		1
529.1		1
529.2		1
529.3		1
529.4		1
529.5		1
529.6		1
529.7		1
529.8		1
529.9		1
530		1
530.1		1
530.2		1
530.3		1
530.4		1
530.5		1
530.6		1
530.7		1
530.8		1
530.9		1
531		1
531.1		1
531.2		1
531.3		1
531.4		1
531.5		1
531.6		1
531.7		1
531.8		1
531.9		1
532		1
532.1		1
532.2		1
532.3		1
532.4		1
532.5		1
532.6		1
532.7		1
532.8		1
532.9		1
533		1
533.1		1
533.2		1
533.3		1
533.4		1
533.5		1
533.6		1
533.7		1
533.8		1
533.9		1
534		1
534.1		1
534.2		1
534.3		1
534.4		1
534.5		1
534.6		1
534.7		1
534.8		1
534.9		1
535		1
535.1		1
535.2		1
535.3		1
535.4		1
535.5		1
535.6		1
535.7		1
535.8		1
535.9		1
536		1
536.1		1
536.2		1
536.3		1
536.4		1
536.5		1
536.6		1
536.7		1
536.8		1
536.9		1
537		1
537.1		1
537.2		1
537.3		1
537.4		1
537.5		1
537.6		1
537.7		1
537.8		1
537.9		1
538		1
538.1		1
538.2		1
538.3		1
538.4		1
538.5		1
538.6		1
538.7		1
538.8		1
538.9		1
539		1
539.1		1
539.2		1
539.3		1
539.4		1
539.5		1
539.6		1
539.7		1
539.8		1
539.9		1
540		1
540.1		1
540.2		1
540.3		1
540.4		1
540.5		1
540.6		1
540.7		1
540.8		1
540.9		1
541		1
541.1		1
541.2		1
541.3		1
541.4		1
541.5		1
541.6		1
541.7		1
541.8		1
541.9		1
542		1
542.1		1
542.2		1
542.3		1
542.4		1
542.5		1
542.6		1
542.7		1
542.8		1
542.9		1
543		1
543.1		1
543.2		1
543.3		1
543.4		1
543.5		1
543.6		1
543.7		1
543.8		1
543.9		1
544		1
544.1		1
544.2		1
544.3		1
544.4		1
544.5		1
544.6		1
544.7		1
544.8		1
544.9		1
545		1
545.1		1
545.2		1
545.3		1
545.4		1
545.5		1
545.6		1
545.7		1
545.8		1
545.9		1
546		1
546.1		1
546.2		1
546.3		1
546.4		1
546.5		1
546.6		1
546.7		1
546.8		1
546.9		1
547		1
547.1		1
547.2		1
547.3		1
547.4		1
547.5		1
547.6		1
547.7		1
547.8		1
547.9		1
548		1
548.1		1
548.2		1
548.3		1
548.4		1
548.5		1
548.6		1
548.7		1
548.8		1
548.9		1
549		1
549.1		1
549.2		1
549.3		1
549.4		1
549.5		1
549.6		1
549.7		1
549.8		1
549.9		1
550		1
550.1		1
550.2		1
550.3		1
550.4		1
550.5		1
550.6		1
550.7		1
550.8		1
550.9		1
551		1
551.1		1
551.2		1
551.3		1
551.4		1
551.5		1
551.6		1
551.7		1
551.8		1
551.9		1
552		1
552.1		1
552.2		1
552.3		1
552.4		1
552.5		1
552.6		1
552.7		1
552.8		1
552.9		1
553		1
553.1		1
553.2		1
553.3		1
553.4		1
553.5		1
553.6		1
553.7		1
553.8		1
553.9		1
554		1
554.1		1
554.2		1
554.3		1
554.4		1
554.5		1
554.6		1
554.7		1
554.8		1
554.9		1
555		1
555.1		1
555.2		1
555.3		1
555.4		1
555.5		1
555.6		1
555.7		1
555.8		1
555.9		1
556		1
556.1		1
556.2		1
556.3		1
556.4		1
556.5		1
556.6		1
556.7		1
556.8		1
556.9		1
557		1
557.1		1
557.2		1
557.3		1
557.4		1
557.5		1
557.6		1
557.7		1
557.8		1
557.9		1
558		1
558.1		1
558.2		1
558.3		1
558.4		1
558.5		1
558.6		1
558.7		1
558.8		1
558.9		1
559		1
559.1		1
559.2		1
559.3		1
559.4		1
559.5		1
559.6		1
559.7		1
559.8		1
559.9		1
560		1
560.1		1
560.2		1
560.3		1
560.4		1
560.5		1
560.6		1
560.7		1
560.8		1
560.9		1
561		1
561.1		1
561.2		1
561.3		1
561.4		1
561.5		1
561.6		1
561.7		1
561.8		1
561.9		1
562		1
562.1		1
562.2		1
562.3		1
562.4		1
562.5		1
562.6		1
562.7		1
562.8		1
562.9		1
563		1
563.1		1
563.2		1
563.3		1
563.4		1
563.5		1
563.6		1
563.7		1
563.8		1
563.9		1
564		1
564.1		1
564.2		1
564.3		1
564.4		1
564.5		1
564.6		1
564.7		1
564.8		1
564.9		1
565		1
565.1		1
565.2		1
565.3		1
565.4		1
565.5		1
565.6		1
565.7		1
565.8		1
565.9		1
566		1
566.1		1
566.2		1
566.3		1
566.4		1
566.5		1
566.6		1
566.7		1
566.8		1
566.9		1
567		1
567.1		1
567.2		1
567.3		1
567.4		1
567.5		1
567.6		1
567.7		1
567.8		1
567.9		1
568		1
568.1		1
568.2		1
568.3		1
568.4		1
568.5		1
568.6		1
568.7		1
568.8		1
568.9		1
569		1
569.1		1
569.2		1
569.3		1
569.4		1
569.5		1
569.6		1
569.7		1
569.8		1
569.9		1
570		1
570.1		1
570.2		1
570.3		1
570.4		1
570.5		1
570.6		1
570.7		1
570.8		1
570.9		1
571		1
571.1		1
571.2		1
571.3		1
571.4		1
571.5		1
571.6		1
571.7		1
571.8		1
571.9		1
572		1
572.1		1
572.2		1
572.3		1
572.4		1
572.5		1
572.6		1
572.7		1
572.8		1
572.9		1
573		1
573.1		1
573.2		1
573.3		1
573.4		1
573.5		1
573.6		1
573.7		1
573.8		1
573.9		1
574		1
574.1		1
574.2		1
574.3		1
574.4		1
574.5		1
574.6		1
574.7		1
574.8		1
574.9		1
575		1
575.1		1
575.2		1
575.3		1
575.4		1
575.5		1
575.6		1
575.7		1
575.8		1
575.9		1
576		1
576.1		1
576.2		1
576.3		1
576.4		1
576.5		1
576.6		1
576.7		1
576.8		1
576.9		1
577		1
577.1		1
577.2		1
577.3		1
577.4		1
577.5		1
577.6		1
577.7		1
577.8		1
577.9		1
578		1
578.1		1
578.2		1
578.3		1
578.4		1
578.5		1
578.6		1
578.7		1
578.8		1
578.9		1
579		1
579.1		1
579.2		1
579.3		1
579.4		1
579.5		1
579.6		1
579.7		1
579.8		1
579.9		1
580		1
580.1		1
580.2		1
580.3		1
580.4		1
580.5		1
580.6		1
580.7		1
580.8		1
580.9		1
581		1
581.1		1
581.2		1
581.3		1
581.4		1
581.5		1
581.6		1
581.7		1
581.8		1
581.9		1
582		1
582.1		1
582.2		1
582.3		1
582.4		1
582.5		1
582.6		1
582.7		1
582.8		1
582.9		1
583		1
583.1		1
583.2		1
583.3		1
583.4		1
583.5		1
583.6		1
583.7		1
583.8		1
583.9		1
584		1
584.1		1
584.2		1
584.3		1
584.4		1
584.5		1
584.6		1
584.7		1
584.8		1
584.9		1
585		1
585.1		1
585.2		1
585.3		1
585.4		1
585.5		1
585.6		1
585.7		1
585.8		1
585.9		1
586		1
586.1		1
586.2		1
586.3		1
586.4		1
586.5		1
586.6		1
586.7		1
586.8		1
586.9		1
587		1
587.1		1
587.2		1
587.3		1
587.4		1
587.5		1
587.6		1
587.7		1
587.8		1
587.9		1
588		1
588.1		1
588.2		1
588.3		1
588.4		1
588.5		1
588.6		1
588.7		1
588.8		1
588.9		1
589		1
589.1		1
589.2		1
589.3		1
589.4		1
589.5		1
589.6		1
589.7		1
589.8		1
589.9		1
590		1
590.1		1
590.2		1
590.3		1
590.4		1
590.5		1
590.6		1
590.7		1
590.8		1
590.9		1
591		1
591.1		1
591.2		1
591.3		1
591.4		1
591.5		1
591.6		1
591.7		1
591.8		1
591.9		1
592		1
592.1		1
592.2		1
592.3		1
592.4		1
592.5		1
592.6		1
592.7		1
592.8		1
592.9		1
593		1
593.1		1
593.2		1
593.3		1
593.4		1
593.5		1
593.6		1
593.7		1
593.8		1
593.9		1
594		1
594.1		1
594.2		1
594.3		1
594.4		1
594.5		1
594.6		1
594.7		1
594.8		1
594.9		1
595		1
595.1		1
595.2		1
595.3		1
595.4		1
595.5		1
595.6		1
595.7		1
595.8		1
595.9		1
596		1
596.1		1
596.2		1
596.3		1
596.4		1
596.5		1
596.6		1
596.7		1
596.8		1
596.9		1
597		1
597.1		1
597.2		1
597.3		1
597.4		1
597.5		1
597.6		1
597.7		1
597.8		1
597.9		1
598		1
598.1		1
598.2		1
598.3		1
598.4		1
598.5		1
598.6		1
598.7		1
598.8		1
598.9		1
599		1
599.1		1
599.2		1
599.3		1
599.4		1
599.5		1
599.6		1
599.7		1
599.8		1
599.9		1
600		1
