# Calibration file of tamex_id 1 @ channel 52
# fine_T bin		 Calibration value
0.1		0
0.2		0
0.3		0
0.4		0
0.5		0
0.6		0
0.7		0
0.8		0
0.9		0
1		0
1.1		0
1.2		0
1.3		0
1.4		0
1.5		0
1.6		0
1.7		0
1.8		0
1.9		0
2		0
2.1		0
2.2		0
2.3		0
2.4		0
2.5		0
2.6		0
2.7		0
2.8		0
2.9		0
3		0
3.1		0
3.2		0
3.3		0
3.4		0
3.5		0
3.6		0
3.7		0
3.8		0
3.9		0
4		0
4.1		0
4.2		0
4.3		0
4.4		0
4.5		0
4.6		0
4.7		0
4.8		0
4.9		0
5		0
5.1		0
5.2		0
5.3		0
5.4		0
5.5		0
5.6		0
5.7		0
5.8		0
5.9		0
6		0
6.1		0
6.2		0
6.3		0
6.4		0
6.5		0
6.6		0
6.7		0
6.8		0
6.9		0
7		0
7.1		0
7.2		0
7.3		0
7.4		0
7.5		0
7.6		0
7.7		0
7.8		0
7.9		0
8		0
8.1		0
8.2		0
8.3		0
8.4		0
8.5		0
8.6		0
8.7		0
8.8		0
8.9		0
9		0
9.1		0
9.2		0
9.3		0
9.4		0
9.5		0
9.6		0
9.7		0
9.8		0
9.9		0
10		0
10.1		0
10.2		0
10.3		0
10.4		0
10.5		0
10.6		0
10.7		0
10.8		0
10.9		0
11		0
11.1		0
11.2		0
11.3		0
11.4		0
11.5		0
11.6		0
11.7		0
11.8		0
11.9		0
12		0
12.1		0
12.2		0
12.3		0
12.4		0
12.5		0
12.6		0
12.7		0
12.8		0
12.9		0
13		0
13.1		0
13.2		0
13.3		0
13.4		0
13.5		0
13.6		0
13.7		0
13.8		0
13.9		0
14		0
14.1		0
14.2		0
14.3		0
14.4		0
14.5		0
14.6		0
14.7		0
14.8		0
14.9		0
15		0
15.1		0
15.2		0
15.3		0
15.4		0
15.5		0
15.6		0
15.7		0
15.8		0
15.9		0
16		0
16.1		0.00220074
16.2		0.00220074
16.3		0.00220074
16.4		0.00220074
16.5		0.00220074
16.6		0.00220074
16.7		0.00220074
16.8		0.00220074
16.9		0.00220074
17		0.00220074
17.1		0.00743035
17.2		0.00743035
17.3		0.00743035
17.4		0.00743035
17.5		0.00743035
17.6		0.00743035
17.7		0.00743035
17.8		0.00743035
17.9		0.00743035
18		0.00743035
18.1		0.00867819
18.2		0.00867819
18.3		0.00867819
18.4		0.00867819
18.5		0.00867819
18.6		0.00867819
18.7		0.00867819
18.8		0.00867819
18.9		0.00867819
19		0.00867819
19.1		0.0102777
19.2		0.0102777
19.3		0.0102777
19.4		0.0102777
19.5		0.0102777
19.6		0.0102777
19.7		0.0102777
19.8		0.0102777
19.9		0.0102777
20		0.0102777
20.1		0.016222
20.2		0.016222
20.3		0.016222
20.4		0.016222
20.5		0.016222
20.6		0.016222
20.7		0.016222
20.8		0.016222
20.9		0.016222
21		0.016222
21.1		0.0164489
21.2		0.0164489
21.3		0.0164489
21.4		0.0164489
21.5		0.0164489
21.6		0.0164489
21.7		0.0164489
21.8		0.0164489
21.9		0.0164489
22		0.0164489
22.1		0.0178101
22.2		0.0178101
22.3		0.0178101
22.4		0.0178101
22.5		0.0178101
22.6		0.0178101
22.7		0.0178101
22.8		0.0178101
22.9		0.0178101
23		0.0178101
23.1		0.0192622
23.2		0.0192622
23.3		0.0192622
23.4		0.0192622
23.5		0.0192622
23.6		0.0192622
23.7		0.0192622
23.8		0.0192622
23.9		0.0192622
24		0.0192622
24.1		0.0260573
24.2		0.0260573
24.3		0.0260573
24.4		0.0260573
24.5		0.0260573
24.6		0.0260573
24.7		0.0260573
24.8		0.0260573
24.9		0.0260573
25		0.0260573
25.1		0.026443
25.2		0.026443
25.3		0.026443
25.4		0.026443
25.5		0.026443
25.6		0.026443
25.7		0.026443
25.8		0.026443
25.9		0.026443
26		0.026443
26.1		0.0265677
26.2		0.0265677
26.3		0.0265677
26.4		0.0265677
26.5		0.0265677
26.6		0.0265677
26.7		0.0265677
26.8		0.0265677
26.9		0.0265677
27		0.0265677
27.1		0.0284282
27.2		0.0284282
27.3		0.0284282
27.4		0.0284282
27.5		0.0284282
27.6		0.0284282
27.7		0.0284282
27.8		0.0284282
27.9		0.0284282
28		0.0284282
28.1		0.0326935
28.2		0.0326935
28.3		0.0326935
28.4		0.0326935
28.5		0.0326935
28.6		0.0326935
28.7		0.0326935
28.8		0.0326935
28.9		0.0326935
29		0.0326935
29.1		0.0336805
29.2		0.0336805
29.3		0.0336805
29.4		0.0336805
29.5		0.0336805
29.6		0.0336805
29.7		0.0336805
29.8		0.0336805
29.9		0.0336805
30		0.0336805
30.1		0.0354842
30.2		0.0354842
30.3		0.0354842
30.4		0.0354842
30.5		0.0354842
30.6		0.0354842
30.7		0.0354842
30.8		0.0354842
30.9		0.0354842
31		0.0354842
31.1		0.0371517
31.2		0.0371517
31.3		0.0371517
31.4		0.0371517
31.5		0.0371517
31.6		0.0371517
31.7		0.0371517
31.8		0.0371517
31.9		0.0371517
32		0.0371517
32.1		0.0401693
32.2		0.0401693
32.3		0.0401693
32.4		0.0401693
32.5		0.0401693
32.6		0.0401693
32.7		0.0401693
32.8		0.0401693
32.9		0.0401693
33		0.0401693
33.1		0.0423587
33.2		0.0423587
33.3		0.0423587
33.4		0.0423587
33.5		0.0423587
33.6		0.0423587
33.7		0.0423587
33.8		0.0423587
33.9		0.0423587
34		0.0423587
34.1		0.043822
34.2		0.043822
34.3		0.043822
34.4		0.043822
34.5		0.043822
34.6		0.043822
34.7		0.043822
34.8		0.043822
34.9		0.043822
35		0.043822
35.1		0.0445934
35.2		0.0445934
35.3		0.0445934
35.4		0.0445934
35.5		0.0445934
35.6		0.0445934
35.7		0.0445934
35.8		0.0445934
35.9		0.0445934
36		0.0445934
36.1		0.0501974
36.2		0.0501974
36.3		0.0501974
36.4		0.0501974
36.5		0.0501974
36.6		0.0501974
36.7		0.0501974
36.8		0.0501974
36.9		0.0501974
37		0.0501974
37.1		0.0512524
37.2		0.0512524
37.3		0.0512524
37.4		0.0512524
37.5		0.0512524
37.6		0.0512524
37.7		0.0512524
37.8		0.0512524
37.9		0.0512524
38		0.0512524
38.1		0.0521826
38.2		0.0521826
38.3		0.0521826
38.4		0.0521826
38.5		0.0521826
38.6		0.0521826
38.7		0.0521826
38.8		0.0521826
38.9		0.0521826
39		0.0521826
39.1		0.0542359
39.2		0.0542359
39.3		0.0542359
39.4		0.0542359
39.5		0.0542359
39.6		0.0542359
39.7		0.0542359
39.8		0.0542359
39.9		0.0542359
40		0.0542359
40.1		0.0550186
40.2		0.0550186
40.3		0.0550186
40.4		0.0550186
40.5		0.0550186
40.6		0.0550186
40.7		0.0550186
40.8		0.0550186
40.9		0.0550186
41		0.0550186
41.1		0.0579681
41.2		0.0579681
41.3		0.0579681
41.4		0.0579681
41.5		0.0579681
41.6		0.0579681
41.7		0.0579681
41.8		0.0579681
41.9		0.0579681
42		0.0579681
42.1		0.0589663
42.2		0.0589663
42.3		0.0589663
42.4		0.0589663
42.5		0.0589663
42.6		0.0589663
42.7		0.0589663
42.8		0.0589663
42.9		0.0589663
43		0.0589663
43.1		0.0602596
43.2		0.0602596
43.3		0.0602596
43.4		0.0602596
43.5		0.0602596
43.6		0.0602596
43.7		0.0602596
43.8		0.0602596
43.9		0.0602596
44		0.0602596
44.1		0.0632771
44.2		0.0632771
44.3		0.0632771
44.4		0.0632771
44.5		0.0632771
44.6		0.0632771
44.7		0.0632771
44.8		0.0632771
44.9		0.0632771
45		0.0632771
45.1		0.0643207
45.2		0.0643207
45.3		0.0643207
45.4		0.0643207
45.5		0.0643207
45.6		0.0643207
45.7		0.0643207
45.8		0.0643207
45.9		0.0643207
46		0.0643207
46.1		0.0688583
46.2		0.0688583
46.3		0.0688583
46.4		0.0688583
46.5		0.0688583
46.6		0.0688583
46.7		0.0688583
46.8		0.0688583
46.9		0.0688583
47		0.0688583
47.1		0.0697205
47.2		0.0697205
47.3		0.0697205
47.4		0.0697205
47.5		0.0697205
47.6		0.0697205
47.7		0.0697205
47.8		0.0697205
47.9		0.0697205
48		0.0697205
48.1		0.0699814
48.2		0.0699814
48.3		0.0699814
48.4		0.0699814
48.5		0.0699814
48.6		0.0699814
48.7		0.0699814
48.8		0.0699814
48.9		0.0699814
49		0.0699814
49.1		0.0745304
49.2		0.0745304
49.3		0.0745304
49.4		0.0745304
49.5		0.0745304
49.6		0.0745304
49.7		0.0745304
49.8		0.0745304
49.9		0.0745304
50		0.0745304
50.1		0.0751089
50.2		0.0751089
50.3		0.0751089
50.4		0.0751089
50.5		0.0751089
50.6		0.0751089
50.7		0.0751089
50.8		0.0751089
50.9		0.0751089
51		0.0751089
51.1		0.0778995
51.2		0.0778995
51.3		0.0778995
51.4		0.0778995
51.5		0.0778995
51.6		0.0778995
51.7		0.0778995
51.8		0.0778995
51.9		0.0778995
52		0.0778995
52.1		0.0789092
52.2		0.0789092
52.3		0.0789092
52.4		0.0789092
52.5		0.0789092
52.6		0.0789092
52.7		0.0789092
52.8		0.0789092
52.9		0.0789092
53		0.0789092
53.1		0.0798847
53.2		0.0798847
53.3		0.0798847
53.4		0.0798847
53.5		0.0798847
53.6		0.0798847
53.7		0.0798847
53.8		0.0798847
53.9		0.0798847
54		0.0798847
54.1		0.0847627
54.2		0.0847627
54.3		0.0847627
54.4		0.0847627
54.5		0.0847627
54.6		0.0847627
54.7		0.0847627
54.8		0.0847627
54.9		0.0847627
55		0.0847627
55.1		0.0852505
55.2		0.0852505
55.3		0.0852505
55.4		0.0852505
55.5		0.0852505
55.6		0.0852505
55.7		0.0852505
55.8		0.0852505
55.9		0.0852505
56		0.0852505
56.1		0.0863395
56.2		0.0863395
56.3		0.0863395
56.4		0.0863395
56.5		0.0863395
56.6		0.0863395
56.7		0.0863395
56.8		0.0863395
56.9		0.0863395
57		0.0863395
57.1		0.0864416
57.2		0.0864416
57.3		0.0864416
57.4		0.0864416
57.5		0.0864416
57.6		0.0864416
57.7		0.0864416
57.8		0.0864416
57.9		0.0864416
58		0.0864416
58.1		0.0933501
58.2		0.0933501
58.3		0.0933501
58.4		0.0933501
58.5		0.0933501
58.6		0.0933501
58.7		0.0933501
58.8		0.0933501
58.9		0.0933501
59		0.0933501
59.1		0.0940081
59.2		0.0940081
59.3		0.0940081
59.4		0.0940081
59.5		0.0940081
59.6		0.0940081
59.7		0.0940081
59.8		0.0940081
59.9		0.0940081
60		0.0940081
60.1		0.0961408
60.2		0.0961408
60.3		0.0961408
60.4		0.0961408
60.5		0.0961408
60.6		0.0961408
60.7		0.0961408
60.8		0.0961408
60.9		0.0961408
61		0.0961408
61.1		0.0963449
61.2		0.0963449
61.3		0.0963449
61.4		0.0963449
61.5		0.0963449
61.6		0.0963449
61.7		0.0963449
61.8		0.0963449
61.9		0.0963449
62		0.0963449
62.1		0.101484
62.2		0.101484
62.3		0.101484
62.4		0.101484
62.5		0.101484
62.6		0.101484
62.7		0.101484
62.8		0.101484
62.9		0.101484
63		0.101484
63.1		0.10272
63.2		0.10272
63.3		0.10272
63.4		0.10272
63.5		0.10272
63.6		0.10272
63.7		0.10272
63.8		0.10272
63.9		0.10272
64		0.10272
64.1		0.104411
64.2		0.104411
64.3		0.104411
64.4		0.104411
64.5		0.104411
64.6		0.104411
64.7		0.104411
64.8		0.104411
64.9		0.104411
65		0.104411
65.1		0.105397
65.2		0.105397
65.3		0.105397
65.4		0.105397
65.5		0.105397
65.6		0.105397
65.7		0.105397
65.8		0.105397
65.9		0.105397
66		0.105397
66.1		0.108494
66.2		0.108494
66.3		0.108494
66.4		0.108494
66.5		0.108494
66.6		0.108494
66.7		0.108494
66.8		0.108494
66.9		0.108494
67		0.108494
67.1		0.1104
67.2		0.1104
67.3		0.1104
67.4		0.1104
67.5		0.1104
67.6		0.1104
67.7		0.1104
67.8		0.1104
67.9		0.1104
68		0.1104
68.1		0.111251
68.2		0.111251
68.3		0.111251
68.4		0.111251
68.5		0.111251
68.6		0.111251
68.7		0.111251
68.8		0.111251
68.9		0.111251
69		0.111251
69.1		0.111909
69.2		0.111909
69.3		0.111909
69.4		0.111909
69.5		0.111909
69.6		0.111909
69.7		0.111909
69.8		0.111909
69.9		0.111909
70		0.111909
70.1		0.114892
70.2		0.114892
70.3		0.114892
70.4		0.114892
70.5		0.114892
70.6		0.114892
70.7		0.114892
70.8		0.114892
70.9		0.114892
71		0.114892
71.1		0.120111
71.2		0.120111
71.3		0.120111
71.4		0.120111
71.5		0.120111
71.6		0.120111
71.7		0.120111
71.8		0.120111
71.9		0.120111
72		0.120111
72.1		0.120962
72.2		0.120962
72.3		0.120962
72.4		0.120962
72.5		0.120962
72.6		0.120962
72.7		0.120962
72.8		0.120962
72.9		0.120962
73		0.120962
73.1		0.124172
73.2		0.124172
73.3		0.124172
73.4		0.124172
73.5		0.124172
73.6		0.124172
73.7		0.124172
73.8		0.124172
73.9		0.124172
74		0.124172
74.1		0.12559
74.2		0.12559
74.3		0.12559
74.4		0.12559
74.5		0.12559
74.6		0.12559
74.7		0.12559
74.8		0.12559
74.9		0.12559
75		0.12559
75.1		0.126271
75.2		0.126271
75.3		0.126271
75.4		0.126271
75.5		0.126271
75.6		0.126271
75.7		0.126271
75.8		0.126271
75.9		0.126271
76		0.126271
76.1		0.130434
76.2		0.130434
76.3		0.130434
76.4		0.130434
76.5		0.130434
76.6		0.130434
76.7		0.130434
76.8		0.130434
76.9		0.130434
77		0.130434
77.1		0.131999
77.2		0.131999
77.3		0.131999
77.4		0.131999
77.5		0.131999
77.6		0.131999
77.7		0.131999
77.8		0.131999
77.9		0.131999
78		0.131999
78.1		0.132986
78.2		0.132986
78.3		0.132986
78.4		0.132986
78.5		0.132986
78.6		0.132986
78.7		0.132986
78.8		0.132986
78.9		0.132986
79		0.132986
79.1		0.13631
79.2		0.13631
79.3		0.13631
79.4		0.13631
79.5		0.13631
79.6		0.13631
79.7		0.13631
79.8		0.13631
79.9		0.13631
80		0.13631
80.1		0.138658
80.2		0.138658
80.3		0.138658
80.4		0.138658
80.5		0.138658
80.6		0.138658
80.7		0.138658
80.8		0.138658
80.9		0.138658
81		0.138658
81.1		0.140768
81.2		0.140768
81.3		0.140768
81.4		0.140768
81.5		0.140768
81.6		0.140768
81.7		0.140768
81.8		0.140768
81.9		0.140768
82		0.140768
82.1		0.142243
82.2		0.142243
82.3		0.142243
82.4		0.142243
82.5		0.142243
82.6		0.142243
82.7		0.142243
82.8		0.142243
82.9		0.142243
83		0.142243
83.1		0.143139
83.2		0.143139
83.3		0.143139
83.4		0.143139
83.5		0.143139
83.6		0.143139
83.7		0.143139
83.8		0.143139
83.9		0.143139
84		0.143139
84.1		0.148096
84.2		0.148096
84.3		0.148096
84.4		0.148096
84.5		0.148096
84.6		0.148096
84.7		0.148096
84.8		0.148096
84.9		0.148096
85		0.148096
85.1		0.148698
85.2		0.148698
85.3		0.148698
85.4		0.148698
85.5		0.148698
85.6		0.148698
85.7		0.148698
85.8		0.148698
85.9		0.148698
86		0.148698
86.1		0.148879
86.2		0.148879
86.3		0.148879
86.4		0.148879
86.5		0.148879
86.6		0.148879
86.7		0.148879
86.8		0.148879
86.9		0.148879
87		0.148879
87.1		0.153961
87.2		0.153961
87.3		0.153961
87.4		0.153961
87.5		0.153961
87.6		0.153961
87.7		0.153961
87.8		0.153961
87.9		0.153961
88		0.153961
88.1		0.155561
88.2		0.155561
88.3		0.155561
88.4		0.155561
88.5		0.155561
88.6		0.155561
88.7		0.155561
88.8		0.155561
88.9		0.155561
89		0.155561
89.1		0.155731
89.2		0.155731
89.3		0.155731
89.4		0.155731
89.5		0.155731
89.6		0.155731
89.7		0.155731
89.8		0.155731
89.9		0.155731
90		0.155731
90.1		0.159293
90.2		0.159293
90.3		0.159293
90.4		0.159293
90.5		0.159293
90.6		0.159293
90.7		0.159293
90.8		0.159293
90.9		0.159293
91		0.159293
91.1		0.159509
91.2		0.159509
91.3		0.159509
91.4		0.159509
91.5		0.159509
91.6		0.159509
91.7		0.159509
91.8		0.159509
91.9		0.159509
92		0.159509
92.1		0.165294
92.2		0.165294
92.3		0.165294
92.4		0.165294
92.5		0.165294
92.6		0.165294
92.7		0.165294
92.8		0.165294
92.9		0.165294
93		0.165294
93.1		0.166088
93.2		0.166088
93.3		0.166088
93.4		0.166088
93.5		0.166088
93.6		0.166088
93.7		0.166088
93.8		0.166088
93.9		0.166088
94		0.166088
94.1		0.166723
94.2		0.166723
94.3		0.166723
94.4		0.166723
94.5		0.166723
94.6		0.166723
94.7		0.166723
94.8		0.166723
94.9		0.166723
95		0.166723
95.1		0.167188
95.2		0.167188
95.3		0.167188
95.4		0.167188
95.5		0.167188
95.6		0.167188
95.7		0.167188
95.8		0.167188
95.9		0.167188
96		0.167188
96.1		0.170081
96.2		0.170081
96.3		0.170081
96.4		0.170081
96.5		0.170081
96.6		0.170081
96.7		0.170081
96.8		0.170081
96.9		0.170081
97		0.170081
97.1		0.173439
97.2		0.173439
97.3		0.173439
97.4		0.173439
97.5		0.173439
97.6		0.173439
97.7		0.173439
97.8		0.173439
97.9		0.173439
98		0.173439
98.1		0.175413
98.2		0.175413
98.3		0.175413
98.4		0.175413
98.5		0.175413
98.6		0.175413
98.7		0.175413
98.8		0.175413
98.9		0.175413
99		0.175413
99.1		0.175549
99.2		0.175549
99.3		0.175549
99.4		0.175549
99.5		0.175549
99.6		0.175549
99.7		0.175549
99.8		0.175549
99.9		0.175549
100		0.175549
100.1		0.180813
100.2		0.180813
100.3		0.180813
100.4		0.180813
100.5		0.180813
100.6		0.180813
100.7		0.180813
100.8		0.180813
100.9		0.180813
101		0.180813
101.1		0.180949
101.2		0.180949
101.3		0.180949
101.4		0.180949
101.5		0.180949
101.6		0.180949
101.7		0.180949
101.8		0.180949
101.9		0.180949
102		0.180949
102.1		0.183705
102.2		0.183705
102.3		0.183705
102.4		0.183705
102.5		0.183705
102.6		0.183705
102.7		0.183705
102.8		0.183705
102.9		0.183705
103		0.183705
103.1		0.184579
103.2		0.184579
103.3		0.184579
103.4		0.184579
103.5		0.184579
103.6		0.184579
103.7		0.184579
103.8		0.184579
103.9		0.184579
104		0.184579
104.1		0.187404
104.2		0.187404
104.3		0.187404
104.4		0.187404
104.5		0.187404
104.6		0.187404
104.7		0.187404
104.8		0.187404
104.9		0.187404
105		0.187404
105.1		0.191158
105.2		0.191158
105.3		0.191158
105.4		0.191158
105.5		0.191158
105.6		0.191158
105.7		0.191158
105.8		0.191158
105.9		0.191158
106		0.191158
106.1		0.191351
106.2		0.191351
106.3		0.191351
106.4		0.191351
106.5		0.191351
106.6		0.191351
106.7		0.191351
106.8		0.191351
106.9		0.191351
107		0.191351
107.1		0.194142
107.2		0.194142
107.3		0.194142
107.4		0.194142
107.5		0.194142
107.6		0.194142
107.7		0.194142
107.8		0.194142
107.9		0.194142
108		0.194142
108.1		0.194993
108.2		0.194993
108.3		0.194993
108.4		0.194993
108.5		0.194993
108.6		0.194993
108.7		0.194993
108.8		0.194993
108.9		0.194993
109		0.194993
109.1		0.197976
109.2		0.197976
109.3		0.197976
109.4		0.197976
109.5		0.197976
109.6		0.197976
109.7		0.197976
109.8		0.197976
109.9		0.197976
110		0.197976
110.1		0.202502
110.2		0.202502
110.3		0.202502
110.4		0.202502
110.5		0.202502
110.6		0.202502
110.7		0.202502
110.8		0.202502
110.9		0.202502
111		0.202502
111.1		0.202718
111.2		0.202718
111.3		0.202718
111.4		0.202718
111.5		0.202718
111.6		0.202718
111.7		0.202718
111.8		0.202718
111.9		0.202718
112		0.202718
112.1		0.203172
112.2		0.203172
112.3		0.203172
112.4		0.203172
112.5		0.203172
112.6		0.203172
112.7		0.203172
112.8		0.203172
112.9		0.203172
113		0.203172
113.1		0.205849
113.2		0.205849
113.3		0.205849
113.4		0.205849
113.5		0.205849
113.6		0.205849
113.7		0.205849
113.8		0.205849
113.9		0.205849
114		0.205849
114.1		0.210477
114.2		0.210477
114.3		0.210477
114.4		0.210477
114.5		0.210477
114.6		0.210477
114.7		0.210477
114.8		0.210477
114.9		0.210477
115		0.210477
115.1		0.213302
115.2		0.213302
115.3		0.213302
115.4		0.213302
115.5		0.213302
115.6		0.213302
115.7		0.213302
115.8		0.213302
115.9		0.213302
116		0.213302
116.1		0.214504
116.2		0.214504
116.3		0.214504
116.4		0.214504
116.5		0.214504
116.6		0.214504
116.7		0.214504
116.8		0.214504
116.9		0.214504
117		0.214504
117.1		0.215106
117.2		0.215106
117.3		0.215106
117.4		0.215106
117.5		0.215106
117.6		0.215106
117.7		0.215106
117.8		0.215106
117.9		0.215106
118		0.215106
118.1		0.219972
118.2		0.219972
118.3		0.219972
118.4		0.219972
118.5		0.219972
118.6		0.219972
118.7		0.219972
118.8		0.219972
118.9		0.219972
119		0.219972
119.1		0.220642
119.2		0.220642
119.3		0.220642
119.4		0.220642
119.5		0.220642
119.6		0.220642
119.7		0.220642
119.8		0.220642
119.9		0.220642
120		0.220642
120.1		0.221356
120.2		0.221356
120.3		0.221356
120.4		0.221356
120.5		0.221356
120.6		0.221356
120.7		0.221356
120.8		0.221356
120.9		0.221356
121		0.221356
121.1		0.223636
121.2		0.223636
121.3		0.223636
121.4		0.223636
121.5		0.223636
121.6		0.223636
121.7		0.223636
121.8		0.223636
121.9		0.223636
122		0.223636
122.1		0.228344
122.2		0.228344
122.3		0.228344
122.4		0.228344
122.5		0.228344
122.6		0.228344
122.7		0.228344
122.8		0.228344
122.9		0.228344
123		0.228344
123.1		0.229342
123.2		0.229342
123.3		0.229342
123.4		0.229342
123.5		0.229342
123.6		0.229342
123.7		0.229342
123.8		0.229342
123.9		0.229342
124		0.229342
124.1		0.229456
124.2		0.229456
124.3		0.229456
124.4		0.229456
124.5		0.229456
124.6		0.229456
124.7		0.229456
124.8		0.229456
124.9		0.229456
125		0.229456
125.1		0.231532
125.2		0.231532
125.3		0.231532
125.4		0.231532
125.5		0.231532
125.6		0.231532
125.7		0.231532
125.8		0.231532
125.9		0.231532
126		0.231532
126.1		0.235707
126.2		0.235707
126.3		0.235707
126.4		0.235707
126.5		0.235707
126.6		0.235707
126.7		0.235707
126.8		0.235707
126.9		0.235707
127		0.235707
127.1		0.235979
127.2		0.235979
127.3		0.235979
127.4		0.235979
127.5		0.235979
127.6		0.235979
127.7		0.235979
127.8		0.235979
127.9		0.235979
128		0.235979
128.1		0.239042
128.2		0.239042
128.3		0.239042
128.4		0.239042
128.5		0.239042
128.6		0.239042
128.7		0.239042
128.8		0.239042
128.9		0.239042
129		0.239042
129.1		0.240653
129.2		0.240653
129.3		0.240653
129.4		0.240653
129.5		0.240653
129.6		0.240653
129.7		0.240653
129.8		0.240653
129.9		0.240653
130		0.240653
130.1		0.24409
130.2		0.24409
130.3		0.24409
130.4		0.24409
130.5		0.24409
130.6		0.24409
130.7		0.24409
130.8		0.24409
130.9		0.24409
131		0.24409
131.1		0.245213
131.2		0.245213
131.3		0.245213
131.4		0.245213
131.5		0.245213
131.6		0.245213
131.7		0.245213
131.8		0.245213
131.9		0.245213
132		0.245213
132.1		0.245803
132.2		0.245803
132.3		0.245803
132.4		0.245803
132.5		0.245803
132.6		0.245803
132.7		0.245803
132.8		0.245803
132.9		0.245803
133		0.245803
133.1		0.246937
133.2		0.246937
133.3		0.246937
133.4		0.246937
133.5		0.246937
133.6		0.246937
133.7		0.246937
133.8		0.246937
133.9		0.246937
134		0.246937
134.1		0.251021
134.2		0.251021
134.3		0.251021
134.4		0.251021
134.5		0.251021
134.6		0.251021
134.7		0.251021
134.8		0.251021
134.9		0.251021
135		0.251021
135.1		0.253766
135.2		0.253766
135.3		0.253766
135.4		0.253766
135.5		0.253766
135.6		0.253766
135.7		0.253766
135.8		0.253766
135.9		0.253766
136		0.253766
136.1		0.254538
136.2		0.254538
136.3		0.254538
136.4		0.254538
136.5		0.254538
136.6		0.254538
136.7		0.254538
136.8		0.254538
136.9		0.254538
137		0.254538
137.1		0.257759
137.2		0.257759
137.3		0.257759
137.4		0.257759
137.5		0.257759
137.6		0.257759
137.7		0.257759
137.8		0.257759
137.9		0.257759
138		0.257759
138.1		0.258361
138.2		0.258361
138.3		0.258361
138.4		0.258361
138.5		0.258361
138.6		0.258361
138.7		0.258361
138.8		0.258361
138.9		0.258361
139		0.258361
139.1		0.262762
139.2		0.262762
139.3		0.262762
139.4		0.262762
139.5		0.262762
139.6		0.262762
139.7		0.262762
139.8		0.262762
139.9		0.262762
140		0.262762
140.1		0.264282
140.2		0.264282
140.3		0.264282
140.4		0.264282
140.5		0.264282
140.6		0.264282
140.7		0.264282
140.8		0.264282
140.9		0.264282
141		0.264282
141.1		0.2657
141.2		0.2657
141.3		0.2657
141.4		0.2657
141.5		0.2657
141.6		0.2657
141.7		0.2657
141.8		0.2657
141.9		0.2657
142		0.2657
142.1		0.266574
142.2		0.266574
142.3		0.266574
142.4		0.266574
142.5		0.266574
142.6		0.266574
142.7		0.266574
142.8		0.266574
142.9		0.266574
143		0.266574
143.1		0.269024
143.2		0.269024
143.3		0.269024
143.4		0.269024
143.5		0.269024
143.6		0.269024
143.7		0.269024
143.8		0.269024
143.9		0.269024
144		0.269024
144.1		0.270896
144.2		0.270896
144.3		0.270896
144.4		0.270896
144.5		0.270896
144.6		0.270896
144.7		0.270896
144.8		0.270896
144.9		0.270896
145		0.270896
145.1		0.271542
145.2		0.271542
145.3		0.271542
145.4		0.271542
145.5		0.271542
145.6		0.271542
145.7		0.271542
145.8		0.271542
145.9		0.271542
146		0.271542
146.1		0.274049
146.2		0.274049
146.3		0.274049
146.4		0.274049
146.5		0.274049
146.6		0.274049
146.7		0.274049
146.8		0.274049
146.9		0.274049
147		0.274049
147.1		0.277782
147.2		0.277782
147.3		0.277782
147.4		0.277782
147.5		0.277782
147.6		0.277782
147.7		0.277782
147.8		0.277782
147.9		0.277782
148		0.277782
148.1		0.284588
148.2		0.284588
148.3		0.284588
148.4		0.284588
148.5		0.284588
148.6		0.284588
148.7		0.284588
148.8		0.284588
148.9		0.284588
149		0.284588
149.1		0.285212
149.2		0.285212
149.3		0.285212
149.4		0.285212
149.5		0.285212
149.6		0.285212
149.7		0.285212
149.8		0.285212
149.9		0.285212
150		0.285212
150.1		0.285359
150.2		0.285359
150.3		0.285359
150.4		0.285359
150.5		0.285359
150.6		0.285359
150.7		0.285359
150.8		0.285359
150.9		0.285359
151		0.285359
151.1		0.285666
151.2		0.285666
151.3		0.285666
151.4		0.285666
151.5		0.285666
151.6		0.285666
151.7		0.285666
151.8		0.285666
151.9		0.285666
152		0.285666
152.1		0.290192
152.2		0.290192
152.3		0.290192
152.4		0.290192
152.5		0.290192
152.6		0.290192
152.7		0.290192
152.8		0.290192
152.9		0.290192
153		0.290192
153.1		0.292302
153.2		0.292302
153.3		0.292302
153.4		0.292302
153.5		0.292302
153.6		0.292302
153.7		0.292302
153.8		0.292302
153.9		0.292302
154		0.292302
154.1		0.293697
154.2		0.293697
154.3		0.293697
154.4		0.293697
154.5		0.293697
154.6		0.293697
154.7		0.293697
154.8		0.293697
154.9		0.293697
155		0.293697
155.1		0.296136
155.2		0.296136
155.3		0.296136
155.4		0.296136
155.5		0.296136
155.6		0.296136
155.7		0.296136
155.8		0.296136
155.9		0.296136
156		0.296136
156.1		0.297225
156.2		0.297225
156.3		0.297225
156.4		0.297225
156.5		0.297225
156.6		0.297225
156.7		0.297225
156.8		0.297225
156.9		0.297225
157		0.297225
157.1		0.299766
157.2		0.299766
157.3		0.299766
157.4		0.299766
157.5		0.299766
157.6		0.299766
157.7		0.299766
157.8		0.299766
157.9		0.299766
158		0.299766
158.1		0.301536
158.2		0.301536
158.3		0.301536
158.4		0.301536
158.5		0.301536
158.6		0.301536
158.7		0.301536
158.8		0.301536
158.9		0.301536
159		0.301536
159.1		0.30174
159.2		0.30174
159.3		0.30174
159.4		0.30174
159.5		0.30174
159.6		0.30174
159.7		0.30174
159.8		0.30174
159.9		0.30174
160		0.30174
160.1		0.307526
160.2		0.307526
160.3		0.307526
160.4		0.307526
160.5		0.307526
160.6		0.307526
160.7		0.307526
160.8		0.307526
160.9		0.307526
161		0.307526
161.1		0.308263
161.2		0.308263
161.3		0.308263
161.4		0.308263
161.5		0.308263
161.6		0.308263
161.7		0.308263
161.8		0.308263
161.9		0.308263
162		0.308263
162.1		0.310112
162.2		0.310112
162.3		0.310112
162.4		0.310112
162.5		0.310112
162.6		0.310112
162.7		0.310112
162.8		0.310112
162.9		0.310112
163		0.310112
163.1		0.312891
163.2		0.312891
163.3		0.312891
163.4		0.312891
163.5		0.312891
163.6		0.312891
163.7		0.312891
163.8		0.312891
163.9		0.312891
164		0.312891
164.1		0.316896
164.2		0.316896
164.3		0.316896
164.4		0.316896
164.5		0.316896
164.6		0.316896
164.7		0.316896
164.8		0.316896
164.9		0.316896
165		0.316896
165.1		0.32014
165.2		0.32014
165.3		0.32014
165.4		0.32014
165.5		0.32014
165.6		0.32014
165.7		0.32014
165.8		0.32014
165.9		0.32014
166		0.32014
166.1		0.32081
166.2		0.32081
166.3		0.32081
166.4		0.32081
166.5		0.32081
166.6		0.32081
166.7		0.32081
166.8		0.32081
166.9		0.32081
167		0.32081
167.1		0.32157
167.2		0.32157
167.3		0.32157
167.4		0.32157
167.5		0.32157
167.6		0.32157
167.7		0.32157
167.8		0.32157
167.9		0.32157
168		0.32157
168.1		0.325098
168.2		0.325098
168.3		0.325098
168.4		0.325098
168.5		0.325098
168.6		0.325098
168.7		0.325098
168.8		0.325098
168.9		0.325098
169		0.325098
169.1		0.327457
169.2		0.327457
169.3		0.327457
169.4		0.327457
169.5		0.327457
169.6		0.327457
169.7		0.327457
169.8		0.327457
169.9		0.327457
170		0.327457
170.1		0.329647
170.2		0.329647
170.3		0.329647
170.4		0.329647
170.5		0.329647
170.6		0.329647
170.7		0.329647
170.8		0.329647
170.9		0.329647
171		0.329647
171.1		0.329975
171.2		0.329975
171.3		0.329975
171.4		0.329975
171.5		0.329975
171.6		0.329975
171.7		0.329975
171.8		0.329975
171.9		0.329975
172		0.329975
172.1		0.330985
172.2		0.330985
172.3		0.330985
172.4		0.330985
172.5		0.330985
172.6		0.330985
172.7		0.330985
172.8		0.330985
172.9		0.330985
173		0.330985
173.1		0.335874
173.2		0.335874
173.3		0.335874
173.4		0.335874
173.5		0.335874
173.6		0.335874
173.7		0.335874
173.8		0.335874
173.9		0.335874
174		0.335874
174.1		0.3366
174.2		0.3366
174.3		0.3366
174.4		0.3366
174.5		0.3366
174.6		0.3366
174.7		0.3366
174.8		0.3366
174.9		0.3366
175		0.3366
175.1		0.337996
175.2		0.337996
175.3		0.337996
175.4		0.337996
175.5		0.337996
175.6		0.337996
175.7		0.337996
175.8		0.337996
175.9		0.337996
176		0.337996
176.1		0.340594
176.2		0.340594
176.3		0.340594
176.4		0.340594
176.5		0.340594
176.6		0.340594
176.7		0.340594
176.8		0.340594
176.9		0.340594
177		0.340594
177.1		0.341274
177.2		0.341274
177.3		0.341274
177.4		0.341274
177.5		0.341274
177.6		0.341274
177.7		0.341274
177.8		0.341274
177.9		0.341274
178		0.341274
178.1		0.345188
178.2		0.345188
178.3		0.345188
178.4		0.345188
178.5		0.345188
178.6		0.345188
178.7		0.345188
178.8		0.345188
178.9		0.345188
179		0.345188
179.1		0.347581
179.2		0.347581
179.3		0.347581
179.4		0.347581
179.5		0.347581
179.6		0.347581
179.7		0.347581
179.8		0.347581
179.9		0.347581
180		0.347581
180.1		0.34782
180.2		0.34782
180.3		0.34782
180.4		0.34782
180.5		0.34782
180.6		0.34782
180.7		0.34782
180.8		0.34782
180.9		0.34782
181		0.34782
181.1		0.348636
181.2		0.348636
181.3		0.348636
181.4		0.348636
181.5		0.348636
181.6		0.348636
181.7		0.348636
181.8		0.348636
181.9		0.348636
182		0.348636
182.1		0.354127
182.2		0.354127
182.3		0.354127
182.4		0.354127
182.5		0.354127
182.6		0.354127
182.7		0.354127
182.8		0.354127
182.9		0.354127
183		0.354127
183.1		0.354728
183.2		0.354728
183.3		0.354728
183.4		0.354728
183.5		0.354728
183.6		0.354728
183.7		0.354728
183.8		0.354728
183.9		0.354728
184		0.354728
184.1		0.354955
184.2		0.354955
184.3		0.354955
184.4		0.354955
184.5		0.354955
184.6		0.354955
184.7		0.354955
184.8		0.354955
184.9		0.354955
185		0.354955
185.1		0.358268
185.2		0.358268
185.3		0.358268
185.4		0.358268
185.5		0.358268
185.6		0.358268
185.7		0.358268
185.8		0.358268
185.9		0.358268
186		0.358268
186.1		0.361206
186.2		0.361206
186.3		0.361206
186.4		0.361206
186.5		0.361206
186.6		0.361206
186.7		0.361206
186.8		0.361206
186.9		0.361206
187		0.361206
187.1		0.365097
187.2		0.365097
187.3		0.365097
187.4		0.365097
187.5		0.365097
187.6		0.365097
187.7		0.365097
187.8		0.365097
187.9		0.365097
188		0.365097
188.1		0.365289
188.2		0.365289
188.3		0.365289
188.4		0.365289
188.5		0.365289
188.6		0.365289
188.7		0.365289
188.8		0.365289
188.9		0.365289
189		0.365289
189.1		0.366299
189.2		0.366299
189.3		0.366299
189.4		0.366299
189.5		0.366299
189.6		0.366299
189.7		0.366299
189.8		0.366299
189.9		0.366299
190		0.366299
190.1		0.370712
190.2		0.370712
190.3		0.370712
190.4		0.370712
190.5		0.370712
190.6		0.370712
190.7		0.370712
190.8		0.370712
190.9		0.370712
191		0.370712
191.1		0.37112
191.2		0.37112
191.3		0.37112
191.4		0.37112
191.5		0.37112
191.6		0.37112
191.7		0.37112
191.8		0.37112
191.9		0.37112
192		0.37112
192.1		0.372209
192.2		0.372209
192.3		0.372209
192.4		0.372209
192.5		0.372209
192.6		0.372209
192.7		0.372209
192.8		0.372209
192.9		0.372209
193		0.372209
193.1		0.376463
193.2		0.376463
193.3		0.376463
193.4		0.376463
193.5		0.376463
193.6		0.376463
193.7		0.376463
193.8		0.376463
193.9		0.376463
194		0.376463
194.1		0.376872
194.2		0.376872
194.3		0.376872
194.4		0.376872
194.5		0.376872
194.6		0.376872
194.7		0.376872
194.8		0.376872
194.9		0.376872
195		0.376872
195.1		0.378449
195.2		0.378449
195.3		0.378449
195.4		0.378449
195.5		0.378449
195.6		0.378449
195.7		0.378449
195.8		0.378449
195.9		0.378449
196		0.378449
196.1		0.381217
196.2		0.381217
196.3		0.381217
196.4		0.381217
196.5		0.381217
196.6		0.381217
196.7		0.381217
196.8		0.381217
196.9		0.381217
197		0.381217
197.1		0.381557
197.2		0.381557
197.3		0.381557
197.4		0.381557
197.5		0.381557
197.6		0.381557
197.7		0.381557
197.8		0.381557
197.9		0.381557
198		0.381557
198.1		0.382566
198.2		0.382566
198.3		0.382566
198.4		0.382566
198.5		0.382566
198.6		0.382566
198.7		0.382566
198.8		0.382566
198.9		0.382566
199		0.382566
199.1		0.388216
199.2		0.388216
199.3		0.388216
199.4		0.388216
199.5		0.388216
199.6		0.388216
199.7		0.388216
199.8		0.388216
199.9		0.388216
200		0.388216
200.1		0.390156
200.2		0.390156
200.3		0.390156
200.4		0.390156
200.5		0.390156
200.6		0.390156
200.7		0.390156
200.8		0.390156
200.9		0.390156
201		0.390156
201.1		0.391732
201.2		0.391732
201.3		0.391732
201.4		0.391732
201.5		0.391732
201.6		0.391732
201.7		0.391732
201.8		0.391732
201.9		0.391732
202		0.391732
202.1		0.392742
202.2		0.392742
202.3		0.392742
202.4		0.392742
202.5		0.392742
202.6		0.392742
202.7		0.392742
202.8		0.392742
202.9		0.392742
203		0.392742
203.1		0.393298
203.2		0.393298
203.3		0.393298
203.4		0.393298
203.5		0.393298
203.6		0.393298
203.7		0.393298
203.8		0.393298
203.9		0.393298
204		0.393298
204.1		0.401647
204.2		0.401647
204.3		0.401647
204.4		0.401647
204.5		0.401647
204.6		0.401647
204.7		0.401647
204.8		0.401647
204.9		0.401647
205		0.401647
205.1		0.403405
205.2		0.403405
205.3		0.403405
205.4		0.403405
205.5		0.403405
205.6		0.403405
205.7		0.403405
205.8		0.403405
205.9		0.403405
206		0.403405
206.1		0.403542
206.2		0.403542
206.3		0.403542
206.4		0.403542
206.5		0.403542
206.6		0.403542
206.7		0.403542
206.8		0.403542
206.9		0.403542
207		0.403542
207.1		0.403848
207.2		0.403848
207.3		0.403848
207.4		0.403848
207.5		0.403848
207.6		0.403848
207.7		0.403848
207.8		0.403848
207.9		0.403848
208		0.403848
208.1		0.411244
208.2		0.411244
208.3		0.411244
208.4		0.411244
208.5		0.411244
208.6		0.411244
208.7		0.411244
208.8		0.411244
208.9		0.411244
209		0.411244
209.1		0.411823
209.2		0.411823
209.3		0.411823
209.4		0.411823
209.5		0.411823
209.6		0.411823
209.7		0.411823
209.8		0.411823
209.9		0.411823
210		0.411823
210.1		0.412106
210.2		0.412106
210.3		0.412106
210.4		0.412106
210.5		0.412106
210.6		0.412106
210.7		0.412106
210.8		0.412106
210.9		0.412106
211		0.412106
211.1		0.415192
211.2		0.415192
211.3		0.415192
211.4		0.415192
211.5		0.415192
211.6		0.415192
211.7		0.415192
211.8		0.415192
211.9		0.415192
212		0.415192
212.1		0.415793
212.2		0.415793
212.3		0.415793
212.4		0.415793
212.5		0.415793
212.6		0.415793
212.7		0.415793
212.8		0.415793
212.9		0.415793
213		0.415793
213.1		0.418958
213.2		0.418958
213.3		0.418958
213.4		0.418958
213.5		0.418958
213.6		0.418958
213.7		0.418958
213.8		0.418958
213.9		0.418958
214		0.418958
214.1		0.4199
214.2		0.4199
214.3		0.4199
214.4		0.4199
214.5		0.4199
214.6		0.4199
214.7		0.4199
214.8		0.4199
214.9		0.4199
215		0.4199
215.1		0.420739
215.2		0.420739
215.3		0.420739
215.4		0.420739
215.5		0.420739
215.6		0.420739
215.7		0.420739
215.8		0.420739
215.9		0.420739
216		0.420739
216.1		0.426105
216.2		0.426105
216.3		0.426105
216.4		0.426105
216.5		0.426105
216.6		0.426105
216.7		0.426105
216.8		0.426105
216.9		0.426105
217		0.426105
217.1		0.427285
217.2		0.427285
217.3		0.427285
217.4		0.427285
217.5		0.427285
217.6		0.427285
217.7		0.427285
217.8		0.427285
217.9		0.427285
218		0.427285
218.1		0.427727
218.2		0.427727
218.3		0.427727
218.4		0.427727
218.5		0.427727
218.6		0.427727
218.7		0.427727
218.8		0.427727
218.9		0.427727
219		0.427727
219.1		0.428691
219.2		0.428691
219.3		0.428691
219.4		0.428691
219.5		0.428691
219.6		0.428691
219.7		0.428691
219.8		0.428691
219.9		0.428691
220		0.428691
220.1		0.434897
220.2		0.434897
220.3		0.434897
220.4		0.434897
220.5		0.434897
220.6		0.434897
220.7		0.434897
220.8		0.434897
220.9		0.434897
221		0.434897
221.1		0.436144
221.2		0.436144
221.3		0.436144
221.4		0.436144
221.5		0.436144
221.6		0.436144
221.7		0.436144
221.8		0.436144
221.9		0.436144
222		0.436144
222.1		0.436825
222.2		0.436825
222.3		0.436825
222.4		0.436825
222.5		0.436825
222.6		0.436825
222.7		0.436825
222.8		0.436825
222.9		0.436825
223		0.436825
223.1		0.437744
223.2		0.437744
223.3		0.437744
223.4		0.437744
223.5		0.437744
223.6		0.437744
223.7		0.437744
223.8		0.437744
223.9		0.437744
224		0.437744
224.1		0.44092
224.2		0.44092
224.3		0.44092
224.4		0.44092
224.5		0.44092
224.6		0.44092
224.7		0.44092
224.8		0.44092
224.9		0.44092
225		0.44092
225.1		0.445549
225.2		0.445549
225.3		0.445549
225.4		0.445549
225.5		0.445549
225.6		0.445549
225.7		0.445549
225.8		0.445549
225.9		0.445549
226		0.445549
226.1		0.446354
226.2		0.446354
226.3		0.446354
226.4		0.446354
226.5		0.446354
226.6		0.446354
226.7		0.446354
226.8		0.446354
226.9		0.446354
227		0.446354
227.1		0.447432
227.2		0.447432
227.3		0.447432
227.4		0.447432
227.5		0.447432
227.6		0.447432
227.7		0.447432
227.8		0.447432
227.9		0.447432
228		0.447432
228.1		0.448385
228.2		0.448385
228.3		0.448385
228.4		0.448385
228.5		0.448385
228.6		0.448385
228.7		0.448385
228.8		0.448385
228.9		0.448385
229		0.448385
229.1		0.452571
229.2		0.452571
229.3		0.452571
229.4		0.452571
229.5		0.452571
229.6		0.452571
229.7		0.452571
229.8		0.452571
229.9		0.452571
230		0.452571
230.1		0.453773
230.2		0.453773
230.3		0.453773
230.4		0.453773
230.5		0.453773
230.6		0.453773
230.7		0.453773
230.8		0.453773
230.9		0.453773
231		0.453773
231.1		0.456507
231.2		0.456507
231.3		0.456507
231.4		0.456507
231.5		0.456507
231.6		0.456507
231.7		0.456507
231.8		0.456507
231.9		0.456507
232		0.456507
232.1		0.457017
232.2		0.457017
232.3		0.457017
232.4		0.457017
232.5		0.457017
232.6		0.457017
232.7		0.457017
232.8		0.457017
232.9		0.457017
233		0.457017
233.1		0.457539
233.2		0.457539
233.3		0.457539
233.4		0.457539
233.5		0.457539
233.6		0.457539
233.7		0.457539
233.8		0.457539
233.9		0.457539
234		0.457539
234.1		0.461918
234.2		0.461918
234.3		0.461918
234.4		0.461918
234.5		0.461918
234.6		0.461918
234.7		0.461918
234.8		0.461918
234.9		0.461918
235		0.461918
235.1		0.464811
235.2		0.464811
235.3		0.464811
235.4		0.464811
235.5		0.464811
235.6		0.464811
235.7		0.464811
235.8		0.464811
235.9		0.464811
236		0.464811
236.1		0.466512
236.2		0.466512
236.3		0.466512
236.4		0.466512
236.5		0.466512
236.6		0.466512
236.7		0.466512
236.8		0.466512
236.9		0.466512
237		0.466512
237.1		0.466614
237.2		0.466614
237.3		0.466614
237.4		0.466614
237.5		0.466614
237.6		0.466614
237.7		0.466614
237.8		0.466614
237.9		0.466614
238		0.466614
238.1		0.469133
238.2		0.469133
238.3		0.469133
238.4		0.469133
238.5		0.469133
238.6		0.469133
238.7		0.469133
238.8		0.469133
238.9		0.469133
239		0.469133
239.1		0.472468
239.2		0.472468
239.3		0.472468
239.4		0.472468
239.5		0.472468
239.6		0.472468
239.7		0.472468
239.8		0.472468
239.9		0.472468
240		0.472468
240.1		0.474249
240.2		0.474249
240.3		0.474249
240.4		0.474249
240.5		0.474249
240.6		0.474249
240.7		0.474249
240.8		0.474249
240.9		0.474249
241		0.474249
241.1		0.476983
241.2		0.476983
241.3		0.476983
241.4		0.476983
241.5		0.476983
241.6		0.476983
241.7		0.476983
241.8		0.476983
241.9		0.476983
242		0.476983
242.1		0.479501
242.2		0.479501
242.3		0.479501
242.4		0.479501
242.5		0.479501
242.6		0.479501
242.7		0.479501
242.8		0.479501
242.9		0.479501
243		0.479501
243.1		0.481861
243.2		0.481861
243.3		0.481861
243.4		0.481861
243.5		0.481861
243.6		0.481861
243.7		0.481861
243.8		0.481861
243.9		0.481861
244		0.481861
244.1		0.482337
244.2		0.482337
244.3		0.482337
244.4		0.482337
244.5		0.482337
244.6		0.482337
244.7		0.482337
244.8		0.482337
244.9		0.482337
245		0.482337
245.1		0.483007
245.2		0.483007
245.3		0.483007
245.4		0.483007
245.5		0.483007
245.6		0.483007
245.7		0.483007
245.8		0.483007
245.9		0.483007
246		0.483007
246.1		0.488168
246.2		0.488168
246.3		0.488168
246.4		0.488168
246.5		0.488168
246.6		0.488168
246.7		0.488168
246.8		0.488168
246.9		0.488168
247		0.488168
247.1		0.488248
247.2		0.488248
247.3		0.488248
247.4		0.488248
247.5		0.488248
247.6		0.488248
247.7		0.488248
247.8		0.488248
247.9		0.488248
248		0.488248
248.1		0.488883
248.2		0.488883
248.3		0.488883
248.4		0.488883
248.5		0.488883
248.6		0.488883
248.7		0.488883
248.8		0.488883
248.9		0.488883
249		0.488883
249.1		0.491605
249.2		0.491605
249.3		0.491605
249.4		0.491605
249.5		0.491605
249.6		0.491605
249.7		0.491605
249.8		0.491605
249.9		0.491605
250		0.491605
250.1		0.49679
250.2		0.49679
250.3		0.49679
250.4		0.49679
250.5		0.49679
250.6		0.49679
250.7		0.49679
250.8		0.49679
250.9		0.49679
251		0.49679
251.1		0.498548
251.2		0.498548
251.3		0.498548
251.4		0.498548
251.5		0.498548
251.6		0.498548
251.7		0.498548
251.8		0.498548
251.9		0.498548
252		0.498548
252.1		0.499603
252.2		0.499603
252.3		0.499603
252.4		0.499603
252.5		0.499603
252.6		0.499603
252.7		0.499603
252.8		0.499603
252.9		0.499603
253		0.499603
253.1		0.500567
253.2		0.500567
253.3		0.500567
253.4		0.500567
253.5		0.500567
253.6		0.500567
253.7		0.500567
253.8		0.500567
253.9		0.500567
254		0.500567
254.1		0.502053
254.2		0.502053
254.3		0.502053
254.4		0.502053
254.5		0.502053
254.6		0.502053
254.7		0.502053
254.8		0.502053
254.9		0.502053
255		0.502053
255.1		0.507396
255.2		0.507396
255.3		0.507396
255.4		0.507396
255.5		0.507396
255.6		0.507396
255.7		0.507396
255.8		0.507396
255.9		0.507396
256		0.507396
256.1		0.510527
256.2		0.510527
256.3		0.510527
256.4		0.510527
256.5		0.510527
256.6		0.510527
256.7		0.510527
256.8		0.510527
256.9		0.510527
257		0.510527
257.1		0.511174
257.2		0.511174
257.3		0.511174
257.4		0.511174
257.5		0.511174
257.6		0.511174
257.7		0.511174
257.8		0.511174
257.9		0.511174
258		0.511174
258.1		0.511457
258.2		0.511457
258.3		0.511457
258.4		0.511457
258.5		0.511457
258.6		0.511457
258.7		0.511457
258.8		0.511457
258.9		0.511457
259		0.511457
259.1		0.512456
259.2		0.512456
259.3		0.512456
259.4		0.512456
259.5		0.512456
259.6		0.512456
259.7		0.512456
259.8		0.512456
259.9		0.512456
260		0.512456
260.1		0.51823
260.2		0.51823
260.3		0.51823
260.4		0.51823
260.5		0.51823
260.6		0.51823
260.7		0.51823
260.8		0.51823
260.9		0.51823
261		0.51823
261.1		0.519058
261.2		0.519058
261.3		0.519058
261.4		0.519058
261.5		0.519058
261.6		0.519058
261.7		0.519058
261.8		0.519058
261.9		0.519058
262		0.519058
262.1		0.520567
262.2		0.520567
262.3		0.520567
262.4		0.520567
262.5		0.520567
262.6		0.520567
262.7		0.520567
262.8		0.520567
262.9		0.520567
263		0.520567
263.1		0.521905
263.2		0.521905
263.3		0.521905
263.4		0.521905
263.5		0.521905
263.6		0.521905
263.7		0.521905
263.8		0.521905
263.9		0.521905
264		0.521905
264.1		0.525921
264.2		0.525921
264.3		0.525921
264.4		0.525921
264.5		0.525921
264.6		0.525921
264.7		0.525921
264.8		0.525921
264.9		0.525921
265		0.525921
265.1		0.529495
265.2		0.529495
265.3		0.529495
265.4		0.529495
265.5		0.529495
265.6		0.529495
265.7		0.529495
265.8		0.529495
265.9		0.529495
266		0.529495
266.1		0.529926
266.2		0.529926
266.3		0.529926
266.4		0.529926
266.5		0.529926
266.6		0.529926
266.7		0.529926
266.8		0.529926
266.9		0.529926
267		0.529926
267.1		0.53165
267.2		0.53165
267.3		0.53165
267.4		0.53165
267.5		0.53165
267.6		0.53165
267.7		0.53165
267.8		0.53165
267.9		0.53165
268		0.53165
268.1		0.534497
268.2		0.534497
268.3		0.534497
268.4		0.534497
268.5		0.534497
268.6		0.534497
268.7		0.534497
268.8		0.534497
268.9		0.534497
269		0.534497
269.1		0.536641
269.2		0.536641
269.3		0.536641
269.4		0.536641
269.5		0.536641
269.6		0.536641
269.7		0.536641
269.8		0.536641
269.9		0.536641
270		0.536641
270.1		0.537038
270.2		0.537038
270.3		0.537038
270.4		0.537038
270.5		0.537038
270.6		0.537038
270.7		0.537038
270.8		0.537038
270.9		0.537038
271		0.537038
271.1		0.537503
271.2		0.537503
271.3		0.537503
271.4		0.537503
271.5		0.537503
271.6		0.537503
271.7		0.537503
271.8		0.537503
271.9		0.537503
272		0.537503
272.1		0.541837
272.2		0.541837
272.3		0.541837
272.4		0.541837
272.5		0.541837
272.6		0.541837
272.7		0.541837
272.8		0.541837
272.9		0.541837
273		0.541837
273.1		0.54423
273.2		0.54423
273.3		0.54423
273.4		0.54423
273.5		0.54423
273.6		0.54423
273.7		0.54423
273.8		0.54423
273.9		0.54423
274		0.54423
274.1		0.545285
274.2		0.545285
274.3		0.545285
274.4		0.545285
274.5		0.545285
274.6		0.545285
274.7		0.545285
274.8		0.545285
274.9		0.545285
275		0.545285
275.1		0.546998
275.2		0.546998
275.3		0.546998
275.4		0.546998
275.5		0.546998
275.6		0.546998
275.7		0.546998
275.8		0.546998
275.9		0.546998
276		0.546998
276.1		0.547951
276.2		0.547951
276.3		0.547951
276.4		0.547951
276.5		0.547951
276.6		0.547951
276.7		0.547951
276.8		0.547951
276.9		0.547951
277		0.547951
277.1		0.55208
277.2		0.55208
277.3		0.55208
277.4		0.55208
277.5		0.55208
277.6		0.55208
277.7		0.55208
277.8		0.55208
277.9		0.55208
278		0.55208
278.1		0.554417
278.2		0.554417
278.3		0.554417
278.4		0.554417
278.5		0.554417
278.6		0.554417
278.7		0.554417
278.8		0.554417
278.9		0.554417
279		0.554417
279.1		0.557526
279.2		0.557526
279.3		0.557526
279.4		0.557526
279.5		0.557526
279.6		0.557526
279.7		0.557526
279.8		0.557526
279.9		0.557526
280		0.557526
280.1		0.559148
280.2		0.559148
280.3		0.559148
280.4		0.559148
280.5		0.559148
280.6		0.559148
280.7		0.559148
280.8		0.559148
280.9		0.559148
281		0.559148
281.1		0.559273
281.2		0.559273
281.3		0.559273
281.4		0.559273
281.5		0.559273
281.6		0.559273
281.7		0.559273
281.8		0.559273
281.9		0.559273
282		0.559273
282.1		0.562438
282.2		0.562438
282.3		0.562438
282.4		0.562438
282.5		0.562438
282.6		0.562438
282.7		0.562438
282.8		0.562438
282.9		0.562438
283		0.562438
283.1		0.56263
283.2		0.56263
283.3		0.56263
283.4		0.56263
283.5		0.56263
283.6		0.56263
283.7		0.56263
283.8		0.56263
283.9		0.56263
284		0.56263
284.1		0.570957
284.2		0.570957
284.3		0.570957
284.4		0.570957
284.5		0.570957
284.6		0.570957
284.7		0.570957
284.8		0.570957
284.9		0.570957
285		0.570957
285.1		0.572602
285.2		0.572602
285.3		0.572602
285.4		0.572602
285.5		0.572602
285.6		0.572602
285.7		0.572602
285.8		0.572602
285.9		0.572602
286		0.572602
286.1		0.574054
286.2		0.574054
286.3		0.574054
286.4		0.574054
286.5		0.574054
286.6		0.574054
286.7		0.574054
286.8		0.574054
286.9		0.574054
287		0.574054
287.1		0.576561
287.2		0.576561
287.3		0.576561
287.4		0.576561
287.5		0.576561
287.6		0.576561
287.7		0.576561
287.8		0.576561
287.9		0.576561
288		0.576561
288.1		0.580168
288.2		0.580168
288.3		0.580168
288.4		0.580168
288.5		0.580168
288.6		0.580168
288.7		0.580168
288.8		0.580168
288.9		0.580168
289		0.580168
289.1		0.58204
289.2		0.58204
289.3		0.58204
289.4		0.58204
289.5		0.58204
289.6		0.58204
289.7		0.58204
289.8		0.58204
289.9		0.58204
290		0.58204
290.1		0.584683
290.2		0.584683
290.3		0.584683
290.4		0.584683
290.5		0.584683
290.6		0.584683
290.7		0.584683
290.8		0.584683
290.9		0.584683
291		0.584683
291.1		0.584683
291.2		0.584683
291.3		0.584683
291.4		0.584683
291.5		0.584683
291.6		0.584683
291.7		0.584683
291.8		0.584683
291.9		0.584683
292		0.584683
292.1		0.585035
292.2		0.585035
292.3		0.585035
292.4		0.585035
292.5		0.585035
292.6		0.585035
292.7		0.585035
292.8		0.585035
292.9		0.585035
293		0.585035
293.1		0.58634
293.2		0.58634
293.3		0.58634
293.4		0.58634
293.5		0.58634
293.6		0.58634
293.7		0.58634
293.8		0.58634
293.9		0.58634
294		0.58634
294.1		0.58634
294.2		0.58634
294.3		0.58634
294.4		0.58634
294.5		0.58634
294.6		0.58634
294.7		0.58634
294.8		0.58634
294.9		0.58634
295		0.58634
295.1		0.591524
295.2		0.591524
295.3		0.591524
295.4		0.591524
295.5		0.591524
295.6		0.591524
295.7		0.591524
295.8		0.591524
295.9		0.591524
296		0.591524
296.1		0.591671
296.2		0.591671
296.3		0.591671
296.4		0.591671
296.5		0.591671
296.6		0.591671
296.7		0.591671
296.8		0.591671
296.9		0.591671
297		0.591671
297.1		0.591989
297.2		0.591989
297.3		0.591989
297.4		0.591989
297.5		0.591989
297.6		0.591989
297.7		0.591989
297.8		0.591989
297.9		0.591989
298		0.591989
298.1		0.595551
298.2		0.595551
298.3		0.595551
298.4		0.595551
298.5		0.595551
298.6		0.595551
298.7		0.595551
298.8		0.595551
298.9		0.595551
299		0.595551
299.1		0.59656
299.2		0.59656
299.3		0.59656
299.4		0.59656
299.5		0.59656
299.6		0.59656
299.7		0.59656
299.8		0.59656
299.9		0.59656
300		0.59656
300.1		0.599022
300.2		0.599022
300.3		0.599022
300.4		0.599022
300.5		0.599022
300.6		0.599022
300.7		0.599022
300.8		0.599022
300.9		0.599022
301		0.599022
301.1		0.601835
301.2		0.601835
301.3		0.601835
301.4		0.601835
301.5		0.601835
301.6		0.601835
301.7		0.601835
301.8		0.601835
301.9		0.601835
302		0.601835
302.1		0.602233
302.2		0.602233
302.3		0.602233
302.4		0.602233
302.5		0.602233
302.6		0.602233
302.7		0.602233
302.8		0.602233
302.9		0.602233
303		0.602233
303.1		0.602493
303.2		0.602493
303.3		0.602493
303.4		0.602493
303.5		0.602493
303.6		0.602493
303.7		0.602493
303.8		0.602493
303.9		0.602493
304		0.602493
304.1		0.609447
304.2		0.609447
304.3		0.609447
304.4		0.609447
304.5		0.609447
304.6		0.609447
304.7		0.609447
304.8		0.609447
304.9		0.609447
305		0.609447
305.1		0.610037
305.2		0.610037
305.3		0.610037
305.4		0.610037
305.5		0.610037
305.6		0.610037
305.7		0.610037
305.8		0.610037
305.9		0.610037
306		0.610037
306.1		0.611342
306.2		0.611342
306.3		0.611342
306.4		0.611342
306.5		0.611342
306.6		0.611342
306.7		0.611342
306.8		0.611342
306.9		0.611342
307		0.611342
307.1		0.613577
307.2		0.613577
307.3		0.613577
307.4		0.613577
307.5		0.613577
307.6		0.613577
307.7		0.613577
307.8		0.613577
307.9		0.613577
308		0.613577
308.1		0.614779
308.2		0.614779
308.3		0.614779
308.4		0.614779
308.5		0.614779
308.6		0.614779
308.7		0.614779
308.8		0.614779
308.9		0.614779
309		0.614779
309.1		0.615845
309.2		0.615845
309.3		0.615845
309.4		0.615845
309.5		0.615845
309.6		0.615845
309.7		0.615845
309.8		0.615845
309.9		0.615845
310		0.615845
310.1		0.620179
310.2		0.620179
310.3		0.620179
310.4		0.620179
310.5		0.620179
310.6		0.620179
310.7		0.620179
310.8		0.620179
310.9		0.620179
311		0.620179
311.1		0.620349
311.2		0.620349
311.3		0.620349
311.4		0.620349
311.5		0.620349
311.6		0.620349
311.7		0.620349
311.8		0.620349
311.9		0.620349
312		0.620349
312.1		0.621971
312.2		0.621971
312.3		0.621971
312.4		0.621971
312.5		0.621971
312.6		0.621971
312.7		0.621971
312.8		0.621971
312.9		0.621971
313		0.621971
313.1		0.62593
313.2		0.62593
313.3		0.62593
313.4		0.62593
313.5		0.62593
313.6		0.62593
313.7		0.62593
313.8		0.62593
313.9		0.62593
314		0.62593
314.1		0.626146
314.2		0.626146
314.3		0.626146
314.4		0.626146
314.5		0.626146
314.6		0.626146
314.7		0.626146
314.8		0.626146
314.9		0.626146
315		0.626146
315.1		0.627643
315.2		0.627643
315.3		0.627643
315.4		0.627643
315.5		0.627643
315.6		0.627643
315.7		0.627643
315.8		0.627643
315.9		0.627643
316		0.627643
316.1		0.632283
316.2		0.632283
316.3		0.632283
316.4		0.632283
316.5		0.632283
316.6		0.632283
316.7		0.632283
316.8		0.632283
316.9		0.632283
317		0.632283
317.1		0.634586
317.2		0.634586
317.3		0.634586
317.4		0.634586
317.5		0.634586
317.6		0.634586
317.7		0.634586
317.8		0.634586
317.9		0.634586
318		0.634586
318.1		0.636582
318.2		0.636582
318.3		0.636582
318.4		0.636582
318.5		0.636582
318.6		0.636582
318.7		0.636582
318.8		0.636582
318.9		0.636582
319		0.636582
319.1		0.637127
319.2		0.637127
319.3		0.637127
319.4		0.637127
319.5		0.637127
319.6		0.637127
319.7		0.637127
319.8		0.637127
319.9		0.637127
320		0.637127
320.1		0.638772
320.2		0.638772
320.3		0.638772
320.4		0.638772
320.5		0.638772
320.6		0.638772
320.7		0.638772
320.8		0.638772
320.9		0.638772
321		0.638772
321.1		0.643865
321.2		0.643865
321.3		0.643865
321.4		0.643865
321.5		0.643865
321.6		0.643865
321.7		0.643865
321.8		0.643865
321.9		0.643865
322		0.643865
322.1		0.646145
322.2		0.646145
322.3		0.646145
322.4		0.646145
322.5		0.646145
322.6		0.646145
322.7		0.646145
322.8		0.646145
322.9		0.646145
323		0.646145
323.1		0.646905
323.2		0.646905
323.3		0.646905
323.4		0.646905
323.5		0.646905
323.6		0.646905
323.7		0.646905
323.8		0.646905
323.9		0.646905
324		0.646905
324.1		0.647234
324.2		0.647234
324.3		0.647234
324.4		0.647234
324.5		0.647234
324.6		0.647234
324.7		0.647234
324.8		0.647234
324.9		0.647234
325		0.647234
325.1		0.648391
325.2		0.648391
325.3		0.648391
325.4		0.648391
325.5		0.648391
325.6		0.648391
325.7		0.648391
325.8		0.648391
325.9		0.648391
326		0.648391
326.1		0.649877
326.2		0.649877
326.3		0.649877
326.4		0.649877
326.5		0.649877
326.6		0.649877
326.7		0.649877
326.8		0.649877
326.9		0.649877
327		0.649877
327.1		0.654166
327.2		0.654166
327.3		0.654166
327.4		0.654166
327.5		0.654166
327.6		0.654166
327.7		0.654166
327.8		0.654166
327.9		0.654166
328		0.654166
328.1		0.656559
328.2		0.656559
328.3		0.656559
328.4		0.656559
328.5		0.656559
328.6		0.656559
328.7		0.656559
328.8		0.656559
328.9		0.656559
329		0.656559
329.1		0.656763
329.2		0.656763
329.3		0.656763
329.4		0.656763
329.5		0.656763
329.6		0.656763
329.7		0.656763
329.8		0.656763
329.9		0.656763
330		0.656763
330.1		0.661267
330.2		0.661267
330.3		0.661267
330.4		0.661267
330.5		0.661267
330.6		0.661267
330.7		0.661267
330.8		0.661267
330.9		0.661267
331		0.661267
331.1		0.662208
331.2		0.662208
331.3		0.662208
331.4		0.662208
331.5		0.662208
331.6		0.662208
331.7		0.662208
331.8		0.662208
331.9		0.662208
332		0.662208
332.1		0.663184
332.2		0.663184
332.3		0.663184
332.4		0.663184
332.5		0.663184
332.6		0.663184
332.7		0.663184
332.8		0.663184
332.9		0.663184
333		0.663184
333.1		0.666349
333.2		0.666349
333.3		0.666349
333.4		0.666349
333.5		0.666349
333.6		0.666349
333.7		0.666349
333.8		0.666349
333.9		0.666349
334		0.666349
334.1		0.669673
334.2		0.669673
334.3		0.669673
334.4		0.669673
334.5		0.669673
334.6		0.669673
334.7		0.669673
334.8		0.669673
334.9		0.669673
335		0.669673
335.1		0.670376
335.2		0.670376
335.3		0.670376
335.4		0.670376
335.5		0.670376
335.6		0.670376
335.7		0.670376
335.8		0.670376
335.9		0.670376
336		0.670376
336.1		0.673155
336.2		0.673155
336.3		0.673155
336.4		0.673155
336.5		0.673155
336.6		0.673155
336.7		0.673155
336.8		0.673155
336.9		0.673155
337		0.673155
337.1		0.673927
337.2		0.673927
337.3		0.673927
337.4		0.673927
337.5		0.673927
337.6		0.673927
337.7		0.673927
337.8		0.673927
337.9		0.673927
338		0.673927
338.1		0.679122
338.2		0.679122
338.3		0.679122
338.4		0.679122
338.5		0.679122
338.6		0.679122
338.7		0.679122
338.8		0.679122
338.9		0.679122
339		0.679122
339.1		0.679531
339.2		0.679531
339.3		0.679531
339.4		0.679531
339.5		0.679531
339.6		0.679531
339.7		0.679531
339.8		0.679531
339.9		0.679531
340		0.679531
340.1		0.680495
340.2		0.680495
340.3		0.680495
340.4		0.680495
340.5		0.680495
340.6		0.680495
340.7		0.680495
340.8		0.680495
340.9		0.680495
341		0.680495
341.1		0.681028
341.2		0.681028
341.3		0.681028
341.4		0.681028
341.5		0.681028
341.6		0.681028
341.7		0.681028
341.8		0.681028
341.9		0.681028
342		0.681028
342.1		0.68611
342.2		0.68611
342.3		0.68611
342.4		0.68611
342.5		0.68611
342.6		0.68611
342.7		0.68611
342.8		0.68611
342.9		0.68611
343		0.68611
343.1		0.68999
343.2		0.68999
343.3		0.68999
343.4		0.68999
343.5		0.68999
343.6		0.68999
343.7		0.68999
343.8		0.68999
343.9		0.68999
344		0.68999
344.1		0.692066
344.2		0.692066
344.3		0.692066
344.4		0.692066
344.5		0.692066
344.6		0.692066
344.7		0.692066
344.8		0.692066
344.9		0.692066
345		0.692066
345.1		0.692758
345.2		0.692758
345.3		0.692758
345.4		0.692758
345.5		0.692758
345.6		0.692758
345.7		0.692758
345.8		0.692758
345.9		0.692758
346		0.692758
346.1		0.696343
346.2		0.696343
346.3		0.696343
346.4		0.696343
346.5		0.696343
346.6		0.696343
346.7		0.696343
346.8		0.696343
346.9		0.696343
347		0.696343
347.1		0.700676
347.2		0.700676
347.3		0.700676
347.4		0.700676
347.5		0.700676
347.6		0.700676
347.7		0.700676
347.8		0.700676
347.9		0.700676
348		0.700676
348.1		0.701606
348.2		0.701606
348.3		0.701606
348.4		0.701606
348.5		0.701606
348.6		0.701606
348.7		0.701606
348.8		0.701606
348.9		0.701606
349		0.701606
349.1		0.705078
349.2		0.705078
349.3		0.705078
349.4		0.705078
349.5		0.705078
349.6		0.705078
349.7		0.705078
349.8		0.705078
349.9		0.705078
350		0.705078
350.1		0.705656
350.2		0.705656
350.3		0.705656
350.4		0.705656
350.5		0.705656
350.6		0.705656
350.7		0.705656
350.8		0.705656
350.9		0.705656
351		0.705656
351.1		0.71008
351.2		0.71008
351.3		0.71008
351.4		0.71008
351.5		0.71008
351.6		0.71008
351.7		0.71008
351.8		0.71008
351.9		0.71008
352		0.71008
352.1		0.711703
352.2		0.711703
352.3		0.711703
352.4		0.711703
352.5		0.711703
352.6		0.711703
352.7		0.711703
352.8		0.711703
352.9		0.711703
353		0.711703
353.1		0.711703
353.2		0.711703
353.3		0.711703
353.4		0.711703
353.5		0.711703
353.6		0.711703
353.7		0.711703
353.8		0.711703
353.9		0.711703
354		0.711703
354.1		0.712429
354.2		0.712429
354.3		0.712429
354.4		0.712429
354.5		0.712429
354.6		0.712429
354.7		0.712429
354.8		0.712429
354.9		0.712429
355		0.712429
355.1		0.712429
355.2		0.712429
355.3		0.712429
355.4		0.712429
355.5		0.712429
355.6		0.712429
355.7		0.712429
355.8		0.712429
355.9		0.712429
356		0.712429
356.1		0.712758
356.2		0.712758
356.3		0.712758
356.4		0.712758
356.5		0.712758
356.6		0.712758
356.7		0.712758
356.8		0.712758
356.9		0.712758
357		0.712758
357.1		0.718656
357.2		0.718656
357.3		0.718656
357.4		0.718656
357.5		0.718656
357.6		0.718656
357.7		0.718656
357.8		0.718656
357.9		0.718656
358		0.718656
358.1		0.7197
358.2		0.7197
358.3		0.7197
358.4		0.7197
358.5		0.7197
358.6		0.7197
358.7		0.7197
358.8		0.7197
358.9		0.7197
359		0.7197
359.1		0.722298
359.2		0.722298
359.3		0.722298
359.4		0.722298
359.5		0.722298
359.6		0.722298
359.7		0.722298
359.8		0.722298
359.9		0.722298
360		0.722298
360.1		0.722298
360.2		0.722298
360.3		0.722298
360.4		0.722298
360.5		0.722298
360.6		0.722298
360.7		0.722298
360.8		0.722298
360.9		0.722298
361		0.722298
361.1		0.724306
361.2		0.724306
361.3		0.724306
361.4		0.724306
361.5		0.724306
361.6		0.724306
361.7		0.724306
361.8		0.724306
361.9		0.724306
362		0.724306
362.1		0.725372
362.2		0.725372
362.3		0.725372
362.4		0.725372
362.5		0.725372
362.6		0.725372
362.7		0.725372
362.8		0.725372
362.9		0.725372
363		0.725372
363.1		0.730908
363.2		0.730908
363.3		0.730908
363.4		0.730908
363.5		0.730908
363.6		0.730908
363.7		0.730908
363.8		0.730908
363.9		0.730908
364		0.730908
364.1		0.732031
364.2		0.732031
364.3		0.732031
364.4		0.732031
364.5		0.732031
364.6		0.732031
364.7		0.732031
364.8		0.732031
364.9		0.732031
365		0.732031
365.1		0.732451
365.2		0.732451
365.3		0.732451
365.4		0.732451
365.5		0.732451
365.6		0.732451
365.7		0.732451
365.8		0.732451
365.9		0.732451
366		0.732451
366.1		0.732723
366.2		0.732723
366.3		0.732723
366.4		0.732723
366.5		0.732723
366.6		0.732723
366.7		0.732723
366.8		0.732723
366.9		0.732723
367		0.732723
367.1		0.736818
367.2		0.736818
367.3		0.736818
367.4		0.736818
367.5		0.736818
367.6		0.736818
367.7		0.736818
367.8		0.736818
367.9		0.736818
368		0.736818
368.1		0.741798
368.2		0.741798
368.3		0.741798
368.4		0.741798
368.5		0.741798
368.6		0.741798
368.7		0.741798
368.8		0.741798
368.9		0.741798
369		0.741798
369.1		0.742048
369.2		0.742048
369.3		0.742048
369.4		0.742048
369.5		0.742048
369.6		0.742048
369.7		0.742048
369.8		0.742048
369.9		0.742048
370		0.742048
370.1		0.743171
370.2		0.743171
370.3		0.743171
370.4		0.743171
370.5		0.743171
370.6		0.743171
370.7		0.743171
370.8		0.743171
370.9		0.743171
371		0.743171
371.1		0.74443
371.2		0.74443
371.3		0.74443
371.4		0.74443
371.5		0.74443
371.6		0.74443
371.7		0.74443
371.8		0.74443
371.9		0.74443
372		0.74443
372.1		0.748911
372.2		0.748911
372.3		0.748911
372.4		0.748911
372.5		0.748911
372.6		0.748911
372.7		0.748911
372.8		0.748911
372.9		0.748911
373		0.748911
373.1		0.74949
373.2		0.74949
373.3		0.74949
373.4		0.74949
373.5		0.74949
373.6		0.74949
373.7		0.74949
373.8		0.74949
373.9		0.74949
374		0.74949
374.1		0.752689
374.2		0.752689
374.3		0.752689
374.4		0.752689
374.5		0.752689
374.6		0.752689
374.7		0.752689
374.8		0.752689
374.9		0.752689
375		0.752689
375.1		0.752972
375.2		0.752972
375.3		0.752972
375.4		0.752972
375.5		0.752972
375.6		0.752972
375.7		0.752972
375.8		0.752972
375.9		0.752972
376		0.752972
376.1		0.755695
376.2		0.755695
376.3		0.755695
376.4		0.755695
376.5		0.755695
376.6		0.755695
376.7		0.755695
376.8		0.755695
376.9		0.755695
377		0.755695
377.1		0.756648
377.2		0.756648
377.3		0.756648
377.4		0.756648
377.5		0.756648
377.6		0.756648
377.7		0.756648
377.8		0.756648
377.9		0.756648
378		0.756648
378.1		0.759325
378.2		0.759325
378.3		0.759325
378.4		0.759325
378.5		0.759325
378.6		0.759325
378.7		0.759325
378.8		0.759325
378.9		0.759325
379		0.759325
379.1		0.761265
379.2		0.761265
379.3		0.761265
379.4		0.761265
379.5		0.761265
379.6		0.761265
379.7		0.761265
379.8		0.761265
379.9		0.761265
380		0.761265
380.1		0.764316
380.2		0.764316
380.3		0.764316
380.4		0.764316
380.5		0.764316
380.6		0.764316
380.7		0.764316
380.8		0.764316
380.9		0.764316
381		0.764316
381.1		0.767935
381.2		0.767935
381.3		0.767935
381.4		0.767935
381.5		0.767935
381.6		0.767935
381.7		0.767935
381.8		0.767935
381.9		0.767935
382		0.767935
382.1		0.768604
382.2		0.768604
382.3		0.768604
382.4		0.768604
382.5		0.768604
382.6		0.768604
382.7		0.768604
382.8		0.768604
382.9		0.768604
383		0.768604
383.1		0.769943
383.2		0.769943
383.3		0.769943
383.4		0.769943
383.5		0.769943
383.6		0.769943
383.7		0.769943
383.8		0.769943
383.9		0.769943
384		0.769943
384.1		0.775286
384.2		0.775286
384.3		0.775286
384.4		0.775286
384.5		0.775286
384.6		0.775286
384.7		0.775286
384.8		0.775286
384.9		0.775286
385		0.775286
385.1		0.775479
385.2		0.775479
385.3		0.775479
385.4		0.775479
385.5		0.775479
385.6		0.775479
385.7		0.775479
385.8		0.775479
385.9		0.775479
386		0.775479
386.1		0.775592
386.2		0.775592
386.3		0.775592
386.4		0.775592
386.5		0.775592
386.6		0.775592
386.7		0.775592
386.8		0.775592
386.9		0.775592
387		0.775592
387.1		0.779619
387.2		0.779619
387.3		0.779619
387.4		0.779619
387.5		0.779619
387.6		0.779619
387.7		0.779619
387.8		0.779619
387.9		0.779619
388		0.779619
388.1		0.780334
388.2		0.780334
388.3		0.780334
388.4		0.780334
388.5		0.780334
388.6		0.780334
388.7		0.780334
388.8		0.780334
388.9		0.780334
389		0.780334
389.1		0.784701
389.2		0.784701
389.3		0.784701
389.4		0.784701
389.5		0.784701
389.6		0.784701
389.7		0.784701
389.8		0.784701
389.9		0.784701
390		0.784701
390.1		0.786222
390.2		0.786222
390.3		0.786222
390.4		0.786222
390.5		0.786222
390.6		0.786222
390.7		0.786222
390.8		0.786222
390.9		0.786222
391		0.786222
391.1		0.786494
391.2		0.786494
391.3		0.786494
391.4		0.786494
391.5		0.786494
391.6		0.786494
391.7		0.786494
391.8		0.786494
391.9		0.786494
392		0.786494
392.1		0.78984
392.2		0.78984
392.3		0.78984
392.4		0.78984
392.5		0.78984
392.6		0.78984
392.7		0.78984
392.8		0.78984
392.9		0.78984
393		0.78984
393.1		0.789965
393.2		0.789965
393.3		0.789965
393.4		0.789965
393.5		0.789965
393.6		0.789965
393.7		0.789965
393.8		0.789965
393.9		0.789965
394		0.789965
394.1		0.797146
394.2		0.797146
394.3		0.797146
394.4		0.797146
394.5		0.797146
394.6		0.797146
394.7		0.797146
394.8		0.797146
394.9		0.797146
395		0.797146
395.1		0.797588
395.2		0.797588
395.3		0.797588
395.4		0.797588
395.5		0.797588
395.6		0.797588
395.7		0.797588
395.8		0.797588
395.9		0.797588
396		0.797588
396.1		0.798167
396.2		0.798167
396.3		0.798167
396.4		0.798167
396.5		0.798167
396.6		0.798167
396.7		0.798167
396.8		0.798167
396.9		0.798167
397		0.798167
397.1		0.800005
397.2		0.800005
397.3		0.800005
397.4		0.800005
397.5		0.800005
397.6		0.800005
397.7		0.800005
397.8		0.800005
397.9		0.800005
398		0.800005
398.1		0.803408
398.2		0.803408
398.3		0.803408
398.4		0.803408
398.5		0.803408
398.6		0.803408
398.7		0.803408
398.8		0.803408
398.9		0.803408
399		0.803408
399.1		0.803952
399.2		0.803952
399.3		0.803952
399.4		0.803952
399.5		0.803952
399.6		0.803952
399.7		0.803952
399.8		0.803952
399.9		0.803952
400		0.803952
400.1		0.805359
400.2		0.805359
400.3		0.805359
400.4		0.805359
400.5		0.805359
400.6		0.805359
400.7		0.805359
400.8		0.805359
400.9		0.805359
401		0.805359
401.1		0.808184
401.2		0.808184
401.3		0.808184
401.4		0.808184
401.5		0.808184
401.6		0.808184
401.7		0.808184
401.8		0.808184
401.9		0.808184
402		0.808184
402.1		0.811337
402.2		0.811337
402.3		0.811337
402.4		0.811337
402.5		0.811337
402.6		0.811337
402.7		0.811337
402.8		0.811337
402.9		0.811337
403		0.811337
403.1		0.812857
403.2		0.812857
403.3		0.812857
403.4		0.812857
403.5		0.812857
403.6		0.812857
403.7		0.812857
403.8		0.812857
403.9		0.812857
404		0.812857
404.1		0.813776
404.2		0.813776
404.3		0.813776
404.4		0.813776
404.5		0.813776
404.6		0.813776
404.7		0.813776
404.8		0.813776
404.9		0.813776
405		0.813776
405.1		0.81465
405.2		0.81465
405.3		0.81465
405.4		0.81465
405.5		0.81465
405.6		0.81465
405.7		0.81465
405.8		0.81465
405.9		0.81465
406		0.81465
406.1		0.819811
406.2		0.819811
406.3		0.819811
406.4		0.819811
406.5		0.819811
406.6		0.819811
406.7		0.819811
406.8		0.819811
406.9		0.819811
407		0.819811
407.1		0.822432
407.2		0.822432
407.3		0.822432
407.4		0.822432
407.5		0.822432
407.6		0.822432
407.7		0.822432
407.8		0.822432
407.9		0.822432
408		0.822432
408.1		0.823124
408.2		0.823124
408.3		0.823124
408.4		0.823124
408.5		0.823124
408.6		0.823124
408.7		0.823124
408.8		0.823124
408.9		0.823124
409		0.823124
409.1		0.824701
409.2		0.824701
409.3		0.824701
409.4		0.824701
409.5		0.824701
409.6		0.824701
409.7		0.824701
409.8		0.824701
409.9		0.824701
410		0.824701
410.1		0.829658
410.2		0.829658
410.3		0.829658
410.4		0.829658
410.5		0.829658
410.6		0.829658
410.7		0.829658
410.8		0.829658
410.9		0.829658
411		0.829658
411.1		0.830032
411.2		0.830032
411.3		0.830032
411.4		0.830032
411.5		0.830032
411.6		0.830032
411.7		0.830032
411.8		0.830032
411.9		0.830032
412		0.830032
412.1		0.831269
412.2		0.831269
412.3		0.831269
412.4		0.831269
412.5		0.831269
412.6		0.831269
412.7		0.831269
412.8		0.831269
412.9		0.831269
413		0.831269
413.1		0.833753
413.2		0.833753
413.3		0.833753
413.4		0.833753
413.5		0.833753
413.6		0.833753
413.7		0.833753
413.8		0.833753
413.9		0.833753
414		0.833753
414.1		0.838189
414.2		0.838189
414.3		0.838189
414.4		0.838189
414.5		0.838189
414.6		0.838189
414.7		0.838189
414.8		0.838189
414.9		0.838189
415		0.838189
415.1		0.839618
415.2		0.839618
415.3		0.839618
415.4		0.839618
415.5		0.839618
415.6		0.839618
415.7		0.839618
415.8		0.839618
415.9		0.839618
416		0.839618
416.1		0.840196
416.2		0.840196
416.3		0.840196
416.4		0.840196
416.5		0.840196
416.6		0.840196
416.7		0.840196
416.8		0.840196
416.9		0.840196
417		0.840196
417.1		0.841206
417.2		0.841206
417.3		0.841206
417.4		0.841206
417.5		0.841206
417.6		0.841206
417.7		0.841206
417.8		0.841206
417.9		0.841206
418		0.841206
418.1		0.842794
418.2		0.842794
418.3		0.842794
418.4		0.842794
418.5		0.842794
418.6		0.842794
418.7		0.842794
418.8		0.842794
418.9		0.842794
419		0.842794
419.1		0.848296
419.2		0.848296
419.3		0.848296
419.4		0.848296
419.5		0.848296
419.6		0.848296
419.7		0.848296
419.8		0.848296
419.9		0.848296
420		0.848296
420.1		0.84875
420.2		0.84875
420.3		0.84875
420.4		0.84875
420.5		0.84875
420.6		0.84875
420.7		0.84875
420.8		0.84875
420.9		0.84875
421		0.84875
421.1		0.849385
421.2		0.849385
421.3		0.849385
421.4		0.849385
421.5		0.849385
421.6		0.849385
421.7		0.849385
421.8		0.849385
421.9		0.849385
422		0.849385
422.1		0.853367
422.2		0.853367
422.3		0.853367
422.4		0.853367
422.5		0.853367
422.6		0.853367
422.7		0.853367
422.8		0.853367
422.9		0.853367
423		0.853367
423.1		0.855046
423.2		0.855046
423.3		0.855046
423.4		0.855046
423.5		0.855046
423.6		0.855046
423.7		0.855046
423.8		0.855046
423.9		0.855046
424		0.855046
424.1		0.858789
424.2		0.858789
424.3		0.858789
424.4		0.858789
424.5		0.858789
424.6		0.858789
424.7		0.858789
424.8		0.858789
424.9		0.858789
425		0.858789
425.1		0.859379
425.2		0.859379
425.3		0.859379
425.4		0.859379
425.5		0.859379
425.6		0.859379
425.7		0.859379
425.8		0.859379
425.9		0.859379
426		0.859379
426.1		0.859844
426.2		0.859844
426.3		0.859844
426.4		0.859844
426.5		0.859844
426.6		0.859844
426.7		0.859844
426.8		0.859844
426.9		0.859844
427		0.859844
427.1		0.861739
427.2		0.861739
427.3		0.861739
427.4		0.861739
427.5		0.861739
427.6		0.861739
427.7		0.861739
427.8		0.861739
427.9		0.861739
428		0.861739
428.1		0.868761
428.2		0.868761
428.3		0.868761
428.4		0.868761
428.5		0.868761
428.6		0.868761
428.7		0.868761
428.8		0.868761
428.9		0.868761
429		0.868761
429.1		0.869509
429.2		0.869509
429.3		0.869509
429.4		0.869509
429.5		0.869509
429.6		0.869509
429.7		0.869509
429.8		0.869509
429.9		0.869509
430		0.869509
430.1		0.869827
430.2		0.869827
430.3		0.869827
430.4		0.869827
430.5		0.869827
430.6		0.869827
430.7		0.869827
430.8		0.869827
430.9		0.869827
431		0.869827
431.1		0.870201
431.2		0.870201
431.3		0.870201
431.4		0.870201
431.5		0.870201
431.6		0.870201
431.7		0.870201
431.8		0.870201
431.9		0.870201
432		0.870201
432.1		0.877439
432.2		0.877439
432.3		0.877439
432.4		0.877439
432.5		0.877439
432.6		0.877439
432.7		0.877439
432.8		0.877439
432.9		0.877439
433		0.877439
433.1		0.878437
433.2		0.878437
433.3		0.878437
433.4		0.878437
433.5		0.878437
433.6		0.878437
433.7		0.878437
433.8		0.878437
433.9		0.878437
434		0.878437
434.1		0.880729
434.2		0.880729
434.3		0.880729
434.4		0.880729
434.5		0.880729
434.6		0.880729
434.7		0.880729
434.8		0.880729
434.9		0.880729
435		0.880729
435.1		0.881069
435.2		0.881069
435.3		0.881069
435.4		0.881069
435.5		0.881069
435.6		0.881069
435.7		0.881069
435.8		0.881069
435.9		0.881069
436		0.881069
436.1		0.885743
436.2		0.885743
436.3		0.885743
436.4		0.885743
436.5		0.885743
436.6		0.885743
436.7		0.885743
436.8		0.885743
436.9		0.885743
437		0.885743
437.1		0.885879
437.2		0.885879
437.3		0.885879
437.4		0.885879
437.5		0.885879
437.6		0.885879
437.7		0.885879
437.8		0.885879
437.9		0.885879
438		0.885879
438.1		0.886004
438.2		0.886004
438.3		0.886004
438.4		0.886004
438.5		0.886004
438.6		0.886004
438.7		0.886004
438.8		0.886004
438.9		0.886004
439		0.886004
439.1		0.887762
439.2		0.887762
439.3		0.887762
439.4		0.887762
439.5		0.887762
439.6		0.887762
439.7		0.887762
439.8		0.887762
439.9		0.887762
440		0.887762
440.1		0.893479
440.2		0.893479
440.3		0.893479
440.4		0.893479
440.5		0.893479
440.6		0.893479
440.7		0.893479
440.8		0.893479
440.9		0.893479
441		0.893479
441.1		0.895034
441.2		0.895034
441.3		0.895034
441.4		0.895034
441.5		0.895034
441.6		0.895034
441.7		0.895034
441.8		0.895034
441.9		0.895034
442		0.895034
442.1		0.896656
442.2		0.896656
442.3		0.896656
442.4		0.896656
442.5		0.896656
442.6		0.896656
442.7		0.896656
442.8		0.896656
442.9		0.896656
443		0.896656
443.1		0.897722
443.2		0.897722
443.3		0.897722
443.4		0.897722
443.5		0.897722
443.6		0.897722
443.7		0.897722
443.8		0.897722
443.9		0.897722
444		0.897722
444.1		0.901273
444.2		0.901273
444.3		0.901273
444.4		0.901273
444.5		0.901273
444.6		0.901273
444.7		0.901273
444.8		0.901273
444.9		0.901273
445		0.901273
445.1		0.903927
445.2		0.903927
445.3		0.903927
445.4		0.903927
445.5		0.903927
445.6		0.903927
445.7		0.903927
445.8		0.903927
445.9		0.903927
446		0.903927
446.1		0.904676
446.2		0.904676
446.3		0.904676
446.4		0.904676
446.5		0.904676
446.6		0.904676
446.7		0.904676
446.8		0.904676
446.9		0.904676
447		0.904676
447.1		0.90842
447.2		0.90842
447.3		0.90842
447.4		0.90842
447.5		0.90842
447.6		0.90842
447.7		0.90842
447.8		0.90842
447.9		0.90842
448		0.90842
448.1		0.9107
448.2		0.9107
448.3		0.9107
448.4		0.9107
448.5		0.9107
448.6		0.9107
448.7		0.9107
448.8		0.9107
448.9		0.9107
449		0.9107
449.1		0.911755
449.2		0.911755
449.3		0.911755
449.4		0.911755
449.5		0.911755
449.6		0.911755
449.7		0.911755
449.8		0.911755
449.9		0.911755
450		0.911755
450.1		0.913876
450.2		0.913876
450.3		0.913876
450.4		0.913876
450.5		0.913876
450.6		0.913876
450.7		0.913876
450.8		0.913876
450.9		0.913876
451		0.913876
451.1		0.914784
451.2		0.914784
451.3		0.914784
451.4		0.914784
451.5		0.914784
451.6		0.914784
451.7		0.914784
451.8		0.914784
451.9		0.914784
452		0.914784
452.1		0.918697
452.2		0.918697
452.3		0.918697
452.4		0.918697
452.5		0.918697
452.6		0.918697
452.7		0.918697
452.8		0.918697
452.9		0.918697
453		0.918697
453.1		0.920909
453.2		0.920909
453.3		0.920909
453.4		0.920909
453.5		0.920909
453.6		0.920909
453.7		0.920909
453.8		0.920909
453.9		0.920909
454		0.920909
454.1		0.92201
454.2		0.92201
454.3		0.92201
454.4		0.92201
454.5		0.92201
454.6		0.92201
454.7		0.92201
454.8		0.92201
454.9		0.92201
455		0.92201
455.1		0.92395
455.2		0.92395
455.3		0.92395
455.4		0.92395
455.5		0.92395
455.6		0.92395
455.7		0.92395
455.8		0.92395
455.9		0.92395
456		0.92395
456.1		0.925265
456.2		0.925265
456.3		0.925265
456.4		0.925265
456.5		0.925265
456.6		0.925265
456.7		0.925265
456.8		0.925265
456.9		0.925265
457		0.925265
457.1		0.927489
457.2		0.927489
457.3		0.927489
457.4		0.927489
457.5		0.927489
457.6		0.927489
457.7		0.927489
457.8		0.927489
457.9		0.927489
458		0.927489
458.1		0.933785
458.2		0.933785
458.3		0.933785
458.4		0.933785
458.5		0.933785
458.6		0.933785
458.7		0.933785
458.8		0.933785
458.9		0.933785
459		0.933785
459.1		0.934409
459.2		0.934409
459.3		0.934409
459.4		0.934409
459.5		0.934409
459.6		0.934409
459.7		0.934409
459.8		0.934409
459.9		0.934409
460		0.934409
460.1		0.934863
460.2		0.934863
460.3		0.934863
460.4		0.934863
460.5		0.934863
460.6		0.934863
460.7		0.934863
460.8		0.934863
460.9		0.934863
461		0.934863
461.1		0.935214
461.2		0.935214
461.3		0.935214
461.4		0.935214
461.5		0.935214
461.6		0.935214
461.7		0.935214
461.8		0.935214
461.9		0.935214
462		0.935214
462.1		0.93965
462.2		0.93965
462.3		0.93965
462.4		0.93965
462.5		0.93965
462.6		0.93965
462.7		0.93965
462.8		0.93965
462.9		0.93965
463		0.93965
463.1		0.940875
463.2		0.940875
463.3		0.940875
463.4		0.940875
463.5		0.940875
463.6		0.940875
463.7		0.940875
463.8		0.940875
463.9		0.940875
464		0.940875
464.1		0.944811
464.2		0.944811
464.3		0.944811
464.4		0.944811
464.5		0.944811
464.6		0.944811
464.7		0.944811
464.8		0.944811
464.9		0.944811
465		0.944811
465.1		0.946104
465.2		0.946104
465.3		0.946104
465.4		0.946104
465.5		0.946104
465.6		0.946104
465.7		0.946104
465.8		0.946104
465.9		0.946104
466		0.946104
466.1		0.948952
466.2		0.948952
466.3		0.948952
466.4		0.948952
466.5		0.948952
466.6		0.948952
466.7		0.948952
466.8		0.948952
466.9		0.948952
467		0.948952
467.1		0.949701
467.2		0.949701
467.3		0.949701
467.4		0.949701
467.5		0.949701
467.6		0.949701
467.7		0.949701
467.8		0.949701
467.9		0.949701
468		0.949701
468.1		0.950256
468.2		0.950256
468.3		0.950256
468.4		0.950256
468.5		0.950256
468.6		0.950256
468.7		0.950256
468.8		0.950256
468.9		0.950256
469		0.950256
469.1		0.950721
469.2		0.950721
469.3		0.950721
469.4		0.950721
469.5		0.950721
469.6		0.950721
469.7		0.950721
469.8		0.950721
469.9		0.950721
470		0.950721
470.1		0.955985
470.2		0.955985
470.3		0.955985
470.4		0.955985
470.5		0.955985
470.6		0.955985
470.7		0.955985
470.8		0.955985
470.9		0.955985
471		0.955985
471.1		0.95712
471.2		0.95712
471.3		0.95712
471.4		0.95712
471.5		0.95712
471.6		0.95712
471.7		0.95712
471.8		0.95712
471.9		0.95712
472		0.95712
472.1		0.959218
472.2		0.959218
472.3		0.959218
472.4		0.959218
472.5		0.959218
472.6		0.959218
472.7		0.959218
472.8		0.959218
472.9		0.959218
473		0.959218
473.1		0.9594
473.2		0.9594
473.3		0.9594
473.4		0.9594
473.5		0.9594
473.6		0.9594
473.7		0.9594
473.8		0.9594
473.9		0.9594
474		0.9594
474.1		0.961532
474.2		0.961532
474.3		0.961532
474.4		0.961532
474.5		0.961532
474.6		0.961532
474.7		0.961532
474.8		0.961532
474.9		0.961532
475		0.961532
475.1		0.965741
475.2		0.965741
475.3		0.965741
475.4		0.965741
475.5		0.965741
475.6		0.965741
475.7		0.965741
475.8		0.965741
475.9		0.965741
476		0.965741
476.1		0.966297
476.2		0.966297
476.3		0.966297
476.4		0.966297
476.5		0.966297
476.6		0.966297
476.7		0.966297
476.8		0.966297
476.9		0.966297
477		0.966297
477.1		0.970687
477.2		0.970687
477.3		0.970687
477.4		0.970687
477.5		0.970687
477.6		0.970687
477.7		0.970687
477.8		0.970687
477.9		0.970687
478		0.970687
478.1		0.97215
478.2		0.97215
478.3		0.97215
478.4		0.97215
478.5		0.97215
478.6		0.97215
478.7		0.97215
478.8		0.97215
478.9		0.97215
479		0.97215
479.1		0.974601
479.2		0.974601
479.3		0.974601
479.4		0.974601
479.5		0.974601
479.6		0.974601
479.7		0.974601
479.8		0.974601
479.9		0.974601
480		0.974601
480.1		0.97637
480.2		0.97637
480.3		0.97637
480.4		0.97637
480.5		0.97637
480.6		0.97637
480.7		0.97637
480.8		0.97637
480.9		0.97637
481		0.97637
481.1		0.976552
481.2		0.976552
481.3		0.976552
481.4		0.976552
481.5		0.976552
481.6		0.976552
481.7		0.976552
481.8		0.976552
481.9		0.976552
482		0.976552
482.1		0.977301
482.2		0.977301
482.3		0.977301
482.4		0.977301
482.5		0.977301
482.6		0.977301
482.7		0.977301
482.8		0.977301
482.9		0.977301
483		0.977301
483.1		0.982905
483.2		0.982905
483.3		0.982905
483.4		0.982905
483.5		0.982905
483.6		0.982905
483.7		0.982905
483.8		0.982905
483.9		0.982905
484		0.982905
484.1		0.984062
484.2		0.984062
484.3		0.984062
484.4		0.984062
484.5		0.984062
484.6		0.984062
484.7		0.984062
484.8		0.984062
484.9		0.984062
485		0.984062
485.1		0.986421
485.2		0.986421
485.3		0.986421
485.4		0.986421
485.5		0.986421
485.6		0.986421
485.7		0.986421
485.8		0.986421
485.9		0.986421
486		0.986421
486.1		0.988304
486.2		0.988304
486.3		0.988304
486.4		0.988304
486.5		0.988304
486.6		0.988304
486.7		0.988304
486.8		0.988304
486.9		0.988304
487		0.988304
487.1		0.988486
487.2		0.988486
487.3		0.988486
487.4		0.988486
487.5		0.988486
487.6		0.988486
487.7		0.988486
487.8		0.988486
487.9		0.988486
488		0.988486
488.1		0.995043
488.2		0.995043
488.3		0.995043
488.4		0.995043
488.5		0.995043
488.6		0.995043
488.7		0.995043
488.8		0.995043
488.9		0.995043
489		0.995043
489.1		0.996132
489.2		0.996132
489.3		0.996132
489.4		0.996132
489.5		0.996132
489.6		0.996132
489.7		0.996132
489.8		0.996132
489.9		0.996132
490		0.996132
490.1		0.99637
490.2		0.99637
490.3		0.99637
490.4		0.99637
490.5		0.99637
490.6		0.99637
490.7		0.99637
490.8		0.99637
490.9		0.99637
491		0.99637
491.1		0.997992
491.2		0.997992
491.3		0.997992
491.4		0.997992
491.5		0.997992
491.6		0.997992
491.7		0.997992
491.8		0.997992
491.9		0.997992
492		0.997992
492.1		1
492.2		1
492.3		1
492.4		1
492.5		1
492.6		1
492.7		1
492.8		1
492.9		1
493		1
493.1		1
493.2		1
493.3		1
493.4		1
493.5		1
493.6		1
493.7		1
493.8		1
493.9		1
494		1
494.1		1
494.2		1
494.3		1
494.4		1
494.5		1
494.6		1
494.7		1
494.8		1
494.9		1
495		1
495.1		1
495.2		1
495.3		1
495.4		1
495.5		1
495.6		1
495.7		1
495.8		1
495.9		1
496		1
496.1		1
496.2		1
496.3		1
496.4		1
496.5		1
496.6		1
496.7		1
496.8		1
496.9		1
497		1
497.1		1
497.2		1
497.3		1
497.4		1
497.5		1
497.6		1
497.7		1
497.8		1
497.9		1
498		1
498.1		1
498.2		1
498.3		1
498.4		1
498.5		1
498.6		1
498.7		1
498.8		1
498.9		1
499		1
499.1		1
499.2		1
499.3		1
499.4		1
499.5		1
499.6		1
499.7		1
499.8		1
499.9		1
500		1
500.1		1
500.2		1
500.3		1
500.4		1
500.5		1
500.6		1
500.7		1
500.8		1
500.9		1
501		1
501.1		1
501.2		1
501.3		1
501.4		1
501.5		1
501.6		1
501.7		1
501.8		1
501.9		1
502		1
502.1		1
502.2		1
502.3		1
502.4		1
502.5		1
502.6		1
502.7		1
502.8		1
502.9		1
503		1
503.1		1
503.2		1
503.3		1
503.4		1
503.5		1
503.6		1
503.7		1
503.8		1
503.9		1
504		1
504.1		1
504.2		1
504.3		1
504.4		1
504.5		1
504.6		1
504.7		1
504.8		1
504.9		1
505		1
505.1		1
505.2		1
505.3		1
505.4		1
505.5		1
505.6		1
505.7		1
505.8		1
505.9		1
506		1
506.1		1
506.2		1
506.3		1
506.4		1
506.5		1
506.6		1
506.7		1
506.8		1
506.9		1
507		1
507.1		1
507.2		1
507.3		1
507.4		1
507.5		1
507.6		1
507.7		1
507.8		1
507.9		1
508		1
508.1		1
508.2		1
508.3		1
508.4		1
508.5		1
508.6		1
508.7		1
508.8		1
508.9		1
509		1
509.1		1
509.2		1
509.3		1
509.4		1
509.5		1
509.6		1
509.7		1
509.8		1
509.9		1
510		1
510.1		1
510.2		1
510.3		1
510.4		1
510.5		1
510.6		1
510.7		1
510.8		1
510.9		1
511		1
511.1		1
511.2		1
511.3		1
511.4		1
511.5		1
511.6		1
511.7		1
511.8		1
511.9		1
512		1
512.1		1
512.2		1
512.3		1
512.4		1
512.5		1
512.6		1
512.7		1
512.8		1
512.9		1
513		1
513.1		1
513.2		1
513.3		1
513.4		1
513.5		1
513.6		1
513.7		1
513.8		1
513.9		1
514		1
514.1		1
514.2		1
514.3		1
514.4		1
514.5		1
514.6		1
514.7		1
514.8		1
514.9		1
515		1
515.1		1
515.2		1
515.3		1
515.4		1
515.5		1
515.6		1
515.7		1
515.8		1
515.9		1
516		1
516.1		1
516.2		1
516.3		1
516.4		1
516.5		1
516.6		1
516.7		1
516.8		1
516.9		1
517		1
517.1		1
517.2		1
517.3		1
517.4		1
517.5		1
517.6		1
517.7		1
517.8		1
517.9		1
518		1
518.1		1
518.2		1
518.3		1
518.4		1
518.5		1
518.6		1
518.7		1
518.8		1
518.9		1
519		1
519.1		1
519.2		1
519.3		1
519.4		1
519.5		1
519.6		1
519.7		1
519.8		1
519.9		1
520		1
520.1		1
520.2		1
520.3		1
520.4		1
520.5		1
520.6		1
520.7		1
520.8		1
520.9		1
521		1
521.1		1
521.2		1
521.3		1
521.4		1
521.5		1
521.6		1
521.7		1
521.8		1
521.9		1
522		1
522.1		1
522.2		1
522.3		1
522.4		1
522.5		1
522.6		1
522.7		1
522.8		1
522.9		1
523		1
523.1		1
523.2		1
523.3		1
523.4		1
523.5		1
523.6		1
523.7		1
523.8		1
523.9		1
524		1
524.1		1
524.2		1
524.3		1
524.4		1
524.5		1
524.6		1
524.7		1
524.8		1
524.9		1
525		1
525.1		1
525.2		1
525.3		1
525.4		1
525.5		1
525.6		1
525.7		1
525.8		1
525.9		1
526		1
526.1		1
526.2		1
526.3		1
526.4		1
526.5		1
526.6		1
526.7		1
526.8		1
526.9		1
527		1
527.1		1
527.2		1
527.3		1
527.4		1
527.5		1
527.6		1
527.7		1
527.8		1
527.9		1
528		1
528.1		1
528.2		1
528.3		1
528.4		1
528.5		1
528.6		1
528.7		1
528.8		1
528.9		1
529		1
529.1		1
529.2		1
529.3		1
529.4		1
529.5		1
529.6		1
529.7		1
529.8		1
529.9		1
530		1
530.1		1
530.2		1
530.3		1
530.4		1
530.5		1
530.6		1
530.7		1
530.8		1
530.9		1
531		1
531.1		1
531.2		1
531.3		1
531.4		1
531.5		1
531.6		1
531.7		1
531.8		1
531.9		1
532		1
532.1		1
532.2		1
532.3		1
532.4		1
532.5		1
532.6		1
532.7		1
532.8		1
532.9		1
533		1
533.1		1
533.2		1
533.3		1
533.4		1
533.5		1
533.6		1
533.7		1
533.8		1
533.9		1
534		1
534.1		1
534.2		1
534.3		1
534.4		1
534.5		1
534.6		1
534.7		1
534.8		1
534.9		1
535		1
535.1		1
535.2		1
535.3		1
535.4		1
535.5		1
535.6		1
535.7		1
535.8		1
535.9		1
536		1
536.1		1
536.2		1
536.3		1
536.4		1
536.5		1
536.6		1
536.7		1
536.8		1
536.9		1
537		1
537.1		1
537.2		1
537.3		1
537.4		1
537.5		1
537.6		1
537.7		1
537.8		1
537.9		1
538		1
538.1		1
538.2		1
538.3		1
538.4		1
538.5		1
538.6		1
538.7		1
538.8		1
538.9		1
539		1
539.1		1
539.2		1
539.3		1
539.4		1
539.5		1
539.6		1
539.7		1
539.8		1
539.9		1
540		1
540.1		1
540.2		1
540.3		1
540.4		1
540.5		1
540.6		1
540.7		1
540.8		1
540.9		1
541		1
541.1		1
541.2		1
541.3		1
541.4		1
541.5		1
541.6		1
541.7		1
541.8		1
541.9		1
542		1
542.1		1
542.2		1
542.3		1
542.4		1
542.5		1
542.6		1
542.7		1
542.8		1
542.9		1
543		1
543.1		1
543.2		1
543.3		1
543.4		1
543.5		1
543.6		1
543.7		1
543.8		1
543.9		1
544		1
544.1		1
544.2		1
544.3		1
544.4		1
544.5		1
544.6		1
544.7		1
544.8		1
544.9		1
545		1
545.1		1
545.2		1
545.3		1
545.4		1
545.5		1
545.6		1
545.7		1
545.8		1
545.9		1
546		1
546.1		1
546.2		1
546.3		1
546.4		1
546.5		1
546.6		1
546.7		1
546.8		1
546.9		1
547		1
547.1		1
547.2		1
547.3		1
547.4		1
547.5		1
547.6		1
547.7		1
547.8		1
547.9		1
548		1
548.1		1
548.2		1
548.3		1
548.4		1
548.5		1
548.6		1
548.7		1
548.8		1
548.9		1
549		1
549.1		1
549.2		1
549.3		1
549.4		1
549.5		1
549.6		1
549.7		1
549.8		1
549.9		1
550		1
550.1		1
550.2		1
550.3		1
550.4		1
550.5		1
550.6		1
550.7		1
550.8		1
550.9		1
551		1
551.1		1
551.2		1
551.3		1
551.4		1
551.5		1
551.6		1
551.7		1
551.8		1
551.9		1
552		1
552.1		1
552.2		1
552.3		1
552.4		1
552.5		1
552.6		1
552.7		1
552.8		1
552.9		1
553		1
553.1		1
553.2		1
553.3		1
553.4		1
553.5		1
553.6		1
553.7		1
553.8		1
553.9		1
554		1
554.1		1
554.2		1
554.3		1
554.4		1
554.5		1
554.6		1
554.7		1
554.8		1
554.9		1
555		1
555.1		1
555.2		1
555.3		1
555.4		1
555.5		1
555.6		1
555.7		1
555.8		1
555.9		1
556		1
556.1		1
556.2		1
556.3		1
556.4		1
556.5		1
556.6		1
556.7		1
556.8		1
556.9		1
557		1
557.1		1
557.2		1
557.3		1
557.4		1
557.5		1
557.6		1
557.7		1
557.8		1
557.9		1
558		1
558.1		1
558.2		1
558.3		1
558.4		1
558.5		1
558.6		1
558.7		1
558.8		1
558.9		1
559		1
559.1		1
559.2		1
559.3		1
559.4		1
559.5		1
559.6		1
559.7		1
559.8		1
559.9		1
560		1
560.1		1
560.2		1
560.3		1
560.4		1
560.5		1
560.6		1
560.7		1
560.8		1
560.9		1
561		1
561.1		1
561.2		1
561.3		1
561.4		1
561.5		1
561.6		1
561.7		1
561.8		1
561.9		1
562		1
562.1		1
562.2		1
562.3		1
562.4		1
562.5		1
562.6		1
562.7		1
562.8		1
562.9		1
563		1
563.1		1
563.2		1
563.3		1
563.4		1
563.5		1
563.6		1
563.7		1
563.8		1
563.9		1
564		1
564.1		1
564.2		1
564.3		1
564.4		1
564.5		1
564.6		1
564.7		1
564.8		1
564.9		1
565		1
565.1		1
565.2		1
565.3		1
565.4		1
565.5		1
565.6		1
565.7		1
565.8		1
565.9		1
566		1
566.1		1
566.2		1
566.3		1
566.4		1
566.5		1
566.6		1
566.7		1
566.8		1
566.9		1
567		1
567.1		1
567.2		1
567.3		1
567.4		1
567.5		1
567.6		1
567.7		1
567.8		1
567.9		1
568		1
568.1		1
568.2		1
568.3		1
568.4		1
568.5		1
568.6		1
568.7		1
568.8		1
568.9		1
569		1
569.1		1
569.2		1
569.3		1
569.4		1
569.5		1
569.6		1
569.7		1
569.8		1
569.9		1
570		1
570.1		1
570.2		1
570.3		1
570.4		1
570.5		1
570.6		1
570.7		1
570.8		1
570.9		1
571		1
571.1		1
571.2		1
571.3		1
571.4		1
571.5		1
571.6		1
571.7		1
571.8		1
571.9		1
572		1
572.1		1
572.2		1
572.3		1
572.4		1
572.5		1
572.6		1
572.7		1
572.8		1
572.9		1
573		1
573.1		1
573.2		1
573.3		1
573.4		1
573.5		1
573.6		1
573.7		1
573.8		1
573.9		1
574		1
574.1		1
574.2		1
574.3		1
574.4		1
574.5		1
574.6		1
574.7		1
574.8		1
574.9		1
575		1
575.1		1
575.2		1
575.3		1
575.4		1
575.5		1
575.6		1
575.7		1
575.8		1
575.9		1
576		1
576.1		1
576.2		1
576.3		1
576.4		1
576.5		1
576.6		1
576.7		1
576.8		1
576.9		1
577		1
577.1		1
577.2		1
577.3		1
577.4		1
577.5		1
577.6		1
577.7		1
577.8		1
577.9		1
578		1
578.1		1
578.2		1
578.3		1
578.4		1
578.5		1
578.6		1
578.7		1
578.8		1
578.9		1
579		1
579.1		1
579.2		1
579.3		1
579.4		1
579.5		1
579.6		1
579.7		1
579.8		1
579.9		1
580		1
580.1		1
580.2		1
580.3		1
580.4		1
580.5		1
580.6		1
580.7		1
580.8		1
580.9		1
581		1
581.1		1
581.2		1
581.3		1
581.4		1
581.5		1
581.6		1
581.7		1
581.8		1
581.9		1
582		1
582.1		1
582.2		1
582.3		1
582.4		1
582.5		1
582.6		1
582.7		1
582.8		1
582.9		1
583		1
583.1		1
583.2		1
583.3		1
583.4		1
583.5		1
583.6		1
583.7		1
583.8		1
583.9		1
584		1
584.1		1
584.2		1
584.3		1
584.4		1
584.5		1
584.6		1
584.7		1
584.8		1
584.9		1
585		1
585.1		1
585.2		1
585.3		1
585.4		1
585.5		1
585.6		1
585.7		1
585.8		1
585.9		1
586		1
586.1		1
586.2		1
586.3		1
586.4		1
586.5		1
586.6		1
586.7		1
586.8		1
586.9		1
587		1
587.1		1
587.2		1
587.3		1
587.4		1
587.5		1
587.6		1
587.7		1
587.8		1
587.9		1
588		1
588.1		1
588.2		1
588.3		1
588.4		1
588.5		1
588.6		1
588.7		1
588.8		1
588.9		1
589		1
589.1		1
589.2		1
589.3		1
589.4		1
589.5		1
589.6		1
589.7		1
589.8		1
589.9		1
590		1
590.1		1
590.2		1
590.3		1
590.4		1
590.5		1
590.6		1
590.7		1
590.8		1
590.9		1
591		1
591.1		1
591.2		1
591.3		1
591.4		1
591.5		1
591.6		1
591.7		1
591.8		1
591.9		1
592		1
592.1		1
592.2		1
592.3		1
592.4		1
592.5		1
592.6		1
592.7		1
592.8		1
592.9		1
593		1
593.1		1
593.2		1
593.3		1
593.4		1
593.5		1
593.6		1
593.7		1
593.8		1
593.9		1
594		1
594.1		1
594.2		1
594.3		1
594.4		1
594.5		1
594.6		1
594.7		1
594.8		1
594.9		1
595		1
595.1		1
595.2		1
595.3		1
595.4		1
595.5		1
595.6		1
595.7		1
595.8		1
595.9		1
596		1
596.1		1
596.2		1
596.3		1
596.4		1
596.5		1
596.6		1
596.7		1
596.8		1
596.9		1
597		1
597.1		1
597.2		1
597.3		1
597.4		1
597.5		1
597.6		1
597.7		1
597.8		1
597.9		1
598		1
598.1		1
598.2		1
598.3		1
598.4		1
598.5		1
598.6		1
598.7		1
598.8		1
598.9		1
599		1
599.1		1
599.2		1
599.3		1
599.4		1
599.5		1
599.6		1
599.7		1
599.8		1
599.9		1
600		1
