# Calibration file of tamex_id 1 @ channel 59
# fine_T bin		 Calibration value
0.1		0
0.2		0
0.3		0
0.4		0
0.5		0
0.6		0
0.7		0
0.8		0
0.9		0
1		0
1.1		0
1.2		0
1.3		0
1.4		0
1.5		0
1.6		0
1.7		0
1.8		0
1.9		0
2		0
2.1		0
2.2		0
2.3		0
2.4		0
2.5		0
2.6		0
2.7		0
2.8		0
2.9		0
3		0
3.1		0
3.2		0
3.3		0
3.4		0
3.5		0
3.6		0
3.7		0
3.8		0
3.9		0
4		0
4.1		0
4.2		0
4.3		0
4.4		0
4.5		0
4.6		0
4.7		0
4.8		0
4.9		0
5		0
5.1		0
5.2		0
5.3		0
5.4		0
5.5		0
5.6		0
5.7		0
5.8		0
5.9		0
6		0
6.1		0
6.2		0
6.3		0
6.4		0
6.5		0
6.6		0
6.7		0
6.8		0
6.9		0
7		0
7.1		0
7.2		0
7.3		0
7.4		0
7.5		0
7.6		0
7.7		0
7.8		0
7.9		0
8		0
8.1		0
8.2		0
8.3		0
8.4		0
8.5		0
8.6		0
8.7		0
8.8		0
8.9		0
9		0
9.1		0
9.2		0
9.3		0
9.4		0
9.5		0
9.6		0
9.7		0
9.8		0
9.9		0
10		0
10.1		0
10.2		0
10.3		0
10.4		0
10.5		0
10.6		0
10.7		0
10.8		0
10.9		0
11		0
11.1		0
11.2		0
11.3		0
11.4		0
11.5		0
11.6		0
11.7		0
11.8		0
11.9		0
12		0
12.1		0
12.2		0
12.3		0
12.4		0
12.5		0
12.6		0
12.7		0
12.8		0
12.9		0
13		0
13.1		0
13.2		0
13.3		0
13.4		0
13.5		0
13.6		0
13.7		0
13.8		0
13.9		0
14		0
14.1		0
14.2		0
14.3		0
14.4		0
14.5		0
14.6		0
14.7		0
14.8		0
14.9		0
15		0
15.1		0
15.2		0
15.3		0
15.4		0
15.5		0
15.6		0
15.7		0
15.8		0
15.9		0
16		0
16.1		0
16.2		0
16.3		0
16.4		0
16.5		0
16.6		0
16.7		0
16.8		0
16.9		0
17		0
17.1		0.00480437
17.2		0.00480437
17.3		0.00480437
17.4		0.00480437
17.5		0.00480437
17.6		0.00480437
17.7		0.00480437
17.8		0.00480437
17.9		0.00480437
18		0.00480437
18.1		0.00873718
18.2		0.00873718
18.3		0.00873718
18.4		0.00873718
18.5		0.00873718
18.6		0.00873718
18.7		0.00873718
18.8		0.00873718
18.9		0.00873718
19		0.00873718
19.1		0.0105811
19.2		0.0105811
19.3		0.0105811
19.4		0.0105811
19.5		0.0105811
19.6		0.0105811
19.7		0.0105811
19.8		0.0105811
19.9		0.0105811
20		0.0105811
20.1		0.0131958
20.2		0.0131958
20.3		0.0131958
20.4		0.0131958
20.5		0.0131958
20.6		0.0131958
20.7		0.0131958
20.8		0.0131958
20.9		0.0131958
21		0.0131958
21.1		0.0162282
21.2		0.0162282
21.3		0.0162282
21.4		0.0162282
21.5		0.0162282
21.6		0.0162282
21.7		0.0162282
21.8		0.0162282
21.9		0.0162282
22		0.0162282
22.1		0.0198729
22.2		0.0198729
22.3		0.0198729
22.4		0.0198729
22.5		0.0198729
22.6		0.0198729
22.7		0.0198729
22.8		0.0198729
22.9		0.0198729
23		0.0198729
23.1		0.020017
23.2		0.020017
23.3		0.020017
23.4		0.020017
23.5		0.020017
23.6		0.020017
23.7		0.020017
23.8		0.020017
23.9		0.020017
24		0.020017
24.1		0.0201394
24.2		0.0201394
24.3		0.0201394
24.4		0.0201394
24.5		0.0201394
24.6		0.0201394
24.7		0.0201394
24.8		0.0201394
24.9		0.0201394
25		0.0201394
25.1		0.0227397
25.2		0.0227397
25.3		0.0227397
25.4		0.0227397
25.5		0.0227397
25.6		0.0227397
25.7		0.0227397
25.8		0.0227397
25.9		0.0227397
26		0.0227397
26.1		0.0277025
26.2		0.0277025
26.3		0.0277025
26.4		0.0277025
26.5		0.0277025
26.6		0.0277025
26.7		0.0277025
26.8		0.0277025
26.9		0.0277025
27		0.0277025
27.1		0.0314193
27.2		0.0314193
27.3		0.0314193
27.4		0.0314193
27.5		0.0314193
27.6		0.0314193
27.7		0.0314193
27.8		0.0314193
27.9		0.0314193
28		0.0314193
28.1		0.0316065
28.2		0.0316065
28.3		0.0316065
28.4		0.0316065
28.5		0.0316065
28.6		0.0316065
28.7		0.0316065
28.8		0.0316065
28.9		0.0316065
29		0.0316065
29.1		0.0336306
29.2		0.0336306
29.3		0.0336306
29.4		0.0336306
29.5		0.0336306
29.6		0.0336306
29.7		0.0336306
29.8		0.0336306
29.9		0.0336306
30		0.0336306
30.1		0.0340051
30.2		0.0340051
30.3		0.0340051
30.4		0.0340051
30.5		0.0340051
30.6		0.0340051
30.7		0.0340051
30.8		0.0340051
30.9		0.0340051
31		0.0340051
31.1		0.0363965
31.2		0.0363965
31.3		0.0363965
31.4		0.0363965
31.5		0.0363965
31.6		0.0363965
31.7		0.0363965
31.8		0.0363965
31.9		0.0363965
32		0.0363965
32.1		0.0381468
32.2		0.0381468
32.3		0.0381468
32.4		0.0381468
32.5		0.0381468
32.6		0.0381468
32.7		0.0381468
32.8		0.0381468
32.9		0.0381468
33		0.0381468
33.1		0.0409776
33.2		0.0409776
33.3		0.0409776
33.4		0.0409776
33.5		0.0409776
33.6		0.0409776
33.7		0.0409776
33.8		0.0409776
33.9		0.0409776
34		0.0409776
34.1		0.043088
34.2		0.043088
34.3		0.043088
34.4		0.043088
34.5		0.043088
34.6		0.043088
34.7		0.043088
34.8		0.043088
34.9		0.043088
35		0.043088
35.1		0.0446583
35.2		0.0446583
35.3		0.0446583
35.4		0.0446583
35.5		0.0446583
35.6		0.0446583
35.7		0.0446583
35.8		0.0446583
35.9		0.0446583
36		0.0446583
36.1		0.0459764
36.2		0.0459764
36.3		0.0459764
36.4		0.0459764
36.5		0.0459764
36.6		0.0459764
36.7		0.0459764
36.8		0.0459764
36.9		0.0459764
37		0.0459764
37.1		0.0496067
37.2		0.0496067
37.3		0.0496067
37.4		0.0496067
37.5		0.0496067
37.6		0.0496067
37.7		0.0496067
37.8		0.0496067
37.9		0.0496067
38		0.0496067
38.1		0.0524303
38.2		0.0524303
38.3		0.0524303
38.4		0.0524303
38.5		0.0524303
38.6		0.0524303
38.7		0.0524303
38.8		0.0524303
38.9		0.0524303
39		0.0524303
39.1		0.0531434
39.2		0.0531434
39.3		0.0531434
39.4		0.0531434
39.5		0.0531434
39.6		0.0531434
39.7		0.0531434
39.8		0.0531434
39.9		0.0531434
40		0.0531434
40.1		0.0552034
40.2		0.0552034
40.3		0.0552034
40.4		0.0552034
40.5		0.0552034
40.6		0.0552034
40.7		0.0552034
40.8		0.0552034
40.9		0.0552034
41		0.0552034
41.1		0.0555852
41.2		0.0555852
41.3		0.0555852
41.4		0.0555852
41.5		0.0555852
41.6		0.0555852
41.7		0.0555852
41.8		0.0555852
41.9		0.0555852
42		0.0555852
42.1		0.0606416
42.2		0.0606416
42.3		0.0606416
42.4		0.0606416
42.5		0.0606416
42.6		0.0606416
42.7		0.0606416
42.8		0.0606416
42.9		0.0606416
43		0.0606416
43.1		0.0613691
43.2		0.0613691
43.3		0.0613691
43.4		0.0613691
43.5		0.0613691
43.6		0.0613691
43.7		0.0613691
43.8		0.0613691
43.9		0.0613691
44		0.0613691
44.1		0.0622407
44.2		0.0622407
44.3		0.0622407
44.4		0.0622407
44.5		0.0622407
44.6		0.0622407
44.7		0.0622407
44.8		0.0622407
44.9		0.0622407
45		0.0622407
45.1		0.0639694
45.2		0.0639694
45.3		0.0639694
45.4		0.0639694
45.5		0.0639694
45.6		0.0639694
45.7		0.0639694
45.8		0.0639694
45.9		0.0639694
46		0.0639694
46.1		0.0696525
46.2		0.0696525
46.3		0.0696525
46.4		0.0696525
46.5		0.0696525
46.6		0.0696525
46.7		0.0696525
46.8		0.0696525
46.9		0.0696525
47		0.0696525
47.1		0.070877
47.2		0.070877
47.3		0.070877
47.4		0.070877
47.5		0.070877
47.6		0.070877
47.7		0.070877
47.8		0.070877
47.9		0.070877
48		0.070877
48.1		0.0710139
48.2		0.0710139
48.3		0.0710139
48.4		0.0710139
48.5		0.0710139
48.6		0.0710139
48.7		0.0710139
48.8		0.0710139
48.9		0.0710139
49		0.0710139
49.1		0.0711147
49.2		0.0711147
49.3		0.0711147
49.4		0.0711147
49.5		0.0711147
49.6		0.0711147
49.7		0.0711147
49.8		0.0711147
49.9		0.0711147
50		0.0711147
50.1		0.0776838
50.2		0.0776838
50.3		0.0776838
50.4		0.0776838
50.5		0.0776838
50.6		0.0776838
50.7		0.0776838
50.8		0.0776838
50.9		0.0776838
51		0.0776838
51.1		0.0803633
51.2		0.0803633
51.3		0.0803633
51.4		0.0803633
51.5		0.0803633
51.6		0.0803633
51.7		0.0803633
51.8		0.0803633
51.9		0.0803633
52		0.0803633
52.1		0.0812997
52.2		0.0812997
52.3		0.0812997
52.4		0.0812997
52.5		0.0812997
52.6		0.0812997
52.7		0.0812997
52.8		0.0812997
52.9		0.0812997
53		0.0812997
53.1		0.0823657
53.2		0.0823657
53.3		0.0823657
53.4		0.0823657
53.5		0.0823657
53.6		0.0823657
53.7		0.0823657
53.8		0.0823657
53.9		0.0823657
54		0.0823657
54.1		0.0837199
54.2		0.0837199
54.3		0.0837199
54.4		0.0837199
54.5		0.0837199
54.6		0.0837199
54.7		0.0837199
54.8		0.0837199
54.9		0.0837199
55		0.0837199
55.1		0.0876383
55.2		0.0876383
55.3		0.0876383
55.4		0.0876383
55.5		0.0876383
55.6		0.0876383
55.7		0.0876383
55.8		0.0876383
55.9		0.0876383
56		0.0876383
56.1		0.0890141
56.2		0.0890141
56.3		0.0890141
56.4		0.0890141
56.5		0.0890141
56.6		0.0890141
56.7		0.0890141
56.8		0.0890141
56.9		0.0890141
57		0.0890141
57.1		0.0919096
57.2		0.0919096
57.3		0.0919096
57.4		0.0919096
57.5		0.0919096
57.6		0.0919096
57.7		0.0919096
57.8		0.0919096
57.9		0.0919096
58		0.0919096
58.1		0.0921617
58.2		0.0921617
58.3		0.0921617
58.4		0.0921617
58.5		0.0921617
58.6		0.0921617
58.7		0.0921617
58.8		0.0921617
58.9		0.0921617
59		0.0921617
59.1		0.0931125
59.2		0.0931125
59.3		0.0931125
59.4		0.0931125
59.5		0.0931125
59.6		0.0931125
59.7		0.0931125
59.8		0.0931125
59.9		0.0931125
60		0.0931125
60.1		0.0982122
60.2		0.0982122
60.3		0.0982122
60.4		0.0982122
60.5		0.0982122
60.6		0.0982122
60.7		0.0982122
60.8		0.0982122
60.9		0.0982122
61		0.0982122
61.1		0.0997609
61.2		0.0997609
61.3		0.0997609
61.4		0.0997609
61.5		0.0997609
61.6		0.0997609
61.7		0.0997609
61.8		0.0997609
61.9		0.0997609
62		0.0997609
62.1		0.100733
62.2		0.100733
62.3		0.100733
62.4		0.100733
62.5		0.100733
62.6		0.100733
62.7		0.100733
62.8		0.100733
62.9		0.100733
63		0.100733
63.1		0.102671
63.2		0.102671
63.3		0.102671
63.4		0.102671
63.5		0.102671
63.6		0.102671
63.7		0.102671
63.8		0.102671
63.9		0.102671
64		0.102671
64.1		0.107598
64.2		0.107598
64.3		0.107598
64.4		0.107598
64.5		0.107598
64.6		0.107598
64.7		0.107598
64.8		0.107598
64.9		0.107598
65		0.107598
65.1		0.107951
65.2		0.107951
65.3		0.107951
65.4		0.107951
65.5		0.107951
65.6		0.107951
65.7		0.107951
65.8		0.107951
65.9		0.107951
66		0.107951
66.1		0.109881
66.2		0.109881
66.3		0.109881
66.4		0.109881
66.5		0.109881
66.6		0.109881
66.7		0.109881
66.8		0.109881
66.9		0.109881
67		0.109881
67.1		0.111178
67.2		0.111178
67.3		0.111178
67.4		0.111178
67.5		0.111178
67.6		0.111178
67.7		0.111178
67.8		0.111178
67.9		0.111178
68		0.111178
68.1		0.116861
68.2		0.116861
68.3		0.116861
68.4		0.116861
68.5		0.116861
68.6		0.116861
68.7		0.116861
68.8		0.116861
68.9		0.116861
69		0.116861
69.1		0.119058
69.2		0.119058
69.3		0.119058
69.4		0.119058
69.5		0.119058
69.6		0.119058
69.7		0.119058
69.8		0.119058
69.9		0.119058
70		0.119058
70.1		0.119418
70.2		0.119418
70.3		0.119418
70.4		0.119418
70.5		0.119418
70.6		0.119418
70.7		0.119418
70.8		0.119418
70.9		0.119418
71		0.119418
71.1		0.119663
71.2		0.119663
71.3		0.119663
71.4		0.119663
71.5		0.119663
71.6		0.119663
71.7		0.119663
71.8		0.119663
71.9		0.119663
72		0.119663
72.1		0.126008
72.2		0.126008
72.3		0.126008
72.4		0.126008
72.5		0.126008
72.6		0.126008
72.7		0.126008
72.8		0.126008
72.9		0.126008
73		0.126008
73.1		0.128918
73.2		0.128918
73.3		0.128918
73.4		0.128918
73.5		0.128918
73.6		0.128918
73.7		0.128918
73.8		0.128918
73.9		0.128918
74		0.128918
74.1		0.129084
74.2		0.129084
74.3		0.129084
74.4		0.129084
74.5		0.129084
74.6		0.129084
74.7		0.129084
74.8		0.129084
74.9		0.129084
75		0.129084
75.1		0.129336
75.2		0.129336
75.3		0.129336
75.4		0.129336
75.5		0.129336
75.6		0.129336
75.7		0.129336
75.8		0.129336
75.9		0.129336
76		0.129336
76.1		0.132714
76.2		0.132714
76.3		0.132714
76.4		0.132714
76.5		0.132714
76.6		0.132714
76.7		0.132714
76.8		0.132714
76.9		0.132714
77		0.132714
77.1		0.135783
77.2		0.135783
77.3		0.135783
77.4		0.135783
77.5		0.135783
77.6		0.135783
77.7		0.135783
77.8		0.135783
77.9		0.135783
78		0.135783
78.1		0.13736
78.2		0.13736
78.3		0.13736
78.4		0.13736
78.5		0.13736
78.6		0.13736
78.7		0.13736
78.8		0.13736
78.9		0.13736
79		0.13736
79.1		0.138261
79.2		0.138261
79.3		0.138261
79.4		0.138261
79.5		0.138261
79.6		0.138261
79.7		0.138261
79.8		0.138261
79.9		0.138261
80		0.138261
80.1		0.140537
80.2		0.140537
80.3		0.140537
80.4		0.140537
80.5		0.140537
80.6		0.140537
80.7		0.140537
80.8		0.140537
80.9		0.140537
81		0.140537
81.1		0.142856
81.2		0.142856
81.3		0.142856
81.4		0.142856
81.5		0.142856
81.6		0.142856
81.7		0.142856
81.8		0.142856
81.9		0.142856
82		0.142856
82.1		0.144578
82.2		0.144578
82.3		0.144578
82.4		0.144578
82.5		0.144578
82.6		0.144578
82.7		0.144578
82.8		0.144578
82.9		0.144578
83		0.144578
83.1		0.146198
83.2		0.146198
83.3		0.146198
83.4		0.146198
83.5		0.146198
83.6		0.146198
83.7		0.146198
83.8		0.146198
83.9		0.146198
84		0.146198
84.1		0.147401
84.2		0.147401
84.3		0.147401
84.4		0.147401
84.5		0.147401
84.6		0.147401
84.7		0.147401
84.8		0.147401
84.9		0.147401
85		0.147401
85.1		0.151096
85.2		0.151096
85.3		0.151096
85.4		0.151096
85.5		0.151096
85.6		0.151096
85.7		0.151096
85.8		0.151096
85.9		0.151096
86		0.151096
86.1		0.151348
86.2		0.151348
86.3		0.151348
86.4		0.151348
86.5		0.151348
86.6		0.151348
86.7		0.151348
86.8		0.151348
86.9		0.151348
87		0.151348
87.1		0.154971
87.2		0.154971
87.3		0.154971
87.4		0.154971
87.5		0.154971
87.6		0.154971
87.7		0.154971
87.8		0.154971
87.9		0.154971
88		0.154971
88.1		0.157132
88.2		0.157132
88.3		0.157132
88.4		0.157132
88.5		0.157132
88.6		0.157132
88.7		0.157132
88.8		0.157132
88.9		0.157132
89		0.157132
89.1		0.157723
89.2		0.157723
89.3		0.157723
89.4		0.157723
89.5		0.157723
89.6		0.157723
89.7		0.157723
89.8		0.157723
89.9		0.157723
90		0.157723
90.1		0.161418
90.2		0.161418
90.3		0.161418
90.4		0.161418
90.5		0.161418
90.6		0.161418
90.7		0.161418
90.8		0.161418
90.9		0.161418
91		0.161418
91.1		0.163752
91.2		0.163752
91.3		0.163752
91.4		0.163752
91.5		0.163752
91.6		0.163752
91.7		0.163752
91.8		0.163752
91.9		0.163752
92		0.163752
92.1		0.164321
92.2		0.164321
92.3		0.164321
92.4		0.164321
92.5		0.164321
92.6		0.164321
92.7		0.164321
92.8		0.164321
92.9		0.164321
93		0.164321
93.1		0.165452
93.2		0.165452
93.3		0.165452
93.4		0.165452
93.5		0.165452
93.6		0.165452
93.7		0.165452
93.8		0.165452
93.9		0.165452
94		0.165452
94.1		0.170472
94.2		0.170472
94.3		0.170472
94.4		0.170472
94.5		0.170472
94.6		0.170472
94.7		0.170472
94.8		0.170472
94.9		0.170472
95		0.170472
95.1		0.173253
95.2		0.173253
95.3		0.173253
95.4		0.173253
95.5		0.173253
95.6		0.173253
95.7		0.173253
95.8		0.173253
95.9		0.173253
96		0.173253
96.1		0.174045
96.2		0.174045
96.3		0.174045
96.4		0.174045
96.5		0.174045
96.6		0.174045
96.7		0.174045
96.8		0.174045
96.9		0.174045
97		0.174045
97.1		0.176191
97.2		0.176191
97.3		0.176191
97.4		0.176191
97.5		0.176191
97.6		0.176191
97.7		0.176191
97.8		0.176191
97.9		0.176191
98		0.176191
98.1		0.18052
98.2		0.18052
98.3		0.18052
98.4		0.18052
98.5		0.18052
98.6		0.18052
98.7		0.18052
98.8		0.18052
98.9		0.18052
99		0.18052
99.1		0.181133
99.2		0.181133
99.3		0.181133
99.4		0.181133
99.5		0.181133
99.6		0.181133
99.7		0.181133
99.8		0.181133
99.9		0.181133
100		0.181133
100.1		0.181341
100.2		0.181341
100.3		0.181341
100.4		0.181341
100.5		0.181341
100.6		0.181341
100.7		0.181341
100.8		0.181341
100.9		0.181341
101		0.181341
101.1		0.182098
101.2		0.182098
101.3		0.182098
101.4		0.182098
101.5		0.182098
101.6		0.182098
101.7		0.182098
101.8		0.182098
101.9		0.182098
102		0.182098
102.1		0.188969
102.2		0.188969
102.3		0.188969
102.4		0.188969
102.5		0.188969
102.6		0.188969
102.7		0.188969
102.8		0.188969
102.9		0.188969
103		0.188969
103.1		0.189193
103.2		0.189193
103.3		0.189193
103.4		0.189193
103.5		0.189193
103.6		0.189193
103.7		0.189193
103.8		0.189193
103.9		0.189193
104		0.189193
104.1		0.190028
104.2		0.190028
104.3		0.190028
104.4		0.190028
104.5		0.190028
104.6		0.190028
104.7		0.190028
104.8		0.190028
104.9		0.190028
105		0.190028
105.1		0.193118
105.2		0.193118
105.3		0.193118
105.4		0.193118
105.5		0.193118
105.6		0.193118
105.7		0.193118
105.8		0.193118
105.9		0.193118
106		0.193118
106.1		0.195517
106.2		0.195517
106.3		0.195517
106.4		0.195517
106.5		0.195517
106.6		0.195517
106.7		0.195517
106.8		0.195517
106.9		0.195517
107		0.195517
107.1		0.197635
107.2		0.197635
107.3		0.197635
107.4		0.197635
107.5		0.197635
107.6		0.197635
107.7		0.197635
107.8		0.197635
107.9		0.197635
108		0.197635
108.1		0.198989
108.2		0.198989
108.3		0.198989
108.4		0.198989
108.5		0.198989
108.6		0.198989
108.7		0.198989
108.8		0.198989
108.9		0.198989
109		0.198989
109.1		0.199896
109.2		0.199896
109.3		0.199896
109.4		0.199896
109.5		0.199896
109.6		0.199896
109.7		0.199896
109.8		0.199896
109.9		0.199896
110		0.199896
110.1		0.203678
110.2		0.203678
110.3		0.203678
110.4		0.203678
110.5		0.203678
110.6		0.203678
110.7		0.203678
110.8		0.203678
110.9		0.203678
111		0.203678
111.1		0.205241
111.2		0.205241
111.3		0.205241
111.4		0.205241
111.5		0.205241
111.6		0.205241
111.7		0.205241
111.8		0.205241
111.9		0.205241
112		0.205241
112.1		0.208266
112.2		0.208266
112.3		0.208266
112.4		0.208266
112.5		0.208266
112.6		0.208266
112.7		0.208266
112.8		0.208266
112.9		0.208266
113		0.208266
113.1		0.208691
113.2		0.208691
113.3		0.208691
113.4		0.208691
113.5		0.208691
113.6		0.208691
113.7		0.208691
113.8		0.208691
113.9		0.208691
114		0.208691
114.1		0.212609
114.2		0.212609
114.3		0.212609
114.4		0.212609
114.5		0.212609
114.6		0.212609
114.7		0.212609
114.8		0.212609
114.9		0.212609
115		0.212609
115.1		0.214165
115.2		0.214165
115.3		0.214165
115.4		0.214165
115.5		0.214165
115.6		0.214165
115.7		0.214165
115.8		0.214165
115.9		0.214165
116		0.214165
116.1		0.215246
116.2		0.215246
116.3		0.215246
116.4		0.215246
116.5		0.215246
116.6		0.215246
116.7		0.215246
116.8		0.215246
116.9		0.215246
117		0.215246
117.1		0.218948
117.2		0.218948
117.3		0.218948
117.4		0.218948
117.5		0.218948
117.6		0.218948
117.7		0.218948
117.8		0.218948
117.9		0.218948
118		0.218948
118.1		0.221476
118.2		0.221476
118.3		0.221476
118.4		0.221476
118.5		0.221476
118.6		0.221476
118.7		0.221476
118.8		0.221476
118.9		0.221476
119		0.221476
119.1		0.22448
119.2		0.22448
119.3		0.22448
119.4		0.22448
119.5		0.22448
119.6		0.22448
119.7		0.22448
119.8		0.22448
119.9		0.22448
120		0.22448
120.1		0.224761
120.2		0.224761
120.3		0.224761
120.4		0.224761
120.5		0.224761
120.6		0.224761
120.7		0.224761
120.8		0.224761
120.9		0.224761
121		0.224761
121.1		0.226353
121.2		0.226353
121.3		0.226353
121.4		0.226353
121.5		0.226353
121.6		0.226353
121.7		0.226353
121.8		0.226353
121.9		0.226353
122		0.226353
122.1		0.229522
122.2		0.229522
122.3		0.229522
122.4		0.229522
122.5		0.229522
122.6		0.229522
122.7		0.229522
122.8		0.229522
122.9		0.229522
123		0.229522
123.1		0.231078
123.2		0.231078
123.3		0.231078
123.4		0.231078
123.5		0.231078
123.6		0.231078
123.7		0.231078
123.8		0.231078
123.9		0.231078
124		0.231078
124.1		0.233815
124.2		0.233815
124.3		0.233815
124.4		0.233815
124.5		0.233815
124.6		0.233815
124.7		0.233815
124.8		0.233815
124.9		0.233815
125		0.233815
125.1		0.234269
125.2		0.234269
125.3		0.234269
125.4		0.234269
125.5		0.234269
125.6		0.234269
125.7		0.234269
125.8		0.234269
125.9		0.234269
126		0.234269
126.1		0.236062
126.2		0.236062
126.3		0.236062
126.4		0.236062
126.5		0.236062
126.6		0.236062
126.7		0.236062
126.8		0.236062
126.9		0.236062
127		0.236062
127.1		0.238555
127.2		0.238555
127.3		0.238555
127.4		0.238555
127.5		0.238555
127.6		0.238555
127.7		0.238555
127.8		0.238555
127.9		0.238555
128		0.238555
128.1		0.242595
128.2		0.242595
128.3		0.242595
128.4		0.242595
128.5		0.242595
128.6		0.242595
128.7		0.242595
128.8		0.242595
128.9		0.242595
129		0.242595
129.1		0.243272
129.2		0.243272
129.3		0.243272
129.4		0.243272
129.5		0.243272
129.6		0.243272
129.7		0.243272
129.8		0.243272
129.9		0.243272
130		0.243272
130.1		0.245268
130.2		0.245268
130.3		0.245268
130.4		0.245268
130.5		0.245268
130.6		0.245268
130.7		0.245268
130.8		0.245268
130.9		0.245268
131		0.245268
131.1		0.246017
131.2		0.246017
131.3		0.246017
131.4		0.246017
131.5		0.246017
131.6		0.246017
131.7		0.246017
131.8		0.246017
131.9		0.246017
132		0.246017
132.1		0.250764
132.2		0.250764
132.3		0.250764
132.4		0.250764
132.5		0.250764
132.6		0.250764
132.7		0.250764
132.8		0.250764
132.9		0.250764
133		0.250764
133.1		0.251008
133.2		0.251008
133.3		0.251008
133.4		0.251008
133.5		0.251008
133.6		0.251008
133.7		0.251008
133.8		0.251008
133.9		0.251008
134		0.251008
134.1		0.253407
134.2		0.253407
134.3		0.253407
134.4		0.253407
134.5		0.253407
134.6		0.253407
134.7		0.253407
134.8		0.253407
134.9		0.253407
135		0.253407
135.1		0.255222
135.2		0.255222
135.3		0.255222
135.4		0.255222
135.5		0.255222
135.6		0.255222
135.7		0.255222
135.8		0.255222
135.9		0.255222
136		0.255222
136.1		0.26048
136.2		0.26048
136.3		0.26048
136.4		0.26048
136.5		0.26048
136.6		0.26048
136.7		0.26048
136.8		0.26048
136.9		0.26048
137		0.26048
137.1		0.260898
137.2		0.260898
137.3		0.260898
137.4		0.260898
137.5		0.260898
137.6		0.260898
137.7		0.260898
137.8		0.260898
137.9		0.260898
138		0.260898
138.1		0.261121
138.2		0.261121
138.3		0.261121
138.4		0.261121
138.5		0.261121
138.6		0.261121
138.7		0.261121
138.8		0.261121
138.9		0.261121
139		0.261121
139.1		0.262432
139.2		0.262432
139.3		0.262432
139.4		0.262432
139.5		0.262432
139.6		0.262432
139.7		0.262432
139.8		0.262432
139.9		0.262432
140		0.262432
140.1		0.267482
140.2		0.267482
140.3		0.267482
140.4		0.267482
140.5		0.267482
140.6		0.267482
140.7		0.267482
140.8		0.267482
140.9		0.267482
141		0.267482
141.1		0.270492
141.2		0.270492
141.3		0.270492
141.4		0.270492
141.5		0.270492
141.6		0.270492
141.7		0.270492
141.8		0.270492
141.9		0.270492
142		0.270492
142.1		0.27104
142.2		0.27104
142.3		0.27104
142.4		0.27104
142.5		0.27104
142.6		0.27104
142.7		0.27104
142.8		0.27104
142.9		0.27104
143		0.27104
143.1		0.271739
143.2		0.271739
143.3		0.271739
143.4		0.271739
143.5		0.271739
143.6		0.271739
143.7		0.271739
143.8		0.271739
143.9		0.271739
144		0.271739
144.1		0.273719
144.2		0.273719
144.3		0.273719
144.4		0.273719
144.5		0.273719
144.6		0.273719
144.7		0.273719
144.8		0.273719
144.9		0.273719
145		0.273719
145.1		0.276586
145.2		0.276586
145.3		0.276586
145.4		0.276586
145.5		0.276586
145.6		0.276586
145.7		0.276586
145.8		0.276586
145.9		0.276586
146		0.276586
146.1		0.278221
146.2		0.278221
146.3		0.278221
146.4		0.278221
146.5		0.278221
146.6		0.278221
146.7		0.278221
146.8		0.278221
146.9		0.278221
147		0.278221
147.1		0.280476
147.2		0.280476
147.3		0.280476
147.4		0.280476
147.5		0.280476
147.6		0.280476
147.7		0.280476
147.8		0.280476
147.9		0.280476
148		0.280476
148.1		0.282154
148.2		0.282154
148.3		0.282154
148.4		0.282154
148.5		0.282154
148.6		0.282154
148.7		0.282154
148.8		0.282154
148.9		0.282154
149		0.282154
149.1		0.284776
149.2		0.284776
149.3		0.284776
149.4		0.284776
149.5		0.284776
149.6		0.284776
149.7		0.284776
149.8		0.284776
149.9		0.284776
150		0.284776
150.1		0.288853
150.2		0.288853
150.3		0.288853
150.4		0.288853
150.5		0.288853
150.6		0.288853
150.7		0.288853
150.8		0.288853
150.9		0.288853
151		0.288853
151.1		0.289299
151.2		0.289299
151.3		0.289299
151.4		0.289299
151.5		0.289299
151.6		0.289299
151.7		0.289299
151.8		0.289299
151.9		0.289299
152		0.289299
152.1		0.2894
152.2		0.2894
152.3		0.2894
152.4		0.2894
152.5		0.2894
152.6		0.2894
152.7		0.2894
152.8		0.2894
152.9		0.2894
153		0.2894
153.1		0.293916
153.2		0.293916
153.3		0.293916
153.4		0.293916
153.5		0.293916
153.6		0.293916
153.7		0.293916
153.8		0.293916
153.9		0.293916
154		0.293916
154.1		0.296351
154.2		0.296351
154.3		0.296351
154.4		0.296351
154.5		0.296351
154.6		0.296351
154.7		0.296351
154.8		0.296351
154.9		0.296351
155		0.296351
155.1		0.29705
155.2		0.29705
155.3		0.29705
155.4		0.29705
155.5		0.29705
155.6		0.29705
155.7		0.29705
155.8		0.29705
155.9		0.29705
156		0.29705
156.1		0.297928
156.2		0.297928
156.3		0.297928
156.4		0.297928
156.5		0.297928
156.6		0.297928
156.7		0.297928
156.8		0.297928
156.9		0.297928
157		0.297928
157.1		0.301055
157.2		0.301055
157.3		0.301055
157.4		0.301055
157.5		0.301055
157.6		0.301055
157.7		0.301055
157.8		0.301055
157.9		0.301055
158		0.301055
158.1		0.305924
158.2		0.305924
158.3		0.305924
158.4		0.305924
158.5		0.305924
158.6		0.305924
158.7		0.305924
158.8		0.305924
158.9		0.305924
159		0.305924
159.1		0.307386
159.2		0.307386
159.3		0.307386
159.4		0.307386
159.5		0.307386
159.6		0.307386
159.7		0.307386
159.8		0.307386
159.9		0.307386
160		0.307386
160.1		0.307544
160.2		0.307544
160.3		0.307544
160.4		0.307544
160.5		0.307544
160.6		0.307544
160.7		0.307544
160.8		0.307544
160.9		0.307544
161		0.307544
161.1		0.308452
161.2		0.308452
161.3		0.308452
161.4		0.308452
161.5		0.308452
161.6		0.308452
161.7		0.308452
161.8		0.308452
161.9		0.308452
162		0.308452
162.1		0.313444
162.2		0.313444
162.3		0.313444
162.4		0.313444
162.5		0.313444
162.6		0.313444
162.7		0.313444
162.8		0.313444
162.9		0.313444
163		0.313444
163.1		0.315143
163.2		0.315143
163.3		0.315143
163.4		0.315143
163.5		0.315143
163.6		0.315143
163.7		0.315143
163.8		0.315143
163.9		0.315143
164		0.315143
164.1		0.317852
164.2		0.317852
164.3		0.317852
164.4		0.317852
164.5		0.317852
164.6		0.317852
164.7		0.317852
164.8		0.317852
164.9		0.317852
165		0.317852
165.1		0.319977
165.2		0.319977
165.3		0.319977
165.4		0.319977
165.5		0.319977
165.6		0.319977
165.7		0.319977
165.8		0.319977
165.9		0.319977
166		0.319977
166.1		0.324248
166.2		0.324248
166.3		0.324248
166.4		0.324248
166.5		0.324248
166.6		0.324248
166.7		0.324248
166.8		0.324248
166.9		0.324248
167		0.324248
167.1		0.324824
167.2		0.324824
167.3		0.324824
167.4		0.324824
167.5		0.324824
167.6		0.324824
167.7		0.324824
167.8		0.324824
167.9		0.324824
168		0.324824
168.1		0.325091
168.2		0.325091
168.3		0.325091
168.4		0.325091
168.5		0.325091
168.6		0.325091
168.7		0.325091
168.8		0.325091
168.9		0.325091
169		0.325091
169.1		0.325422
169.2		0.325422
169.3		0.325422
169.4		0.325422
169.5		0.325422
169.6		0.325422
169.7		0.325422
169.8		0.325422
169.9		0.325422
170		0.325422
170.1		0.329938
170.2		0.329938
170.3		0.329938
170.4		0.329938
170.5		0.329938
170.6		0.329938
170.7		0.329938
170.8		0.329938
170.9		0.329938
171		0.329938
171.1		0.331581
171.2		0.331581
171.3		0.331581
171.4		0.331581
171.5		0.331581
171.6		0.331581
171.7		0.331581
171.8		0.331581
171.9		0.331581
172		0.331581
172.1		0.334512
172.2		0.334512
172.3		0.334512
172.4		0.334512
172.5		0.334512
172.6		0.334512
172.7		0.334512
172.8		0.334512
172.9		0.334512
173		0.334512
173.1		0.335838
173.2		0.335838
173.3		0.335838
173.4		0.335838
173.5		0.335838
173.6		0.335838
173.7		0.335838
173.8		0.335838
173.9		0.335838
174		0.335838
174.1		0.338575
174.2		0.338575
174.3		0.338575
174.4		0.338575
174.5		0.338575
174.6		0.338575
174.7		0.338575
174.8		0.338575
174.9		0.338575
175		0.338575
175.1		0.341146
175.2		0.341146
175.3		0.341146
175.4		0.341146
175.5		0.341146
175.6		0.341146
175.7		0.341146
175.8		0.341146
175.9		0.341146
176		0.341146
176.1		0.342371
176.2		0.342371
176.3		0.342371
176.4		0.342371
176.5		0.342371
176.6		0.342371
176.7		0.342371
176.8		0.342371
176.9		0.342371
177		0.342371
177.1		0.343235
177.2		0.343235
177.3		0.343235
177.4		0.343235
177.5		0.343235
177.6		0.343235
177.7		0.343235
177.8		0.343235
177.9		0.343235
178		0.343235
178.1		0.346203
178.2		0.346203
178.3		0.346203
178.4		0.346203
178.5		0.346203
178.6		0.346203
178.7		0.346203
178.8		0.346203
178.9		0.346203
179		0.346203
179.1		0.350092
179.2		0.350092
179.3		0.350092
179.4		0.350092
179.5		0.350092
179.6		0.350092
179.7		0.350092
179.8		0.350092
179.9		0.350092
180		0.350092
180.1		0.350971
180.2		0.350971
180.3		0.350971
180.4		0.350971
180.5		0.350971
180.6		0.350971
180.7		0.350971
180.8		0.350971
180.9		0.350971
181		0.350971
181.1		0.35517
181.2		0.35517
181.3		0.35517
181.4		0.35517
181.5		0.35517
181.6		0.35517
181.7		0.35517
181.8		0.35517
181.9		0.35517
182		0.35517
182.1		0.35566
182.2		0.35566
182.3		0.35566
182.4		0.35566
182.5		0.35566
182.6		0.35566
182.7		0.35566
182.8		0.35566
182.9		0.35566
183		0.35566
183.1		0.357288
183.2		0.357288
183.3		0.357288
183.4		0.357288
183.5		0.357288
183.6		0.357288
183.7		0.357288
183.8		0.357288
183.9		0.357288
184		0.357288
184.1		0.361502
184.2		0.361502
184.3		0.361502
184.4		0.361502
184.5		0.361502
184.6		0.361502
184.7		0.361502
184.8		0.361502
184.9		0.361502
185		0.361502
185.1		0.362553
185.2		0.362553
185.3		0.362553
185.4		0.362553
185.5		0.362553
185.6		0.362553
185.7		0.362553
185.8		0.362553
185.9		0.362553
186		0.362553
186.1		0.362769
186.2		0.362769
186.3		0.362769
186.4		0.362769
186.5		0.362769
186.6		0.362769
186.7		0.362769
186.8		0.362769
186.9		0.362769
187		0.362769
187.1		0.365615
187.2		0.365615
187.3		0.365615
187.4		0.365615
187.5		0.365615
187.6		0.365615
187.7		0.365615
187.8		0.365615
187.9		0.365615
188		0.365615
188.1		0.3699
188.2		0.3699
188.3		0.3699
188.4		0.3699
188.5		0.3699
188.6		0.3699
188.7		0.3699
188.8		0.3699
188.9		0.3699
189		0.3699
189.1		0.37034
189.2		0.37034
189.3		0.37034
189.4		0.37034
189.5		0.37034
189.6		0.37034
189.7		0.37034
189.8		0.37034
189.9		0.37034
190		0.37034
190.1		0.371413
190.2		0.371413
190.3		0.371413
190.4		0.371413
190.5		0.371413
190.6		0.371413
190.7		0.371413
190.8		0.371413
190.9		0.371413
191		0.371413
191.1		0.373062
191.2		0.373062
191.3		0.373062
191.4		0.373062
191.5		0.373062
191.6		0.373062
191.7		0.373062
191.8		0.373062
191.9		0.373062
192		0.373062
192.1		0.3758
192.2		0.3758
192.3		0.3758
192.4		0.3758
192.5		0.3758
192.6		0.3758
192.7		0.3758
192.8		0.3758
192.9		0.3758
193		0.3758
193.1		0.377615
193.2		0.377615
193.3		0.377615
193.4		0.377615
193.5		0.377615
193.6		0.377615
193.7		0.377615
193.8		0.377615
193.9		0.377615
194		0.377615
194.1		0.380647
194.2		0.380647
194.3		0.380647
194.4		0.380647
194.5		0.380647
194.6		0.380647
194.7		0.380647
194.8		0.380647
194.9		0.380647
195		0.380647
195.1		0.381418
195.2		0.381418
195.3		0.381418
195.4		0.381418
195.5		0.381418
195.6		0.381418
195.7		0.381418
195.8		0.381418
195.9		0.381418
196		0.381418
196.1		0.38664
196.2		0.38664
196.3		0.38664
196.4		0.38664
196.5		0.38664
196.6		0.38664
196.7		0.38664
196.8		0.38664
196.9		0.38664
197		0.38664
197.1		0.387259
197.2		0.387259
197.3		0.387259
197.4		0.387259
197.5		0.387259
197.6		0.387259
197.7		0.387259
197.8		0.387259
197.9		0.387259
198		0.387259
198.1		0.388786
198.2		0.388786
198.3		0.388786
198.4		0.388786
198.5		0.388786
198.6		0.388786
198.7		0.388786
198.8		0.388786
198.9		0.388786
199		0.388786
199.1		0.389636
199.2		0.389636
199.3		0.389636
199.4		0.389636
199.5		0.389636
199.6		0.389636
199.7		0.389636
199.8		0.389636
199.9		0.389636
200		0.389636
200.1		0.395925
200.2		0.395925
200.3		0.395925
200.4		0.395925
200.5		0.395925
200.6		0.395925
200.7		0.395925
200.8		0.395925
200.9		0.395925
201		0.395925
201.1		0.398006
201.2		0.398006
201.3		0.398006
201.4		0.398006
201.5		0.398006
201.6		0.398006
201.7		0.398006
201.8		0.398006
201.9		0.398006
202		0.398006
202.1		0.398474
202.2		0.398474
202.3		0.398474
202.4		0.398474
202.5		0.398474
202.6		0.398474
202.7		0.398474
202.8		0.398474
202.9		0.398474
203		0.398474
203.1		0.399677
203.2		0.399677
203.3		0.399677
203.4		0.399677
203.5		0.399677
203.6		0.399677
203.7		0.399677
203.8		0.399677
203.9		0.399677
204		0.399677
204.1		0.404727
204.2		0.404727
204.3		0.404727
204.4		0.404727
204.5		0.404727
204.6		0.404727
204.7		0.404727
204.8		0.404727
204.9		0.404727
205		0.404727
205.1		0.407255
205.2		0.407255
205.3		0.407255
205.4		0.407255
205.5		0.407255
205.6		0.407255
205.7		0.407255
205.8		0.407255
205.9		0.407255
206		0.407255
206.1		0.408378
206.2		0.408378
206.3		0.408378
206.4		0.408378
206.5		0.408378
206.6		0.408378
206.7		0.408378
206.8		0.408378
206.9		0.408378
207		0.408378
207.1		0.410755
207.2		0.410755
207.3		0.410755
207.4		0.410755
207.5		0.410755
207.6		0.410755
207.7		0.410755
207.8		0.410755
207.9		0.410755
208		0.410755
208.1		0.413377
208.2		0.413377
208.3		0.413377
208.4		0.413377
208.5		0.413377
208.6		0.413377
208.7		0.413377
208.8		0.413377
208.9		0.413377
209		0.413377
209.1		0.418254
209.2		0.418254
209.3		0.418254
209.4		0.418254
209.5		0.418254
209.6		0.418254
209.7		0.418254
209.8		0.418254
209.9		0.418254
210		0.418254
210.1		0.418463
210.2		0.418463
210.3		0.418463
210.4		0.418463
210.5		0.418463
210.6		0.418463
210.7		0.418463
210.8		0.418463
210.9		0.418463
211		0.418463
211.1		0.418744
211.2		0.418744
211.3		0.418744
211.4		0.418744
211.5		0.418744
211.6		0.418744
211.7		0.418744
211.8		0.418744
211.9		0.418744
212		0.418744
212.1		0.42187
212.2		0.42187
212.3		0.42187
212.4		0.42187
212.5		0.42187
212.6		0.42187
212.7		0.42187
212.8		0.42187
212.9		0.42187
213		0.42187
213.1		0.424578
213.2		0.424578
213.3		0.424578
213.4		0.424578
213.5		0.424578
213.6		0.424578
213.7		0.424578
213.8		0.424578
213.9		0.424578
214		0.424578
214.1		0.425341
214.2		0.425341
214.3		0.425341
214.4		0.425341
214.5		0.425341
214.6		0.425341
214.7		0.425341
214.8		0.425341
214.9		0.425341
215		0.425341
215.1		0.4298
215.2		0.4298
215.3		0.4298
215.4		0.4298
215.5		0.4298
215.6		0.4298
215.7		0.4298
215.8		0.4298
215.9		0.4298
216		0.4298
216.1		0.430967
216.2		0.430967
216.3		0.430967
216.4		0.430967
216.5		0.430967
216.6		0.430967
216.7		0.430967
216.8		0.430967
216.9		0.430967
217		0.430967
217.1		0.434107
217.2		0.434107
217.3		0.434107
217.4		0.434107
217.5		0.434107
217.6		0.434107
217.7		0.434107
217.8		0.434107
217.9		0.434107
218		0.434107
218.1		0.434914
218.2		0.434914
218.3		0.434914
218.4		0.434914
218.5		0.434914
218.6		0.434914
218.7		0.434914
218.8		0.434914
218.9		0.434914
219		0.434914
219.1		0.436773
219.2		0.436773
219.3		0.436773
219.4		0.436773
219.5		0.436773
219.6		0.436773
219.7		0.436773
219.8		0.436773
219.9		0.436773
220		0.436773
220.1		0.437846
220.2		0.437846
220.3		0.437846
220.4		0.437846
220.5		0.437846
220.6		0.437846
220.7		0.437846
220.8		0.437846
220.9		0.437846
221		0.437846
221.1		0.441735
221.2		0.441735
221.3		0.441735
221.4		0.441735
221.5		0.441735
221.6		0.441735
221.7		0.441735
221.8		0.441735
221.9		0.441735
222		0.441735
222.1		0.443003
222.2		0.443003
222.3		0.443003
222.4		0.443003
222.5		0.443003
222.6		0.443003
222.7		0.443003
222.8		0.443003
222.9		0.443003
223		0.443003
223.1		0.445322
223.2		0.445322
223.3		0.445322
223.4		0.445322
223.5		0.445322
223.6		0.445322
223.7		0.445322
223.8		0.445322
223.9		0.445322
224		0.445322
224.1		0.445891
224.2		0.445891
224.3		0.445891
224.4		0.445891
224.5		0.445891
224.6		0.445891
224.7		0.445891
224.8		0.445891
224.9		0.445891
225		0.445891
225.1		0.447066
225.2		0.447066
225.3		0.447066
225.4		0.447066
225.5		0.447066
225.6		0.447066
225.7		0.447066
225.8		0.447066
225.9		0.447066
226		0.447066
226.1		0.452468
226.2		0.452468
226.3		0.452468
226.4		0.452468
226.5		0.452468
226.6		0.452468
226.7		0.452468
226.8		0.452468
226.9		0.452468
227		0.452468
227.1		0.452727
227.2		0.452727
227.3		0.452727
227.4		0.452727
227.5		0.452727
227.6		0.452727
227.7		0.452727
227.8		0.452727
227.9		0.452727
228		0.452727
228.1		0.453274
228.2		0.453274
228.3		0.453274
228.4		0.453274
228.5		0.453274
228.6		0.453274
228.7		0.453274
228.8		0.453274
228.9		0.453274
229		0.453274
229.1		0.453966
229.2		0.453966
229.3		0.453966
229.4		0.453966
229.5		0.453966
229.6		0.453966
229.7		0.453966
229.8		0.453966
229.9		0.453966
230		0.453966
230.1		0.459908
230.2		0.459908
230.3		0.459908
230.4		0.459908
230.5		0.459908
230.6		0.459908
230.7		0.459908
230.8		0.459908
230.9		0.459908
231		0.459908
231.1		0.462048
231.2		0.462048
231.3		0.462048
231.4		0.462048
231.5		0.462048
231.6		0.462048
231.7		0.462048
231.8		0.462048
231.9		0.462048
232		0.462048
232.1		0.464
232.2		0.464
232.3		0.464
232.4		0.464
232.5		0.464
232.6		0.464
232.7		0.464
232.8		0.464
232.9		0.464
233		0.464
233.1		0.464986
233.2		0.464986
233.3		0.464986
233.4		0.464986
233.5		0.464986
233.6		0.464986
233.7		0.464986
233.8		0.464986
233.9		0.464986
234		0.464986
234.1		0.466377
234.2		0.466377
234.3		0.466377
234.4		0.466377
234.5		0.466377
234.6		0.466377
234.7		0.466377
234.8		0.466377
234.9		0.466377
235		0.466377
235.1		0.470086
235.2		0.470086
235.3		0.470086
235.4		0.470086
235.5		0.470086
235.6		0.470086
235.7		0.470086
235.8		0.470086
235.9		0.470086
236		0.470086
236.1		0.470518
236.2		0.470518
236.3		0.470518
236.4		0.470518
236.5		0.470518
236.6		0.470518
236.7		0.470518
236.8		0.470518
236.9		0.470518
237		0.470518
237.1		0.472348
237.2		0.472348
237.3		0.472348
237.4		0.472348
237.5		0.472348
237.6		0.472348
237.7		0.472348
237.8		0.472348
237.9		0.472348
238		0.472348
238.1		0.474646
238.2		0.474646
238.3		0.474646
238.4		0.474646
238.5		0.474646
238.6		0.474646
238.7		0.474646
238.8		0.474646
238.9		0.474646
239		0.474646
239.1		0.477577
239.2		0.477577
239.3		0.477577
239.4		0.477577
239.5		0.477577
239.6		0.477577
239.7		0.477577
239.8		0.477577
239.9		0.477577
240		0.477577
240.1		0.480963
240.2		0.480963
240.3		0.480963
240.4		0.480963
240.5		0.480963
240.6		0.480963
240.7		0.480963
240.8		0.480963
240.9		0.480963
241		0.480963
241.1		0.481244
241.2		0.481244
241.3		0.481244
241.4		0.481244
241.5		0.481244
241.6		0.481244
241.7		0.481244
241.8		0.481244
241.9		0.481244
242		0.481244
242.1		0.482101
242.2		0.482101
242.3		0.482101
242.4		0.482101
242.5		0.482101
242.6		0.482101
242.7		0.482101
242.8		0.482101
242.9		0.482101
243		0.482101
243.1		0.485097
243.2		0.485097
243.3		0.485097
243.4		0.485097
243.5		0.485097
243.6		0.485097
243.7		0.485097
243.8		0.485097
243.9		0.485097
244		0.485097
244.1		0.488346
244.2		0.488346
244.3		0.488346
244.4		0.488346
244.5		0.488346
244.6		0.488346
244.7		0.488346
244.8		0.488346
244.9		0.488346
245		0.488346
245.1		0.491436
245.2		0.491436
245.3		0.491436
245.4		0.491436
245.5		0.491436
245.6		0.491436
245.7		0.491436
245.8		0.491436
245.9		0.491436
246		0.491436
246.1		0.492012
246.2		0.492012
246.3		0.492012
246.4		0.492012
246.5		0.492012
246.6		0.492012
246.7		0.492012
246.8		0.492012
246.9		0.492012
247		0.492012
247.1		0.494094
247.2		0.494094
247.3		0.494094
247.4		0.494094
247.5		0.494094
247.6		0.494094
247.7		0.494094
247.8		0.494094
247.9		0.494094
248		0.494094
248.1		0.497954
248.2		0.497954
248.3		0.497954
248.4		0.497954
248.5		0.497954
248.6		0.497954
248.7		0.497954
248.8		0.497954
248.9		0.497954
249		0.497954
249.1		0.498862
249.2		0.498862
249.3		0.498862
249.4		0.498862
249.5		0.498862
249.6		0.498862
249.7		0.498862
249.8		0.498862
249.9		0.498862
250		0.498862
250.1		0.49946
250.2		0.49946
250.3		0.49946
250.4		0.49946
250.5		0.49946
250.6		0.49946
250.7		0.49946
250.8		0.49946
250.9		0.49946
251		0.49946
251.1		0.50497
251.2		0.50497
251.3		0.50497
251.4		0.50497
251.5		0.50497
251.6		0.50497
251.7		0.50497
251.8		0.50497
251.9		0.50497
252		0.50497
252.1		0.508867
252.2		0.508867
252.3		0.508867
252.4		0.508867
252.5		0.508867
252.6		0.508867
252.7		0.508867
252.8		0.508867
252.9		0.508867
253		0.508867
253.1		0.509018
253.2		0.509018
253.3		0.509018
253.4		0.509018
253.5		0.509018
253.6		0.509018
253.7		0.509018
253.8		0.509018
253.9		0.509018
254		0.509018
254.1		0.509213
254.2		0.509213
254.3		0.509213
254.4		0.509213
254.5		0.509213
254.6		0.509213
254.7		0.509213
254.8		0.509213
254.9		0.509213
255		0.509213
255.1		0.51097
255.2		0.51097
255.3		0.51097
255.4		0.51097
255.5		0.51097
255.6		0.51097
255.7		0.51097
255.8		0.51097
255.9		0.51097
256		0.51097
256.1		0.516754
256.2		0.516754
256.3		0.516754
256.4		0.516754
256.5		0.516754
256.6		0.516754
256.7		0.516754
256.8		0.516754
256.9		0.516754
257		0.516754
257.1		0.51921
257.2		0.51921
257.3		0.51921
257.4		0.51921
257.5		0.51921
257.6		0.51921
257.7		0.51921
257.8		0.51921
257.9		0.51921
258		0.51921
258.1		0.519909
258.2		0.519909
258.3		0.519909
258.4		0.519909
258.5		0.519909
258.6		0.519909
258.7		0.519909
258.8		0.519909
258.9		0.519909
259		0.519909
259.1		0.52238
259.2		0.52238
259.3		0.52238
259.4		0.52238
259.5		0.52238
259.6		0.52238
259.7		0.52238
259.8		0.52238
259.9		0.52238
260		0.52238
260.1		0.524735
260.2		0.524735
260.3		0.524735
260.4		0.524735
260.5		0.524735
260.6		0.524735
260.7		0.524735
260.8		0.524735
260.9		0.524735
261		0.524735
261.1		0.526406
261.2		0.526406
261.3		0.526406
261.4		0.526406
261.5		0.526406
261.6		0.526406
261.7		0.526406
261.8		0.526406
261.9		0.526406
262		0.526406
262.1		0.528805
262.2		0.528805
262.3		0.528805
262.4		0.528805
262.5		0.528805
262.6		0.528805
262.7		0.528805
262.8		0.528805
262.9		0.528805
263		0.528805
263.1		0.52977
263.2		0.52977
263.3		0.52977
263.4		0.52977
263.5		0.52977
263.6		0.52977
263.7		0.52977
263.8		0.52977
263.9		0.52977
264		0.52977
264.1		0.530159
264.2		0.530159
264.3		0.530159
264.4		0.530159
264.5		0.530159
264.6		0.530159
264.7		0.530159
264.8		0.530159
264.9		0.530159
265		0.530159
265.1		0.53505
265.2		0.53505
265.3		0.53505
265.4		0.53505
265.5		0.53505
265.6		0.53505
265.7		0.53505
265.8		0.53505
265.9		0.53505
266		0.53505
266.1		0.53801
266.2		0.53801
266.3		0.53801
266.4		0.53801
266.5		0.53801
266.6		0.53801
266.7		0.53801
266.8		0.53801
266.9		0.53801
267		0.53801
267.1		0.538586
267.2		0.538586
267.3		0.538586
267.4		0.538586
267.5		0.538586
267.6		0.538586
267.7		0.538586
267.8		0.538586
267.9		0.538586
268		0.538586
268.1		0.539883
268.2		0.539883
268.3		0.539883
268.4		0.539883
268.5		0.539883
268.6		0.539883
268.7		0.539883
268.8		0.539883
268.9		0.539883
269		0.539883
269.1		0.542274
269.2		0.542274
269.3		0.542274
269.4		0.542274
269.5		0.542274
269.6		0.542274
269.7		0.542274
269.8		0.542274
269.9		0.542274
270		0.542274
270.1		0.546135
270.2		0.546135
270.3		0.546135
270.4		0.546135
270.5		0.546135
270.6		0.546135
270.7		0.546135
270.8		0.546135
270.9		0.546135
271		0.546135
271.1		0.548634
271.2		0.548634
271.3		0.548634
271.4		0.548634
271.5		0.548634
271.6		0.548634
271.7		0.548634
271.8		0.548634
271.9		0.548634
272		0.548634
272.1		0.549549
272.2		0.549549
272.3		0.549549
272.4		0.549549
272.5		0.549549
272.6		0.549549
272.7		0.549549
272.8		0.549549
272.9		0.549549
273		0.549549
273.1		0.550291
273.2		0.550291
273.3		0.550291
273.4		0.550291
273.5		0.550291
273.6		0.550291
273.7		0.550291
273.8		0.550291
273.9		0.550291
274		0.550291
274.1		0.553172
274.2		0.553172
274.3		0.553172
274.4		0.553172
274.5		0.553172
274.6		0.553172
274.7		0.553172
274.8		0.553172
274.9		0.553172
275		0.553172
275.1		0.554858
275.2		0.554858
275.3		0.554858
275.4		0.554858
275.5		0.554858
275.6		0.554858
275.7		0.554858
275.8		0.554858
275.9		0.554858
276		0.554858
276.1		0.556313
276.2		0.556313
276.3		0.556313
276.4		0.556313
276.5		0.556313
276.6		0.556313
276.7		0.556313
276.8		0.556313
276.9		0.556313
277		0.556313
277.1		0.559568
277.2		0.559568
277.3		0.559568
277.4		0.559568
277.5		0.559568
277.6		0.559568
277.7		0.559568
277.8		0.559568
277.9		0.559568
278		0.559568
278.1		0.56263
278.2		0.56263
278.3		0.56263
278.4		0.56263
278.5		0.56263
278.6		0.56263
278.7		0.56263
278.8		0.56263
278.9		0.56263
279		0.56263
279.1		0.564884
279.2		0.564884
279.3		0.564884
279.4		0.564884
279.5		0.564884
279.6		0.564884
279.7		0.564884
279.8		0.564884
279.9		0.564884
280		0.564884
280.1		0.56536
280.2		0.56536
280.3		0.56536
280.4		0.56536
280.5		0.56536
280.6		0.56536
280.7		0.56536
280.8		0.56536
280.9		0.56536
281		0.56536
281.1		0.567038
281.2		0.567038
281.3		0.567038
281.4		0.567038
281.5		0.567038
281.6		0.567038
281.7		0.567038
281.8		0.567038
281.9		0.567038
282		0.567038
282.1		0.571424
282.2		0.571424
282.3		0.571424
282.4		0.571424
282.5		0.571424
282.6		0.571424
282.7		0.571424
282.8		0.571424
282.9		0.571424
283		0.571424
283.1		0.574428
283.2		0.574428
283.3		0.574428
283.4		0.574428
283.5		0.574428
283.6		0.574428
283.7		0.574428
283.8		0.574428
283.9		0.574428
284		0.574428
284.1		0.577381
284.2		0.577381
284.3		0.577381
284.4		0.577381
284.5		0.577381
284.6		0.577381
284.7		0.577381
284.8		0.577381
284.9		0.577381
285		0.577381
285.1		0.580392
285.2		0.580392
285.3		0.580392
285.4		0.580392
285.5		0.580392
285.6		0.580392
285.7		0.580392
285.8		0.580392
285.9		0.580392
286		0.580392
286.1		0.580615
286.2		0.580615
286.3		0.580615
286.4		0.580615
286.5		0.580615
286.6		0.580615
286.7		0.580615
286.8		0.580615
286.9		0.580615
287		0.580615
287.1		0.582805
287.2		0.582805
287.3		0.582805
287.4		0.582805
287.5		0.582805
287.6		0.582805
287.7		0.582805
287.8		0.582805
287.9		0.582805
288		0.582805
288.1		0.583129
288.2		0.583129
288.3		0.583129
288.4		0.583129
288.5		0.583129
288.6		0.583129
288.7		0.583129
288.8		0.583129
288.9		0.583129
289		0.583129
289.1		0.590786
289.2		0.590786
289.3		0.590786
289.4		0.590786
289.5		0.590786
289.6		0.590786
289.7		0.590786
289.8		0.590786
289.9		0.590786
290		0.590786
290.1		0.591557
290.2		0.591557
290.3		0.591557
290.4		0.591557
290.5		0.591557
290.6		0.591557
290.7		0.591557
290.8		0.591557
290.9		0.591557
291		0.591557
291.1		0.591787
291.2		0.591787
291.3		0.591787
291.4		0.591787
291.5		0.591787
291.6		0.591787
291.7		0.591787
291.8		0.591787
291.9		0.591787
292		0.591787
292.1		0.592471
292.2		0.592471
292.3		0.592471
292.4		0.592471
292.5		0.592471
292.6		0.592471
292.7		0.592471
292.8		0.592471
292.9		0.592471
293		0.592471
293.1		0.592471
293.2		0.592471
293.3		0.592471
293.4		0.592471
293.5		0.592471
293.6		0.592471
293.7		0.592471
293.8		0.592471
293.9		0.592471
294		0.592471
294.1		0.592471
294.2		0.592471
294.3		0.592471
294.4		0.592471
294.5		0.592471
294.6		0.592471
294.7		0.592471
294.8		0.592471
294.9		0.592471
295		0.592471
295.1		0.596981
295.2		0.596981
295.3		0.596981
295.4		0.596981
295.5		0.596981
295.6		0.596981
295.7		0.596981
295.8		0.596981
295.9		0.596981
296		0.596981
296.1		0.599365
296.2		0.599365
296.3		0.599365
296.4		0.599365
296.5		0.599365
296.6		0.599365
296.7		0.599365
296.8		0.599365
296.9		0.599365
297		0.599365
297.1		0.60141
297.2		0.60141
297.3		0.60141
297.4		0.60141
297.5		0.60141
297.6		0.60141
297.7		0.60141
297.8		0.60141
297.9		0.60141
298		0.60141
298.1		0.601922
298.2		0.601922
298.3		0.601922
298.4		0.601922
298.5		0.601922
298.6		0.601922
298.7		0.601922
298.8		0.601922
298.9		0.601922
299		0.601922
299.1		0.602188
299.2		0.602188
299.3		0.602188
299.4		0.602188
299.5		0.602188
299.6		0.602188
299.7		0.602188
299.8		0.602188
299.9		0.602188
300		0.602188
300.1		0.605725
300.2		0.605725
300.3		0.605725
300.4		0.605725
300.5		0.605725
300.6		0.605725
300.7		0.605725
300.8		0.605725
300.9		0.605725
301		0.605725
301.1		0.606834
301.2		0.606834
301.3		0.606834
301.4		0.606834
301.5		0.606834
301.6		0.606834
301.7		0.606834
301.8		0.606834
301.9		0.606834
302		0.606834
302.1		0.60875
302.2		0.60875
302.3		0.60875
302.4		0.60875
302.5		0.60875
302.6		0.60875
302.7		0.60875
302.8		0.60875
302.9		0.60875
303		0.60875
303.1		0.609823
303.2		0.609823
303.3		0.609823
303.4		0.609823
303.5		0.609823
303.6		0.609823
303.7		0.609823
303.8		0.609823
303.9		0.609823
304		0.609823
304.1		0.614642
304.2		0.614642
304.3		0.614642
304.4		0.614642
304.5		0.614642
304.6		0.614642
304.7		0.614642
304.8		0.614642
304.9		0.614642
305		0.614642
305.1		0.616724
305.2		0.616724
305.3		0.616724
305.4		0.616724
305.5		0.616724
305.6		0.616724
305.7		0.616724
305.8		0.616724
305.9		0.616724
306		0.616724
306.1		0.617876
306.2		0.617876
306.3		0.617876
306.4		0.617876
306.5		0.617876
306.6		0.617876
306.7		0.617876
306.8		0.617876
306.9		0.617876
307		0.617876
307.1		0.619922
307.2		0.619922
307.3		0.619922
307.4		0.619922
307.5		0.619922
307.6		0.619922
307.7		0.619922
307.8		0.619922
307.9		0.619922
308		0.619922
308.1		0.620145
308.2		0.620145
308.3		0.620145
308.4		0.620145
308.5		0.620145
308.6		0.620145
308.7		0.620145
308.8		0.620145
308.9		0.620145
309		0.620145
309.1		0.625569
309.2		0.625569
309.3		0.625569
309.4		0.625569
309.5		0.625569
309.6		0.625569
309.7		0.625569
309.8		0.625569
309.9		0.625569
310		0.625569
310.1		0.626916
310.2		0.626916
310.3		0.626916
310.4		0.626916
310.5		0.626916
310.6		0.626916
310.7		0.626916
310.8		0.626916
310.9		0.626916
311		0.626916
311.1		0.628558
311.2		0.628558
311.3		0.628558
311.4		0.628558
311.5		0.628558
311.6		0.628558
311.7		0.628558
311.8		0.628558
311.9		0.628558
312		0.628558
312.1		0.62961
312.2		0.62961
312.3		0.62961
312.4		0.62961
312.5		0.62961
312.6		0.62961
312.7		0.62961
312.8		0.62961
312.9		0.62961
313		0.62961
313.1		0.630755
313.2		0.630755
313.3		0.630755
313.4		0.630755
313.5		0.630755
313.6		0.630755
313.7		0.630755
313.8		0.630755
313.9		0.630755
314		0.630755
314.1		0.635624
314.2		0.635624
314.3		0.635624
314.4		0.635624
314.5		0.635624
314.6		0.635624
314.7		0.635624
314.8		0.635624
314.9		0.635624
315		0.635624
315.1		0.638246
315.2		0.638246
315.3		0.638246
315.4		0.638246
315.5		0.638246
315.6		0.638246
315.7		0.638246
315.8		0.638246
315.9		0.638246
316		0.638246
316.1		0.638534
316.2		0.638534
316.3		0.638534
316.4		0.638534
316.5		0.638534
316.6		0.638534
316.7		0.638534
316.8		0.638534
316.9		0.638534
317		0.638534
317.1		0.639968
317.2		0.639968
317.3		0.639968
317.4		0.639968
317.5		0.639968
317.6		0.639968
317.7		0.639968
317.8		0.639968
317.9		0.639968
318		0.639968
318.1		0.645687
318.2		0.645687
318.3		0.645687
318.4		0.645687
318.5		0.645687
318.6		0.645687
318.7		0.645687
318.8		0.645687
318.9		0.645687
319		0.645687
319.1		0.64694
319.2		0.64694
319.3		0.64694
319.4		0.64694
319.5		0.64694
319.6		0.64694
319.7		0.64694
319.8		0.64694
319.9		0.64694
320		0.64694
320.1		0.647524
320.2		0.647524
320.3		0.647524
320.4		0.647524
320.5		0.647524
320.6		0.647524
320.7		0.647524
320.8		0.647524
320.9		0.647524
321		0.647524
321.1		0.649807
321.2		0.649807
321.3		0.649807
321.4		0.649807
321.5		0.649807
321.6		0.649807
321.7		0.649807
321.8		0.649807
321.9		0.649807
322		0.649807
322.1		0.653495
322.2		0.653495
322.3		0.653495
322.4		0.653495
322.5		0.653495
322.6		0.653495
322.7		0.653495
322.8		0.653495
322.9		0.653495
323		0.653495
323.1		0.653646
323.2		0.653646
323.3		0.653646
323.4		0.653646
323.5		0.653646
323.6		0.653646
323.7		0.653646
323.8		0.653646
323.9		0.653646
324		0.653646
324.1		0.656743
324.2		0.656743
324.3		0.656743
324.4		0.656743
324.5		0.656743
324.6		0.656743
324.7		0.656743
324.8		0.656743
324.9		0.656743
325		0.656743
325.1		0.658177
325.2		0.658177
325.3		0.658177
325.4		0.658177
325.5		0.658177
325.6		0.658177
325.7		0.658177
325.8		0.658177
325.9		0.658177
326		0.658177
326.1		0.661072
326.2		0.661072
326.3		0.661072
326.4		0.661072
326.5		0.661072
326.6		0.661072
326.7		0.661072
326.8		0.661072
326.9		0.661072
327		0.661072
327.1		0.66386
327.2		0.66386
327.3		0.66386
327.4		0.66386
327.5		0.66386
327.6		0.66386
327.7		0.66386
327.8		0.66386
327.9		0.66386
328		0.66386
328.1		0.664126
328.2		0.664126
328.3		0.664126
328.4		0.664126
328.5		0.664126
328.6		0.664126
328.7		0.664126
328.8		0.664126
328.9		0.664126
329		0.664126
329.1		0.66435
329.2		0.66435
329.3		0.66435
329.4		0.66435
329.5		0.66435
329.6		0.66435
329.7		0.66435
329.8		0.66435
329.9		0.66435
330		0.66435
330.1		0.667922
330.2		0.667922
330.3		0.667922
330.4		0.667922
330.5		0.667922
330.6		0.667922
330.7		0.667922
330.8		0.667922
330.9		0.667922
331		0.667922
331.1		0.674247
331.2		0.674247
331.3		0.674247
331.4		0.674247
331.5		0.674247
331.6		0.674247
331.7		0.674247
331.8		0.674247
331.9		0.674247
332		0.674247
332.1		0.674556
332.2		0.674556
332.3		0.674556
332.4		0.674556
332.5		0.674556
332.6		0.674556
332.7		0.674556
332.8		0.674556
332.9		0.674556
333		0.674556
333.1		0.674996
333.2		0.674996
333.3		0.674996
333.4		0.674996
333.5		0.674996
333.6		0.674996
333.7		0.674996
333.8		0.674996
333.9		0.674996
334		0.674996
334.1		0.675363
334.2		0.675363
334.3		0.675363
334.4		0.675363
334.5		0.675363
334.6		0.675363
334.7		0.675363
334.8		0.675363
334.9		0.675363
335		0.675363
335.1		0.680189
335.2		0.680189
335.3		0.680189
335.4		0.680189
335.5		0.680189
335.6		0.680189
335.7		0.680189
335.8		0.680189
335.9		0.680189
336		0.680189
336.1		0.682724
336.2		0.682724
336.3		0.682724
336.4		0.682724
336.5		0.682724
336.6		0.682724
336.7		0.682724
336.8		0.682724
336.9		0.682724
337		0.682724
337.1		0.686196
337.2		0.686196
337.3		0.686196
337.4		0.686196
337.5		0.686196
337.6		0.686196
337.7		0.686196
337.8		0.686196
337.9		0.686196
338		0.686196
338.1		0.687133
338.2		0.687133
338.3		0.687133
338.4		0.687133
338.5		0.687133
338.6		0.687133
338.7		0.687133
338.8		0.687133
338.9		0.687133
339		0.687133
339.1		0.687428
339.2		0.687428
339.3		0.687428
339.4		0.687428
339.5		0.687428
339.6		0.687428
339.7		0.687428
339.8		0.687428
339.9		0.687428
340		0.687428
340.1		0.688861
340.2		0.688861
340.3		0.688861
340.4		0.688861
340.5		0.688861
340.6		0.688861
340.7		0.688861
340.8		0.688861
340.9		0.688861
341		0.688861
341.1		0.692131
341.2		0.692131
341.3		0.692131
341.4		0.692131
341.5		0.692131
341.6		0.692131
341.7		0.692131
341.8		0.692131
341.9		0.692131
342		0.692131
342.1		0.694429
342.2		0.694429
342.3		0.694429
342.4		0.694429
342.5		0.694429
342.6		0.694429
342.7		0.694429
342.8		0.694429
342.9		0.694429
343		0.694429
343.1		0.697087
343.2		0.697087
343.3		0.697087
343.4		0.697087
343.5		0.697087
343.6		0.697087
343.7		0.697087
343.8		0.697087
343.9		0.697087
344		0.697087
344.1		0.701099
344.2		0.701099
344.3		0.701099
344.4		0.701099
344.5		0.701099
344.6		0.701099
344.7		0.701099
344.8		0.701099
344.9		0.701099
345		0.701099
345.1		0.702403
345.2		0.702403
345.3		0.702403
345.4		0.702403
345.5		0.702403
345.6		0.702403
345.7		0.702403
345.8		0.702403
345.9		0.702403
346		0.702403
346.1		0.702763
346.2		0.702763
346.3		0.702763
346.4		0.702763
346.5		0.702763
346.6		0.702763
346.7		0.702763
346.8		0.702763
346.9		0.702763
347		0.702763
347.1		0.710456
347.2		0.710456
347.3		0.710456
347.4		0.710456
347.5		0.710456
347.6		0.710456
347.7		0.710456
347.8		0.710456
347.9		0.710456
348		0.710456
348.1		0.711976
348.2		0.711976
348.3		0.711976
348.4		0.711976
348.5		0.711976
348.6		0.711976
348.7		0.711976
348.8		0.711976
348.9		0.711976
349		0.711976
349.1		0.712228
349.2		0.712228
349.3		0.712228
349.4		0.712228
349.5		0.712228
349.6		0.712228
349.7		0.712228
349.8		0.712228
349.9		0.712228
350		0.712228
350.1		0.716276
350.2		0.716276
350.3		0.716276
350.4		0.716276
350.5		0.716276
350.6		0.716276
350.7		0.716276
350.8		0.716276
350.9		0.716276
351		0.716276
351.1		0.719812
351.2		0.719812
351.3		0.719812
351.4		0.719812
351.5		0.719812
351.6		0.719812
351.7		0.719812
351.8		0.719812
351.9		0.719812
352		0.719812
352.1		0.720396
352.2		0.720396
352.3		0.720396
352.4		0.720396
352.5		0.720396
352.6		0.720396
352.7		0.720396
352.8		0.720396
352.9		0.720396
353		0.720396
353.1		0.725323
353.2		0.725323
353.3		0.725323
353.4		0.725323
353.5		0.725323
353.6		0.725323
353.7		0.725323
353.8		0.725323
353.9		0.725323
354		0.725323
354.1		0.725323
354.2		0.725323
354.3		0.725323
354.4		0.725323
354.5		0.725323
354.6		0.725323
354.7		0.725323
354.8		0.725323
354.9		0.725323
355		0.725323
355.1		0.726446
355.2		0.726446
355.3		0.726446
355.4		0.726446
355.5		0.726446
355.6		0.726446
355.7		0.726446
355.8		0.726446
355.9		0.726446
356		0.726446
356.1		0.727469
356.2		0.727469
356.3		0.727469
356.4		0.727469
356.5		0.727469
356.6		0.727469
356.7		0.727469
356.8		0.727469
356.9		0.727469
357		0.727469
357.1		0.727837
357.2		0.727837
357.3		0.727837
357.4		0.727837
357.5		0.727837
357.6		0.727837
357.7		0.727837
357.8		0.727837
357.9		0.727837
358		0.727837
358.1		0.731056
358.2		0.731056
358.3		0.731056
358.4		0.731056
358.5		0.731056
358.6		0.731056
358.7		0.731056
358.8		0.731056
358.9		0.731056
359		0.731056
359.1		0.73321
359.2		0.73321
359.3		0.73321
359.4		0.73321
359.5		0.73321
359.6		0.73321
359.7		0.73321
359.8		0.73321
359.9		0.73321
360		0.73321
360.1		0.73321
360.2		0.73321
360.3		0.73321
360.4		0.73321
360.5		0.73321
360.6		0.73321
360.7		0.73321
360.8		0.73321
360.9		0.73321
361		0.73321
361.1		0.736811
361.2		0.736811
361.3		0.736811
361.4		0.736811
361.5		0.736811
361.6		0.736811
361.7		0.736811
361.8		0.736811
361.9		0.736811
362		0.736811
362.1		0.737488
362.2		0.737488
362.3		0.737488
362.4		0.737488
362.5		0.737488
362.6		0.737488
362.7		0.737488
362.8		0.737488
362.9		0.737488
363		0.737488
363.1		0.738504
363.2		0.738504
363.3		0.738504
363.4		0.738504
363.5		0.738504
363.6		0.738504
363.7		0.738504
363.8		0.738504
363.9		0.738504
364		0.738504
364.1		0.742811
364.2		0.742811
364.3		0.742811
364.4		0.742811
364.5		0.742811
364.6		0.742811
364.7		0.742811
364.8		0.742811
364.9		0.742811
365		0.742811
365.1		0.743589
365.2		0.743589
365.3		0.743589
365.4		0.743589
365.5		0.743589
365.6		0.743589
365.7		0.743589
365.8		0.743589
365.9		0.743589
366		0.743589
366.1		0.745815
366.2		0.745815
366.3		0.745815
366.4		0.745815
366.5		0.745815
366.6		0.745815
366.7		0.745815
366.8		0.745815
366.9		0.745815
367		0.745815
367.1		0.747962
367.2		0.747962
367.3		0.747962
367.4		0.747962
367.5		0.747962
367.6		0.747962
367.7		0.747962
367.8		0.747962
367.9		0.747962
368		0.747962
368.1		0.752355
368.2		0.752355
368.3		0.752355
368.4		0.752355
368.5		0.752355
368.6		0.752355
368.7		0.752355
368.8		0.752355
368.9		0.752355
369		0.752355
369.1		0.753609
369.2		0.753609
369.3		0.753609
369.4		0.753609
369.5		0.753609
369.6		0.753609
369.7		0.753609
369.8		0.753609
369.9		0.753609
370		0.753609
370.1		0.755251
370.2		0.755251
370.3		0.755251
370.4		0.755251
370.5		0.755251
370.6		0.755251
370.7		0.755251
370.8		0.755251
370.9		0.755251
371		0.755251
371.1		0.756411
371.2		0.756411
371.3		0.756411
371.4		0.756411
371.5		0.756411
371.6		0.756411
371.7		0.756411
371.8		0.756411
371.9		0.756411
372		0.756411
372.1		0.759904
372.2		0.759904
372.3		0.759904
372.4		0.759904
372.5		0.759904
372.6		0.759904
372.7		0.759904
372.8		0.759904
372.9		0.759904
373		0.759904
373.1		0.760142
373.2		0.760142
373.3		0.760142
373.4		0.760142
373.5		0.760142
373.6		0.760142
373.7		0.760142
373.8		0.760142
373.9		0.760142
374		0.760142
374.1		0.763138
374.2		0.763138
374.3		0.763138
374.4		0.763138
374.5		0.763138
374.6		0.763138
374.7		0.763138
374.8		0.763138
374.9		0.763138
375		0.763138
375.1		0.765738
375.2		0.765738
375.3		0.765738
375.4		0.765738
375.5		0.765738
375.6		0.765738
375.7		0.765738
375.8		0.765738
375.9		0.765738
376		0.765738
376.1		0.767604
376.2		0.767604
376.3		0.767604
376.4		0.767604
376.5		0.767604
376.6		0.767604
376.7		0.767604
376.8		0.767604
376.9		0.767604
377		0.767604
377.1		0.770881
377.2		0.770881
377.3		0.770881
377.4		0.770881
377.5		0.770881
377.6		0.770881
377.7		0.770881
377.8		0.770881
377.9		0.770881
378		0.770881
378.1		0.771083
378.2		0.771083
378.3		0.771083
378.4		0.771083
378.5		0.771083
378.6		0.771083
378.7		0.771083
378.8		0.771083
378.9		0.771083
379		0.771083
379.1		0.772588
379.2		0.772588
379.3		0.772588
379.4		0.772588
379.5		0.772588
379.6		0.772588
379.7		0.772588
379.8		0.772588
379.9		0.772588
380		0.772588
380.1		0.776031
380.2		0.776031
380.3		0.776031
380.4		0.776031
380.5		0.776031
380.6		0.776031
380.7		0.776031
380.8		0.776031
380.9		0.776031
381		0.776031
381.1		0.776737
381.2		0.776737
381.3		0.776737
381.4		0.776737
381.5		0.776737
381.6		0.776737
381.7		0.776737
381.8		0.776737
381.9		0.776737
382		0.776737
382.1		0.781182
382.2		0.781182
382.3		0.781182
382.4		0.781182
382.5		0.781182
382.6		0.781182
382.7		0.781182
382.8		0.781182
382.9		0.781182
383		0.781182
383.1		0.782334
383.2		0.782334
383.3		0.782334
383.4		0.782334
383.5		0.782334
383.6		0.782334
383.7		0.782334
383.8		0.782334
383.9		0.782334
384		0.782334
384.1		0.784387
384.2		0.784387
384.3		0.784387
384.4		0.784387
384.5		0.784387
384.6		0.784387
384.7		0.784387
384.8		0.784387
384.9		0.784387
385		0.784387
385.1		0.786202
385.2		0.786202
385.3		0.786202
385.4		0.786202
385.5		0.786202
385.6		0.786202
385.7		0.786202
385.8		0.786202
385.9		0.786202
386		0.786202
386.1		0.788889
386.2		0.788889
386.3		0.788889
386.4		0.788889
386.5		0.788889
386.6		0.788889
386.7		0.788889
386.8		0.788889
386.9		0.788889
387		0.788889
387.1		0.790733
387.2		0.790733
387.3		0.790733
387.4		0.790733
387.5		0.790733
387.6		0.790733
387.7		0.790733
387.8		0.790733
387.9		0.790733
388		0.790733
388.1		0.792044
388.2		0.792044
388.3		0.792044
388.4		0.792044
388.5		0.792044
388.6		0.792044
388.7		0.792044
388.8		0.792044
388.9		0.792044
389		0.792044
389.1		0.794421
389.2		0.794421
389.3		0.794421
389.4		0.794421
389.5		0.794421
389.6		0.794421
389.7		0.794421
389.8		0.794421
389.9		0.794421
390		0.794421
390.1		0.79844
390.2		0.79844
390.3		0.79844
390.4		0.79844
390.5		0.79844
390.6		0.79844
390.7		0.79844
390.8		0.79844
390.9		0.79844
391		0.79844
391.1		0.799203
391.2		0.799203
391.3		0.799203
391.4		0.799203
391.5		0.799203
391.6		0.799203
391.7		0.799203
391.8		0.799203
391.9		0.799203
392		0.799203
392.1		0.799419
392.2		0.799419
392.3		0.799419
392.4		0.799419
392.5		0.799419
392.6		0.799419
392.7		0.799419
392.8		0.799419
392.9		0.799419
393		0.799419
393.1		0.80176
393.2		0.80176
393.3		0.80176
393.4		0.80176
393.5		0.80176
393.6		0.80176
393.7		0.80176
393.8		0.80176
393.9		0.80176
394		0.80176
394.1		0.807825
394.2		0.807825
394.3		0.807825
394.4		0.807825
394.5		0.807825
394.6		0.807825
394.7		0.807825
394.8		0.807825
394.9		0.807825
395		0.807825
395.1		0.808423
395.2		0.808423
395.3		0.808423
395.4		0.808423
395.5		0.808423
395.6		0.808423
395.7		0.808423
395.8		0.808423
395.9		0.808423
396		0.808423
396.1		0.808639
396.2		0.808639
396.3		0.808639
396.4		0.808639
396.5		0.808639
396.6		0.808639
396.7		0.808639
396.8		0.808639
396.9		0.808639
397		0.808639
397.1		0.808899
397.2		0.808899
397.3		0.808899
397.4		0.808899
397.5		0.808899
397.6		0.808899
397.7		0.808899
397.8		0.808899
397.9		0.808899
398		0.808899
398.1		0.813933
398.2		0.813933
398.3		0.813933
398.4		0.813933
398.5		0.813933
398.6		0.813933
398.7		0.813933
398.8		0.813933
398.9		0.813933
399		0.813933
399.1		0.814913
399.2		0.814913
399.3		0.814913
399.4		0.814913
399.5		0.814913
399.6		0.814913
399.7		0.814913
399.8		0.814913
399.9		0.814913
400		0.814913
400.1		0.818327
400.2		0.818327
400.3		0.818327
400.4		0.818327
400.5		0.818327
400.6		0.818327
400.7		0.818327
400.8		0.818327
400.9		0.818327
401		0.818327
401.1		0.819523
401.2		0.819523
401.3		0.819523
401.4		0.819523
401.5		0.819523
401.6		0.819523
401.7		0.819523
401.8		0.819523
401.9		0.819523
402		0.819523
402.1		0.82334
402.2		0.82334
402.3		0.82334
402.4		0.82334
402.5		0.82334
402.6		0.82334
402.7		0.82334
402.8		0.82334
402.9		0.82334
403		0.82334
403.1		0.824147
403.2		0.824147
403.3		0.824147
403.4		0.824147
403.5		0.824147
403.6		0.824147
403.7		0.824147
403.8		0.824147
403.9		0.824147
404		0.824147
404.1		0.824795
404.2		0.824795
404.3		0.824795
404.4		0.824795
404.5		0.824795
404.6		0.824795
404.7		0.824795
404.8		0.824795
404.9		0.824795
405		0.824795
405.1		0.826286
405.2		0.826286
405.3		0.826286
405.4		0.826286
405.5		0.826286
405.6		0.826286
405.7		0.826286
405.8		0.826286
405.9		0.826286
406		0.826286
406.1		0.831228
406.2		0.831228
406.3		0.831228
406.4		0.831228
406.5		0.831228
406.6		0.831228
406.7		0.831228
406.8		0.831228
406.9		0.831228
407		0.831228
407.1		0.83408
407.2		0.83408
407.3		0.83408
407.4		0.83408
407.5		0.83408
407.6		0.83408
407.7		0.83408
407.8		0.83408
407.9		0.83408
408		0.83408
408.1		0.83524
408.2		0.83524
408.3		0.83524
408.4		0.83524
408.5		0.83524
408.6		0.83524
408.7		0.83524
408.8		0.83524
408.9		0.83524
409		0.83524
409.1		0.83596
409.2		0.83596
409.3		0.83596
409.4		0.83596
409.5		0.83596
409.6		0.83596
409.7		0.83596
409.8		0.83596
409.9		0.83596
410		0.83596
410.1		0.836651
410.2		0.836651
410.3		0.836651
410.4		0.836651
410.5		0.836651
410.6		0.836651
410.7		0.836651
410.8		0.836651
410.9		0.836651
411		0.836651
411.1		0.842227
411.2		0.842227
411.3		0.842227
411.4		0.842227
411.5		0.842227
411.6		0.842227
411.7		0.842227
411.8		0.842227
411.9		0.842227
412		0.842227
412.1		0.845295
412.2		0.845295
412.3		0.845295
412.4		0.845295
412.5		0.845295
412.6		0.845295
412.7		0.845295
412.8		0.845295
412.9		0.845295
413		0.845295
413.1		0.846354
413.2		0.846354
413.3		0.846354
413.4		0.846354
413.5		0.846354
413.6		0.846354
413.7		0.846354
413.8		0.846354
413.9		0.846354
414		0.846354
414.1		0.846563
414.2		0.846563
414.3		0.846563
414.4		0.846563
414.5		0.846563
414.6		0.846563
414.7		0.846563
414.8		0.846563
414.9		0.846563
415		0.846563
415.1		0.847528
415.2		0.847528
415.3		0.847528
415.4		0.847528
415.5		0.847528
415.6		0.847528
415.7		0.847528
415.8		0.847528
415.9		0.847528
416		0.847528
416.1		0.852829
416.2		0.852829
416.3		0.852829
416.4		0.852829
416.5		0.852829
416.6		0.852829
416.7		0.852829
416.8		0.852829
416.9		0.852829
417		0.852829
417.1		0.854781
417.2		0.854781
417.3		0.854781
417.4		0.854781
417.5		0.854781
417.6		0.854781
417.7		0.854781
417.8		0.854781
417.9		0.854781
418		0.854781
418.1		0.856013
418.2		0.856013
418.3		0.856013
418.4		0.856013
418.5		0.856013
418.6		0.856013
418.7		0.856013
418.8		0.856013
418.9		0.856013
419		0.856013
419.1		0.857086
419.2		0.857086
419.3		0.857086
419.4		0.857086
419.5		0.857086
419.6		0.857086
419.7		0.857086
419.8		0.857086
419.9		0.857086
420		0.857086
420.1		0.860371
420.2		0.860371
420.3		0.860371
420.4		0.860371
420.5		0.860371
420.6		0.860371
420.7		0.860371
420.8		0.860371
420.9		0.860371
421		0.860371
421.1		0.86251
421.2		0.86251
421.3		0.86251
421.4		0.86251
421.5		0.86251
421.6		0.86251
421.7		0.86251
421.8		0.86251
421.9		0.86251
422		0.86251
422.1		0.865017
422.2		0.865017
422.3		0.865017
422.4		0.865017
422.5		0.865017
422.6		0.865017
422.7		0.865017
422.8		0.865017
422.9		0.865017
423		0.865017
423.1		0.866839
423.2		0.866839
423.3		0.866839
423.4		0.866839
423.5		0.866839
423.6		0.866839
423.7		0.866839
423.8		0.866839
423.9		0.866839
424		0.866839
424.1		0.87021
424.2		0.87021
424.3		0.87021
424.4		0.87021
424.5		0.87021
424.6		0.87021
424.7		0.87021
424.8		0.87021
424.9		0.87021
425		0.87021
425.1		0.871867
425.2		0.871867
425.3		0.871867
425.4		0.871867
425.5		0.871867
425.6		0.871867
425.7		0.871867
425.8		0.871867
425.9		0.871867
426		0.871867
426.1		0.873459
426.2		0.873459
426.3		0.873459
426.4		0.873459
426.5		0.873459
426.6		0.873459
426.7		0.873459
426.8		0.873459
426.9		0.873459
427		0.873459
427.1		0.87608
427.2		0.87608
427.3		0.87608
427.4		0.87608
427.5		0.87608
427.6		0.87608
427.7		0.87608
427.8		0.87608
427.9		0.87608
428		0.87608
428.1		0.879502
428.2		0.879502
428.3		0.879502
428.4		0.879502
428.5		0.879502
428.6		0.879502
428.7		0.879502
428.8		0.879502
428.9		0.879502
429		0.879502
429.1		0.880755
429.2		0.880755
429.3		0.880755
429.4		0.880755
429.5		0.880755
429.6		0.880755
429.7		0.880755
429.8		0.880755
429.9		0.880755
430		0.880755
430.1		0.881036
430.2		0.881036
430.3		0.881036
430.4		0.881036
430.5		0.881036
430.6		0.881036
430.7		0.881036
430.8		0.881036
430.9		0.881036
431		0.881036
431.1		0.881403
431.2		0.881403
431.3		0.881403
431.4		0.881403
431.5		0.881403
431.6		0.881403
431.7		0.881403
431.8		0.881403
431.9		0.881403
432		0.881403
432.1		0.887259
432.2		0.887259
432.3		0.887259
432.4		0.887259
432.5		0.887259
432.6		0.887259
432.7		0.887259
432.8		0.887259
432.9		0.887259
433		0.887259
433.1		0.889816
433.2		0.889816
433.3		0.889816
433.4		0.889816
433.5		0.889816
433.6		0.889816
433.7		0.889816
433.8		0.889816
433.9		0.889816
434		0.889816
434.1		0.891538
434.2		0.891538
434.3		0.891538
434.4		0.891538
434.5		0.891538
434.6		0.891538
434.7		0.891538
434.8		0.891538
434.9		0.891538
435		0.891538
435.1		0.892654
435.2		0.892654
435.3		0.892654
435.4		0.892654
435.5		0.892654
435.6		0.892654
435.7		0.892654
435.8		0.892654
435.9		0.892654
436		0.892654
436.1		0.893555
436.2		0.893555
436.3		0.893555
436.4		0.893555
436.5		0.893555
436.6		0.893555
436.7		0.893555
436.8		0.893555
436.9		0.893555
437		0.893555
437.1		0.895082
437.2		0.895082
437.3		0.895082
437.4		0.895082
437.5		0.895082
437.6		0.895082
437.7		0.895082
437.8		0.895082
437.9		0.895082
438		0.895082
438.1		0.899497
438.2		0.899497
438.3		0.899497
438.4		0.899497
438.5		0.899497
438.6		0.899497
438.7		0.899497
438.8		0.899497
438.9		0.899497
439		0.899497
439.1		0.902429
439.2		0.902429
439.3		0.902429
439.4		0.902429
439.5		0.902429
439.6		0.902429
439.7		0.902429
439.8		0.902429
439.9		0.902429
440		0.902429
440.1		0.903466
440.2		0.903466
440.3		0.903466
440.4		0.903466
440.5		0.903466
440.6		0.903466
440.7		0.903466
440.8		0.903466
440.9		0.903466
441		0.903466
441.1		0.90428
441.2		0.90428
441.3		0.90428
441.4		0.90428
441.5		0.90428
441.6		0.90428
441.7		0.90428
441.8		0.90428
441.9		0.90428
442		0.90428
442.1		0.907982
442.2		0.907982
442.3		0.907982
442.4		0.907982
442.5		0.907982
442.6		0.907982
442.7		0.907982
442.8		0.907982
442.9		0.907982
443		0.907982
443.1		0.9092
443.2		0.9092
443.3		0.9092
443.4		0.9092
443.5		0.9092
443.6		0.9092
443.7		0.9092
443.8		0.9092
443.9		0.9092
444		0.9092
444.1		0.910683
444.2		0.910683
444.3		0.910683
444.4		0.910683
444.5		0.910683
444.6		0.910683
444.7		0.910683
444.8		0.910683
444.9		0.910683
445		0.910683
445.1		0.914141
445.2		0.914141
445.3		0.914141
445.4		0.914141
445.5		0.914141
445.6		0.914141
445.7		0.914141
445.8		0.914141
445.9		0.914141
446		0.914141
446.1		0.917152
446.2		0.917152
446.3		0.917152
446.4		0.917152
446.5		0.917152
446.6		0.917152
446.7		0.917152
446.8		0.917152
446.9		0.917152
447		0.917152
447.1		0.918916
447.2		0.918916
447.3		0.918916
447.4		0.918916
447.5		0.918916
447.6		0.918916
447.7		0.918916
447.8		0.918916
447.9		0.918916
448		0.918916
448.1		0.919075
448.2		0.919075
448.3		0.919075
448.4		0.919075
448.5		0.919075
448.6		0.919075
448.7		0.919075
448.8		0.919075
448.9		0.919075
449		0.919075
449.1		0.921502
449.2		0.921502
449.3		0.921502
449.4		0.921502
449.5		0.921502
449.6		0.921502
449.7		0.921502
449.8		0.921502
449.9		0.921502
450		0.921502
450.1		0.925694
450.2		0.925694
450.3		0.925694
450.4		0.925694
450.5		0.925694
450.6		0.925694
450.7		0.925694
450.8		0.925694
450.9		0.925694
451		0.925694
451.1		0.928345
451.2		0.928345
451.3		0.928345
451.4		0.928345
451.5		0.928345
451.6		0.928345
451.7		0.928345
451.8		0.928345
451.9		0.928345
452		0.928345
452.1		0.929037
452.2		0.929037
452.3		0.929037
452.4		0.929037
452.5		0.929037
452.6		0.929037
452.7		0.929037
452.8		0.929037
452.9		0.929037
453		0.929037
453.1		0.931435
453.2		0.931435
453.3		0.931435
453.4		0.931435
453.5		0.931435
453.6		0.931435
453.7		0.931435
453.8		0.931435
453.9		0.931435
454		0.931435
454.1		0.933711
454.2		0.933711
454.3		0.933711
454.4		0.933711
454.5		0.933711
454.6		0.933711
454.7		0.933711
454.8		0.933711
454.9		0.933711
455		0.933711
455.1		0.936499
455.2		0.936499
455.3		0.936499
455.4		0.936499
455.5		0.936499
455.6		0.936499
455.7		0.936499
455.8		0.936499
455.9		0.936499
456		0.936499
456.1		0.937003
456.2		0.937003
456.3		0.937003
456.4		0.937003
456.5		0.937003
456.6		0.937003
456.7		0.937003
456.8		0.937003
456.9		0.937003
457		0.937003
457.1		0.938213
457.2		0.938213
457.3		0.938213
457.4		0.938213
457.5		0.938213
457.6		0.938213
457.7		0.938213
457.8		0.938213
457.9		0.938213
458		0.938213
458.1		0.940432
458.2		0.940432
458.3		0.940432
458.4		0.940432
458.5		0.940432
458.6		0.940432
458.7		0.940432
458.8		0.940432
458.9		0.940432
459		0.940432
459.1		0.942852
459.2		0.942852
459.3		0.942852
459.4		0.942852
459.5		0.942852
459.6		0.942852
459.7		0.942852
459.8		0.942852
459.9		0.942852
460		0.942852
460.1		0.946381
460.2		0.946381
460.3		0.946381
460.4		0.946381
460.5		0.946381
460.6		0.946381
460.7		0.946381
460.8		0.946381
460.9		0.946381
461		0.946381
461.1		0.946525
461.2		0.946525
461.3		0.946525
461.4		0.946525
461.5		0.946525
461.6		0.946525
461.7		0.946525
461.8		0.946525
461.9		0.946525
462		0.946525
462.1		0.94919
462.2		0.94919
462.3		0.94919
462.4		0.94919
462.5		0.94919
462.6		0.94919
462.7		0.94919
462.8		0.94919
462.9		0.94919
463		0.94919
463.1		0.952756
463.2		0.952756
463.3		0.952756
463.4		0.952756
463.5		0.952756
463.6		0.952756
463.7		0.952756
463.8		0.952756
463.9		0.952756
464		0.952756
464.1		0.955061
464.2		0.955061
464.3		0.955061
464.4		0.955061
464.5		0.955061
464.6		0.955061
464.7		0.955061
464.8		0.955061
464.9		0.955061
465		0.955061
465.1		0.956883
465.2		0.956883
465.3		0.956883
465.4		0.956883
465.5		0.956883
465.6		0.956883
465.7		0.956883
465.8		0.956883
465.9		0.956883
466		0.956883
466.1		0.957899
466.2		0.957899
466.3		0.957899
466.4		0.957899
466.5		0.957899
466.6		0.957899
466.7		0.957899
466.8		0.957899
466.9		0.957899
467		0.957899
467.1		0.959159
467.2		0.959159
467.3		0.959159
467.4		0.959159
467.5		0.959159
467.6		0.959159
467.7		0.959159
467.8		0.959159
467.9		0.959159
468		0.959159
468.1		0.961932
468.2		0.961932
468.3		0.961932
468.4		0.961932
468.5		0.961932
468.6		0.961932
468.7		0.961932
468.8		0.961932
468.9		0.961932
469		0.961932
469.1		0.962826
469.2		0.962826
469.3		0.962826
469.4		0.962826
469.5		0.962826
469.6		0.962826
469.7		0.962826
469.8		0.962826
469.9		0.962826
470		0.962826
470.1		0.966369
470.2		0.966369
470.3		0.966369
470.4		0.966369
470.5		0.966369
470.6		0.966369
470.7		0.966369
470.8		0.966369
470.9		0.966369
471		0.966369
471.1		0.967644
471.2		0.967644
471.3		0.967644
471.4		0.967644
471.5		0.967644
471.6		0.967644
471.7		0.967644
471.8		0.967644
471.9		0.967644
472		0.967644
472.1		0.972514
472.2		0.972514
472.3		0.972514
472.4		0.972514
472.5		0.972514
472.6		0.972514
472.7		0.972514
472.8		0.972514
472.9		0.972514
473		0.972514
473.1		0.973839
473.2		0.973839
473.3		0.973839
473.4		0.973839
473.5		0.973839
473.6		0.973839
473.7		0.973839
473.8		0.973839
473.9		0.973839
474		0.973839
474.1		0.974948
474.2		0.974948
474.3		0.974948
474.4		0.974948
474.5		0.974948
474.6		0.974948
474.7		0.974948
474.8		0.974948
474.9		0.974948
475		0.974948
475.1		0.975784
475.2		0.975784
475.3		0.975784
475.4		0.975784
475.5		0.975784
475.6		0.975784
475.7		0.975784
475.8		0.975784
475.9		0.975784
476		0.975784
476.1		0.980638
476.2		0.980638
476.3		0.980638
476.4		0.980638
476.5		0.980638
476.6		0.980638
476.7		0.980638
476.8		0.980638
476.9		0.980638
477		0.980638
477.1		0.981539
477.2		0.981539
477.3		0.981539
477.4		0.981539
477.5		0.981539
477.6		0.981539
477.7		0.981539
477.8		0.981539
477.9		0.981539
478		0.981539
478.1		0.98594
478.2		0.98594
478.3		0.98594
478.4		0.98594
478.5		0.98594
478.6		0.98594
478.7		0.98594
478.8		0.98594
478.9		0.98594
479		0.98594
479.1		0.987222
479.2		0.987222
479.3		0.987222
479.4		0.987222
479.5		0.987222
479.6		0.987222
479.7		0.987222
479.8		0.987222
479.9		0.987222
480		0.987222
480.1		0.987978
480.2		0.987978
480.3		0.987978
480.4		0.987978
480.5		0.987978
480.6		0.987978
480.7		0.987978
480.8		0.987978
480.9		0.987978
481		0.987978
481.1		0.991356
481.2		0.991356
481.3		0.991356
481.4		0.991356
481.5		0.991356
481.6		0.991356
481.7		0.991356
481.8		0.991356
481.9		0.991356
482		0.991356
482.1		0.991709
482.2		0.991709
482.3		0.991709
482.4		0.991709
482.5		0.991709
482.6		0.991709
482.7		0.991709
482.8		0.991709
482.9		0.991709
483		0.991709
483.1		0.992192
483.2		0.992192
483.3		0.992192
483.4		0.992192
483.5		0.992192
483.6		0.992192
483.7		0.992192
483.8		0.992192
483.9		0.992192
484		0.992192
484.1		0.999388
484.2		0.999388
484.3		0.999388
484.4		0.999388
484.5		0.999388
484.6		0.999388
484.7		0.999388
484.8		0.999388
484.9		0.999388
485		0.999388
485.1		0.999467
485.2		0.999467
485.3		0.999467
485.4		0.999467
485.5		0.999467
485.6		0.999467
485.7		0.999467
485.8		0.999467
485.9		0.999467
486		0.999467
486.1		0.999899
486.2		0.999899
486.3		0.999899
486.4		0.999899
486.5		0.999899
486.6		0.999899
486.7		0.999899
486.8		0.999899
486.9		0.999899
487		0.999899
487.1		1
487.2		1
487.3		1
487.4		1
487.5		1
487.6		1
487.7		1
487.8		1
487.9		1
488		1
488.1		1
488.2		1
488.3		1
488.4		1
488.5		1
488.6		1
488.7		1
488.8		1
488.9		1
489		1
489.1		1
489.2		1
489.3		1
489.4		1
489.5		1
489.6		1
489.7		1
489.8		1
489.9		1
490		1
490.1		1
490.2		1
490.3		1
490.4		1
490.5		1
490.6		1
490.7		1
490.8		1
490.9		1
491		1
491.1		1
491.2		1
491.3		1
491.4		1
491.5		1
491.6		1
491.7		1
491.8		1
491.9		1
492		1
492.1		1
492.2		1
492.3		1
492.4		1
492.5		1
492.6		1
492.7		1
492.8		1
492.9		1
493		1
493.1		1
493.2		1
493.3		1
493.4		1
493.5		1
493.6		1
493.7		1
493.8		1
493.9		1
494		1
494.1		1
494.2		1
494.3		1
494.4		1
494.5		1
494.6		1
494.7		1
494.8		1
494.9		1
495		1
495.1		1
495.2		1
495.3		1
495.4		1
495.5		1
495.6		1
495.7		1
495.8		1
495.9		1
496		1
496.1		1
496.2		1
496.3		1
496.4		1
496.5		1
496.6		1
496.7		1
496.8		1
496.9		1
497		1
497.1		1
497.2		1
497.3		1
497.4		1
497.5		1
497.6		1
497.7		1
497.8		1
497.9		1
498		1
498.1		1
498.2		1
498.3		1
498.4		1
498.5		1
498.6		1
498.7		1
498.8		1
498.9		1
499		1
499.1		1
499.2		1
499.3		1
499.4		1
499.5		1
499.6		1
499.7		1
499.8		1
499.9		1
500		1
500.1		1
500.2		1
500.3		1
500.4		1
500.5		1
500.6		1
500.7		1
500.8		1
500.9		1
501		1
501.1		1
501.2		1
501.3		1
501.4		1
501.5		1
501.6		1
501.7		1
501.8		1
501.9		1
502		1
502.1		1
502.2		1
502.3		1
502.4		1
502.5		1
502.6		1
502.7		1
502.8		1
502.9		1
503		1
503.1		1
503.2		1
503.3		1
503.4		1
503.5		1
503.6		1
503.7		1
503.8		1
503.9		1
504		1
504.1		1
504.2		1
504.3		1
504.4		1
504.5		1
504.6		1
504.7		1
504.8		1
504.9		1
505		1
505.1		1
505.2		1
505.3		1
505.4		1
505.5		1
505.6		1
505.7		1
505.8		1
505.9		1
506		1
506.1		1
506.2		1
506.3		1
506.4		1
506.5		1
506.6		1
506.7		1
506.8		1
506.9		1
507		1
507.1		1
507.2		1
507.3		1
507.4		1
507.5		1
507.6		1
507.7		1
507.8		1
507.9		1
508		1
508.1		1
508.2		1
508.3		1
508.4		1
508.5		1
508.6		1
508.7		1
508.8		1
508.9		1
509		1
509.1		1
509.2		1
509.3		1
509.4		1
509.5		1
509.6		1
509.7		1
509.8		1
509.9		1
510		1
510.1		1
510.2		1
510.3		1
510.4		1
510.5		1
510.6		1
510.7		1
510.8		1
510.9		1
511		1
511.1		1
511.2		1
511.3		1
511.4		1
511.5		1
511.6		1
511.7		1
511.8		1
511.9		1
512		1
512.1		1
512.2		1
512.3		1
512.4		1
512.5		1
512.6		1
512.7		1
512.8		1
512.9		1
513		1
513.1		1
513.2		1
513.3		1
513.4		1
513.5		1
513.6		1
513.7		1
513.8		1
513.9		1
514		1
514.1		1
514.2		1
514.3		1
514.4		1
514.5		1
514.6		1
514.7		1
514.8		1
514.9		1
515		1
515.1		1
515.2		1
515.3		1
515.4		1
515.5		1
515.6		1
515.7		1
515.8		1
515.9		1
516		1
516.1		1
516.2		1
516.3		1
516.4		1
516.5		1
516.6		1
516.7		1
516.8		1
516.9		1
517		1
517.1		1
517.2		1
517.3		1
517.4		1
517.5		1
517.6		1
517.7		1
517.8		1
517.9		1
518		1
518.1		1
518.2		1
518.3		1
518.4		1
518.5		1
518.6		1
518.7		1
518.8		1
518.9		1
519		1
519.1		1
519.2		1
519.3		1
519.4		1
519.5		1
519.6		1
519.7		1
519.8		1
519.9		1
520		1
520.1		1
520.2		1
520.3		1
520.4		1
520.5		1
520.6		1
520.7		1
520.8		1
520.9		1
521		1
521.1		1
521.2		1
521.3		1
521.4		1
521.5		1
521.6		1
521.7		1
521.8		1
521.9		1
522		1
522.1		1
522.2		1
522.3		1
522.4		1
522.5		1
522.6		1
522.7		1
522.8		1
522.9		1
523		1
523.1		1
523.2		1
523.3		1
523.4		1
523.5		1
523.6		1
523.7		1
523.8		1
523.9		1
524		1
524.1		1
524.2		1
524.3		1
524.4		1
524.5		1
524.6		1
524.7		1
524.8		1
524.9		1
525		1
525.1		1
525.2		1
525.3		1
525.4		1
525.5		1
525.6		1
525.7		1
525.8		1
525.9		1
526		1
526.1		1
526.2		1
526.3		1
526.4		1
526.5		1
526.6		1
526.7		1
526.8		1
526.9		1
527		1
527.1		1
527.2		1
527.3		1
527.4		1
527.5		1
527.6		1
527.7		1
527.8		1
527.9		1
528		1
528.1		1
528.2		1
528.3		1
528.4		1
528.5		1
528.6		1
528.7		1
528.8		1
528.9		1
529		1
529.1		1
529.2		1
529.3		1
529.4		1
529.5		1
529.6		1
529.7		1
529.8		1
529.9		1
530		1
530.1		1
530.2		1
530.3		1
530.4		1
530.5		1
530.6		1
530.7		1
530.8		1
530.9		1
531		1
531.1		1
531.2		1
531.3		1
531.4		1
531.5		1
531.6		1
531.7		1
531.8		1
531.9		1
532		1
532.1		1
532.2		1
532.3		1
532.4		1
532.5		1
532.6		1
532.7		1
532.8		1
532.9		1
533		1
533.1		1
533.2		1
533.3		1
533.4		1
533.5		1
533.6		1
533.7		1
533.8		1
533.9		1
534		1
534.1		1
534.2		1
534.3		1
534.4		1
534.5		1
534.6		1
534.7		1
534.8		1
534.9		1
535		1
535.1		1
535.2		1
535.3		1
535.4		1
535.5		1
535.6		1
535.7		1
535.8		1
535.9		1
536		1
536.1		1
536.2		1
536.3		1
536.4		1
536.5		1
536.6		1
536.7		1
536.8		1
536.9		1
537		1
537.1		1
537.2		1
537.3		1
537.4		1
537.5		1
537.6		1
537.7		1
537.8		1
537.9		1
538		1
538.1		1
538.2		1
538.3		1
538.4		1
538.5		1
538.6		1
538.7		1
538.8		1
538.9		1
539		1
539.1		1
539.2		1
539.3		1
539.4		1
539.5		1
539.6		1
539.7		1
539.8		1
539.9		1
540		1
540.1		1
540.2		1
540.3		1
540.4		1
540.5		1
540.6		1
540.7		1
540.8		1
540.9		1
541		1
541.1		1
541.2		1
541.3		1
541.4		1
541.5		1
541.6		1
541.7		1
541.8		1
541.9		1
542		1
542.1		1
542.2		1
542.3		1
542.4		1
542.5		1
542.6		1
542.7		1
542.8		1
542.9		1
543		1
543.1		1
543.2		1
543.3		1
543.4		1
543.5		1
543.6		1
543.7		1
543.8		1
543.9		1
544		1
544.1		1
544.2		1
544.3		1
544.4		1
544.5		1
544.6		1
544.7		1
544.8		1
544.9		1
545		1
545.1		1
545.2		1
545.3		1
545.4		1
545.5		1
545.6		1
545.7		1
545.8		1
545.9		1
546		1
546.1		1
546.2		1
546.3		1
546.4		1
546.5		1
546.6		1
546.7		1
546.8		1
546.9		1
547		1
547.1		1
547.2		1
547.3		1
547.4		1
547.5		1
547.6		1
547.7		1
547.8		1
547.9		1
548		1
548.1		1
548.2		1
548.3		1
548.4		1
548.5		1
548.6		1
548.7		1
548.8		1
548.9		1
549		1
549.1		1
549.2		1
549.3		1
549.4		1
549.5		1
549.6		1
549.7		1
549.8		1
549.9		1
550		1
550.1		1
550.2		1
550.3		1
550.4		1
550.5		1
550.6		1
550.7		1
550.8		1
550.9		1
551		1
551.1		1
551.2		1
551.3		1
551.4		1
551.5		1
551.6		1
551.7		1
551.8		1
551.9		1
552		1
552.1		1
552.2		1
552.3		1
552.4		1
552.5		1
552.6		1
552.7		1
552.8		1
552.9		1
553		1
553.1		1
553.2		1
553.3		1
553.4		1
553.5		1
553.6		1
553.7		1
553.8		1
553.9		1
554		1
554.1		1
554.2		1
554.3		1
554.4		1
554.5		1
554.6		1
554.7		1
554.8		1
554.9		1
555		1
555.1		1
555.2		1
555.3		1
555.4		1
555.5		1
555.6		1
555.7		1
555.8		1
555.9		1
556		1
556.1		1
556.2		1
556.3		1
556.4		1
556.5		1
556.6		1
556.7		1
556.8		1
556.9		1
557		1
557.1		1
557.2		1
557.3		1
557.4		1
557.5		1
557.6		1
557.7		1
557.8		1
557.9		1
558		1
558.1		1
558.2		1
558.3		1
558.4		1
558.5		1
558.6		1
558.7		1
558.8		1
558.9		1
559		1
559.1		1
559.2		1
559.3		1
559.4		1
559.5		1
559.6		1
559.7		1
559.8		1
559.9		1
560		1
560.1		1
560.2		1
560.3		1
560.4		1
560.5		1
560.6		1
560.7		1
560.8		1
560.9		1
561		1
561.1		1
561.2		1
561.3		1
561.4		1
561.5		1
561.6		1
561.7		1
561.8		1
561.9		1
562		1
562.1		1
562.2		1
562.3		1
562.4		1
562.5		1
562.6		1
562.7		1
562.8		1
562.9		1
563		1
563.1		1
563.2		1
563.3		1
563.4		1
563.5		1
563.6		1
563.7		1
563.8		1
563.9		1
564		1
564.1		1
564.2		1
564.3		1
564.4		1
564.5		1
564.6		1
564.7		1
564.8		1
564.9		1
565		1
565.1		1
565.2		1
565.3		1
565.4		1
565.5		1
565.6		1
565.7		1
565.8		1
565.9		1
566		1
566.1		1
566.2		1
566.3		1
566.4		1
566.5		1
566.6		1
566.7		1
566.8		1
566.9		1
567		1
567.1		1
567.2		1
567.3		1
567.4		1
567.5		1
567.6		1
567.7		1
567.8		1
567.9		1
568		1
568.1		1
568.2		1
568.3		1
568.4		1
568.5		1
568.6		1
568.7		1
568.8		1
568.9		1
569		1
569.1		1
569.2		1
569.3		1
569.4		1
569.5		1
569.6		1
569.7		1
569.8		1
569.9		1
570		1
570.1		1
570.2		1
570.3		1
570.4		1
570.5		1
570.6		1
570.7		1
570.8		1
570.9		1
571		1
571.1		1
571.2		1
571.3		1
571.4		1
571.5		1
571.6		1
571.7		1
571.8		1
571.9		1
572		1
572.1		1
572.2		1
572.3		1
572.4		1
572.5		1
572.6		1
572.7		1
572.8		1
572.9		1
573		1
573.1		1
573.2		1
573.3		1
573.4		1
573.5		1
573.6		1
573.7		1
573.8		1
573.9		1
574		1
574.1		1
574.2		1
574.3		1
574.4		1
574.5		1
574.6		1
574.7		1
574.8		1
574.9		1
575		1
575.1		1
575.2		1
575.3		1
575.4		1
575.5		1
575.6		1
575.7		1
575.8		1
575.9		1
576		1
576.1		1
576.2		1
576.3		1
576.4		1
576.5		1
576.6		1
576.7		1
576.8		1
576.9		1
577		1
577.1		1
577.2		1
577.3		1
577.4		1
577.5		1
577.6		1
577.7		1
577.8		1
577.9		1
578		1
578.1		1
578.2		1
578.3		1
578.4		1
578.5		1
578.6		1
578.7		1
578.8		1
578.9		1
579		1
579.1		1
579.2		1
579.3		1
579.4		1
579.5		1
579.6		1
579.7		1
579.8		1
579.9		1
580		1
580.1		1
580.2		1
580.3		1
580.4		1
580.5		1
580.6		1
580.7		1
580.8		1
580.9		1
581		1
581.1		1
581.2		1
581.3		1
581.4		1
581.5		1
581.6		1
581.7		1
581.8		1
581.9		1
582		1
582.1		1
582.2		1
582.3		1
582.4		1
582.5		1
582.6		1
582.7		1
582.8		1
582.9		1
583		1
583.1		1
583.2		1
583.3		1
583.4		1
583.5		1
583.6		1
583.7		1
583.8		1
583.9		1
584		1
584.1		1
584.2		1
584.3		1
584.4		1
584.5		1
584.6		1
584.7		1
584.8		1
584.9		1
585		1
585.1		1
585.2		1
585.3		1
585.4		1
585.5		1
585.6		1
585.7		1
585.8		1
585.9		1
586		1
586.1		1
586.2		1
586.3		1
586.4		1
586.5		1
586.6		1
586.7		1
586.8		1
586.9		1
587		1
587.1		1
587.2		1
587.3		1
587.4		1
587.5		1
587.6		1
587.7		1
587.8		1
587.9		1
588		1
588.1		1
588.2		1
588.3		1
588.4		1
588.5		1
588.6		1
588.7		1
588.8		1
588.9		1
589		1
589.1		1
589.2		1
589.3		1
589.4		1
589.5		1
589.6		1
589.7		1
589.8		1
589.9		1
590		1
590.1		1
590.2		1
590.3		1
590.4		1
590.5		1
590.6		1
590.7		1
590.8		1
590.9		1
591		1
591.1		1
591.2		1
591.3		1
591.4		1
591.5		1
591.6		1
591.7		1
591.8		1
591.9		1
592		1
592.1		1
592.2		1
592.3		1
592.4		1
592.5		1
592.6		1
592.7		1
592.8		1
592.9		1
593		1
593.1		1
593.2		1
593.3		1
593.4		1
593.5		1
593.6		1
593.7		1
593.8		1
593.9		1
594		1
594.1		1
594.2		1
594.3		1
594.4		1
594.5		1
594.6		1
594.7		1
594.8		1
594.9		1
595		1
595.1		1
595.2		1
595.3		1
595.4		1
595.5		1
595.6		1
595.7		1
595.8		1
595.9		1
596		1
596.1		1
596.2		1
596.3		1
596.4		1
596.5		1
596.6		1
596.7		1
596.8		1
596.9		1
597		1
597.1		1
597.2		1
597.3		1
597.4		1
597.5		1
597.6		1
597.7		1
597.8		1
597.9		1
598		1
598.1		1
598.2		1
598.3		1
598.4		1
598.5		1
598.6		1
598.7		1
598.8		1
598.9		1
599		1
599.1		1
599.2		1
599.3		1
599.4		1
599.5		1
599.6		1
599.7		1
599.8		1
599.9		1
600		1
