# Calibration file of tamex_id 1 @ channel 10
# fine_T bin		 Calibration value
0.1		0
0.2		0
0.3		0
0.4		0
0.5		0
0.6		0
0.7		0
0.8		0
0.9		0
1		0
1.1		0
1.2		0
1.3		0
1.4		0
1.5		0
1.6		0
1.7		0
1.8		0
1.9		0
2		0
2.1		0
2.2		0
2.3		0
2.4		0
2.5		0
2.6		0
2.7		0
2.8		0
2.9		0
3		0
3.1		0
3.2		0
3.3		0
3.4		0
3.5		0
3.6		0
3.7		0
3.8		0
3.9		0
4		0
4.1		0
4.2		0
4.3		0
4.4		0
4.5		0
4.6		0
4.7		0
4.8		0
4.9		0
5		0
5.1		0
5.2		0
5.3		0
5.4		0
5.5		0
5.6		0
5.7		0
5.8		0
5.9		0
6		0
6.1		0
6.2		0
6.3		0
6.4		0
6.5		0
6.6		0
6.7		0
6.8		0
6.9		0
7		0
7.1		0
7.2		0
7.3		0
7.4		0
7.5		0
7.6		0
7.7		0
7.8		0
7.9		0
8		0
8.1		0
8.2		0
8.3		0
8.4		0
8.5		0
8.6		0
8.7		0
8.8		0
8.9		0
9		0
9.1		0
9.2		0
9.3		0
9.4		0
9.5		0
9.6		0
9.7		0
9.8		0
9.9		0
10		0
10.1		0
10.2		0
10.3		0
10.4		0
10.5		0
10.6		0
10.7		0
10.8		0
10.9		0
11		0
11.1		0
11.2		0
11.3		0
11.4		0
11.5		0
11.6		0
11.7		0
11.8		0
11.9		0
12		0
12.1		0
12.2		0
12.3		0
12.4		0
12.5		0
12.6		0
12.7		0
12.8		0
12.9		0
13		0
13.1		0
13.2		0
13.3		0
13.4		0
13.5		0
13.6		0
13.7		0
13.8		0
13.9		0
14		0
14.1		0
14.2		0
14.3		0
14.4		0
14.5		0
14.6		0
14.7		0
14.8		0
14.9		0
15		0
15.1		0
15.2		0
15.3		0
15.4		0
15.5		0
15.6		0
15.7		0
15.8		0
15.9		0
16		0
16.1		0.00578318
16.2		0.00578318
16.3		0.00578318
16.4		0.00578318
16.5		0.00578318
16.6		0.00578318
16.7		0.00578318
16.8		0.00578318
16.9		0.00578318
17		0.00578318
17.1		0.00815194
17.2		0.00815194
17.3		0.00815194
17.4		0.00815194
17.5		0.00815194
17.6		0.00815194
17.7		0.00815194
17.8		0.00815194
17.9		0.00815194
18		0.00815194
18.1		0.0120145
18.2		0.0120145
18.3		0.0120145
18.4		0.0120145
18.5		0.0120145
18.6		0.0120145
18.7		0.0120145
18.8		0.0120145
18.9		0.0120145
19		0.0120145
19.1		0.0123986
19.2		0.0123986
19.3		0.0123986
19.4		0.0123986
19.5		0.0123986
19.6		0.0123986
19.7		0.0123986
19.8		0.0123986
19.9		0.0123986
20		0.0123986
20.1		0.0177764
20.2		0.0177764
20.3		0.0177764
20.4		0.0177764
20.5		0.0177764
20.6		0.0177764
20.7		0.0177764
20.8		0.0177764
20.9		0.0177764
21		0.0177764
21.1		0.0189074
21.2		0.0189074
21.3		0.0189074
21.4		0.0189074
21.5		0.0189074
21.6		0.0189074
21.7		0.0189074
21.8		0.0189074
21.9		0.0189074
22		0.0189074
22.1		0.0205506
22.2		0.0205506
22.3		0.0205506
22.4		0.0205506
22.5		0.0205506
22.6		0.0205506
22.7		0.0205506
22.8		0.0205506
22.9		0.0205506
23		0.0205506
23.1		0.0224072
23.2		0.0224072
23.3		0.0224072
23.4		0.0224072
23.5		0.0224072
23.6		0.0224072
23.7		0.0224072
23.8		0.0224072
23.9		0.0224072
24		0.0224072
24.1		0.0243491
24.2		0.0243491
24.3		0.0243491
24.4		0.0243491
24.5		0.0243491
24.6		0.0243491
24.7		0.0243491
24.8		0.0243491
24.9		0.0243491
25		0.0243491
25.1		0.0272941
25.2		0.0272941
25.3		0.0272941
25.4		0.0272941
25.5		0.0272941
25.6		0.0272941
25.7		0.0272941
25.8		0.0272941
25.9		0.0272941
26		0.0272941
26.1		0.031114
26.2		0.031114
26.3		0.031114
26.4		0.031114
26.5		0.031114
26.6		0.031114
26.7		0.031114
26.8		0.031114
26.9		0.031114
27		0.031114
27.1		0.0315408
27.2		0.0315408
27.3		0.0315408
27.4		0.0315408
27.5		0.0315408
27.6		0.0315408
27.7		0.0315408
27.8		0.0315408
27.9		0.0315408
28		0.0315408
28.1		0.0318182
28.2		0.0318182
28.3		0.0318182
28.4		0.0318182
28.5		0.0318182
28.6		0.0318182
28.7		0.0318182
28.8		0.0318182
28.9		0.0318182
29		0.0318182
29.1		0.0335681
29.2		0.0335681
29.3		0.0335681
29.4		0.0335681
29.5		0.0335681
29.6		0.0335681
29.7		0.0335681
29.8		0.0335681
29.9		0.0335681
30		0.0335681
30.1		0.0360222
30.2		0.0360222
30.3		0.0360222
30.4		0.0360222
30.5		0.0360222
30.6		0.0360222
30.7		0.0360222
30.8		0.0360222
30.9		0.0360222
31		0.0360222
31.1		0.0377934
31.2		0.0377934
31.3		0.0377934
31.4		0.0377934
31.5		0.0377934
31.6		0.0377934
31.7		0.0377934
31.8		0.0377934
31.9		0.0377934
32		0.0377934
32.1		0.0386897
32.2		0.0386897
32.3		0.0386897
32.4		0.0386897
32.5		0.0386897
32.6		0.0386897
32.7		0.0386897
32.8		0.0386897
32.9		0.0386897
33		0.0386897
33.1		0.0430218
33.2		0.0430218
33.3		0.0430218
33.4		0.0430218
33.5		0.0430218
33.6		0.0430218
33.7		0.0430218
33.8		0.0430218
33.9		0.0430218
34		0.0430218
34.1		0.0441955
34.2		0.0441955
34.3		0.0441955
34.4		0.0441955
34.5		0.0441955
34.6		0.0441955
34.7		0.0441955
34.8		0.0441955
34.9		0.0441955
35		0.0441955
35.1		0.0444516
35.2		0.0444516
35.3		0.0444516
35.4		0.0444516
35.5		0.0444516
35.6		0.0444516
35.7		0.0444516
35.8		0.0444516
35.9		0.0444516
36		0.0444516
36.1		0.0481434
36.2		0.0481434
36.3		0.0481434
36.4		0.0481434
36.5		0.0481434
36.6		0.0481434
36.7		0.0481434
36.8		0.0481434
36.9		0.0481434
37		0.0481434
37.1		0.0482501
37.2		0.0482501
37.3		0.0482501
37.4		0.0482501
37.5		0.0482501
37.6		0.0482501
37.7		0.0482501
37.8		0.0482501
37.9		0.0482501
38		0.0482501
38.1		0.0537345
38.2		0.0537345
38.3		0.0537345
38.4		0.0537345
38.5		0.0537345
38.6		0.0537345
38.7		0.0537345
38.8		0.0537345
38.9		0.0537345
39		0.0537345
39.1		0.0546095
39.2		0.0546095
39.3		0.0546095
39.4		0.0546095
39.5		0.0546095
39.6		0.0546095
39.7		0.0546095
39.8		0.0546095
39.9		0.0546095
40		0.0546095
40.1		0.0562313
40.2		0.0562313
40.3		0.0562313
40.4		0.0562313
40.5		0.0562313
40.6		0.0562313
40.7		0.0562313
40.8		0.0562313
40.9		0.0562313
41		0.0562313
41.1		0.0581733
41.2		0.0581733
41.3		0.0581733
41.4		0.0581733
41.5		0.0581733
41.6		0.0581733
41.7		0.0581733
41.8		0.0581733
41.9		0.0581733
42		0.0581733
42.1		0.0602006
42.2		0.0602006
42.3		0.0602006
42.4		0.0602006
42.5		0.0602006
42.6		0.0602006
42.7		0.0602006
42.8		0.0602006
42.9		0.0602006
43		0.0602006
43.1		0.0612036
43.2		0.0612036
43.3		0.0612036
43.4		0.0612036
43.5		0.0612036
43.6		0.0612036
43.7		0.0612036
43.8		0.0612036
43.9		0.0612036
44		0.0612036
44.1		0.0659411
44.2		0.0659411
44.3		0.0659411
44.4		0.0659411
44.5		0.0659411
44.6		0.0659411
44.7		0.0659411
44.8		0.0659411
44.9		0.0659411
45		0.0659411
45.1		0.0668374
45.2		0.0668374
45.3		0.0668374
45.4		0.0668374
45.5		0.0668374
45.6		0.0668374
45.7		0.0668374
45.8		0.0668374
45.9		0.0668374
46		0.0668374
46.1		0.0704652
46.2		0.0704652
46.3		0.0704652
46.4		0.0704652
46.5		0.0704652
46.6		0.0704652
46.7		0.0704652
46.8		0.0704652
46.9		0.0704652
47		0.0704652
47.1		0.071959
47.2		0.071959
47.3		0.071959
47.4		0.071959
47.5		0.071959
47.6		0.071959
47.7		0.071959
47.8		0.071959
47.9		0.071959
48		0.071959
48.1		0.0721724
48.2		0.0721724
48.3		0.0721724
48.4		0.0721724
48.5		0.0721724
48.6		0.0721724
48.7		0.0721724
48.8		0.0721724
48.9		0.0721724
49		0.0721724
49.1		0.0735595
49.2		0.0735595
49.3		0.0735595
49.4		0.0735595
49.5		0.0735595
49.6		0.0735595
49.7		0.0735595
49.8		0.0735595
49.9		0.0735595
50		0.0735595
50.1		0.0757362
50.2		0.0757362
50.3		0.0757362
50.4		0.0757362
50.5		0.0757362
50.6		0.0757362
50.7		0.0757362
50.8		0.0757362
50.9		0.0757362
51		0.0757362
51.1		0.0770593
51.2		0.0770593
51.3		0.0770593
51.4		0.0770593
51.5		0.0770593
51.6		0.0770593
51.7		0.0770593
51.8		0.0770593
51.9		0.0770593
52		0.0770593
52.1		0.0797055
52.2		0.0797055
52.3		0.0797055
52.4		0.0797055
52.5		0.0797055
52.6		0.0797055
52.7		0.0797055
52.8		0.0797055
52.9		0.0797055
53		0.0797055
53.1		0.0824797
53.2		0.0824797
53.3		0.0824797
53.4		0.0824797
53.5		0.0824797
53.6		0.0824797
53.7		0.0824797
53.8		0.0824797
53.9		0.0824797
54		0.0824797
54.1		0.0829279
54.2		0.0829279
54.3		0.0829279
54.4		0.0829279
54.5		0.0829279
54.6		0.0829279
54.7		0.0829279
54.8		0.0829279
54.9		0.0829279
55		0.0829279
55.1		0.0831199
55.2		0.0831199
55.3		0.0831199
55.4		0.0831199
55.5		0.0831199
55.6		0.0831199
55.7		0.0831199
55.8		0.0831199
55.9		0.0831199
56		0.0831199
56.1		0.0884336
56.2		0.0884336
56.3		0.0884336
56.4		0.0884336
56.5		0.0884336
56.6		0.0884336
56.7		0.0884336
56.8		0.0884336
56.9		0.0884336
57		0.0884336
57.1		0.0886044
57.2		0.0886044
57.3		0.0886044
57.4		0.0886044
57.5		0.0886044
57.6		0.0886044
57.7		0.0886044
57.8		0.0886044
57.9		0.0886044
58		0.0886044
58.1		0.092595
58.2		0.092595
58.3		0.092595
58.4		0.092595
58.5		0.092595
58.6		0.092595
58.7		0.092595
58.8		0.092595
58.9		0.092595
59		0.092595
59.1		0.0941101
59.2		0.0941101
59.3		0.0941101
59.4		0.0941101
59.5		0.0941101
59.6		0.0941101
59.7		0.0941101
59.8		0.0941101
59.9		0.0941101
60		0.0941101
60.1		0.0947717
60.2		0.0947717
60.3		0.0947717
60.4		0.0947717
60.5		0.0947717
60.6		0.0947717
60.7		0.0947717
60.8		0.0947717
60.9		0.0947717
61		0.0947717
61.1		0.0952198
61.2		0.0952198
61.3		0.0952198
61.4		0.0952198
61.5		0.0952198
61.6		0.0952198
61.7		0.0952198
61.8		0.0952198
61.9		0.0952198
62		0.0952198
62.1		0.0994665
62.2		0.0994665
62.3		0.0994665
62.4		0.0994665
62.5		0.0994665
62.6		0.0994665
62.7		0.0994665
62.8		0.0994665
62.9		0.0994665
63		0.0994665
63.1		0.103521
63.2		0.103521
63.3		0.103521
63.4		0.103521
63.5		0.103521
63.6		0.103521
63.7		0.103521
63.8		0.103521
63.9		0.103521
64		0.103521
64.1		0.106295
64.2		0.106295
64.3		0.106295
64.4		0.106295
64.5		0.106295
64.6		0.106295
64.7		0.106295
64.8		0.106295
64.9		0.106295
65		0.106295
65.1		0.106786
65.2		0.106786
65.3		0.106786
65.4		0.106786
65.5		0.106786
65.6		0.106786
65.7		0.106786
65.8		0.106786
65.9		0.106786
66		0.106786
66.1		0.108472
66.2		0.108472
66.3		0.108472
66.4		0.108472
66.5		0.108472
66.6		0.108472
66.7		0.108472
66.8		0.108472
66.9		0.108472
67		0.108472
67.1		0.112164
67.2		0.112164
67.3		0.112164
67.4		0.112164
67.5		0.112164
67.6		0.112164
67.7		0.112164
67.8		0.112164
67.9		0.112164
68		0.112164
68.1		0.11306
68.2		0.11306
68.3		0.11306
68.4		0.11306
68.5		0.11306
68.6		0.11306
68.7		0.11306
68.8		0.11306
68.9		0.11306
69		0.11306
69.1		0.114405
69.2		0.114405
69.3		0.114405
69.4		0.114405
69.5		0.114405
69.6		0.114405
69.7		0.114405
69.8		0.114405
69.9		0.114405
70		0.114405
70.1		0.116645
70.2		0.116645
70.3		0.116645
70.4		0.116645
70.5		0.116645
70.6		0.116645
70.7		0.116645
70.8		0.116645
70.9		0.116645
71		0.116645
71.1		0.118694
71.2		0.118694
71.3		0.118694
71.4		0.118694
71.5		0.118694
71.6		0.118694
71.7		0.118694
71.8		0.118694
71.9		0.118694
72		0.118694
72.1		0.122898
72.2		0.122898
72.3		0.122898
72.4		0.122898
72.5		0.122898
72.6		0.122898
72.7		0.122898
72.8		0.122898
72.9		0.122898
73		0.122898
73.1		0.123624
73.2		0.123624
73.3		0.123624
73.4		0.123624
73.5		0.123624
73.6		0.123624
73.7		0.123624
73.8		0.123624
73.9		0.123624
74		0.123624
74.1		0.124136
74.2		0.124136
74.3		0.124136
74.4		0.124136
74.5		0.124136
74.6		0.124136
74.7		0.124136
74.8		0.124136
74.9		0.124136
75		0.124136
75.1		0.128276
75.2		0.128276
75.3		0.128276
75.4		0.128276
75.5		0.128276
75.6		0.128276
75.7		0.128276
75.8		0.128276
75.9		0.128276
76		0.128276
76.1		0.129364
76.2		0.129364
76.3		0.129364
76.4		0.129364
76.5		0.129364
76.6		0.129364
76.7		0.129364
76.8		0.129364
76.9		0.129364
77		0.129364
77.1		0.129684
77.2		0.129684
77.3		0.129684
77.4		0.129684
77.5		0.129684
77.6		0.129684
77.7		0.129684
77.8		0.129684
77.9		0.129684
78		0.129684
78.1		0.132394
78.2		0.132394
78.3		0.132394
78.4		0.132394
78.5		0.132394
78.6		0.132394
78.7		0.132394
78.8		0.132394
78.9		0.132394
79		0.132394
79.1		0.135553
79.2		0.135553
79.3		0.135553
79.4		0.135553
79.5		0.135553
79.6		0.135553
79.7		0.135553
79.8		0.135553
79.9		0.135553
80		0.135553
80.1		0.136726
80.2		0.136726
80.3		0.136726
80.4		0.136726
80.5		0.136726
80.6		0.136726
80.7		0.136726
80.8		0.136726
80.9		0.136726
81		0.136726
81.1		0.138455
81.2		0.138455
81.3		0.138455
81.4		0.138455
81.5		0.138455
81.6		0.138455
81.7		0.138455
81.8		0.138455
81.9		0.138455
82		0.138455
82.1		0.140312
82.2		0.140312
82.3		0.140312
82.4		0.140312
82.5		0.140312
82.6		0.140312
82.7		0.140312
82.8		0.140312
82.9		0.140312
83		0.140312
83.1		0.140525
83.2		0.140525
83.3		0.140525
83.4		0.140525
83.5		0.140525
83.6		0.140525
83.7		0.140525
83.8		0.140525
83.9		0.140525
84		0.140525
84.1		0.143363
84.2		0.143363
84.3		0.143363
84.4		0.143363
84.5		0.143363
84.6		0.143363
84.7		0.143363
84.8		0.143363
84.9		0.143363
85		0.143363
85.1		0.147439
85.2		0.147439
85.3		0.147439
85.4		0.147439
85.5		0.147439
85.6		0.147439
85.7		0.147439
85.8		0.147439
85.9		0.147439
86		0.147439
86.1		0.148528
86.2		0.148528
86.3		0.148528
86.4		0.148528
86.5		0.148528
86.6		0.148528
86.7		0.148528
86.8		0.148528
86.9		0.148528
87		0.148528
87.1		0.148954
87.2		0.148954
87.3		0.148954
87.4		0.148954
87.5		0.148954
87.6		0.148954
87.7		0.148954
87.8		0.148954
87.9		0.148954
88		0.148954
88.1		0.150555
88.2		0.150555
88.3		0.150555
88.4		0.150555
88.5		0.150555
88.6		0.150555
88.7		0.150555
88.8		0.150555
88.9		0.150555
89		0.150555
89.1		0.153713
89.2		0.153713
89.3		0.153713
89.4		0.153713
89.5		0.153713
89.6		0.153713
89.7		0.153713
89.8		0.153713
89.9		0.153713
90		0.153713
90.1		0.155527
90.2		0.155527
90.3		0.155527
90.4		0.155527
90.5		0.155527
90.6		0.155527
90.7		0.155527
90.8		0.155527
90.9		0.155527
91		0.155527
91.1		0.159945
91.2		0.159945
91.3		0.159945
91.4		0.159945
91.5		0.159945
91.6		0.159945
91.7		0.159945
91.8		0.159945
91.9		0.159945
92		0.159945
92.1		0.160265
92.2		0.160265
92.3		0.160265
92.4		0.160265
92.5		0.160265
92.6		0.160265
92.7		0.160265
92.8		0.160265
92.9		0.160265
93		0.160265
93.1		0.161673
93.2		0.161673
93.3		0.161673
93.4		0.161673
93.5		0.161673
93.6		0.161673
93.7		0.161673
93.8		0.161673
93.9		0.161673
94		0.161673
94.1		0.16338
94.2		0.16338
94.3		0.16338
94.4		0.16338
94.5		0.16338
94.6		0.16338
94.7		0.16338
94.8		0.16338
94.9		0.16338
95		0.16338
95.1		0.16481
95.2		0.16481
95.3		0.16481
95.4		0.16481
95.5		0.16481
95.6		0.16481
95.7		0.16481
95.8		0.16481
95.9		0.16481
96		0.16481
96.1		0.170038
96.2		0.170038
96.3		0.170038
96.4		0.170038
96.5		0.170038
96.6		0.170038
96.7		0.170038
96.8		0.170038
96.9		0.170038
97		0.170038
97.1		0.172919
97.2		0.172919
97.3		0.172919
97.4		0.172919
97.5		0.172919
97.6		0.172919
97.7		0.172919
97.8		0.172919
97.9		0.172919
98		0.172919
98.1		0.173325
98.2		0.173325
98.3		0.173325
98.4		0.173325
98.5		0.173325
98.6		0.173325
98.7		0.173325
98.8		0.173325
98.9		0.173325
99		0.173325
99.1		0.174989
99.2		0.174989
99.3		0.174989
99.4		0.174989
99.5		0.174989
99.6		0.174989
99.7		0.174989
99.8		0.174989
99.9		0.174989
100		0.174989
100.1		0.17548
100.2		0.17548
100.3		0.17548
100.4		0.17548
100.5		0.17548
100.6		0.17548
100.7		0.17548
100.8		0.17548
100.9		0.17548
101		0.17548
101.1		0.176291
101.2		0.176291
101.3		0.176291
101.4		0.176291
101.5		0.176291
101.6		0.176291
101.7		0.176291
101.8		0.176291
101.9		0.176291
102		0.176291
102.1		0.182821
102.2		0.182821
102.3		0.182821
102.4		0.182821
102.5		0.182821
102.6		0.182821
102.7		0.182821
102.8		0.182821
102.9		0.182821
103		0.182821
103.1		0.184913
103.2		0.184913
103.3		0.184913
103.4		0.184913
103.5		0.184913
103.6		0.184913
103.7		0.184913
103.8		0.184913
103.9		0.184913
104		0.184913
104.1		0.185809
104.2		0.185809
104.3		0.185809
104.4		0.185809
104.5		0.185809
104.6		0.185809
104.7		0.185809
104.8		0.185809
104.9		0.185809
105		0.185809
105.1		0.187815
105.2		0.187815
105.3		0.187815
105.4		0.187815
105.5		0.187815
105.6		0.187815
105.7		0.187815
105.8		0.187815
105.9		0.187815
106		0.187815
106.1		0.188839
106.2		0.188839
106.3		0.188839
106.4		0.188839
106.5		0.188839
106.6		0.188839
106.7		0.188839
106.8		0.188839
106.9		0.188839
107		0.188839
107.1		0.190077
107.2		0.190077
107.3		0.190077
107.4		0.190077
107.5		0.190077
107.6		0.190077
107.7		0.190077
107.8		0.190077
107.9		0.190077
108		0.190077
108.1		0.193939
108.2		0.193939
108.3		0.193939
108.4		0.193939
108.5		0.193939
108.6		0.193939
108.7		0.193939
108.8		0.193939
108.9		0.193939
109		0.193939
109.1		0.195369
109.2		0.195369
109.3		0.195369
109.4		0.195369
109.5		0.195369
109.6		0.195369
109.7		0.195369
109.8		0.195369
109.9		0.195369
110		0.195369
110.1		0.195433
110.2		0.195433
110.3		0.195433
110.4		0.195433
110.5		0.195433
110.6		0.195433
110.7		0.195433
110.8		0.195433
110.9		0.195433
111		0.195433
111.1		0.199146
111.2		0.199146
111.3		0.199146
111.4		0.199146
111.5		0.199146
111.6		0.199146
111.7		0.199146
111.8		0.199146
111.9		0.199146
112		0.199146
112.1		0.202262
112.2		0.202262
112.3		0.202262
112.4		0.202262
112.5		0.202262
112.6		0.202262
112.7		0.202262
112.8		0.202262
112.9		0.202262
113		0.202262
113.1		0.203308
113.2		0.203308
113.3		0.203308
113.4		0.203308
113.5		0.203308
113.6		0.203308
113.7		0.203308
113.8		0.203308
113.9		0.203308
114		0.203308
114.1		0.205676
114.2		0.205676
114.3		0.205676
114.4		0.205676
114.5		0.205676
114.6		0.205676
114.7		0.205676
114.8		0.205676
114.9		0.205676
115		0.205676
115.1		0.207832
115.2		0.207832
115.3		0.207832
115.4		0.207832
115.5		0.207832
115.6		0.207832
115.7		0.207832
115.8		0.207832
115.9		0.207832
116		0.207832
116.1		0.208088
116.2		0.208088
116.3		0.208088
116.4		0.208088
116.5		0.208088
116.6		0.208088
116.7		0.208088
116.8		0.208088
116.9		0.208088
117		0.208088
117.1		0.213146
117.2		0.213146
117.3		0.213146
117.4		0.213146
117.5		0.213146
117.6		0.213146
117.7		0.213146
117.8		0.213146
117.9		0.213146
118		0.213146
118.1		0.213743
118.2		0.213743
118.3		0.213743
118.4		0.213743
118.5		0.213743
118.6		0.213743
118.7		0.213743
118.8		0.213743
118.9		0.213743
119		0.213743
119.1		0.213743
119.2		0.213743
119.3		0.213743
119.4		0.213743
119.5		0.213743
119.6		0.213743
119.7		0.213743
119.8		0.213743
119.9		0.213743
120		0.213743
120.1		0.217286
120.2		0.217286
120.3		0.217286
120.4		0.217286
120.5		0.217286
120.6		0.217286
120.7		0.217286
120.8		0.217286
120.9		0.217286
121		0.217286
121.1		0.21752
121.2		0.21752
121.3		0.21752
121.4		0.21752
121.5		0.21752
121.6		0.21752
121.7		0.21752
121.8		0.21752
121.9		0.21752
122		0.21752
122.1		0.21927
122.2		0.21927
122.3		0.21927
122.4		0.21927
122.5		0.21927
122.6		0.21927
122.7		0.21927
122.8		0.21927
122.9		0.21927
123		0.21927
123.1		0.222941
123.2		0.222941
123.3		0.222941
123.4		0.222941
123.5		0.222941
123.6		0.222941
123.7		0.222941
123.8		0.222941
123.9		0.222941
124		0.222941
124.1		0.223431
124.2		0.223431
124.3		0.223431
124.4		0.223431
124.5		0.223431
124.6		0.223431
124.7		0.223431
124.8		0.223431
124.9		0.223431
125		0.223431
125.1		0.22755
125.2		0.22755
125.3		0.22755
125.4		0.22755
125.5		0.22755
125.6		0.22755
125.7		0.22755
125.8		0.22755
125.9		0.22755
126		0.22755
126.1		0.229876
126.2		0.229876
126.3		0.229876
126.4		0.229876
126.5		0.229876
126.6		0.229876
126.7		0.229876
126.8		0.229876
126.9		0.229876
127		0.229876
127.1		0.229962
127.2		0.229962
127.3		0.229962
127.4		0.229962
127.5		0.229962
127.6		0.229962
127.7		0.229962
127.8		0.229962
127.9		0.229962
128		0.229962
128.1		0.232629
128.2		0.232629
128.3		0.232629
128.4		0.232629
128.5		0.232629
128.6		0.232629
128.7		0.232629
128.8		0.232629
128.9		0.232629
129		0.232629
129.1		0.236406
129.2		0.236406
129.3		0.236406
129.4		0.236406
129.5		0.236406
129.6		0.236406
129.7		0.236406
129.8		0.236406
129.9		0.236406
130		0.236406
130.1		0.23869
130.2		0.23869
130.3		0.23869
130.4		0.23869
130.5		0.23869
130.6		0.23869
130.7		0.23869
130.8		0.23869
130.9		0.23869
131		0.23869
131.1		0.240269
131.2		0.240269
131.3		0.240269
131.4		0.240269
131.5		0.240269
131.6		0.240269
131.7		0.240269
131.8		0.240269
131.9		0.240269
132		0.240269
132.1		0.240482
132.2		0.240482
132.3		0.240482
132.4		0.240482
132.5		0.240482
132.6		0.240482
132.7		0.240482
132.8		0.240482
132.9		0.240482
133		0.240482
133.1		0.242168
133.2		0.242168
133.3		0.242168
133.4		0.242168
133.5		0.242168
133.6		0.242168
133.7		0.242168
133.8		0.242168
133.9		0.242168
134		0.242168
134.1		0.243705
134.2		0.243705
134.3		0.243705
134.4		0.243705
134.5		0.243705
134.6		0.243705
134.7		0.243705
134.8		0.243705
134.9		0.243705
135		0.243705
135.1		0.245241
135.2		0.245241
135.3		0.245241
135.4		0.245241
135.5		0.245241
135.6		0.245241
135.7		0.245241
135.8		0.245241
135.9		0.245241
136		0.245241
136.1		0.251408
136.2		0.251408
136.3		0.251408
136.4		0.251408
136.5		0.251408
136.6		0.251408
136.7		0.251408
136.8		0.251408
136.9		0.251408
137		0.251408
137.1		0.251729
137.2		0.251729
137.3		0.251729
137.4		0.251729
137.5		0.251729
137.6		0.251729
137.7		0.251729
137.8		0.251729
137.9		0.251729
138		0.251729
138.1		0.252881
138.2		0.252881
138.3		0.252881
138.4		0.252881
138.5		0.252881
138.6		0.252881
138.7		0.252881
138.8		0.252881
138.9		0.252881
139		0.252881
139.1		0.253052
139.2		0.253052
139.3		0.253052
139.4		0.253052
139.5		0.253052
139.6		0.253052
139.7		0.253052
139.8		0.253052
139.9		0.253052
140		0.253052
140.1		0.257917
140.2		0.257917
140.3		0.257917
140.4		0.257917
140.5		0.257917
140.6		0.257917
140.7		0.257917
140.8		0.257917
140.9		0.257917
141		0.257917
141.1		0.260393
141.2		0.260393
141.3		0.260393
141.4		0.260393
141.5		0.260393
141.6		0.260393
141.7		0.260393
141.8		0.260393
141.9		0.260393
142		0.260393
142.1		0.263124
142.2		0.263124
142.3		0.263124
142.4		0.263124
142.5		0.263124
142.6		0.263124
142.7		0.263124
142.8		0.263124
142.9		0.263124
143		0.263124
143.1		0.264255
143.2		0.264255
143.3		0.264255
143.4		0.264255
143.5		0.264255
143.6		0.264255
143.7		0.264255
143.8		0.264255
143.9		0.264255
144		0.264255
144.1		0.264917
144.2		0.264917
144.3		0.264917
144.4		0.264917
144.5		0.264917
144.6		0.264917
144.7		0.264917
144.8		0.264917
144.9		0.264917
145		0.264917
145.1		0.266688
145.2		0.266688
145.3		0.266688
145.4		0.266688
145.5		0.266688
145.6		0.266688
145.7		0.266688
145.8		0.266688
145.9		0.266688
146		0.266688
146.1		0.267648
146.2		0.267648
146.3		0.267648
146.4		0.267648
146.5		0.267648
146.6		0.267648
146.7		0.267648
146.8		0.267648
146.9		0.267648
147		0.267648
147.1		0.271682
147.2		0.271682
147.3		0.271682
147.4		0.271682
147.5		0.271682
147.6		0.271682
147.7		0.271682
147.8		0.271682
147.9		0.271682
148		0.271682
148.1		0.273816
148.2		0.273816
148.3		0.273816
148.4		0.273816
148.5		0.273816
148.6		0.273816
148.7		0.273816
148.8		0.273816
148.9		0.273816
149		0.273816
149.1		0.273986
149.2		0.273986
149.3		0.273986
149.4		0.273986
149.5		0.273986
149.6		0.273986
149.7		0.273986
149.8		0.273986
149.9		0.273986
150		0.273986
150.1		0.277849
150.2		0.277849
150.3		0.277849
150.4		0.277849
150.5		0.277849
150.6		0.277849
150.7		0.277849
150.8		0.277849
150.9		0.277849
151		0.277849
151.1		0.278638
151.2		0.278638
151.3		0.278638
151.4		0.278638
151.5		0.278638
151.6		0.278638
151.7		0.278638
151.8		0.278638
151.9		0.278638
152		0.278638
152.1		0.282544
152.2		0.282544
152.3		0.282544
152.4		0.282544
152.5		0.282544
152.6		0.282544
152.7		0.282544
152.8		0.282544
152.9		0.282544
153		0.282544
153.1		0.28344
153.2		0.28344
153.3		0.28344
153.4		0.28344
153.5		0.28344
153.6		0.28344
153.7		0.28344
153.8		0.28344
153.9		0.28344
154		0.28344
154.1		0.284102
154.2		0.284102
154.3		0.284102
154.4		0.284102
154.5		0.284102
154.6		0.284102
154.7		0.284102
154.8		0.284102
154.9		0.284102
155		0.284102
155.1		0.285851
155.2		0.285851
155.3		0.285851
155.4		0.285851
155.5		0.285851
155.6		0.285851
155.7		0.285851
155.8		0.285851
155.9		0.285851
156		0.285851
156.1		0.289031
156.2		0.289031
156.3		0.289031
156.4		0.289031
156.5		0.289031
156.6		0.289031
156.7		0.289031
156.8		0.289031
156.9		0.289031
157		0.289031
157.1		0.29076
157.2		0.29076
157.3		0.29076
157.4		0.29076
157.5		0.29076
157.6		0.29076
157.7		0.29076
157.8		0.29076
157.9		0.29076
158		0.29076
158.1		0.292403
158.2		0.292403
158.3		0.292403
158.4		0.292403
158.5		0.292403
158.6		0.292403
158.7		0.292403
158.8		0.292403
158.9		0.292403
159		0.292403
159.1		0.29475
159.2		0.29475
159.3		0.29475
159.4		0.29475
159.5		0.29475
159.6		0.29475
159.7		0.29475
159.8		0.29475
159.9		0.29475
160		0.29475
160.1		0.295497
160.2		0.295497
160.3		0.295497
160.4		0.295497
160.5		0.295497
160.6		0.295497
160.7		0.295497
160.8		0.295497
160.9		0.295497
161		0.295497
161.1		0.298528
161.2		0.298528
161.3		0.298528
161.4		0.298528
161.5		0.298528
161.6		0.298528
161.7		0.298528
161.8		0.298528
161.9		0.298528
162		0.298528
162.1		0.301238
162.2		0.301238
162.3		0.301238
162.4		0.301238
162.5		0.301238
162.6		0.301238
162.7		0.301238
162.8		0.301238
162.9		0.301238
163		0.301238
163.1		0.301536
163.2		0.301536
163.3		0.301536
163.4		0.301536
163.5		0.301536
163.6		0.301536
163.7		0.301536
163.8		0.301536
163.9		0.301536
164		0.301536
164.1		0.303671
164.2		0.303671
164.3		0.303671
164.4		0.303671
164.5		0.303671
164.6		0.303671
164.7		0.303671
164.8		0.303671
164.9		0.303671
165		0.303671
165.1		0.304503
165.2		0.304503
165.3		0.304503
165.4		0.304503
165.5		0.304503
165.6		0.304503
165.7		0.304503
165.8		0.304503
165.9		0.304503
166		0.304503
166.1		0.307085
166.2		0.307085
166.3		0.307085
166.4		0.307085
166.5		0.307085
166.6		0.307085
166.7		0.307085
166.8		0.307085
166.9		0.307085
167		0.307085
167.1		0.310329
167.2		0.310329
167.3		0.310329
167.4		0.310329
167.5		0.310329
167.6		0.310329
167.7		0.310329
167.8		0.310329
167.9		0.310329
168		0.310329
168.1		0.311118
168.2		0.311118
168.3		0.311118
168.4		0.311118
168.5		0.311118
168.6		0.311118
168.7		0.311118
168.8		0.311118
168.9		0.311118
169		0.311118
169.1		0.313487
169.2		0.313487
169.3		0.313487
169.4		0.313487
169.5		0.313487
169.6		0.313487
169.7		0.313487
169.8		0.313487
169.9		0.313487
170		0.313487
170.1		0.317371
170.2		0.317371
170.3		0.317371
170.4		0.317371
170.5		0.317371
170.6		0.317371
170.7		0.317371
170.8		0.317371
170.9		0.317371
171		0.317371
171.1		0.317542
171.2		0.317542
171.3		0.317542
171.4		0.317542
171.5		0.317542
171.6		0.317542
171.7		0.317542
171.8		0.317542
171.9		0.317542
172		0.317542
172.1		0.317627
172.2		0.317627
172.3		0.317627
172.4		0.317627
172.5		0.317627
172.6		0.317627
172.7		0.317627
172.8		0.317627
172.9		0.317627
173		0.317627
173.1		0.321874
173.2		0.321874
173.3		0.321874
173.4		0.321874
173.5		0.321874
173.6		0.321874
173.7		0.321874
173.8		0.321874
173.9		0.321874
174		0.321874
174.1		0.323496
174.2		0.323496
174.3		0.323496
174.4		0.323496
174.5		0.323496
174.6		0.323496
174.7		0.323496
174.8		0.323496
174.9		0.323496
175		0.323496
175.1		0.327657
175.2		0.327657
175.3		0.327657
175.4		0.327657
175.5		0.327657
175.6		0.327657
175.7		0.327657
175.8		0.327657
175.9		0.327657
176		0.327657
176.1		0.329065
176.2		0.329065
176.3		0.329065
176.4		0.329065
176.5		0.329065
176.6		0.329065
176.7		0.329065
176.8		0.329065
176.9		0.329065
177		0.329065
177.1		0.3293
177.2		0.3293
177.3		0.3293
177.4		0.3293
177.5		0.3293
177.6		0.3293
177.7		0.3293
177.8		0.3293
177.9		0.3293
178		0.3293
178.1		0.330687
178.2		0.330687
178.3		0.330687
178.4		0.330687
178.5		0.330687
178.6		0.330687
178.7		0.330687
178.8		0.330687
178.9		0.330687
179		0.330687
179.1		0.33519
179.2		0.33519
179.3		0.33519
179.4		0.33519
179.5		0.33519
179.6		0.33519
179.7		0.33519
179.8		0.33519
179.9		0.33519
180		0.33519
180.1		0.335489
180.2		0.335489
180.3		0.335489
180.4		0.335489
180.5		0.335489
180.6		0.335489
180.7		0.335489
180.8		0.335489
180.9		0.335489
181		0.335489
181.1		0.34093
181.2		0.34093
181.3		0.34093
181.4		0.34093
181.5		0.34093
181.6		0.34093
181.7		0.34093
181.8		0.34093
181.9		0.34093
182		0.34093
182.1		0.341357
182.2		0.341357
182.3		0.341357
182.4		0.341357
182.5		0.341357
182.6		0.341357
182.7		0.341357
182.8		0.341357
182.9		0.341357
183		0.341357
183.1		0.342019
183.2		0.342019
183.3		0.342019
183.4		0.342019
183.5		0.342019
183.6		0.342019
183.7		0.342019
183.8		0.342019
183.9		0.342019
184		0.342019
184.1		0.342275
184.2		0.342275
184.3		0.342275
184.4		0.342275
184.5		0.342275
184.6		0.342275
184.7		0.342275
184.8		0.342275
184.9		0.342275
185		0.342275
185.1		0.347012
185.2		0.347012
185.3		0.347012
185.4		0.347012
185.5		0.347012
185.6		0.347012
185.7		0.347012
185.8		0.347012
185.9		0.347012
186		0.347012
186.1		0.347866
186.2		0.347866
186.3		0.347866
186.4		0.347866
186.5		0.347866
186.6		0.347866
186.7		0.347866
186.8		0.347866
186.9		0.347866
187		0.347866
187.1		0.351707
187.2		0.351707
187.3		0.351707
187.4		0.351707
187.5		0.351707
187.6		0.351707
187.7		0.351707
187.8		0.351707
187.9		0.351707
188		0.351707
188.1		0.352796
188.2		0.352796
188.3		0.352796
188.4		0.352796
188.5		0.352796
188.6		0.352796
188.7		0.352796
188.8		0.352796
188.9		0.352796
189		0.352796
189.1		0.353799
189.2		0.353799
189.3		0.353799
189.4		0.353799
189.5		0.353799
189.6		0.353799
189.7		0.353799
189.8		0.353799
189.9		0.353799
190		0.353799
190.1		0.353948
190.2		0.353948
190.3		0.353948
190.4		0.353948
190.5		0.353948
190.6		0.353948
190.7		0.353948
190.8		0.353948
190.9		0.353948
191		0.353948
191.1		0.356381
191.2		0.356381
191.3		0.356381
191.4		0.356381
191.5		0.356381
191.6		0.356381
191.7		0.356381
191.8		0.356381
191.9		0.356381
192		0.356381
192.1		0.362655
192.2		0.362655
192.3		0.362655
192.4		0.362655
192.5		0.362655
192.6		0.362655
192.7		0.362655
192.8		0.362655
192.9		0.362655
193		0.362655
193.1		0.363999
193.2		0.363999
193.3		0.363999
193.4		0.363999
193.5		0.363999
193.6		0.363999
193.7		0.363999
193.8		0.363999
193.9		0.363999
194		0.363999
194.1		0.364554
194.2		0.364554
194.3		0.364554
194.4		0.364554
194.5		0.364554
194.6		0.364554
194.7		0.364554
194.8		0.364554
194.9		0.364554
195		0.364554
195.1		0.366539
195.2		0.366539
195.3		0.366539
195.4		0.366539
195.5		0.366539
195.6		0.366539
195.7		0.366539
195.8		0.366539
195.9		0.366539
196		0.366539
196.1		0.369099
196.2		0.369099
196.3		0.369099
196.4		0.369099
196.5		0.369099
196.6		0.369099
196.7		0.369099
196.8		0.369099
196.9		0.369099
197		0.369099
197.1		0.369996
197.2		0.369996
197.3		0.369996
197.4		0.369996
197.5		0.369996
197.6		0.369996
197.7		0.369996
197.8		0.369996
197.9		0.369996
198		0.369996
198.1		0.373239
198.2		0.373239
198.3		0.373239
198.4		0.373239
198.5		0.373239
198.6		0.373239
198.7		0.373239
198.8		0.373239
198.9		0.373239
199		0.373239
199.1		0.373239
199.2		0.373239
199.3		0.373239
199.4		0.373239
199.5		0.373239
199.6		0.373239
199.7		0.373239
199.8		0.373239
199.9		0.373239
200		0.373239
200.1		0.376334
200.2		0.376334
200.3		0.376334
200.4		0.376334
200.5		0.376334
200.6		0.376334
200.7		0.376334
200.8		0.376334
200.9		0.376334
201		0.376334
201.1		0.380388
201.2		0.380388
201.3		0.380388
201.4		0.380388
201.5		0.380388
201.6		0.380388
201.7		0.380388
201.8		0.380388
201.9		0.380388
202		0.380388
202.1		0.380644
202.2		0.380644
202.3		0.380644
202.4		0.380644
202.5		0.380644
202.6		0.380644
202.7		0.380644
202.8		0.380644
202.9		0.380644
203		0.380644
203.1		0.381199
203.2		0.381199
203.3		0.381199
203.4		0.381199
203.5		0.381199
203.6		0.381199
203.7		0.381199
203.8		0.381199
203.9		0.381199
204		0.381199
204.1		0.383717
204.2		0.383717
204.3		0.383717
204.4		0.383717
204.5		0.383717
204.6		0.383717
204.7		0.383717
204.8		0.383717
204.9		0.383717
205		0.383717
205.1		0.386748
205.2		0.386748
205.3		0.386748
205.4		0.386748
205.5		0.386748
205.6		0.386748
205.7		0.386748
205.8		0.386748
205.9		0.386748
206		0.386748
206.1		0.387537
206.2		0.387537
206.3		0.387537
206.4		0.387537
206.5		0.387537
206.6		0.387537
206.7		0.387537
206.8		0.387537
206.9		0.387537
207		0.387537
207.1		0.39172
207.2		0.39172
207.3		0.39172
207.4		0.39172
207.5		0.39172
207.6		0.39172
207.7		0.39172
207.8		0.39172
207.9		0.39172
208		0.39172
208.1		0.392019
208.2		0.392019
208.3		0.392019
208.4		0.392019
208.5		0.392019
208.6		0.392019
208.7		0.392019
208.8		0.392019
208.9		0.392019
209		0.392019
209.1		0.394665
209.2		0.394665
209.3		0.394665
209.4		0.394665
209.5		0.394665
209.6		0.394665
209.7		0.394665
209.8		0.394665
209.9		0.394665
210		0.394665
210.1		0.395497
210.2		0.395497
210.3		0.395497
210.4		0.395497
210.5		0.395497
210.6		0.395497
210.7		0.395497
210.8		0.395497
210.9		0.395497
211		0.395497
211.1		0.396265
211.2		0.396265
211.3		0.396265
211.4		0.396265
211.5		0.396265
211.6		0.396265
211.7		0.396265
211.8		0.396265
211.9		0.396265
212		0.396265
212.1		0.39761
212.2		0.39761
212.3		0.39761
212.4		0.39761
212.5		0.39761
212.6		0.39761
212.7		0.39761
212.8		0.39761
212.9		0.39761
213		0.39761
213.1		0.401963
213.2		0.401963
213.3		0.401963
213.4		0.401963
213.5		0.401963
213.6		0.401963
213.7		0.401963
213.8		0.401963
213.9		0.401963
214		0.401963
214.1		0.404716
214.2		0.404716
214.3		0.404716
214.4		0.404716
214.5		0.404716
214.6		0.404716
214.7		0.404716
214.8		0.404716
214.9		0.404716
215		0.404716
215.1		0.405399
215.2		0.405399
215.3		0.405399
215.4		0.405399
215.5		0.405399
215.6		0.405399
215.7		0.405399
215.8		0.405399
215.9		0.405399
216		0.405399
216.1		0.405933
216.2		0.405933
216.3		0.405933
216.4		0.405933
216.5		0.405933
216.6		0.405933
216.7		0.405933
216.8		0.405933
216.9		0.405933
217		0.405933
217.1		0.406189
217.2		0.406189
217.3		0.406189
217.4		0.406189
217.5		0.406189
217.6		0.406189
217.7		0.406189
217.8		0.406189
217.9		0.406189
218		0.406189
218.1		0.411886
218.2		0.411886
218.3		0.411886
218.4		0.411886
218.5		0.411886
218.6		0.411886
218.7		0.411886
218.8		0.411886
218.9		0.411886
219		0.411886
219.1		0.412484
219.2		0.412484
219.3		0.412484
219.4		0.412484
219.5		0.412484
219.6		0.412484
219.7		0.412484
219.8		0.412484
219.9		0.412484
220		0.412484
220.1		0.416859
220.2		0.416859
220.3		0.416859
220.4		0.416859
220.5		0.416859
220.6		0.416859
220.7		0.416859
220.8		0.416859
220.9		0.416859
221		0.416859
221.1		0.417093
221.2		0.417093
221.3		0.417093
221.4		0.417093
221.5		0.417093
221.6		0.417093
221.7		0.417093
221.8		0.417093
221.9		0.417093
222		0.417093
222.1		0.417819
222.2		0.417819
222.3		0.417819
222.4		0.417819
222.5		0.417819
222.6		0.417819
222.7		0.417819
222.8		0.417819
222.9		0.417819
223		0.417819
223.1		0.419889
223.2		0.419889
223.3		0.419889
223.4		0.419889
223.5		0.419889
223.6		0.419889
223.7		0.419889
223.8		0.419889
223.9		0.419889
224		0.419889
224.1		0.424157
224.2		0.424157
224.3		0.424157
224.4		0.424157
224.5		0.424157
224.6		0.424157
224.7		0.424157
224.8		0.424157
224.9		0.424157
225		0.424157
225.1		0.424947
225.2		0.424947
225.3		0.424947
225.4		0.424947
225.5		0.424947
225.6		0.424947
225.7		0.424947
225.8		0.424947
225.9		0.424947
226		0.424947
226.1		0.428254
226.2		0.428254
226.3		0.428254
226.4		0.428254
226.5		0.428254
226.6		0.428254
226.7		0.428254
226.8		0.428254
226.9		0.428254
227		0.428254
227.1		0.429791
227.2		0.429791
227.3		0.429791
227.4		0.429791
227.5		0.429791
227.6		0.429791
227.7		0.429791
227.8		0.429791
227.9		0.429791
228		0.429791
228.1		0.43169
228.2		0.43169
228.3		0.43169
228.4		0.43169
228.5		0.43169
228.6		0.43169
228.7		0.43169
228.8		0.43169
228.9		0.43169
229		0.43169
229.1		0.431776
229.2		0.431776
229.3		0.431776
229.4		0.431776
229.5		0.431776
229.6		0.431776
229.7		0.431776
229.8		0.431776
229.9		0.431776
230		0.431776
230.1		0.436001
230.2		0.436001
230.3		0.436001
230.4		0.436001
230.5		0.436001
230.6		0.436001
230.7		0.436001
230.8		0.436001
230.9		0.436001
231		0.436001
231.1		0.437025
231.2		0.437025
231.3		0.437025
231.4		0.437025
231.5		0.437025
231.6		0.437025
231.7		0.437025
231.8		0.437025
231.9		0.437025
232		0.437025
232.1		0.44012
232.2		0.44012
232.3		0.44012
232.4		0.44012
232.5		0.44012
232.6		0.44012
232.7		0.44012
232.8		0.44012
232.9		0.44012
233		0.44012
233.1		0.441869
233.2		0.441869
233.3		0.441869
233.4		0.441869
233.5		0.441869
233.6		0.441869
233.7		0.441869
233.8		0.441869
233.9		0.441869
234		0.441869
234.1		0.443342
234.2		0.443342
234.3		0.443342
234.4		0.443342
234.5		0.443342
234.6		0.443342
234.7		0.443342
234.8		0.443342
234.9		0.443342
235		0.443342
235.1		0.445753
235.2		0.445753
235.3		0.445753
235.4		0.445753
235.5		0.445753
235.6		0.445753
235.7		0.445753
235.8		0.445753
235.9		0.445753
236		0.445753
236.1		0.446095
236.2		0.446095
236.3		0.446095
236.4		0.446095
236.5		0.446095
236.6		0.446095
236.7		0.446095
236.8		0.446095
236.9		0.446095
237		0.446095
237.1		0.449274
237.2		0.449274
237.3		0.449274
237.4		0.449274
237.5		0.449274
237.6		0.449274
237.7		0.449274
237.8		0.449274
237.9		0.449274
238		0.449274
238.1		0.450982
238.2		0.450982
238.3		0.450982
238.4		0.450982
238.5		0.450982
238.6		0.450982
238.7		0.450982
238.8		0.450982
238.9		0.450982
239		0.450982
239.1		0.451131
239.2		0.451131
239.3		0.451131
239.4		0.451131
239.5		0.451131
239.6		0.451131
239.7		0.451131
239.8		0.451131
239.9		0.451131
240		0.451131
240.1		0.455356
240.2		0.455356
240.3		0.455356
240.4		0.455356
240.5		0.455356
240.6		0.455356
240.7		0.455356
240.8		0.455356
240.9		0.455356
241		0.455356
241.1		0.458237
241.2		0.458237
241.3		0.458237
241.4		0.458237
241.5		0.458237
241.6		0.458237
241.7		0.458237
241.8		0.458237
241.9		0.458237
242		0.458237
242.1		0.458643
242.2		0.458643
242.3		0.458643
242.4		0.458643
242.5		0.458643
242.6		0.458643
242.7		0.458643
242.8		0.458643
242.9		0.458643
243		0.458643
243.1		0.461438
243.2		0.461438
243.3		0.461438
243.4		0.461438
243.5		0.461438
243.6		0.461438
243.7		0.461438
243.8		0.461438
243.9		0.461438
244		0.461438
244.1		0.463316
244.2		0.463316
244.3		0.463316
244.4		0.463316
244.5		0.463316
244.6		0.463316
244.7		0.463316
244.8		0.463316
244.9		0.463316
245		0.463316
245.1		0.463658
245.2		0.463658
245.3		0.463658
245.4		0.463658
245.5		0.463658
245.6		0.463658
245.7		0.463658
245.8		0.463658
245.9		0.463658
246		0.463658
246.1		0.467243
246.2		0.467243
246.3		0.467243
246.4		0.467243
246.5		0.467243
246.6		0.467243
246.7		0.467243
246.8		0.467243
246.9		0.467243
247		0.467243
247.1		0.469569
247.2		0.469569
247.3		0.469569
247.4		0.469569
247.5		0.469569
247.6		0.469569
247.7		0.469569
247.8		0.469569
247.9		0.469569
248		0.469569
248.1		0.469569
248.2		0.469569
248.3		0.469569
248.4		0.469569
248.5		0.469569
248.6		0.469569
248.7		0.469569
248.8		0.469569
248.9		0.469569
249		0.469569
249.1		0.471148
249.2		0.471148
249.3		0.471148
249.4		0.471148
249.5		0.471148
249.6		0.471148
249.7		0.471148
249.8		0.471148
249.9		0.471148
250		0.471148
250.1		0.473837
250.2		0.473837
250.3		0.473837
250.4		0.473837
250.5		0.473837
250.6		0.473837
250.7		0.473837
250.8		0.473837
250.9		0.473837
251		0.473837
251.1		0.475523
251.2		0.475523
251.3		0.475523
251.4		0.475523
251.5		0.475523
251.6		0.475523
251.7		0.475523
251.8		0.475523
251.9		0.475523
252		0.475523
252.1		0.480068
252.2		0.480068
252.3		0.480068
252.4		0.480068
252.5		0.480068
252.6		0.480068
252.7		0.480068
252.8		0.480068
252.9		0.480068
253		0.480068
253.1		0.482714
253.2		0.482714
253.3		0.482714
253.4		0.482714
253.5		0.482714
253.6		0.482714
253.7		0.482714
253.8		0.482714
253.9		0.482714
254		0.482714
254.1		0.482928
254.2		0.482928
254.3		0.482928
254.4		0.482928
254.5		0.482928
254.6		0.482928
254.7		0.482928
254.8		0.482928
254.9		0.482928
255		0.482928
255.1		0.485041
255.2		0.485041
255.3		0.485041
255.4		0.485041
255.5		0.485041
255.6		0.485041
255.7		0.485041
255.8		0.485041
255.9		0.485041
256		0.485041
256.1		0.486129
256.2		0.486129
256.3		0.486129
256.4		0.486129
256.5		0.486129
256.6		0.486129
256.7		0.486129
256.8		0.486129
256.9		0.486129
257		0.486129
257.1		0.490184
257.2		0.490184
257.3		0.490184
257.4		0.490184
257.5		0.490184
257.6		0.490184
257.7		0.490184
257.8		0.490184
257.9		0.490184
258		0.490184
258.1		0.490397
258.2		0.490397
258.3		0.490397
258.4		0.490397
258.5		0.490397
258.6		0.490397
258.7		0.490397
258.8		0.490397
258.9		0.490397
259		0.490397
259.1		0.494601
259.2		0.494601
259.3		0.494601
259.4		0.494601
259.5		0.494601
259.6		0.494601
259.7		0.494601
259.8		0.494601
259.9		0.494601
260		0.494601
260.1		0.495177
260.2		0.495177
260.3		0.495177
260.4		0.495177
260.5		0.495177
260.6		0.495177
260.7		0.495177
260.8		0.495177
260.9		0.495177
261		0.495177
261.1		0.49618
261.2		0.49618
261.3		0.49618
261.4		0.49618
261.5		0.49618
261.6		0.49618
261.7		0.49618
261.8		0.49618
261.9		0.49618
262		0.49618
262.1		0.497439
262.2		0.497439
262.3		0.497439
262.4		0.497439
262.5		0.497439
262.6		0.497439
262.7		0.497439
262.8		0.497439
262.9		0.497439
263		0.497439
263.1		0.501366
263.2		0.501366
263.3		0.501366
263.4		0.501366
263.5		0.501366
263.6		0.501366
263.7		0.501366
263.8		0.501366
263.9		0.501366
264		0.501366
264.1		0.501921
264.2		0.501921
264.3		0.501921
264.4		0.501921
264.5		0.501921
264.6		0.501921
264.7		0.501921
264.8		0.501921
264.9		0.501921
265		0.501921
265.1		0.506445
265.2		0.506445
265.3		0.506445
265.4		0.506445
265.5		0.506445
265.6		0.506445
265.7		0.506445
265.8		0.506445
265.9		0.506445
266		0.506445
266.1		0.50732
266.2		0.50732
266.3		0.50732
266.4		0.50732
266.5		0.50732
266.6		0.50732
266.7		0.50732
266.8		0.50732
266.9		0.50732
267		0.50732
267.1		0.509006
267.2		0.509006
267.3		0.509006
267.4		0.509006
267.5		0.509006
267.6		0.509006
267.7		0.509006
267.8		0.509006
267.9		0.509006
268		0.509006
268.1		0.509411
268.2		0.509411
268.3		0.509411
268.4		0.509411
268.5		0.509411
268.6		0.509411
268.7		0.509411
268.8		0.509411
268.9		0.509411
269		0.509411
269.1		0.512975
269.2		0.512975
269.3		0.512975
269.4		0.512975
269.5		0.512975
269.6		0.512975
269.7		0.512975
269.8		0.512975
269.9		0.512975
270		0.512975
270.1		0.515216
270.2		0.515216
270.3		0.515216
270.4		0.515216
270.5		0.515216
270.6		0.515216
270.7		0.515216
270.8		0.515216
270.9		0.515216
271		0.515216
271.1		0.515408
271.2		0.515408
271.3		0.515408
271.4		0.515408
271.5		0.515408
271.6		0.515408
271.7		0.515408
271.8		0.515408
271.9		0.515408
272		0.515408
272.1		0.518118
272.2		0.518118
272.3		0.518118
272.4		0.518118
272.5		0.518118
272.6		0.518118
272.7		0.518118
272.8		0.518118
272.9		0.518118
273		0.518118
273.1		0.519142
273.2		0.519142
273.3		0.519142
273.4		0.519142
273.5		0.519142
273.6		0.519142
273.7		0.519142
273.8		0.519142
273.9		0.519142
274		0.519142
274.1		0.522557
274.2		0.522557
274.3		0.522557
274.4		0.522557
274.5		0.522557
274.6		0.522557
274.7		0.522557
274.8		0.522557
274.9		0.522557
275		0.522557
275.1		0.522962
275.2		0.522962
275.3		0.522962
275.4		0.522962
275.5		0.522962
275.6		0.522962
275.7		0.522962
275.8		0.522962
275.9		0.522962
276		0.522962
276.1		0.527209
276.2		0.527209
276.3		0.527209
276.4		0.527209
276.5		0.527209
276.6		0.527209
276.7		0.527209
276.8		0.527209
276.9		0.527209
277		0.527209
277.1		0.527379
277.2		0.527379
277.3		0.527379
277.4		0.527379
277.5		0.527379
277.6		0.527379
277.7		0.527379
277.8		0.527379
277.9		0.527379
278		0.527379
278.1		0.529044
278.2		0.529044
278.3		0.529044
278.4		0.529044
278.5		0.529044
278.6		0.529044
278.7		0.529044
278.8		0.529044
278.9		0.529044
279		0.529044
279.1		0.53487
279.2		0.53487
279.3		0.53487
279.4		0.53487
279.5		0.53487
279.6		0.53487
279.7		0.53487
279.8		0.53487
279.9		0.53487
280		0.53487
280.1		0.535275
280.2		0.535275
280.3		0.535275
280.4		0.535275
280.5		0.535275
280.6		0.535275
280.7		0.535275
280.8		0.535275
280.9		0.535275
281		0.535275
281.1		0.537772
281.2		0.537772
281.3		0.537772
281.4		0.537772
281.5		0.537772
281.6		0.537772
281.7		0.537772
281.8		0.537772
281.9		0.537772
282		0.537772
282.1		0.539287
282.2		0.539287
282.3		0.539287
282.4		0.539287
282.5		0.539287
282.6		0.539287
282.7		0.539287
282.8		0.539287
282.9		0.539287
283		0.539287
283.1		0.544046
283.2		0.544046
283.3		0.544046
283.4		0.544046
283.5		0.544046
283.6		0.544046
283.7		0.544046
283.8		0.544046
283.9		0.544046
284		0.544046
284.1		0.547973
284.2		0.547973
284.3		0.547973
284.4		0.547973
284.5		0.547973
284.6		0.547973
284.7		0.547973
284.8		0.547973
284.9		0.547973
285		0.547973
285.1		0.549787
285.2		0.549787
285.3		0.549787
285.4		0.549787
285.5		0.549787
285.6		0.549787
285.7		0.549787
285.8		0.549787
285.9		0.549787
286		0.549787
286.1		0.552582
286.2		0.552582
286.3		0.552582
286.4		0.552582
286.5		0.552582
286.6		0.552582
286.7		0.552582
286.8		0.552582
286.9		0.552582
287		0.552582
287.1		0.553436
287.2		0.553436
287.3		0.553436
287.4		0.553436
287.5		0.553436
287.6		0.553436
287.7		0.553436
287.8		0.553436
287.9		0.553436
288		0.553436
288.1		0.554311
288.2		0.554311
288.3		0.554311
288.4		0.554311
288.5		0.554311
288.6		0.554311
288.7		0.554311
288.8		0.554311
288.9		0.554311
289		0.554311
289.1		0.556658
289.2		0.556658
289.3		0.556658
289.4		0.556658
289.5		0.556658
289.6		0.556658
289.7		0.556658
289.8		0.556658
289.9		0.556658
290		0.556658
290.1		0.556658
290.2		0.556658
290.3		0.556658
290.4		0.556658
290.5		0.556658
290.6		0.556658
290.7		0.556658
290.8		0.556658
290.9		0.556658
291		0.556658
291.1		0.560371
291.2		0.560371
291.3		0.560371
291.4		0.560371
291.5		0.560371
291.6		0.560371
291.7		0.560371
291.8		0.560371
291.9		0.560371
292		0.560371
292.1		0.560777
292.2		0.560777
292.3		0.560777
292.4		0.560777
292.5		0.560777
292.6		0.560777
292.7		0.560777
292.8		0.560777
292.9		0.560777
293		0.560777
293.1		0.561822
293.2		0.561822
293.3		0.561822
293.4		0.561822
293.5		0.561822
293.6		0.561822
293.7		0.561822
293.8		0.561822
293.9		0.561822
294		0.561822
294.1		0.565301
294.2		0.565301
294.3		0.565301
294.4		0.565301
294.5		0.565301
294.6		0.565301
294.7		0.565301
294.8		0.565301
294.9		0.565301
295		0.565301
295.1		0.566688
295.2		0.566688
295.3		0.566688
295.4		0.566688
295.5		0.566688
295.6		0.566688
295.7		0.566688
295.8		0.566688
295.9		0.566688
296		0.566688
296.1		0.57166
296.2		0.57166
296.3		0.57166
296.4		0.57166
296.5		0.57166
296.6		0.57166
296.7		0.57166
296.8		0.57166
296.9		0.57166
297		0.57166
297.1		0.574797
297.2		0.574797
297.3		0.574797
297.4		0.574797
297.5		0.574797
297.6		0.574797
297.7		0.574797
297.8		0.574797
297.9		0.574797
298		0.574797
298.1		0.577102
298.2		0.577102
298.3		0.577102
298.4		0.577102
298.5		0.577102
298.6		0.577102
298.7		0.577102
298.8		0.577102
298.9		0.577102
299		0.577102
299.1		0.580858
299.2		0.580858
299.3		0.580858
299.4		0.580858
299.5		0.580858
299.6		0.580858
299.7		0.580858
299.8		0.580858
299.9		0.580858
300		0.580858
300.1		0.581093
300.2		0.581093
300.3		0.581093
300.4		0.581093
300.5		0.581093
300.6		0.581093
300.7		0.581093
300.8		0.581093
300.9		0.581093
301		0.581093
301.1		0.585126
301.2		0.585126
301.3		0.585126
301.4		0.585126
301.5		0.585126
301.6		0.585126
301.7		0.585126
301.8		0.585126
301.9		0.585126
302		0.585126
302.1		0.586172
302.2		0.586172
302.3		0.586172
302.4		0.586172
302.5		0.586172
302.6		0.586172
302.7		0.586172
302.8		0.586172
302.9		0.586172
303		0.586172
303.1		0.591165
303.2		0.591165
303.3		0.591165
303.4		0.591165
303.5		0.591165
303.6		0.591165
303.7		0.591165
303.8		0.591165
303.9		0.591165
304		0.591165
304.1		0.592296
304.2		0.592296
304.3		0.592296
304.4		0.592296
304.5		0.592296
304.6		0.592296
304.7		0.592296
304.8		0.592296
304.9		0.592296
305		0.592296
305.1		0.593214
305.2		0.593214
305.3		0.593214
305.4		0.593214
305.5		0.593214
305.6		0.593214
305.7		0.593214
305.8		0.593214
305.9		0.593214
306		0.593214
306.1		0.594153
306.2		0.594153
306.3		0.594153
306.4		0.594153
306.5		0.594153
306.6		0.594153
306.7		0.594153
306.8		0.594153
306.9		0.594153
307		0.594153
307.1		0.596522
307.2		0.596522
307.3		0.596522
307.4		0.596522
307.5		0.596522
307.6		0.596522
307.7		0.596522
307.8		0.596522
307.9		0.596522
308		0.596522
308.1		0.596884
308.2		0.596884
308.3		0.596884
308.4		0.596884
308.5		0.596884
308.6		0.596884
308.7		0.596884
308.8		0.596884
308.9		0.596884
309		0.596884
309.1		0.600982
309.2		0.600982
309.3		0.600982
309.4		0.600982
309.5		0.600982
309.6		0.600982
309.7		0.600982
309.8		0.600982
309.9		0.600982
310		0.600982
310.1		0.602561
310.2		0.602561
310.3		0.602561
310.4		0.602561
310.5		0.602561
310.6		0.602561
310.7		0.602561
310.8		0.602561
310.9		0.602561
311		0.602561
311.1		0.60303
311.2		0.60303
311.3		0.60303
311.4		0.60303
311.5		0.60303
311.6		0.60303
311.7		0.60303
311.8		0.60303
311.9		0.60303
312		0.60303
312.1		0.608579
312.2		0.608579
312.3		0.608579
312.4		0.608579
312.5		0.608579
312.6		0.608579
312.7		0.608579
312.8		0.608579
312.9		0.608579
313		0.608579
313.1		0.608728
313.2		0.608728
313.3		0.608728
313.4		0.608728
313.5		0.608728
313.6		0.608728
313.7		0.608728
313.8		0.608728
313.9		0.608728
314		0.608728
314.1		0.60892
314.2		0.60892
314.3		0.60892
314.4		0.60892
314.5		0.60892
314.6		0.60892
314.7		0.60892
314.8		0.60892
314.9		0.60892
315		0.60892
315.1		0.612463
315.2		0.612463
315.3		0.612463
315.4		0.612463
315.5		0.612463
315.6		0.612463
315.7		0.612463
315.8		0.612463
315.9		0.612463
316		0.612463
316.1		0.616176
316.2		0.616176
316.3		0.616176
316.4		0.616176
316.5		0.616176
316.6		0.616176
316.7		0.616176
316.8		0.616176
316.9		0.616176
317		0.616176
317.1		0.616987
317.2		0.616987
317.3		0.616987
317.4		0.616987
317.5		0.616987
317.6		0.616987
317.7		0.616987
317.8		0.616987
317.9		0.616987
318		0.616987
318.1		0.620359
318.2		0.620359
318.3		0.620359
318.4		0.620359
318.5		0.620359
318.6		0.620359
318.7		0.620359
318.8		0.620359
318.9		0.620359
319		0.620359
319.1		0.621554
319.2		0.621554
319.3		0.621554
319.4		0.621554
319.5		0.621554
319.6		0.621554
319.7		0.621554
319.8		0.621554
319.9		0.621554
320		0.621554
320.1		0.623986
320.2		0.623986
320.3		0.623986
320.4		0.623986
320.5		0.623986
320.6		0.623986
320.7		0.623986
320.8		0.623986
320.9		0.623986
321		0.623986
321.1		0.625651
321.2		0.625651
321.3		0.625651
321.4		0.625651
321.5		0.625651
321.6		0.625651
321.7		0.625651
321.8		0.625651
321.9		0.625651
322		0.625651
322.1		0.626974
322.2		0.626974
322.3		0.626974
322.4		0.626974
322.5		0.626974
322.6		0.626974
322.7		0.626974
322.8		0.626974
322.9		0.626974
323		0.626974
323.1		0.629023
323.2		0.629023
323.3		0.629023
323.4		0.629023
323.5		0.629023
323.6		0.629023
323.7		0.629023
323.8		0.629023
323.9		0.629023
324		0.629023
324.1		0.632096
324.2		0.632096
324.3		0.632096
324.4		0.632096
324.5		0.632096
324.6		0.632096
324.7		0.632096
324.8		0.632096
324.9		0.632096
325		0.632096
325.1		0.633739
325.2		0.633739
325.3		0.633739
325.4		0.633739
325.5		0.633739
325.6		0.633739
325.7		0.633739
325.8		0.633739
325.9		0.633739
326		0.633739
326.1		0.637857
326.2		0.637857
326.3		0.637857
326.4		0.637857
326.5		0.637857
326.6		0.637857
326.7		0.637857
326.8		0.637857
326.9		0.637857
327		0.637857
327.1		0.638498
327.2		0.638498
327.3		0.638498
327.4		0.638498
327.5		0.638498
327.6		0.638498
327.7		0.638498
327.8		0.638498
327.9		0.638498
328		0.638498
328.1		0.638498
328.2		0.638498
328.3		0.638498
328.4		0.638498
328.5		0.638498
328.6		0.638498
328.7		0.638498
328.8		0.638498
328.9		0.638498
329		0.638498
329.1		0.641997
329.2		0.641997
329.3		0.641997
329.4		0.641997
329.5		0.641997
329.6		0.641997
329.7		0.641997
329.8		0.641997
329.9		0.641997
330		0.641997
330.1		0.642318
330.2		0.642318
330.3		0.642318
330.4		0.642318
330.5		0.642318
330.6		0.642318
330.7		0.642318
330.8		0.642318
330.9		0.642318
331		0.642318
331.1		0.646394
331.2		0.646394
331.3		0.646394
331.4		0.646394
331.5		0.646394
331.6		0.646394
331.7		0.646394
331.8		0.646394
331.9		0.646394
332		0.646394
332.1		0.64904
332.2		0.64904
332.3		0.64904
332.4		0.64904
332.5		0.64904
332.6		0.64904
332.7		0.64904
332.8		0.64904
332.9		0.64904
333		0.64904
333.1		0.649744
333.2		0.649744
333.3		0.649744
333.4		0.649744
333.5		0.649744
333.6		0.649744
333.7		0.649744
333.8		0.649744
333.9		0.649744
334		0.649744
334.1		0.650427
334.2		0.650427
334.3		0.650427
334.4		0.650427
334.5		0.650427
334.6		0.650427
334.7		0.650427
334.8		0.650427
334.9		0.650427
335		0.650427
335.1		0.65557
335.2		0.65557
335.3		0.65557
335.4		0.65557
335.5		0.65557
335.6		0.65557
335.7		0.65557
335.8		0.65557
335.9		0.65557
336		0.65557
336.1		0.656082
336.2		0.656082
336.3		0.656082
336.4		0.656082
336.5		0.656082
336.6		0.656082
336.7		0.656082
336.8		0.656082
336.9		0.656082
337		0.656082
337.1		0.658429
337.2		0.658429
337.3		0.658429
337.4		0.658429
337.5		0.658429
337.6		0.658429
337.7		0.658429
337.8		0.658429
337.9		0.658429
338		0.658429
338.1		0.661097
338.2		0.661097
338.3		0.661097
338.4		0.661097
338.5		0.661097
338.6		0.661097
338.7		0.661097
338.8		0.661097
338.9		0.661097
339		0.661097
339.1		0.661822
339.2		0.661822
339.3		0.661822
339.4		0.661822
339.5		0.661822
339.6		0.661822
339.7		0.661822
339.8		0.661822
339.9		0.661822
340		0.661822
340.1		0.666219
340.2		0.666219
340.3		0.666219
340.4		0.666219
340.5		0.666219
340.6		0.666219
340.7		0.666219
340.8		0.666219
340.9		0.666219
341		0.666219
341.1		0.670465
341.2		0.670465
341.3		0.670465
341.4		0.670465
341.5		0.670465
341.6		0.670465
341.7		0.670465
341.8		0.670465
341.9		0.670465
342		0.670465
342.1		0.673346
342.2		0.673346
342.3		0.673346
342.4		0.673346
342.5		0.673346
342.6		0.673346
342.7		0.673346
342.8		0.673346
342.9		0.673346
343		0.673346
343.1		0.676846
343.2		0.676846
343.3		0.676846
343.4		0.676846
343.5		0.676846
343.6		0.676846
343.7		0.676846
343.8		0.676846
343.9		0.676846
344		0.676846
344.1		0.677422
344.2		0.677422
344.3		0.677422
344.4		0.677422
344.5		0.677422
344.6		0.677422
344.7		0.677422
344.8		0.677422
344.9		0.677422
345		0.677422
345.1		0.677998
345.2		0.677998
345.3		0.677998
345.4		0.677998
345.5		0.677998
345.6		0.677998
345.7		0.677998
345.8		0.677998
345.9		0.677998
346		0.677998
346.1		0.679599
346.2		0.679599
346.3		0.679599
346.4		0.679599
346.5		0.679599
346.6		0.679599
346.7		0.679599
346.8		0.679599
346.9		0.679599
347		0.679599
347.1		0.681029
347.2		0.681029
347.3		0.681029
347.4		0.681029
347.5		0.681029
347.6		0.681029
347.7		0.681029
347.8		0.681029
347.9		0.681029
348		0.681029
348.1		0.683141
348.2		0.683141
348.3		0.683141
348.4		0.683141
348.5		0.683141
348.6		0.683141
348.7		0.683141
348.8		0.683141
348.9		0.683141
349		0.683141
349.1		0.683141
349.2		0.683141
349.3		0.683141
349.4		0.683141
349.5		0.683141
349.6		0.683141
349.7		0.683141
349.8		0.683141
349.9		0.683141
350		0.683141
350.1		0.684955
350.2		0.684955
350.3		0.684955
350.4		0.684955
350.5		0.684955
350.6		0.684955
350.7		0.684955
350.8		0.684955
350.9		0.684955
351		0.684955
351.1		0.688818
351.2		0.688818
351.3		0.688818
351.4		0.688818
351.5		0.688818
351.6		0.688818
351.7		0.688818
351.8		0.688818
351.9		0.688818
352		0.688818
352.1		0.691058
352.2		0.691058
352.3		0.691058
352.4		0.691058
352.5		0.691058
352.6		0.691058
352.7		0.691058
352.8		0.691058
352.9		0.691058
353		0.691058
353.1		0.691549
353.2		0.691549
353.3		0.691549
353.4		0.691549
353.5		0.691549
353.6		0.691549
353.7		0.691549
353.8		0.691549
353.9		0.691549
354		0.691549
354.1		0.695113
354.2		0.695113
354.3		0.695113
354.4		0.695113
354.5		0.695113
354.6		0.695113
354.7		0.695113
354.8		0.695113
354.9		0.695113
355		0.695113
355.1		0.698058
355.2		0.698058
355.3		0.698058
355.4		0.698058
355.5		0.698058
355.6		0.698058
355.7		0.698058
355.8		0.698058
355.9		0.698058
356		0.698058
356.1		0.701494
356.2		0.701494
356.3		0.701494
356.4		0.701494
356.5		0.701494
356.6		0.701494
356.7		0.701494
356.8		0.701494
356.9		0.701494
357		0.701494
357.1		0.705271
357.2		0.705271
357.3		0.705271
357.4		0.705271
357.5		0.705271
357.6		0.705271
357.7		0.705271
357.8		0.705271
357.9		0.705271
358		0.705271
358.1		0.707832
358.2		0.707832
358.3		0.707832
358.4		0.707832
358.5		0.707832
358.6		0.707832
358.7		0.707832
358.8		0.707832
358.9		0.707832
359		0.707832
359.1		0.709987
359.2		0.709987
359.3		0.709987
359.4		0.709987
359.5		0.709987
359.6		0.709987
359.7		0.709987
359.8		0.709987
359.9		0.709987
360		0.709987
360.1		0.712676
360.2		0.712676
360.3		0.712676
360.4		0.712676
360.5		0.712676
360.6		0.712676
360.7		0.712676
360.8		0.712676
360.9		0.712676
361		0.712676
361.1		0.714426
361.2		0.714426
361.3		0.714426
361.4		0.714426
361.5		0.714426
361.6		0.714426
361.7		0.714426
361.8		0.714426
361.9		0.714426
362		0.714426
362.1		0.718096
362.2		0.718096
362.3		0.718096
362.4		0.718096
362.5		0.718096
362.6		0.718096
362.7		0.718096
362.8		0.718096
362.9		0.718096
363		0.718096
363.1		0.720252
363.2		0.720252
363.3		0.720252
363.4		0.720252
363.5		0.720252
363.6		0.720252
363.7		0.720252
363.8		0.720252
363.9		0.720252
364		0.720252
364.1		0.722151
364.2		0.722151
364.3		0.722151
364.4		0.722151
364.5		0.722151
364.6		0.722151
364.7		0.722151
364.8		0.722151
364.9		0.722151
365		0.722151
365.1		0.722685
365.2		0.722685
365.3		0.722685
365.4		0.722685
365.5		0.722685
365.6		0.722685
365.7		0.722685
365.8		0.722685
365.9		0.722685
366		0.722685
366.1		0.723154
366.2		0.723154
366.3		0.723154
366.4		0.723154
366.5		0.723154
366.6		0.723154
366.7		0.723154
366.8		0.723154
366.9		0.723154
367		0.723154
367.1		0.726761
367.2		0.726761
367.3		0.726761
367.4		0.726761
367.5		0.726761
367.6		0.726761
367.7		0.726761
367.8		0.726761
367.9		0.726761
368		0.726761
368.1		0.726974
368.2		0.726974
368.3		0.726974
368.4		0.726974
368.5		0.726974
368.6		0.726974
368.7		0.726974
368.8		0.726974
368.9		0.726974
369		0.726974
369.1		0.729364
369.2		0.729364
369.3		0.729364
369.4		0.729364
369.5		0.729364
369.6		0.729364
369.7		0.729364
369.8		0.729364
369.9		0.729364
370		0.729364
370.1		0.734016
370.2		0.734016
370.3		0.734016
370.4		0.734016
370.5		0.734016
370.6		0.734016
370.7		0.734016
370.8		0.734016
370.9		0.734016
371		0.734016
371.1		0.735083
371.2		0.735083
371.3		0.735083
371.4		0.735083
371.5		0.735083
371.6		0.735083
371.7		0.735083
371.8		0.735083
371.9		0.735083
372		0.735083
372.1		0.736769
372.2		0.736769
372.3		0.736769
372.4		0.736769
372.5		0.736769
372.6		0.736769
372.7		0.736769
372.8		0.736769
372.9		0.736769
373		0.736769
373.1		0.738818
373.2		0.738818
373.3		0.738818
373.4		0.738818
373.5		0.738818
373.6		0.738818
373.7		0.738818
373.8		0.738818
373.9		0.738818
374		0.738818
374.1		0.741955
374.2		0.741955
374.3		0.741955
374.4		0.741955
374.5		0.741955
374.6		0.741955
374.7		0.741955
374.8		0.741955
374.9		0.741955
375		0.741955
375.1		0.743747
375.2		0.743747
375.3		0.743747
375.4		0.743747
375.5		0.743747
375.6		0.743747
375.7		0.743747
375.8		0.743747
375.9		0.743747
376		0.743747
376.1		0.74665
376.2		0.74665
376.3		0.74665
376.4		0.74665
376.5		0.74665
376.6		0.74665
376.7		0.74665
376.8		0.74665
376.9		0.74665
377		0.74665
377.1		0.747994
377.2		0.747994
377.3		0.747994
377.4		0.747994
377.5		0.747994
377.6		0.747994
377.7		0.747994
377.8		0.747994
377.9		0.747994
378		0.747994
378.1		0.748101
378.2		0.748101
378.3		0.748101
378.4		0.748101
378.5		0.748101
378.6		0.748101
378.7		0.748101
378.8		0.748101
378.9		0.748101
379		0.748101
379.1		0.749381
379.2		0.749381
379.3		0.749381
379.4		0.749381
379.5		0.749381
379.6		0.749381
379.7		0.749381
379.8		0.749381
379.9		0.749381
380		0.749381
380.1		0.751643
380.2		0.751643
380.3		0.751643
380.4		0.751643
380.5		0.751643
380.6		0.751643
380.7		0.751643
380.8		0.751643
380.9		0.751643
381		0.751643
381.1		0.754332
381.2		0.754332
381.3		0.754332
381.4		0.754332
381.5		0.754332
381.6		0.754332
381.7		0.754332
381.8		0.754332
381.9		0.754332
382		0.754332
382.1		0.758899
382.2		0.758899
382.3		0.758899
382.4		0.758899
382.5		0.758899
382.6		0.758899
382.7		0.758899
382.8		0.758899
382.9		0.758899
383		0.758899
383.1		0.759091
383.2		0.759091
383.3		0.759091
383.4		0.759091
383.5		0.759091
383.6		0.759091
383.7		0.759091
383.8		0.759091
383.9		0.759091
384		0.759091
384.1		0.762655
384.2		0.762655
384.3		0.762655
384.4		0.762655
384.5		0.762655
384.6		0.762655
384.7		0.762655
384.8		0.762655
384.9		0.762655
385		0.762655
385.1		0.763124
385.2		0.763124
385.3		0.763124
385.4		0.763124
385.5		0.763124
385.6		0.763124
385.7		0.763124
385.8		0.763124
385.9		0.763124
386		0.763124
386.1		0.765792
386.2		0.765792
386.3		0.765792
386.4		0.765792
386.5		0.765792
386.6		0.765792
386.7		0.765792
386.8		0.765792
386.9		0.765792
387		0.765792
387.1		0.769078
387.2		0.769078
387.3		0.769078
387.4		0.769078
387.5		0.769078
387.6		0.769078
387.7		0.769078
387.8		0.769078
387.9		0.769078
388		0.769078
388.1		0.769526
388.2		0.769526
388.3		0.769526
388.4		0.769526
388.5		0.769526
388.6		0.769526
388.7		0.769526
388.8		0.769526
388.9		0.769526
389		0.769526
389.1		0.769761
389.2		0.769761
389.3		0.769761
389.4		0.769761
389.5		0.769761
389.6		0.769761
389.7		0.769761
389.8		0.769761
389.9		0.769761
390		0.769761
390.1		0.774883
390.2		0.774883
390.3		0.774883
390.4		0.774883
390.5		0.774883
390.6		0.774883
390.7		0.774883
390.8		0.774883
390.9		0.774883
391		0.774883
391.1		0.775267
391.2		0.775267
391.3		0.775267
391.4		0.775267
391.5		0.775267
391.6		0.775267
391.7		0.775267
391.8		0.775267
391.9		0.775267
392		0.775267
392.1		0.776611
392.2		0.776611
392.3		0.776611
392.4		0.776611
392.5		0.776611
392.6		0.776611
392.7		0.776611
392.8		0.776611
392.9		0.776611
393		0.776611
393.1		0.780559
393.2		0.780559
393.3		0.780559
393.4		0.780559
393.5		0.780559
393.6		0.780559
393.7		0.780559
393.8		0.780559
393.9		0.780559
394		0.780559
394.1		0.780815
394.2		0.780815
394.3		0.780815
394.4		0.780815
394.5		0.780815
394.6		0.780815
394.7		0.780815
394.8		0.780815
394.9		0.780815
395		0.780815
395.1		0.782053
395.2		0.782053
395.3		0.782053
395.4		0.782053
395.5		0.782053
395.6		0.782053
395.7		0.782053
395.8		0.782053
395.9		0.782053
396		0.782053
396.1		0.78583
396.2		0.78583
396.3		0.78583
396.4		0.78583
396.5		0.78583
396.6		0.78583
396.7		0.78583
396.8		0.78583
396.9		0.78583
397		0.78583
397.1		0.788924
397.2		0.788924
397.3		0.788924
397.4		0.788924
397.5		0.788924
397.6		0.788924
397.7		0.788924
397.8		0.788924
397.9		0.788924
398		0.788924
398.1		0.790482
398.2		0.790482
398.3		0.790482
398.4		0.790482
398.5		0.790482
398.6		0.790482
398.7		0.790482
398.8		0.790482
398.9		0.790482
399		0.790482
399.1		0.793897
399.2		0.793897
399.3		0.793897
399.4		0.793897
399.5		0.793897
399.6		0.793897
399.7		0.793897
399.8		0.793897
399.9		0.793897
400		0.793897
400.1		0.795198
400.2		0.795198
400.3		0.795198
400.4		0.795198
400.5		0.795198
400.6		0.795198
400.7		0.795198
400.8		0.795198
400.9		0.795198
401		0.795198
401.1		0.795839
401.2		0.795839
401.3		0.795839
401.4		0.795839
401.5		0.795839
401.6		0.795839
401.7		0.795839
401.8		0.795839
401.9		0.795839
402		0.795839
402.1		0.800043
402.2		0.800043
402.3		0.800043
402.4		0.800043
402.5		0.800043
402.6		0.800043
402.7		0.800043
402.8		0.800043
402.9		0.800043
403		0.800043
403.1		0.800704
403.2		0.800704
403.3		0.800704
403.4		0.800704
403.5		0.800704
403.6		0.800704
403.7		0.800704
403.8		0.800704
403.9		0.800704
404		0.800704
404.1		0.802326
404.2		0.802326
404.3		0.802326
404.4		0.802326
404.5		0.802326
404.6		0.802326
404.7		0.802326
404.8		0.802326
404.9		0.802326
405		0.802326
405.1		0.805591
405.2		0.805591
405.3		0.805591
405.4		0.805591
405.5		0.805591
405.6		0.805591
405.7		0.805591
405.8		0.805591
405.9		0.805591
406		0.805591
406.1		0.806829
406.2		0.806829
406.3		0.806829
406.4		0.806829
406.5		0.806829
406.6		0.806829
406.7		0.806829
406.8		0.806829
406.9		0.806829
407		0.806829
407.1		0.807128
407.2		0.807128
407.3		0.807128
407.4		0.807128
407.5		0.807128
407.6		0.807128
407.7		0.807128
407.8		0.807128
407.9		0.807128
408		0.807128
408.1		0.812185
408.2		0.812185
408.3		0.812185
408.4		0.812185
408.5		0.812185
408.6		0.812185
408.7		0.812185
408.8		0.812185
408.9		0.812185
409		0.812185
409.1		0.812441
409.2		0.812441
409.3		0.812441
409.4		0.812441
409.5		0.812441
409.6		0.812441
409.7		0.812441
409.8		0.812441
409.9		0.812441
410		0.812441
410.1		0.812548
410.2		0.812548
410.3		0.812548
410.4		0.812548
410.5		0.812548
410.6		0.812548
410.7		0.812548
410.8		0.812548
410.9		0.812548
411		0.812548
411.1		0.815258
411.2		0.815258
411.3		0.815258
411.4		0.815258
411.5		0.815258
411.6		0.815258
411.7		0.815258
411.8		0.815258
411.9		0.815258
412		0.815258
412.1		0.81767
412.2		0.81767
412.3		0.81767
412.4		0.81767
412.5		0.81767
412.6		0.81767
412.7		0.81767
412.8		0.81767
412.9		0.81767
413		0.81767
413.1		0.820252
413.2		0.820252
413.3		0.820252
413.4		0.820252
413.5		0.820252
413.6		0.820252
413.7		0.820252
413.8		0.820252
413.9		0.820252
414		0.820252
414.1		0.820764
414.2		0.820764
414.3		0.820764
414.4		0.820764
414.5		0.820764
414.6		0.820764
414.7		0.820764
414.8		0.820764
414.9		0.820764
415		0.820764
415.1		0.822002
415.2		0.822002
415.3		0.822002
415.4		0.822002
415.5		0.822002
415.6		0.822002
415.7		0.822002
415.8		0.822002
415.9		0.822002
416		0.822002
416.1		0.824627
416.2		0.824627
416.3		0.824627
416.4		0.824627
416.5		0.824627
416.6		0.824627
416.7		0.824627
416.8		0.824627
416.9		0.824627
417		0.824627
417.1		0.826526
417.2		0.826526
417.3		0.826526
417.4		0.826526
417.5		0.826526
417.6		0.826526
417.7		0.826526
417.8		0.826526
417.9		0.826526
418		0.826526
418.1		0.826953
418.2		0.826953
418.3		0.826953
418.4		0.826953
418.5		0.826953
418.6		0.826953
418.7		0.826953
418.8		0.826953
418.9		0.826953
419		0.826953
419.1		0.831306
419.2		0.831306
419.3		0.831306
419.4		0.831306
419.5		0.831306
419.6		0.831306
419.7		0.831306
419.8		0.831306
419.9		0.831306
420		0.831306
420.1		0.832373
420.2		0.832373
420.3		0.832373
420.4		0.832373
420.5		0.832373
420.6		0.832373
420.7		0.832373
420.8		0.832373
420.9		0.832373
421		0.832373
421.1		0.836044
421.2		0.836044
421.3		0.836044
421.4		0.836044
421.5		0.836044
421.6		0.836044
421.7		0.836044
421.8		0.836044
421.9		0.836044
422		0.836044
422.1		0.838498
422.2		0.838498
422.3		0.838498
422.4		0.838498
422.5		0.838498
422.6		0.838498
422.7		0.838498
422.8		0.838498
422.9		0.838498
423		0.838498
423.1		0.839821
423.2		0.839821
423.3		0.839821
423.4		0.839821
423.5		0.839821
423.6		0.839821
423.7		0.839821
423.8		0.839821
423.9		0.839821
424		0.839821
424.1		0.841272
424.2		0.841272
424.3		0.841272
424.4		0.841272
424.5		0.841272
424.6		0.841272
424.7		0.841272
424.8		0.841272
424.9		0.841272
425		0.841272
425.1		0.844345
425.2		0.844345
425.3		0.844345
425.4		0.844345
425.5		0.844345
425.6		0.844345
425.7		0.844345
425.8		0.844345
425.9		0.844345
426		0.844345
426.1		0.845476
426.2		0.845476
426.3		0.845476
426.4		0.845476
426.5		0.845476
426.6		0.845476
426.7		0.845476
426.8		0.845476
426.9		0.845476
427		0.845476
427.1		0.847567
427.2		0.847567
427.3		0.847567
427.4		0.847567
427.5		0.847567
427.6		0.847567
427.7		0.847567
427.8		0.847567
427.9		0.847567
428		0.847567
428.1		0.849082
428.2		0.849082
428.3		0.849082
428.4		0.849082
428.5		0.849082
428.6		0.849082
428.7		0.849082
428.8		0.849082
428.9		0.849082
429		0.849082
429.1		0.849466
429.2		0.849466
429.3		0.849466
429.4		0.849466
429.5		0.849466
429.6		0.849466
429.7		0.849466
429.8		0.849466
429.9		0.849466
430		0.849466
430.1		0.853116
430.2		0.853116
430.3		0.853116
430.4		0.853116
430.5		0.853116
430.6		0.853116
430.7		0.853116
430.8		0.853116
430.9		0.853116
431		0.853116
431.1		0.854652
431.2		0.854652
431.3		0.854652
431.4		0.854652
431.5		0.854652
431.6		0.854652
431.7		0.854652
431.8		0.854652
431.9		0.854652
432		0.854652
432.1		0.855378
432.2		0.855378
432.3		0.855378
432.4		0.855378
432.5		0.855378
432.6		0.855378
432.7		0.855378
432.8		0.855378
432.9		0.855378
433		0.855378
433.1		0.857832
433.2		0.857832
433.3		0.857832
433.4		0.857832
433.5		0.857832
433.6		0.857832
433.7		0.857832
433.8		0.857832
433.9		0.857832
434		0.857832
434.1		0.861076
434.2		0.861076
434.3		0.861076
434.4		0.861076
434.5		0.861076
434.6		0.861076
434.7		0.861076
434.8		0.861076
434.9		0.861076
435		0.861076
435.1		0.862484
435.2		0.862484
435.3		0.862484
435.4		0.862484
435.5		0.862484
435.6		0.862484
435.7		0.862484
435.8		0.862484
435.9		0.862484
436		0.862484
436.1		0.863935
436.2		0.863935
436.3		0.863935
436.4		0.863935
436.5		0.863935
436.6		0.863935
436.7		0.863935
436.8		0.863935
436.9		0.863935
437		0.863935
437.1		0.867136
437.2		0.867136
437.3		0.867136
437.4		0.867136
437.5		0.867136
437.6		0.867136
437.7		0.867136
437.8		0.867136
437.9		0.867136
438		0.867136
438.1		0.869804
438.2		0.869804
438.3		0.869804
438.4		0.869804
438.5		0.869804
438.6		0.869804
438.7		0.869804
438.8		0.869804
438.9		0.869804
439		0.869804
439.1		0.871297
439.2		0.871297
439.3		0.871297
439.4		0.871297
439.5		0.871297
439.6		0.871297
439.7		0.871297
439.8		0.871297
439.9		0.871297
440		0.871297
440.1		0.87277
440.2		0.87277
440.3		0.87277
440.4		0.87277
440.5		0.87277
440.6		0.87277
440.7		0.87277
440.8		0.87277
440.9		0.87277
441		0.87277
441.1		0.873666
441.2		0.873666
441.3		0.873666
441.4		0.873666
441.5		0.873666
441.6		0.873666
441.7		0.873666
441.8		0.873666
441.9		0.873666
442		0.873666
442.1		0.876462
442.2		0.876462
442.3		0.876462
442.4		0.876462
442.5		0.876462
442.6		0.876462
442.7		0.876462
442.8		0.876462
442.9		0.876462
443		0.876462
443.1		0.879236
443.2		0.879236
443.3		0.879236
443.4		0.879236
443.5		0.879236
443.6		0.879236
443.7		0.879236
443.8		0.879236
443.9		0.879236
444		0.879236
444.1		0.879834
444.2		0.879834
444.3		0.879834
444.4		0.879834
444.5		0.879834
444.6		0.879834
444.7		0.879834
444.8		0.879834
444.9		0.879834
445		0.879834
445.1		0.881776
445.2		0.881776
445.3		0.881776
445.4		0.881776
445.5		0.881776
445.6		0.881776
445.7		0.881776
445.8		0.881776
445.9		0.881776
446		0.881776
446.1		0.882266
446.2		0.882266
446.3		0.882266
446.4		0.882266
446.5		0.882266
446.6		0.882266
446.7		0.882266
446.8		0.882266
446.9		0.882266
447		0.882266
447.1		0.887004
447.2		0.887004
447.3		0.887004
447.4		0.887004
447.5		0.887004
447.6		0.887004
447.7		0.887004
447.8		0.887004
447.9		0.887004
448		0.887004
448.1		0.889842
448.2		0.889842
448.3		0.889842
448.4		0.889842
448.5		0.889842
448.6		0.889842
448.7		0.889842
448.8		0.889842
448.9		0.889842
449		0.889842
449.1		0.89172
449.2		0.89172
449.3		0.89172
449.4		0.89172
449.5		0.89172
449.6		0.89172
449.7		0.89172
449.8		0.89172
449.9		0.89172
450		0.89172
450.1		0.89219
450.2		0.89219
450.3		0.89219
450.4		0.89219
450.5		0.89219
450.6		0.89219
450.7		0.89219
450.8		0.89219
450.9		0.89219
451		0.89219
451.1		0.894345
451.2		0.894345
451.3		0.894345
451.4		0.894345
451.5		0.894345
451.6		0.894345
451.7		0.894345
451.8		0.894345
451.9		0.894345
452		0.894345
452.1		0.89554
452.2		0.89554
452.3		0.89554
452.4		0.89554
452.5		0.89554
452.6		0.89554
452.7		0.89554
452.8		0.89554
452.9		0.89554
453		0.89554
453.1		0.89921
453.2		0.89921
453.3		0.89921
453.4		0.89921
453.5		0.89921
453.6		0.89921
453.7		0.89921
453.8		0.89921
453.9		0.89921
454		0.89921
454.1		0.903649
454.2		0.903649
454.3		0.903649
454.4		0.903649
454.5		0.903649
454.6		0.903649
454.7		0.903649
454.8		0.903649
454.9		0.903649
455		0.903649
455.1		0.903713
455.2		0.903713
455.3		0.903713
455.4		0.903713
455.5		0.903713
455.6		0.903713
455.7		0.903713
455.8		0.903713
455.9		0.903713
456		0.903713
456.1		0.905058
456.2		0.905058
456.3		0.905058
456.4		0.905058
456.5		0.905058
456.6		0.905058
456.7		0.905058
456.8		0.905058
456.9		0.905058
457		0.905058
457.1		0.906765
457.2		0.906765
457.3		0.906765
457.4		0.906765
457.5		0.906765
457.6		0.906765
457.7		0.906765
457.8		0.906765
457.9		0.906765
458		0.906765
458.1		0.90749
458.2		0.90749
458.3		0.90749
458.4		0.90749
458.5		0.90749
458.6		0.90749
458.7		0.90749
458.8		0.90749
458.9		0.90749
459		0.90749
459.1		0.909475
459.2		0.909475
459.3		0.909475
459.4		0.909475
459.5		0.909475
459.6		0.909475
459.7		0.909475
459.8		0.909475
459.9		0.909475
460		0.909475
460.1		0.914746
460.2		0.914746
460.3		0.914746
460.4		0.914746
460.5		0.914746
460.6		0.914746
460.7		0.914746
460.8		0.914746
460.9		0.914746
461		0.914746
461.1		0.914959
461.2		0.914959
461.3		0.914959
461.4		0.914959
461.5		0.914959
461.6		0.914959
461.7		0.914959
461.8		0.914959
461.9		0.914959
462		0.914959
462.1		0.91656
462.2		0.91656
462.3		0.91656
462.4		0.91656
462.5		0.91656
462.6		0.91656
462.7		0.91656
462.8		0.91656
462.9		0.91656
463		0.91656
463.1		0.916859
463.2		0.916859
463.3		0.916859
463.4		0.916859
463.5		0.916859
463.6		0.916859
463.7		0.916859
463.8		0.916859
463.9		0.916859
464		0.916859
464.1		0.920124
464.2		0.920124
464.3		0.920124
464.4		0.920124
464.5		0.920124
464.6		0.920124
464.7		0.920124
464.8		0.920124
464.9		0.920124
465		0.920124
465.1		0.924093
465.2		0.924093
465.3		0.924093
465.4		0.924093
465.5		0.924093
465.6		0.924093
465.7		0.924093
465.8		0.924093
465.9		0.924093
466		0.924093
466.1		0.926291
466.2		0.926291
466.3		0.926291
466.4		0.926291
466.5		0.926291
466.6		0.926291
466.7		0.926291
466.8		0.926291
466.9		0.926291
467		0.926291
467.1		0.926611
467.2		0.926611
467.3		0.926611
467.4		0.926611
467.5		0.926611
467.6		0.926611
467.7		0.926611
467.8		0.926611
467.9		0.926611
468		0.926611
468.1		0.928532
468.2		0.928532
468.3		0.928532
468.4		0.928532
468.5		0.928532
468.6		0.928532
468.7		0.928532
468.8		0.928532
468.9		0.928532
469		0.928532
469.1		0.929065
469.2		0.929065
469.3		0.929065
469.4		0.929065
469.5		0.929065
469.6		0.929065
469.7		0.929065
469.8		0.929065
469.9		0.929065
470		0.929065
470.1		0.932352
470.2		0.932352
470.3		0.932352
470.4		0.932352
470.5		0.932352
470.6		0.932352
470.7		0.932352
470.8		0.932352
470.9		0.932352
471		0.932352
471.1		0.936065
471.2		0.936065
471.3		0.936065
471.4		0.936065
471.5		0.936065
471.6		0.936065
471.7		0.936065
471.8		0.936065
471.9		0.936065
472		0.936065
472.1		0.936065
472.2		0.936065
472.3		0.936065
472.4		0.936065
472.5		0.936065
472.6		0.936065
472.7		0.936065
472.8		0.936065
472.9		0.936065
473		0.936065
473.1		0.938071
473.2		0.938071
473.3		0.938071
473.4		0.938071
473.5		0.938071
473.6		0.938071
473.7		0.938071
473.8		0.938071
473.9		0.938071
474		0.938071
474.1		0.939522
474.2		0.939522
474.3		0.939522
474.4		0.939522
474.5		0.939522
474.6		0.939522
474.7		0.939522
474.8		0.939522
474.9		0.939522
475		0.939522
475.1		0.941528
475.2		0.941528
475.3		0.941528
475.4		0.941528
475.5		0.941528
475.6		0.941528
475.7		0.941528
475.8		0.941528
475.9		0.941528
476		0.941528
476.1		0.943342
476.2		0.943342
476.3		0.943342
476.4		0.943342
476.5		0.943342
476.6		0.943342
476.7		0.943342
476.8		0.943342
476.9		0.943342
477		0.943342
477.1		0.946394
477.2		0.946394
477.3		0.946394
477.4		0.946394
477.5		0.946394
477.6		0.946394
477.7		0.946394
477.8		0.946394
477.9		0.946394
478		0.946394
478.1		0.948293
478.2		0.948293
478.3		0.948293
478.4		0.948293
478.5		0.948293
478.6		0.948293
478.7		0.948293
478.8		0.948293
478.9		0.948293
479		0.948293
479.1		0.950192
479.2		0.950192
479.3		0.950192
479.4		0.950192
479.5		0.950192
479.6		0.950192
479.7		0.950192
479.8		0.950192
479.9		0.950192
480		0.950192
480.1		0.953713
480.2		0.953713
480.3		0.953713
480.4		0.953713
480.5		0.953713
480.6		0.953713
480.7		0.953713
480.8		0.953713
480.9		0.953713
481		0.953713
481.1		0.953927
481.2		0.953927
481.3		0.953927
481.4		0.953927
481.5		0.953927
481.6		0.953927
481.7		0.953927
481.8		0.953927
481.9		0.953927
482		0.953927
482.1		0.954823
482.2		0.954823
482.3		0.954823
482.4		0.954823
482.5		0.954823
482.6		0.954823
482.7		0.954823
482.8		0.954823
482.9		0.954823
483		0.954823
483.1		0.959966
483.2		0.959966
483.3		0.959966
483.4		0.959966
483.5		0.959966
483.6		0.959966
483.7		0.959966
483.8		0.959966
483.9		0.959966
484		0.959966
484.1		0.960307
484.2		0.960307
484.3		0.960307
484.4		0.960307
484.5		0.960307
484.6		0.960307
484.7		0.960307
484.8		0.960307
484.9		0.960307
485		0.960307
485.1		0.960627
485.2		0.960627
485.3		0.960627
485.4		0.960627
485.5		0.960627
485.6		0.960627
485.7		0.960627
485.8		0.960627
485.9		0.960627
486		0.960627
486.1		0.966176
486.2		0.966176
486.3		0.966176
486.4		0.966176
486.5		0.966176
486.6		0.966176
486.7		0.966176
486.8		0.966176
486.9		0.966176
487		0.966176
487.1		0.968289
487.2		0.968289
487.3		0.968289
487.4		0.968289
487.5		0.968289
487.6		0.968289
487.7		0.968289
487.8		0.968289
487.9		0.968289
488		0.968289
488.1		0.968651
488.2		0.968651
488.3		0.968651
488.4		0.968651
488.5		0.968651
488.6		0.968651
488.7		0.968651
488.8		0.968651
488.9		0.968651
489		0.968651
489.1		0.971511
489.2		0.971511
489.3		0.971511
489.4		0.971511
489.5		0.971511
489.6		0.971511
489.7		0.971511
489.8		0.971511
489.9		0.971511
490		0.971511
490.1		0.973261
490.2		0.973261
490.3		0.973261
490.4		0.973261
490.5		0.973261
490.6		0.973261
490.7		0.973261
490.8		0.973261
490.9		0.973261
491		0.973261
491.1		0.973496
491.2		0.973496
491.3		0.973496
491.4		0.973496
491.5		0.973496
491.6		0.973496
491.7		0.973496
491.8		0.973496
491.9		0.973496
492		0.973496
492.1		0.978041
492.2		0.978041
492.3		0.978041
492.4		0.978041
492.5		0.978041
492.6		0.978041
492.7		0.978041
492.8		0.978041
492.9		0.978041
493		0.978041
493.1		0.980538
493.2		0.980538
493.3		0.980538
493.4		0.980538
493.5		0.980538
493.6		0.980538
493.7		0.980538
493.8		0.980538
493.9		0.980538
494		0.980538
494.1		0.982138
494.2		0.982138
494.3		0.982138
494.4		0.982138
494.5		0.982138
494.6		0.982138
494.7		0.982138
494.8		0.982138
494.9		0.982138
495		0.982138
495.1		0.982949
495.2		0.982949
495.3		0.982949
495.4		0.982949
495.5		0.982949
495.6		0.982949
495.7		0.982949
495.8		0.982949
495.9		0.982949
496		0.982949
496.1		0.984656
496.2		0.984656
496.3		0.984656
496.4		0.984656
496.5		0.984656
496.6		0.984656
496.7		0.984656
496.8		0.984656
496.9		0.984656
497		0.984656
497.1		0.985617
497.2		0.985617
497.3		0.985617
497.4		0.985617
497.5		0.985617
497.6		0.985617
497.7		0.985617
497.8		0.985617
497.9		0.985617
498		0.985617
498.1		0.991315
498.2		0.991315
498.3		0.991315
498.4		0.991315
498.5		0.991315
498.6		0.991315
498.7		0.991315
498.8		0.991315
498.9		0.991315
499		0.991315
499.1		0.993128
499.2		0.993128
499.3		0.993128
499.4		0.993128
499.5		0.993128
499.6		0.993128
499.7		0.993128
499.8		0.993128
499.9		0.993128
500		0.993128
500.1		0.99379
500.2		0.99379
500.3		0.99379
500.4		0.99379
500.5		0.99379
500.6		0.99379
500.7		0.99379
500.8		0.99379
500.9		0.99379
501		0.99379
501.1		0.994238
501.2		0.994238
501.3		0.994238
501.4		0.994238
501.5		0.994238
501.6		0.994238
501.7		0.994238
501.8		0.994238
501.9		0.994238
502		0.994238
502.1		0.997887
502.2		0.997887
502.3		0.997887
502.4		0.997887
502.5		0.997887
502.6		0.997887
502.7		0.997887
502.8		0.997887
502.9		0.997887
503		0.997887
503.1		0.999466
503.2		0.999466
503.3		0.999466
503.4		0.999466
503.5		0.999466
503.6		0.999466
503.7		0.999466
503.8		0.999466
503.9		0.999466
504		0.999466
504.1		1
504.2		1
504.3		1
504.4		1
504.5		1
504.6		1
504.7		1
504.8		1
504.9		1
505		1
505.1		1
505.2		1
505.3		1
505.4		1
505.5		1
505.6		1
505.7		1
505.8		1
505.9		1
506		1
506.1		1
506.2		1
506.3		1
506.4		1
506.5		1
506.6		1
506.7		1
506.8		1
506.9		1
507		1
507.1		1
507.2		1
507.3		1
507.4		1
507.5		1
507.6		1
507.7		1
507.8		1
507.9		1
508		1
508.1		1
508.2		1
508.3		1
508.4		1
508.5		1
508.6		1
508.7		1
508.8		1
508.9		1
509		1
509.1		1
509.2		1
509.3		1
509.4		1
509.5		1
509.6		1
509.7		1
509.8		1
509.9		1
510		1
510.1		1
510.2		1
510.3		1
510.4		1
510.5		1
510.6		1
510.7		1
510.8		1
510.9		1
511		1
511.1		1
511.2		1
511.3		1
511.4		1
511.5		1
511.6		1
511.7		1
511.8		1
511.9		1
512		1
512.1		1
512.2		1
512.3		1
512.4		1
512.5		1
512.6		1
512.7		1
512.8		1
512.9		1
513		1
513.1		1
513.2		1
513.3		1
513.4		1
513.5		1
513.6		1
513.7		1
513.8		1
513.9		1
514		1
514.1		1
514.2		1
514.3		1
514.4		1
514.5		1
514.6		1
514.7		1
514.8		1
514.9		1
515		1
515.1		1
515.2		1
515.3		1
515.4		1
515.5		1
515.6		1
515.7		1
515.8		1
515.9		1
516		1
516.1		1
516.2		1
516.3		1
516.4		1
516.5		1
516.6		1
516.7		1
516.8		1
516.9		1
517		1
517.1		1
517.2		1
517.3		1
517.4		1
517.5		1
517.6		1
517.7		1
517.8		1
517.9		1
518		1
518.1		1
518.2		1
518.3		1
518.4		1
518.5		1
518.6		1
518.7		1
518.8		1
518.9		1
519		1
519.1		1
519.2		1
519.3		1
519.4		1
519.5		1
519.6		1
519.7		1
519.8		1
519.9		1
520		1
520.1		1
520.2		1
520.3		1
520.4		1
520.5		1
520.6		1
520.7		1
520.8		1
520.9		1
521		1
521.1		1
521.2		1
521.3		1
521.4		1
521.5		1
521.6		1
521.7		1
521.8		1
521.9		1
522		1
522.1		1
522.2		1
522.3		1
522.4		1
522.5		1
522.6		1
522.7		1
522.8		1
522.9		1
523		1
523.1		1
523.2		1
523.3		1
523.4		1
523.5		1
523.6		1
523.7		1
523.8		1
523.9		1
524		1
524.1		1
524.2		1
524.3		1
524.4		1
524.5		1
524.6		1
524.7		1
524.8		1
524.9		1
525		1
525.1		1
525.2		1
525.3		1
525.4		1
525.5		1
525.6		1
525.7		1
525.8		1
525.9		1
526		1
526.1		1
526.2		1
526.3		1
526.4		1
526.5		1
526.6		1
526.7		1
526.8		1
526.9		1
527		1
527.1		1
527.2		1
527.3		1
527.4		1
527.5		1
527.6		1
527.7		1
527.8		1
527.9		1
528		1
528.1		1
528.2		1
528.3		1
528.4		1
528.5		1
528.6		1
528.7		1
528.8		1
528.9		1
529		1
529.1		1
529.2		1
529.3		1
529.4		1
529.5		1
529.6		1
529.7		1
529.8		1
529.9		1
530		1
530.1		1
530.2		1
530.3		1
530.4		1
530.5		1
530.6		1
530.7		1
530.8		1
530.9		1
531		1
531.1		1
531.2		1
531.3		1
531.4		1
531.5		1
531.6		1
531.7		1
531.8		1
531.9		1
532		1
532.1		1
532.2		1
532.3		1
532.4		1
532.5		1
532.6		1
532.7		1
532.8		1
532.9		1
533		1
533.1		1
533.2		1
533.3		1
533.4		1
533.5		1
533.6		1
533.7		1
533.8		1
533.9		1
534		1
534.1		1
534.2		1
534.3		1
534.4		1
534.5		1
534.6		1
534.7		1
534.8		1
534.9		1
535		1
535.1		1
535.2		1
535.3		1
535.4		1
535.5		1
535.6		1
535.7		1
535.8		1
535.9		1
536		1
536.1		1
536.2		1
536.3		1
536.4		1
536.5		1
536.6		1
536.7		1
536.8		1
536.9		1
537		1
537.1		1
537.2		1
537.3		1
537.4		1
537.5		1
537.6		1
537.7		1
537.8		1
537.9		1
538		1
538.1		1
538.2		1
538.3		1
538.4		1
538.5		1
538.6		1
538.7		1
538.8		1
538.9		1
539		1
539.1		1
539.2		1
539.3		1
539.4		1
539.5		1
539.6		1
539.7		1
539.8		1
539.9		1
540		1
540.1		1
540.2		1
540.3		1
540.4		1
540.5		1
540.6		1
540.7		1
540.8		1
540.9		1
541		1
541.1		1
541.2		1
541.3		1
541.4		1
541.5		1
541.6		1
541.7		1
541.8		1
541.9		1
542		1
542.1		1
542.2		1
542.3		1
542.4		1
542.5		1
542.6		1
542.7		1
542.8		1
542.9		1
543		1
543.1		1
543.2		1
543.3		1
543.4		1
543.5		1
543.6		1
543.7		1
543.8		1
543.9		1
544		1
544.1		1
544.2		1
544.3		1
544.4		1
544.5		1
544.6		1
544.7		1
544.8		1
544.9		1
545		1
545.1		1
545.2		1
545.3		1
545.4		1
545.5		1
545.6		1
545.7		1
545.8		1
545.9		1
546		1
546.1		1
546.2		1
546.3		1
546.4		1
546.5		1
546.6		1
546.7		1
546.8		1
546.9		1
547		1
547.1		1
547.2		1
547.3		1
547.4		1
547.5		1
547.6		1
547.7		1
547.8		1
547.9		1
548		1
548.1		1
548.2		1
548.3		1
548.4		1
548.5		1
548.6		1
548.7		1
548.8		1
548.9		1
549		1
549.1		1
549.2		1
549.3		1
549.4		1
549.5		1
549.6		1
549.7		1
549.8		1
549.9		1
550		1
550.1		1
550.2		1
550.3		1
550.4		1
550.5		1
550.6		1
550.7		1
550.8		1
550.9		1
551		1
551.1		1
551.2		1
551.3		1
551.4		1
551.5		1
551.6		1
551.7		1
551.8		1
551.9		1
552		1
552.1		1
552.2		1
552.3		1
552.4		1
552.5		1
552.6		1
552.7		1
552.8		1
552.9		1
553		1
553.1		1
553.2		1
553.3		1
553.4		1
553.5		1
553.6		1
553.7		1
553.8		1
553.9		1
554		1
554.1		1
554.2		1
554.3		1
554.4		1
554.5		1
554.6		1
554.7		1
554.8		1
554.9		1
555		1
555.1		1
555.2		1
555.3		1
555.4		1
555.5		1
555.6		1
555.7		1
555.8		1
555.9		1
556		1
556.1		1
556.2		1
556.3		1
556.4		1
556.5		1
556.6		1
556.7		1
556.8		1
556.9		1
557		1
557.1		1
557.2		1
557.3		1
557.4		1
557.5		1
557.6		1
557.7		1
557.8		1
557.9		1
558		1
558.1		1
558.2		1
558.3		1
558.4		1
558.5		1
558.6		1
558.7		1
558.8		1
558.9		1
559		1
559.1		1
559.2		1
559.3		1
559.4		1
559.5		1
559.6		1
559.7		1
559.8		1
559.9		1
560		1
560.1		1
560.2		1
560.3		1
560.4		1
560.5		1
560.6		1
560.7		1
560.8		1
560.9		1
561		1
561.1		1
561.2		1
561.3		1
561.4		1
561.5		1
561.6		1
561.7		1
561.8		1
561.9		1
562		1
562.1		1
562.2		1
562.3		1
562.4		1
562.5		1
562.6		1
562.7		1
562.8		1
562.9		1
563		1
563.1		1
563.2		1
563.3		1
563.4		1
563.5		1
563.6		1
563.7		1
563.8		1
563.9		1
564		1
564.1		1
564.2		1
564.3		1
564.4		1
564.5		1
564.6		1
564.7		1
564.8		1
564.9		1
565		1
565.1		1
565.2		1
565.3		1
565.4		1
565.5		1
565.6		1
565.7		1
565.8		1
565.9		1
566		1
566.1		1
566.2		1
566.3		1
566.4		1
566.5		1
566.6		1
566.7		1
566.8		1
566.9		1
567		1
567.1		1
567.2		1
567.3		1
567.4		1
567.5		1
567.6		1
567.7		1
567.8		1
567.9		1
568		1
568.1		1
568.2		1
568.3		1
568.4		1
568.5		1
568.6		1
568.7		1
568.8		1
568.9		1
569		1
569.1		1
569.2		1
569.3		1
569.4		1
569.5		1
569.6		1
569.7		1
569.8		1
569.9		1
570		1
570.1		1
570.2		1
570.3		1
570.4		1
570.5		1
570.6		1
570.7		1
570.8		1
570.9		1
571		1
571.1		1
571.2		1
571.3		1
571.4		1
571.5		1
571.6		1
571.7		1
571.8		1
571.9		1
572		1
572.1		1
572.2		1
572.3		1
572.4		1
572.5		1
572.6		1
572.7		1
572.8		1
572.9		1
573		1
573.1		1
573.2		1
573.3		1
573.4		1
573.5		1
573.6		1
573.7		1
573.8		1
573.9		1
574		1
574.1		1
574.2		1
574.3		1
574.4		1
574.5		1
574.6		1
574.7		1
574.8		1
574.9		1
575		1
575.1		1
575.2		1
575.3		1
575.4		1
575.5		1
575.6		1
575.7		1
575.8		1
575.9		1
576		1
576.1		1
576.2		1
576.3		1
576.4		1
576.5		1
576.6		1
576.7		1
576.8		1
576.9		1
577		1
577.1		1
577.2		1
577.3		1
577.4		1
577.5		1
577.6		1
577.7		1
577.8		1
577.9		1
578		1
578.1		1
578.2		1
578.3		1
578.4		1
578.5		1
578.6		1
578.7		1
578.8		1
578.9		1
579		1
579.1		1
579.2		1
579.3		1
579.4		1
579.5		1
579.6		1
579.7		1
579.8		1
579.9		1
580		1
580.1		1
580.2		1
580.3		1
580.4		1
580.5		1
580.6		1
580.7		1
580.8		1
580.9		1
581		1
581.1		1
581.2		1
581.3		1
581.4		1
581.5		1
581.6		1
581.7		1
581.8		1
581.9		1
582		1
582.1		1
582.2		1
582.3		1
582.4		1
582.5		1
582.6		1
582.7		1
582.8		1
582.9		1
583		1
583.1		1
583.2		1
583.3		1
583.4		1
583.5		1
583.6		1
583.7		1
583.8		1
583.9		1
584		1
584.1		1
584.2		1
584.3		1
584.4		1
584.5		1
584.6		1
584.7		1
584.8		1
584.9		1
585		1
585.1		1
585.2		1
585.3		1
585.4		1
585.5		1
585.6		1
585.7		1
585.8		1
585.9		1
586		1
586.1		1
586.2		1
586.3		1
586.4		1
586.5		1
586.6		1
586.7		1
586.8		1
586.9		1
587		1
587.1		1
587.2		1
587.3		1
587.4		1
587.5		1
587.6		1
587.7		1
587.8		1
587.9		1
588		1
588.1		1
588.2		1
588.3		1
588.4		1
588.5		1
588.6		1
588.7		1
588.8		1
588.9		1
589		1
589.1		1
589.2		1
589.3		1
589.4		1
589.5		1
589.6		1
589.7		1
589.8		1
589.9		1
590		1
590.1		1
590.2		1
590.3		1
590.4		1
590.5		1
590.6		1
590.7		1
590.8		1
590.9		1
591		1
591.1		1
591.2		1
591.3		1
591.4		1
591.5		1
591.6		1
591.7		1
591.8		1
591.9		1
592		1
592.1		1
592.2		1
592.3		1
592.4		1
592.5		1
592.6		1
592.7		1
592.8		1
592.9		1
593		1
593.1		1
593.2		1
593.3		1
593.4		1
593.5		1
593.6		1
593.7		1
593.8		1
593.9		1
594		1
594.1		1
594.2		1
594.3		1
594.4		1
594.5		1
594.6		1
594.7		1
594.8		1
594.9		1
595		1
595.1		1
595.2		1
595.3		1
595.4		1
595.5		1
595.6		1
595.7		1
595.8		1
595.9		1
596		1
596.1		1
596.2		1
596.3		1
596.4		1
596.5		1
596.6		1
596.7		1
596.8		1
596.9		1
597		1
597.1		1
597.2		1
597.3		1
597.4		1
597.5		1
597.6		1
597.7		1
597.8		1
597.9		1
598		1
598.1		1
598.2		1
598.3		1
598.4		1
598.5		1
598.6		1
598.7		1
598.8		1
598.9		1
599		1
599.1		1
599.2		1
599.3		1
599.4		1
599.5		1
599.6		1
599.7		1
599.8		1
599.9		1
600		1
