# Calibration file of tamex_id 1 @ channel 52
# fine_T bin		 Calibration value
0.1		0
0.2		0
0.3		0
0.4		0
0.5		0
0.6		0
0.7		0
0.8		0
0.9		0
1		0
1.1		0
1.2		0
1.3		0
1.4		0
1.5		0
1.6		0
1.7		0
1.8		0
1.9		0
2		0
2.1		0
2.2		0
2.3		0
2.4		0
2.5		0
2.6		0
2.7		0
2.8		0
2.9		0
3		0
3.1		0
3.2		0
3.3		0
3.4		0
3.5		0
3.6		0
3.7		0
3.8		0
3.9		0
4		0
4.1		0
4.2		0
4.3		0
4.4		0
4.5		0
4.6		0
4.7		0
4.8		0
4.9		0
5		0
5.1		0
5.2		0
5.3		0
5.4		0
5.5		0
5.6		0
5.7		0
5.8		0
5.9		0
6		0
6.1		0
6.2		0
6.3		0
6.4		0
6.5		0
6.6		0
6.7		0
6.8		0
6.9		0
7		0
7.1		0
7.2		0
7.3		0
7.4		0
7.5		0
7.6		0
7.7		0
7.8		0
7.9		0
8		0
8.1		0
8.2		0
8.3		0
8.4		0
8.5		0
8.6		0
8.7		0
8.8		0
8.9		0
9		0
9.1		0
9.2		0
9.3		0
9.4		0
9.5		0
9.6		0
9.7		0
9.8		0
9.9		0
10		0
10.1		0
10.2		0
10.3		0
10.4		0
10.5		0
10.6		0
10.7		0
10.8		0
10.9		0
11		0
11.1		0
11.2		0
11.3		0
11.4		0
11.5		0
11.6		0
11.7		0
11.8		0
11.9		0
12		0
12.1		0
12.2		0
12.3		0
12.4		0
12.5		0
12.6		0
12.7		0
12.8		0
12.9		0
13		0
13.1		0
13.2		0
13.3		0
13.4		0
13.5		0
13.6		0
13.7		0
13.8		0
13.9		0
14		0
14.1		0
14.2		0
14.3		0
14.4		0
14.5		0
14.6		0
14.7		0
14.8		0
14.9		0
15		0
15.1		0
15.2		0
15.3		0
15.4		0
15.5		0
15.6		0
15.7		0
15.8		0
15.9		0
16		0
16.1		0.00226204
16.2		0.00226204
16.3		0.00226204
16.4		0.00226204
16.5		0.00226204
16.6		0.00226204
16.7		0.00226204
16.8		0.00226204
16.9		0.00226204
17		0.00226204
17.1		0.00771756
17.2		0.00771756
17.3		0.00771756
17.4		0.00771756
17.5		0.00771756
17.6		0.00771756
17.7		0.00771756
17.8		0.00771756
17.9		0.00771756
18		0.00771756
18.1		0.00920341
18.2		0.00920341
18.3		0.00920341
18.4		0.00920341
18.5		0.00920341
18.6		0.00920341
18.7		0.00920341
18.8		0.00920341
18.9		0.00920341
19		0.00920341
19.1		0.010778
19.2		0.010778
19.3		0.010778
19.4		0.010778
19.5		0.010778
19.6		0.010778
19.7		0.010778
19.8		0.010778
19.9		0.010778
20		0.010778
20.1		0.0157234
20.2		0.0157234
20.3		0.0157234
20.4		0.0157234
20.5		0.0157234
20.6		0.0157234
20.7		0.0157234
20.8		0.0157234
20.9		0.0157234
21		0.0157234
21.1		0.0160782
21.2		0.0160782
21.3		0.0160782
21.4		0.0160782
21.5		0.0160782
21.6		0.0160782
21.7		0.0160782
21.8		0.0160782
21.9		0.0160782
22		0.0160782
22.1		0.0174532
22.2		0.0174532
22.3		0.0174532
22.4		0.0174532
22.5		0.0174532
22.6		0.0174532
22.7		0.0174532
22.8		0.0174532
22.9		0.0174532
23		0.0174532
23.1		0.0186729
23.2		0.0186729
23.3		0.0186729
23.4		0.0186729
23.5		0.0186729
23.6		0.0186729
23.7		0.0186729
23.8		0.0186729
23.9		0.0186729
24		0.0186729
24.1		0.0258361
24.2		0.0258361
24.3		0.0258361
24.4		0.0258361
24.5		0.0258361
24.6		0.0258361
24.7		0.0258361
24.8		0.0258361
24.9		0.0258361
25		0.0258361
25.1		0.0261465
25.2		0.0261465
25.3		0.0261465
25.4		0.0261465
25.5		0.0261465
25.6		0.0261465
25.7		0.0261465
25.8		0.0261465
25.9		0.0261465
26		0.0261465
26.1		0.0262796
26.2		0.0262796
26.3		0.0262796
26.4		0.0262796
26.5		0.0262796
26.6		0.0262796
26.7		0.0262796
26.8		0.0262796
26.9		0.0262796
27		0.0262796
27.1		0.0282755
27.2		0.0282755
27.3		0.0282755
27.4		0.0282755
27.5		0.0282755
27.6		0.0282755
27.7		0.0282755
27.8		0.0282755
27.9		0.0282755
28		0.0282755
28.1		0.0322674
28.2		0.0322674
28.3		0.0322674
28.4		0.0322674
28.5		0.0322674
28.6		0.0322674
28.7		0.0322674
28.8		0.0322674
28.9		0.0322674
29		0.0322674
29.1		0.0334206
29.2		0.0334206
29.3		0.0334206
29.4		0.0334206
29.5		0.0334206
29.6		0.0334206
29.7		0.0334206
29.8		0.0334206
29.9		0.0334206
30		0.0334206
30.1		0.0352391
30.2		0.0352391
30.3		0.0352391
30.4		0.0352391
30.5		0.0352391
30.6		0.0352391
30.7		0.0352391
30.8		0.0352391
30.9		0.0352391
31		0.0352391
31.1		0.0368802
31.2		0.0368802
31.3		0.0368802
31.4		0.0368802
31.5		0.0368802
31.6		0.0368802
31.7		0.0368802
31.8		0.0368802
31.9		0.0368802
32		0.0368802
32.1		0.0402954
32.2		0.0402954
32.3		0.0402954
32.4		0.0402954
32.5		0.0402954
32.6		0.0402954
32.7		0.0402954
32.8		0.0402954
32.9		0.0402954
33		0.0402954
33.1		0.0422913
33.2		0.0422913
33.3		0.0422913
33.4		0.0422913
33.5		0.0422913
33.6		0.0422913
33.7		0.0422913
33.8		0.0422913
33.9		0.0422913
34		0.0422913
34.1		0.043511
34.2		0.043511
34.3		0.043511
34.4		0.043511
34.5		0.043511
34.6		0.043511
34.7		0.043511
34.8		0.043511
34.9		0.043511
35		0.043511
35.1		0.0439989
35.2		0.0439989
35.3		0.0439989
35.4		0.0439989
35.5		0.0439989
35.6		0.0439989
35.7		0.0439989
35.8		0.0439989
35.9		0.0439989
36		0.0439989
36.1		0.0496097
36.2		0.0496097
36.3		0.0496097
36.4		0.0496097
36.5		0.0496097
36.6		0.0496097
36.7		0.0496097
36.8		0.0496097
36.9		0.0496097
37		0.0496097
37.1		0.0508738
37.2		0.0508738
37.3		0.0508738
37.4		0.0508738
37.5		0.0508738
37.6		0.0508738
37.7		0.0508738
37.8		0.0508738
37.9		0.0508738
38		0.0508738
38.1		0.0516721
38.2		0.0516721
38.3		0.0516721
38.4		0.0516721
38.5		0.0516721
38.6		0.0516721
38.7		0.0516721
38.8		0.0516721
38.9		0.0516721
39		0.0516721
39.1		0.0540007
39.2		0.0540007
39.3		0.0540007
39.4		0.0540007
39.5		0.0540007
39.6		0.0540007
39.7		0.0540007
39.8		0.0540007
39.9		0.0540007
40		0.0540007
40.1		0.0545108
40.2		0.0545108
40.3		0.0545108
40.4		0.0545108
40.5		0.0545108
40.6		0.0545108
40.7		0.0545108
40.8		0.0545108
40.9		0.0545108
41		0.0545108
41.1		0.0575268
41.2		0.0575268
41.3		0.0575268
41.4		0.0575268
41.5		0.0575268
41.6		0.0575268
41.7		0.0575268
41.8		0.0575268
41.9		0.0575268
42		0.0575268
42.1		0.0587909
42.2		0.0587909
42.3		0.0587909
42.4		0.0587909
42.5		0.0587909
42.6		0.0587909
42.7		0.0587909
42.8		0.0587909
42.9		0.0587909
43		0.0587909
43.1		0.0602546
43.2		0.0602546
43.3		0.0602546
43.4		0.0602546
43.5		0.0602546
43.6		0.0602546
43.7		0.0602546
43.8		0.0602546
43.9		0.0602546
44		0.0602546
44.1		0.0632485
44.2		0.0632485
44.3		0.0632485
44.4		0.0632485
44.5		0.0632485
44.6		0.0632485
44.7		0.0632485
44.8		0.0632485
44.9		0.0632485
45		0.0632485
45.1		0.0648009
45.2		0.0648009
45.3		0.0648009
45.4		0.0648009
45.5		0.0648009
45.6		0.0648009
45.7		0.0648009
45.8		0.0648009
45.9		0.0648009
46		0.0648009
46.1		0.0698794
46.2		0.0698794
46.3		0.0698794
46.4		0.0698794
46.5		0.0698794
46.6		0.0698794
46.7		0.0698794
46.8		0.0698794
46.9		0.0698794
47		0.0698794
47.1		0.0709217
47.2		0.0709217
47.3		0.0709217
47.4		0.0709217
47.5		0.0709217
47.6		0.0709217
47.7		0.0709217
47.8		0.0709217
47.9		0.0709217
48		0.0709217
48.1		0.0711878
48.2		0.0711878
48.3		0.0711878
48.4		0.0711878
48.5		0.0711878
48.6		0.0711878
48.7		0.0711878
48.8		0.0711878
48.9		0.0711878
49		0.0711878
49.1		0.0761554
49.2		0.0761554
49.3		0.0761554
49.4		0.0761554
49.5		0.0761554
49.6		0.0761554
49.7		0.0761554
49.8		0.0761554
49.9		0.0761554
50		0.0761554
50.1		0.0769981
50.2		0.0769981
50.3		0.0769981
50.4		0.0769981
50.5		0.0769981
50.6		0.0769981
50.7		0.0769981
50.8		0.0769981
50.9		0.0769981
51		0.0769981
51.1		0.0800807
51.2		0.0800807
51.3		0.0800807
51.4		0.0800807
51.5		0.0800807
51.6		0.0800807
51.7		0.0800807
51.8		0.0800807
51.9		0.0800807
52		0.0800807
52.1		0.0811896
52.2		0.0811896
52.3		0.0811896
52.4		0.0811896
52.5		0.0811896
52.6		0.0811896
52.7		0.0811896
52.8		0.0811896
52.9		0.0811896
53		0.0811896
53.1		0.0821875
53.2		0.0821875
53.3		0.0821875
53.4		0.0821875
53.5		0.0821875
53.6		0.0821875
53.7		0.0821875
53.8		0.0821875
53.9		0.0821875
54		0.0821875
54.1		0.0868225
54.2		0.0868225
54.3		0.0868225
54.4		0.0868225
54.5		0.0868225
54.6		0.0868225
54.7		0.0868225
54.8		0.0868225
54.9		0.0868225
55		0.0868225
55.1		0.0873104
55.2		0.0873104
55.3		0.0873104
55.4		0.0873104
55.5		0.0873104
55.6		0.0873104
55.7		0.0873104
55.8		0.0873104
55.9		0.0873104
56		0.0873104
56.1		0.0880644
56.2		0.0880644
56.3		0.0880644
56.4		0.0880644
56.5		0.0880644
56.6		0.0880644
56.7		0.0880644
56.8		0.0880644
56.9		0.0880644
57		0.0880644
57.1		0.0883305
57.2		0.0883305
57.3		0.0883305
57.4		0.0883305
57.5		0.0883305
57.6		0.0883305
57.7		0.0883305
57.8		0.0883305
57.9		0.0883305
58		0.0883305
58.1		0.0952719
58.2		0.0952719
58.3		0.0952719
58.4		0.0952719
58.5		0.0952719
58.6		0.0952719
58.7		0.0952719
58.8		0.0952719
58.9		0.0952719
59		0.0952719
59.1		0.0956045
59.2		0.0956045
59.3		0.0956045
59.4		0.0956045
59.5		0.0956045
59.6		0.0956045
59.7		0.0956045
59.8		0.0956045
59.9		0.0956045
60		0.0956045
60.1		0.0978222
60.2		0.0978222
60.3		0.0978222
60.4		0.0978222
60.5		0.0978222
60.6		0.0978222
60.7		0.0978222
60.8		0.0978222
60.9		0.0978222
61		0.0978222
61.1		0.0981327
61.2		0.0981327
61.3		0.0981327
61.4		0.0981327
61.5		0.0981327
61.6		0.0981327
61.7		0.0981327
61.8		0.0981327
61.9		0.0981327
62		0.0981327
62.1		0.102701
62.2		0.102701
62.3		0.102701
62.4		0.102701
62.5		0.102701
62.6		0.102701
62.7		0.102701
62.8		0.102701
62.9		0.102701
63		0.102701
63.1		0.103987
63.2		0.103987
63.3		0.103987
63.4		0.103987
63.5		0.103987
63.6		0.103987
63.7		0.103987
63.8		0.103987
63.9		0.103987
64		0.103987
64.1		0.105606
64.2		0.105606
64.3		0.105606
64.4		0.105606
64.5		0.105606
64.6		0.105606
64.7		0.105606
64.8		0.105606
64.9		0.105606
65		0.105606
65.1		0.106915
65.2		0.106915
65.3		0.106915
65.4		0.106915
65.5		0.106915
65.6		0.106915
65.7		0.106915
65.8		0.106915
65.9		0.106915
66		0.106915
66.1		0.109709
66.2		0.109709
66.3		0.109709
66.4		0.109709
66.5		0.109709
66.6		0.109709
66.7		0.109709
66.8		0.109709
66.9		0.109709
67		0.109709
67.1		0.111284
67.2		0.111284
67.3		0.111284
67.4		0.111284
67.5		0.111284
67.6		0.111284
67.7		0.111284
67.8		0.111284
67.9		0.111284
68		0.111284
68.1		0.112437
68.2		0.112437
68.3		0.112437
68.4		0.112437
68.5		0.112437
68.6		0.112437
68.7		0.112437
68.8		0.112437
68.9		0.112437
69		0.112437
69.1		0.11308
69.2		0.11308
69.3		0.11308
69.4		0.11308
69.5		0.11308
69.6		0.11308
69.7		0.11308
69.8		0.11308
69.9		0.11308
70		0.11308
70.1		0.115808
70.2		0.115808
70.3		0.115808
70.4		0.115808
70.5		0.115808
70.6		0.115808
70.7		0.115808
70.8		0.115808
70.9		0.115808
71		0.115808
71.1		0.121219
71.2		0.121219
71.3		0.121219
71.4		0.121219
71.5		0.121219
71.6		0.121219
71.7		0.121219
71.8		0.121219
71.9		0.121219
72		0.121219
72.1		0.12235
72.2		0.12235
72.3		0.12235
72.4		0.12235
72.5		0.12235
72.6		0.12235
72.7		0.12235
72.8		0.12235
72.9		0.12235
73		0.12235
73.1		0.125078
73.2		0.125078
73.3		0.125078
73.4		0.125078
73.5		0.125078
73.6		0.125078
73.7		0.125078
73.8		0.125078
73.9		0.125078
74		0.125078
74.1		0.126209
74.2		0.126209
74.3		0.126209
74.4		0.126209
74.5		0.126209
74.6		0.126209
74.7		0.126209
74.8		0.126209
74.9		0.126209
75		0.126209
75.1		0.126652
75.2		0.126652
75.3		0.126652
75.4		0.126652
75.5		0.126652
75.6		0.126652
75.7		0.126652
75.8		0.126652
75.9		0.126652
76		0.126652
76.1		0.130688
76.2		0.130688
76.3		0.130688
76.4		0.130688
76.5		0.130688
76.6		0.130688
76.7		0.130688
76.8		0.130688
76.9		0.130688
77		0.130688
77.1		0.13244
77.2		0.13244
77.3		0.13244
77.4		0.13244
77.5		0.13244
77.6		0.13244
77.7		0.13244
77.8		0.13244
77.9		0.13244
78		0.13244
78.1		0.133837
78.2		0.133837
78.3		0.133837
78.4		0.133837
78.5		0.133837
78.6		0.133837
78.7		0.133837
78.8		0.133837
78.9		0.133837
79		0.133837
79.1		0.136942
79.2		0.136942
79.3		0.136942
79.4		0.136942
79.5		0.136942
79.6		0.136942
79.7		0.136942
79.8		0.136942
79.9		0.136942
80		0.136942
80.1		0.139426
80.2		0.139426
80.3		0.139426
80.4		0.139426
80.5		0.139426
80.6		0.139426
80.7		0.139426
80.8		0.139426
80.9		0.139426
81		0.139426
81.1		0.141245
81.2		0.141245
81.3		0.141245
81.4		0.141245
81.5		0.141245
81.6		0.141245
81.7		0.141245
81.8		0.141245
81.9		0.141245
82		0.141245
82.1		0.142597
82.2		0.142597
82.3		0.142597
82.4		0.142597
82.5		0.142597
82.6		0.142597
82.7		0.142597
82.8		0.142597
82.9		0.142597
83		0.142597
83.1		0.143773
83.2		0.143773
83.3		0.143773
83.4		0.143773
83.5		0.143773
83.6		0.143773
83.7		0.143773
83.8		0.143773
83.9		0.143773
84		0.143773
84.1		0.148142
84.2		0.148142
84.3		0.148142
84.4		0.148142
84.5		0.148142
84.6		0.148142
84.7		0.148142
84.8		0.148142
84.9		0.148142
85		0.148142
85.1		0.149029
85.2		0.149029
85.3		0.149029
85.4		0.149029
85.5		0.149029
85.6		0.149029
85.7		0.149029
85.8		0.149029
85.9		0.149029
86		0.149029
86.1		0.149206
86.2		0.149206
86.3		0.149206
86.4		0.149206
86.5		0.149206
86.6		0.149206
86.7		0.149206
86.8		0.149206
86.9		0.149206
87		0.149206
87.1		0.154595
87.2		0.154595
87.3		0.154595
87.4		0.154595
87.5		0.154595
87.6		0.154595
87.7		0.154595
87.8		0.154595
87.9		0.154595
88		0.154595
88.1		0.156658
88.2		0.156658
88.3		0.156658
88.4		0.156658
88.5		0.156658
88.6		0.156658
88.7		0.156658
88.8		0.156658
88.9		0.156658
89		0.156658
89.1		0.156968
89.2		0.156968
89.3		0.156968
89.4		0.156968
89.5		0.156968
89.6		0.156968
89.7		0.156968
89.8		0.156968
89.9		0.156968
90		0.156968
90.1		0.160915
90.2		0.160915
90.3		0.160915
90.4		0.160915
90.5		0.160915
90.6		0.160915
90.7		0.160915
90.8		0.160915
90.9		0.160915
91		0.160915
91.1		0.161292
91.2		0.161292
91.3		0.161292
91.4		0.161292
91.5		0.161292
91.6		0.161292
91.7		0.161292
91.8		0.161292
91.9		0.161292
92		0.161292
92.1		0.166637
92.2		0.166637
92.3		0.166637
92.4		0.166637
92.5		0.166637
92.6		0.166637
92.7		0.166637
92.8		0.166637
92.9		0.166637
93		0.166637
93.1		0.167169
93.2		0.167169
93.3		0.167169
93.4		0.167169
93.5		0.167169
93.6		0.167169
93.7		0.167169
93.8		0.167169
93.9		0.167169
94		0.167169
94.1		0.168079
94.2		0.168079
94.3		0.168079
94.4		0.168079
94.5		0.168079
94.6		0.168079
94.7		0.168079
94.8		0.168079
94.9		0.168079
95		0.168079
95.1		0.168544
95.2		0.168544
95.3		0.168544
95.4		0.168544
95.5		0.168544
95.6		0.168544
95.7		0.168544
95.8		0.168544
95.9		0.168544
96		0.168544
96.1		0.171516
96.2		0.171516
96.3		0.171516
96.4		0.171516
96.5		0.171516
96.6		0.171516
96.7		0.171516
96.8		0.171516
96.9		0.171516
97		0.171516
97.1		0.174953
97.2		0.174953
97.3		0.174953
97.4		0.174953
97.5		0.174953
97.6		0.174953
97.7		0.174953
97.8		0.174953
97.9		0.174953
98		0.174953
98.1		0.176883
98.2		0.176883
98.3		0.176883
98.4		0.176883
98.5		0.176883
98.6		0.176883
98.7		0.176883
98.8		0.176883
98.9		0.176883
99		0.176883
99.1		0.177127
99.2		0.177127
99.3		0.177127
99.4		0.177127
99.5		0.177127
99.6		0.177127
99.7		0.177127
99.8		0.177127
99.9		0.177127
100		0.177127
100.1		0.18134
100.2		0.18134
100.3		0.18134
100.4		0.18134
100.5		0.18134
100.6		0.18134
100.7		0.18134
100.8		0.18134
100.9		0.18134
101		0.18134
101.1		0.181584
101.2		0.181584
101.3		0.181584
101.4		0.181584
101.5		0.181584
101.6		0.181584
101.7		0.181584
101.8		0.181584
101.9		0.181584
102		0.181584
102.1		0.184467
102.2		0.184467
102.3		0.184467
102.4		0.184467
102.5		0.184467
102.6		0.184467
102.7		0.184467
102.8		0.184467
102.9		0.184467
103		0.184467
103.1		0.185022
103.2		0.185022
103.3		0.185022
103.4		0.185022
103.5		0.185022
103.6		0.185022
103.7		0.185022
103.8		0.185022
103.9		0.185022
104		0.185022
104.1		0.187262
104.2		0.187262
104.3		0.187262
104.4		0.187262
104.5		0.187262
104.6		0.187262
104.7		0.187262
104.8		0.187262
104.9		0.187262
105		0.187262
105.1		0.191032
105.2		0.191032
105.3		0.191032
105.4		0.191032
105.5		0.191032
105.6		0.191032
105.7		0.191032
105.8		0.191032
105.9		0.191032
106		0.191032
106.1		0.191231
106.2		0.191231
106.3		0.191231
106.4		0.191231
106.5		0.191231
106.6		0.191231
106.7		0.191231
106.8		0.191231
106.9		0.191231
107		0.191231
107.1		0.194048
107.2		0.194048
107.3		0.194048
107.4		0.194048
107.5		0.194048
107.6		0.194048
107.7		0.194048
107.8		0.194048
107.9		0.194048
108		0.194048
108.1		0.194846
108.2		0.194846
108.3		0.194846
108.4		0.194846
108.5		0.194846
108.6		0.194846
108.7		0.194846
108.8		0.194846
108.9		0.194846
109		0.194846
109.1		0.197374
109.2		0.197374
109.3		0.197374
109.4		0.197374
109.5		0.197374
109.6		0.197374
109.7		0.197374
109.8		0.197374
109.9		0.197374
110		0.197374
110.1		0.201721
110.2		0.201721
110.3		0.201721
110.4		0.201721
110.5		0.201721
110.6		0.201721
110.7		0.201721
110.8		0.201721
110.9		0.201721
111		0.201721
111.1		0.202142
111.2		0.202142
111.3		0.202142
111.4		0.202142
111.5		0.202142
111.6		0.202142
111.7		0.202142
111.8		0.202142
111.9		0.202142
112		0.202142
112.1		0.202586
112.2		0.202586
112.3		0.202586
112.4		0.202586
112.5		0.202586
112.6		0.202586
112.7		0.202586
112.8		0.202586
112.9		0.202586
113		0.202586
113.1		0.204715
113.2		0.204715
113.3		0.204715
113.4		0.204715
113.5		0.204715
113.6		0.204715
113.7		0.204715
113.8		0.204715
113.9		0.204715
114		0.204715
114.1		0.209172
114.2		0.209172
114.3		0.209172
114.4		0.209172
114.5		0.209172
114.6		0.209172
114.7		0.209172
114.8		0.209172
114.9		0.209172
115		0.209172
115.1		0.212388
115.2		0.212388
115.3		0.212388
115.4		0.212388
115.5		0.212388
115.6		0.212388
115.7		0.212388
115.8		0.212388
115.9		0.212388
116		0.212388
116.1		0.213896
116.2		0.213896
116.3		0.213896
116.4		0.213896
116.5		0.213896
116.6		0.213896
116.7		0.213896
116.8		0.213896
116.9		0.213896
117		0.213896
117.1		0.214317
117.2		0.214317
117.3		0.214317
117.4		0.214317
117.5		0.214317
117.6		0.214317
117.7		0.214317
117.8		0.214317
117.9		0.214317
118		0.214317
118.1		0.219706
118.2		0.219706
118.3		0.219706
118.4		0.219706
118.5		0.219706
118.6		0.219706
118.7		0.219706
118.8		0.219706
118.9		0.219706
119		0.219706
119.1		0.220593
119.2		0.220593
119.3		0.220593
119.4		0.220593
119.5		0.220593
119.6		0.220593
119.7		0.220593
119.8		0.220593
119.9		0.220593
120		0.220593
120.1		0.221126
120.2		0.221126
120.3		0.221126
120.4		0.221126
120.5		0.221126
120.6		0.221126
120.7		0.221126
120.8		0.221126
120.9		0.221126
121		0.221126
121.1		0.222989
121.2		0.222989
121.3		0.222989
121.4		0.222989
121.5		0.222989
121.6		0.222989
121.7		0.222989
121.8		0.222989
121.9		0.222989
122		0.222989
122.1		0.228222
122.2		0.228222
122.3		0.228222
122.4		0.228222
122.5		0.228222
122.6		0.228222
122.7		0.228222
122.8		0.228222
122.9		0.228222
123		0.228222
123.1		0.22891
123.2		0.22891
123.3		0.22891
123.4		0.22891
123.5		0.22891
123.6		0.22891
123.7		0.22891
123.8		0.22891
123.9		0.22891
124		0.22891
124.1		0.229021
124.2		0.229021
124.3		0.229021
124.4		0.229021
124.5		0.229021
124.6		0.229021
124.7		0.229021
124.8		0.229021
124.9		0.229021
125		0.229021
125.1		0.23095
125.2		0.23095
125.3		0.23095
125.4		0.23095
125.5		0.23095
125.6		0.23095
125.7		0.23095
125.8		0.23095
125.9		0.23095
126		0.23095
126.1		0.235186
126.2		0.235186
126.3		0.235186
126.4		0.235186
126.5		0.235186
126.6		0.235186
126.7		0.235186
126.8		0.235186
126.9		0.235186
127		0.235186
127.1		0.235518
127.2		0.235518
127.3		0.235518
127.4		0.235518
127.5		0.235518
127.6		0.235518
127.7		0.235518
127.8		0.235518
127.9		0.235518
128		0.235518
128.1		0.238379
128.2		0.238379
128.3		0.238379
128.4		0.238379
128.5		0.238379
128.6		0.238379
128.7		0.238379
128.8		0.238379
128.9		0.238379
129		0.238379
129.1		0.240442
129.2		0.240442
129.3		0.240442
129.4		0.240442
129.5		0.240442
129.6		0.240442
129.7		0.240442
129.8		0.240442
129.9		0.240442
130		0.240442
130.1		0.243924
130.2		0.243924
130.3		0.243924
130.4		0.243924
130.5		0.243924
130.6		0.243924
130.7		0.243924
130.8		0.243924
130.9		0.243924
131		0.243924
131.1		0.245609
131.2		0.245609
131.3		0.245609
131.4		0.245609
131.5		0.245609
131.6		0.245609
131.7		0.245609
131.8		0.245609
131.9		0.245609
132		0.245609
132.1		0.245875
132.2		0.245875
132.3		0.245875
132.4		0.245875
132.5		0.245875
132.6		0.245875
132.7		0.245875
132.8		0.245875
132.9		0.245875
133		0.245875
133.1		0.247538
133.2		0.247538
133.3		0.247538
133.4		0.247538
133.5		0.247538
133.6		0.247538
133.7		0.247538
133.8		0.247538
133.9		0.247538
134		0.247538
134.1		0.25173
134.2		0.25173
134.3		0.25173
134.4		0.25173
134.5		0.25173
134.6		0.25173
134.7		0.25173
134.8		0.25173
134.9		0.25173
135		0.25173
135.1		0.254103
135.2		0.254103
135.3		0.254103
135.4		0.254103
135.5		0.254103
135.6		0.254103
135.7		0.254103
135.8		0.254103
135.9		0.254103
136		0.254103
136.1		0.255256
136.2		0.255256
136.3		0.255256
136.4		0.255256
136.5		0.255256
136.6		0.255256
136.7		0.255256
136.8		0.255256
136.9		0.255256
137		0.255256
137.1		0.258893
137.2		0.258893
137.3		0.258893
137.4		0.258893
137.5		0.258893
137.6		0.258893
137.7		0.258893
137.8		0.258893
137.9		0.258893
138		0.258893
138.1		0.259536
138.2		0.259536
138.3		0.259536
138.4		0.259536
138.5		0.259536
138.6		0.259536
138.7		0.259536
138.8		0.259536
138.9		0.259536
139		0.259536
139.1		0.263838
139.2		0.263838
139.3		0.263838
139.4		0.263838
139.5		0.263838
139.6		0.263838
139.7		0.263838
139.8		0.263838
139.9		0.263838
140		0.263838
140.1		0.265391
140.2		0.265391
140.3		0.265391
140.4		0.265391
140.5		0.265391
140.6		0.265391
140.7		0.265391
140.8		0.265391
140.9		0.265391
141		0.265391
141.1		0.267387
141.2		0.267387
141.3		0.267387
141.4		0.267387
141.5		0.267387
141.6		0.267387
141.7		0.267387
141.8		0.267387
141.9		0.267387
142		0.267387
142.1		0.267808
142.2		0.267808
142.3		0.267808
142.4		0.267808
142.5		0.267808
142.6		0.267808
142.7		0.267808
142.8		0.267808
142.9		0.267808
143		0.267808
143.1		0.270403
143.2		0.270403
143.3		0.270403
143.4		0.270403
143.5		0.270403
143.6		0.270403
143.7		0.270403
143.8		0.270403
143.9		0.270403
144		0.270403
144.1		0.27262
144.2		0.27262
144.3		0.27262
144.4		0.27262
144.5		0.27262
144.6		0.27262
144.7		0.27262
144.8		0.27262
144.9		0.27262
145		0.27262
145.1		0.273463
145.2		0.273463
145.3		0.273463
145.4		0.273463
145.5		0.273463
145.6		0.273463
145.7		0.273463
145.8		0.273463
145.9		0.273463
146		0.273463
146.1		0.275526
146.2		0.275526
146.3		0.275526
146.4		0.275526
146.5		0.275526
146.6		0.275526
146.7		0.275526
146.8		0.275526
146.9		0.275526
147		0.275526
147.1		0.278963
147.2		0.278963
147.3		0.278963
147.4		0.278963
147.5		0.278963
147.6		0.278963
147.7		0.278963
147.8		0.278963
147.9		0.278963
148		0.278963
148.1		0.285106
148.2		0.285106
148.3		0.285106
148.4		0.285106
148.5		0.285106
148.6		0.285106
148.7		0.285106
148.8		0.285106
148.9		0.285106
149		0.285106
149.1		0.285394
149.2		0.285394
149.3		0.285394
149.4		0.285394
149.5		0.285394
149.6		0.285394
149.7		0.285394
149.8		0.285394
149.9		0.285394
150		0.285394
150.1		0.28566
150.2		0.28566
150.3		0.28566
150.4		0.28566
150.5		0.28566
150.6		0.28566
150.7		0.28566
150.8		0.28566
150.9		0.28566
151		0.28566
151.1		0.28586
151.2		0.28586
151.3		0.28586
151.4		0.28586
151.5		0.28586
151.6		0.28586
151.7		0.28586
151.8		0.28586
151.9		0.28586
152		0.28586
152.1		0.29014
152.2		0.29014
152.3		0.29014
152.4		0.29014
152.5		0.29014
152.6		0.29014
152.7		0.29014
152.8		0.29014
152.9		0.29014
153		0.29014
153.1		0.29269
153.2		0.29269
153.3		0.29269
153.4		0.29269
153.5		0.29269
153.6		0.29269
153.7		0.29269
153.8		0.29269
153.9		0.29269
154		0.29269
154.1		0.293445
154.2		0.293445
154.3		0.293445
154.4		0.293445
154.5		0.293445
154.6		0.293445
154.7		0.293445
154.8		0.293445
154.9		0.293445
155		0.293445
155.1		0.296549
155.2		0.296549
155.3		0.296549
155.4		0.296549
155.5		0.296549
155.6		0.296549
155.7		0.296549
155.8		0.296549
155.9		0.296549
156		0.296549
156.1		0.297547
156.2		0.297547
156.3		0.297547
156.4		0.297547
156.5		0.297547
156.6		0.297547
156.7		0.297547
156.8		0.297547
156.9		0.297547
157		0.297547
157.1		0.299654
157.2		0.299654
157.3		0.299654
157.4		0.299654
157.5		0.299654
157.6		0.299654
157.7		0.299654
157.8		0.299654
157.9		0.299654
158		0.299654
158.1		0.301384
158.2		0.301384
158.3		0.301384
158.4		0.301384
158.5		0.301384
158.6		0.301384
158.7		0.301384
158.8		0.301384
158.9		0.301384
159		0.301384
159.1		0.301473
159.2		0.301473
159.3		0.301473
159.4		0.301473
159.5		0.301473
159.6		0.301473
159.7		0.301473
159.8		0.301473
159.9		0.301473
160		0.301473
160.1		0.306884
160.2		0.306884
160.3		0.306884
160.4		0.306884
160.5		0.306884
160.6		0.306884
160.7		0.306884
160.8		0.306884
160.9		0.306884
161		0.306884
161.1		0.307726
161.2		0.307726
161.3		0.307726
161.4		0.307726
161.5		0.307726
161.6		0.307726
161.7		0.307726
161.8		0.307726
161.9		0.307726
162		0.307726
162.1		0.309345
162.2		0.309345
162.3		0.309345
162.4		0.309345
162.5		0.309345
162.6		0.309345
162.7		0.309345
162.8		0.309345
162.9		0.309345
163		0.309345
163.1		0.312583
163.2		0.312583
163.3		0.312583
163.4		0.312583
163.5		0.312583
163.6		0.312583
163.7		0.312583
163.8		0.312583
163.9		0.312583
164		0.312583
164.1		0.316398
164.2		0.316398
164.3		0.316398
164.4		0.316398
164.5		0.316398
164.6		0.316398
164.7		0.316398
164.8		0.316398
164.9		0.316398
165		0.316398
165.1		0.319879
165.2		0.319879
165.3		0.319879
165.4		0.319879
165.5		0.319879
165.6		0.319879
165.7		0.319879
165.8		0.319879
165.9		0.319879
166		0.319879
166.1		0.3205
166.2		0.3205
166.3		0.3205
166.4		0.3205
166.5		0.3205
166.6		0.3205
166.7		0.3205
166.8		0.3205
166.9		0.3205
167		0.3205
167.1		0.320899
167.2		0.320899
167.3		0.320899
167.4		0.320899
167.5		0.320899
167.6		0.320899
167.7		0.320899
167.8		0.320899
167.9		0.320899
168		0.320899
168.1		0.324403
168.2		0.324403
168.3		0.324403
168.4		0.324403
168.5		0.324403
168.6		0.324403
168.7		0.324403
168.8		0.324403
168.9		0.324403
169		0.324403
169.1		0.326843
169.2		0.326843
169.3		0.326843
169.4		0.326843
169.5		0.326843
169.6		0.326843
169.7		0.326843
169.8		0.326843
169.9		0.326843
170		0.326843
170.1		0.329682
170.2		0.329682
170.3		0.329682
170.4		0.329682
170.5		0.329682
170.6		0.329682
170.7		0.329682
170.8		0.329682
170.9		0.329682
171		0.329682
171.1		0.329859
171.2		0.329859
171.3		0.329859
171.4		0.329859
171.5		0.329859
171.6		0.329859
171.7		0.329859
171.8		0.329859
171.9		0.329859
172		0.329859
172.1		0.330591
172.2		0.330591
172.3		0.330591
172.4		0.330591
172.5		0.330591
172.6		0.330591
172.7		0.330591
172.8		0.330591
172.9		0.330591
173		0.330591
173.1		0.335913
173.2		0.335913
173.3		0.335913
173.4		0.335913
173.5		0.335913
173.6		0.335913
173.7		0.335913
173.8		0.335913
173.9		0.335913
174		0.335913
174.1		0.336889
174.2		0.336889
174.3		0.336889
174.4		0.336889
174.5		0.336889
174.6		0.336889
174.7		0.336889
174.8		0.336889
174.9		0.336889
175		0.336889
175.1		0.338242
175.2		0.338242
175.3		0.338242
175.4		0.338242
175.5		0.338242
175.6		0.338242
175.7		0.338242
175.8		0.338242
175.9		0.338242
176		0.338242
176.1		0.340726
176.2		0.340726
176.3		0.340726
176.4		0.340726
176.5		0.340726
176.6		0.340726
176.7		0.340726
176.8		0.340726
176.9		0.340726
177		0.340726
177.1		0.34128
177.2		0.34128
177.3		0.34128
177.4		0.34128
177.5		0.34128
177.6		0.34128
177.7		0.34128
177.8		0.34128
177.9		0.34128
178		0.34128
178.1		0.345205
178.2		0.345205
178.3		0.345205
178.4		0.345205
178.5		0.345205
178.6		0.345205
178.7		0.345205
178.8		0.345205
178.9		0.345205
179		0.345205
179.1		0.347756
179.2		0.347756
179.3		0.347756
179.4		0.347756
179.5		0.347756
179.6		0.347756
179.7		0.347756
179.8		0.347756
179.9		0.347756
180		0.347756
180.1		0.348332
180.2		0.348332
180.3		0.348332
180.4		0.348332
180.5		0.348332
180.6		0.348332
180.7		0.348332
180.8		0.348332
180.9		0.348332
181		0.348332
181.1		0.349042
181.2		0.349042
181.3		0.349042
181.4		0.349042
181.5		0.349042
181.6		0.349042
181.7		0.349042
181.8		0.349042
181.9		0.349042
182		0.349042
182.1		0.355318
182.2		0.355318
182.3		0.355318
182.4		0.355318
182.5		0.355318
182.6		0.355318
182.7		0.355318
182.8		0.355318
182.9		0.355318
183		0.355318
183.1		0.355762
183.2		0.355762
183.3		0.355762
183.4		0.355762
183.5		0.355762
183.6		0.355762
183.7		0.355762
183.8		0.355762
183.9		0.355762
184		0.355762
184.1		0.356116
184.2		0.356116
184.3		0.356116
184.4		0.356116
184.5		0.356116
184.6		0.356116
184.7		0.356116
184.8		0.356116
184.9		0.356116
185		0.356116
185.1		0.35962
185.2		0.35962
185.3		0.35962
185.4		0.35962
185.5		0.35962
185.6		0.35962
185.7		0.35962
185.8		0.35962
185.9		0.35962
186		0.35962
186.1		0.36237
186.2		0.36237
186.3		0.36237
186.4		0.36237
186.5		0.36237
186.6		0.36237
186.7		0.36237
186.8		0.36237
186.9		0.36237
187		0.36237
187.1		0.366207
187.2		0.366207
187.3		0.366207
187.4		0.366207
187.5		0.366207
187.6		0.366207
187.7		0.366207
187.8		0.366207
187.9		0.366207
188		0.366207
188.1		0.366606
188.2		0.366606
188.3		0.366606
188.4		0.366606
188.5		0.366606
188.6		0.366606
188.7		0.366606
188.8		0.366606
188.9		0.366606
189		0.366606
189.1		0.367848
189.2		0.367848
189.3		0.367848
189.4		0.367848
189.5		0.367848
189.6		0.367848
189.7		0.367848
189.8		0.367848
189.9		0.367848
190		0.367848
190.1		0.372416
190.2		0.372416
190.3		0.372416
190.4		0.372416
190.5		0.372416
190.6		0.372416
190.7		0.372416
190.8		0.372416
190.9		0.372416
191		0.372416
191.1		0.373126
191.2		0.373126
191.3		0.373126
191.4		0.373126
191.5		0.373126
191.6		0.373126
191.7		0.373126
191.8		0.373126
191.9		0.373126
192		0.373126
192.1		0.374035
192.2		0.374035
192.3		0.374035
192.4		0.374035
192.5		0.374035
192.6		0.374035
192.7		0.374035
192.8		0.374035
192.9		0.374035
193		0.374035
193.1		0.378493
193.2		0.378493
193.3		0.378493
193.4		0.378493
193.5		0.378493
193.6		0.378493
193.7		0.378493
193.8		0.378493
193.9		0.378493
194		0.378493
194.1		0.378737
194.2		0.378737
194.3		0.378737
194.4		0.378737
194.5		0.378737
194.6		0.378737
194.7		0.378737
194.8		0.378737
194.9		0.378737
195		0.378737
195.1		0.380666
195.2		0.380666
195.3		0.380666
195.4		0.380666
195.5		0.380666
195.6		0.380666
195.7		0.380666
195.8		0.380666
195.9		0.380666
196		0.380666
196.1		0.382995
196.2		0.382995
196.3		0.382995
196.4		0.382995
196.5		0.382995
196.6		0.382995
196.7		0.382995
196.8		0.382995
196.9		0.382995
197		0.382995
197.1		0.383327
197.2		0.383327
197.3		0.383327
197.4		0.383327
197.5		0.383327
197.6		0.383327
197.7		0.383327
197.8		0.383327
197.9		0.383327
198		0.383327
198.1		0.384303
198.2		0.384303
198.3		0.384303
198.4		0.384303
198.5		0.384303
198.6		0.384303
198.7		0.384303
198.8		0.384303
198.9		0.384303
199		0.384303
199.1		0.390047
199.2		0.390047
199.3		0.390047
199.4		0.390047
199.5		0.390047
199.6		0.390047
199.7		0.390047
199.8		0.390047
199.9		0.390047
200		0.390047
200.1		0.392043
200.2		0.392043
200.3		0.392043
200.4		0.392043
200.5		0.392043
200.6		0.392043
200.7		0.392043
200.8		0.392043
200.9		0.392043
201		0.392043
201.1		0.39293
201.2		0.39293
201.3		0.39293
201.4		0.39293
201.5		0.39293
201.6		0.39293
201.7		0.39293
201.8		0.39293
201.9		0.39293
202		0.39293
202.1		0.394327
202.2		0.394327
202.3		0.394327
202.4		0.394327
202.5		0.394327
202.6		0.394327
202.7		0.394327
202.8		0.394327
202.9		0.394327
203		0.394327
203.1		0.394749
203.2		0.394749
203.3		0.394749
203.4		0.394749
203.5		0.394749
203.6		0.394749
203.7		0.394749
203.8		0.394749
203.9		0.394749
204		0.394749
204.1		0.402976
204.2		0.402976
204.3		0.402976
204.4		0.402976
204.5		0.402976
204.6		0.402976
204.7		0.402976
204.8		0.402976
204.9		0.402976
205		0.402976
205.1		0.404484
205.2		0.404484
205.3		0.404484
205.4		0.404484
205.5		0.404484
205.6		0.404484
205.7		0.404484
205.8		0.404484
205.9		0.404484
206		0.404484
206.1		0.40475
206.2		0.40475
206.3		0.40475
206.4		0.40475
206.5		0.40475
206.6		0.40475
206.7		0.40475
206.8		0.40475
206.9		0.40475
207		0.40475
207.1		0.405216
207.2		0.405216
207.3		0.405216
207.4		0.405216
207.5		0.405216
207.6		0.405216
207.7		0.405216
207.8		0.405216
207.9		0.405216
208		0.405216
208.1		0.412446
208.2		0.412446
208.3		0.412446
208.4		0.412446
208.5		0.412446
208.6		0.412446
208.7		0.412446
208.8		0.412446
208.9		0.412446
209		0.412446
209.1		0.413111
209.2		0.413111
209.3		0.413111
209.4		0.413111
209.5		0.413111
209.6		0.413111
209.7		0.413111
209.8		0.413111
209.9		0.413111
210		0.413111
210.1		0.413399
210.2		0.413399
210.3		0.413399
210.4		0.413399
210.5		0.413399
210.6		0.413399
210.7		0.413399
210.8		0.413399
210.9		0.413399
211		0.413399
211.1		0.416171
211.2		0.416171
211.3		0.416171
211.4		0.416171
211.5		0.416171
211.6		0.416171
211.7		0.416171
211.8		0.416171
211.9		0.416171
212		0.416171
212.1		0.41697
212.2		0.41697
212.3		0.41697
212.4		0.41697
212.5		0.41697
212.6		0.41697
212.7		0.41697
212.8		0.41697
212.9		0.41697
213		0.41697
213.1		0.41972
213.2		0.41972
213.3		0.41972
213.4		0.41972
213.5		0.41972
213.6		0.41972
213.7		0.41972
213.8		0.41972
213.9		0.41972
214		0.41972
214.1		0.420851
214.2		0.420851
214.3		0.420851
214.4		0.420851
214.5		0.420851
214.6		0.420851
214.7		0.420851
214.8		0.420851
214.9		0.420851
215		0.420851
215.1		0.42156
215.2		0.42156
215.3		0.42156
215.4		0.42156
215.5		0.42156
215.6		0.42156
215.7		0.42156
215.8		0.42156
215.9		0.42156
216		0.42156
216.1		0.426351
216.2		0.426351
216.3		0.426351
216.4		0.426351
216.5		0.426351
216.6		0.426351
216.7		0.426351
216.8		0.426351
216.9		0.426351
217		0.426351
217.1		0.428058
217.2		0.428058
217.3		0.428058
217.4		0.428058
217.5		0.428058
217.6		0.428058
217.7		0.428058
217.8		0.428058
217.9		0.428058
218		0.428058
218.1		0.428546
218.2		0.428546
218.3		0.428546
218.4		0.428546
218.5		0.428546
218.6		0.428546
218.7		0.428546
218.8		0.428546
218.9		0.428546
219		0.428546
219.1		0.428857
219.2		0.428857
219.3		0.428857
219.4		0.428857
219.5		0.428857
219.6		0.428857
219.7		0.428857
219.8		0.428857
219.9		0.428857
220		0.428857
220.1		0.435133
220.2		0.435133
220.3		0.435133
220.4		0.435133
220.5		0.435133
220.6		0.435133
220.7		0.435133
220.8		0.435133
220.9		0.435133
221		0.435133
221.1		0.436552
221.2		0.436552
221.3		0.436552
221.4		0.436552
221.5		0.436552
221.6		0.436552
221.7		0.436552
221.8		0.436552
221.9		0.436552
222		0.436552
222.1		0.437506
222.2		0.437506
222.3		0.437506
222.4		0.437506
222.5		0.437506
222.6		0.437506
222.7		0.437506
222.8		0.437506
222.9		0.437506
223		0.437506
223.1		0.437971
223.2		0.437971
223.3		0.437971
223.4		0.437971
223.5		0.437971
223.6		0.437971
223.7		0.437971
223.8		0.437971
223.9		0.437971
224		0.437971
224.1		0.441165
224.2		0.441165
224.3		0.441165
224.4		0.441165
224.5		0.441165
224.6		0.441165
224.7		0.441165
224.8		0.441165
224.9		0.441165
225		0.441165
225.1		0.445511
225.2		0.445511
225.3		0.445511
225.4		0.445511
225.5		0.445511
225.6		0.445511
225.7		0.445511
225.8		0.445511
225.9		0.445511
226		0.445511
226.1		0.446443
226.2		0.446443
226.3		0.446443
226.4		0.446443
226.5		0.446443
226.6		0.446443
226.7		0.446443
226.8		0.446443
226.9		0.446443
227		0.446443
227.1		0.447485
227.2		0.447485
227.3		0.447485
227.4		0.447485
227.5		0.447485
227.6		0.447485
227.7		0.447485
227.8		0.447485
227.9		0.447485
228		0.447485
228.1		0.44804
228.2		0.44804
228.3		0.44804
228.4		0.44804
228.5		0.44804
228.6		0.44804
228.7		0.44804
228.8		0.44804
228.9		0.44804
229		0.44804
229.1		0.453074
229.2		0.453074
229.3		0.453074
229.4		0.453074
229.5		0.453074
229.6		0.453074
229.7		0.453074
229.8		0.453074
229.9		0.453074
230		0.453074
230.1		0.454826
230.2		0.454826
230.3		0.454826
230.4		0.454826
230.5		0.454826
230.6		0.454826
230.7		0.454826
230.8		0.454826
230.9		0.454826
231		0.454826
231.1		0.457908
231.2		0.457908
231.3		0.457908
231.4		0.457908
231.5		0.457908
231.6		0.457908
231.7		0.457908
231.8		0.457908
231.9		0.457908
232		0.457908
232.1		0.458174
232.2		0.458174
232.3		0.458174
232.4		0.458174
232.5		0.458174
232.6		0.458174
232.7		0.458174
232.8		0.458174
232.9		0.458174
233		0.458174
233.1		0.458529
233.2		0.458529
233.3		0.458529
233.4		0.458529
233.5		0.458529
233.6		0.458529
233.7		0.458529
233.8		0.458529
233.9		0.458529
234		0.458529
234.1		0.463652
234.2		0.463652
234.3		0.463652
234.4		0.463652
234.5		0.463652
234.6		0.463652
234.7		0.463652
234.8		0.463652
234.9		0.463652
235		0.463652
235.1		0.466513
235.2		0.466513
235.3		0.466513
235.4		0.466513
235.5		0.466513
235.6		0.466513
235.7		0.466513
235.8		0.466513
235.9		0.466513
236		0.466513
236.1		0.468487
236.2		0.468487
236.3		0.468487
236.4		0.468487
236.5		0.468487
236.6		0.468487
236.7		0.468487
236.8		0.468487
236.9		0.468487
237		0.468487
237.1		0.468575
237.2		0.468575
237.3		0.468575
237.4		0.468575
237.5		0.468575
237.6		0.468575
237.7		0.468575
237.8		0.468575
237.9		0.468575
238		0.468575
238.1		0.471658
238.2		0.471658
238.3		0.471658
238.4		0.471658
238.5		0.471658
238.6		0.471658
238.7		0.471658
238.8		0.471658
238.9		0.471658
239		0.471658
239.1		0.474607
239.2		0.474607
239.3		0.474607
239.4		0.474607
239.5		0.474607
239.6		0.474607
239.7		0.474607
239.8		0.474607
239.9		0.474607
240		0.474607
240.1		0.476759
240.2		0.476759
240.3		0.476759
240.4		0.476759
240.5		0.476759
240.6		0.476759
240.7		0.476759
240.8		0.476759
240.9		0.476759
241		0.476759
241.1		0.479464
241.2		0.479464
241.3		0.479464
241.4		0.479464
241.5		0.479464
241.6		0.479464
241.7		0.479464
241.8		0.479464
241.9		0.479464
242		0.479464
242.1		0.482347
242.2		0.482347
242.3		0.482347
242.4		0.482347
242.5		0.482347
242.6		0.482347
242.7		0.482347
242.8		0.482347
242.9		0.482347
243		0.482347
243.1		0.484543
243.2		0.484543
243.3		0.484543
243.4		0.484543
243.5		0.484543
243.6		0.484543
243.7		0.484543
243.8		0.484543
243.9		0.484543
244		0.484543
244.1		0.484764
244.2		0.484764
244.3		0.484764
244.4		0.484764
244.5		0.484764
244.6		0.484764
244.7		0.484764
244.8		0.484764
244.9		0.484764
245		0.484764
245.1		0.485275
245.2		0.485275
245.3		0.485275
245.4		0.485275
245.5		0.485275
245.6		0.485275
245.7		0.485275
245.8		0.485275
245.9		0.485275
246		0.485275
246.1		0.490952
246.2		0.490952
246.3		0.490952
246.4		0.490952
246.5		0.490952
246.6		0.490952
246.7		0.490952
246.8		0.490952
246.9		0.490952
247		0.490952
247.1		0.491085
247.2		0.491085
247.3		0.491085
247.4		0.491085
247.5		0.491085
247.6		0.491085
247.7		0.491085
247.8		0.491085
247.9		0.491085
248		0.491085
248.1		0.491817
248.2		0.491817
248.3		0.491817
248.4		0.491817
248.5		0.491817
248.6		0.491817
248.7		0.491817
248.8		0.491817
248.9		0.491817
249		0.491817
249.1		0.494855
249.2		0.494855
249.3		0.494855
249.4		0.494855
249.5		0.494855
249.6		0.494855
249.7		0.494855
249.8		0.494855
249.9		0.494855
250		0.494855
250.1		0.500222
250.2		0.500222
250.3		0.500222
250.4		0.500222
250.5		0.500222
250.6		0.500222
250.7		0.500222
250.8		0.500222
250.9		0.500222
251		0.500222
251.1		0.50173
251.2		0.50173
251.3		0.50173
251.4		0.50173
251.5		0.50173
251.6		0.50173
251.7		0.50173
251.8		0.50173
251.9		0.50173
252		0.50173
252.1		0.502927
252.2		0.502927
252.3		0.502927
252.4		0.502927
252.5		0.502927
252.6		0.502927
252.7		0.502927
252.8		0.502927
252.9		0.502927
253		0.502927
253.1		0.504036
253.2		0.504036
253.3		0.504036
253.4		0.504036
253.5		0.504036
253.6		0.504036
253.7		0.504036
253.8		0.504036
253.9		0.504036
254		0.504036
254.1		0.50499
254.2		0.50499
254.3		0.50499
254.4		0.50499
254.5		0.50499
254.6		0.50499
254.7		0.50499
254.8		0.50499
254.9		0.50499
255		0.50499
255.1		0.510357
255.2		0.510357
255.3		0.510357
255.4		0.510357
255.5		0.510357
255.6		0.510357
255.7		0.510357
255.8		0.510357
255.9		0.510357
256		0.510357
256.1		0.513683
256.2		0.513683
256.3		0.513683
256.4		0.513683
256.5		0.513683
256.6		0.513683
256.7		0.513683
256.8		0.513683
256.9		0.513683
257		0.513683
257.1		0.513994
257.2		0.513994
257.3		0.513994
257.4		0.513994
257.5		0.513994
257.6		0.513994
257.7		0.513994
257.8		0.513994
257.9		0.513994
258		0.513994
258.1		0.514238
258.2		0.514238
258.3		0.514238
258.4		0.514238
258.5		0.514238
258.6		0.514238
258.7		0.514238
258.8		0.514238
258.9		0.514238
259		0.514238
259.1		0.514992
259.2		0.514992
259.3		0.514992
259.4		0.514992
259.5		0.514992
259.6		0.514992
259.7		0.514992
259.8		0.514992
259.9		0.514992
260		0.514992
260.1		0.520358
260.2		0.520358
260.3		0.520358
260.4		0.520358
260.5		0.520358
260.6		0.520358
260.7		0.520358
260.8		0.520358
260.9		0.520358
261		0.520358
261.1		0.520913
261.2		0.520913
261.3		0.520913
261.4		0.520913
261.5		0.520913
261.6		0.520913
261.7		0.520913
261.8		0.520913
261.9		0.520913
262		0.520913
262.1		0.522332
262.2		0.522332
262.3		0.522332
262.4		0.522332
262.5		0.522332
262.6		0.522332
262.7		0.522332
262.8		0.522332
262.9		0.522332
263		0.522332
263.1		0.523552
263.2		0.523552
263.3		0.523552
263.4		0.523552
263.5		0.523552
263.6		0.523552
263.7		0.523552
263.8		0.523552
263.9		0.523552
264		0.523552
264.1		0.527943
264.2		0.527943
264.3		0.527943
264.4		0.527943
264.5		0.527943
264.6		0.527943
264.7		0.527943
264.8		0.527943
264.9		0.527943
265		0.527943
265.1		0.531003
265.2		0.531003
265.3		0.531003
265.4		0.531003
265.5		0.531003
265.6		0.531003
265.7		0.531003
265.8		0.531003
265.9		0.531003
266		0.531003
266.1		0.53189
266.2		0.53189
266.3		0.53189
266.4		0.53189
266.5		0.53189
266.6		0.53189
266.7		0.53189
266.8		0.53189
266.9		0.53189
267		0.53189
267.1		0.533044
267.2		0.533044
267.3		0.533044
267.4		0.533044
267.5		0.533044
267.6		0.533044
267.7		0.533044
267.8		0.533044
267.9		0.533044
268		0.533044
268.1		0.535882
268.2		0.535882
268.3		0.535882
268.4		0.535882
268.5		0.535882
268.6		0.535882
268.7		0.535882
268.8		0.535882
268.9		0.535882
269		0.535882
269.1		0.538255
269.2		0.538255
269.3		0.538255
269.4		0.538255
269.5		0.538255
269.6		0.538255
269.7		0.538255
269.8		0.538255
269.9		0.538255
270		0.538255
270.1		0.539031
270.2		0.539031
270.3		0.539031
270.4		0.539031
270.5		0.539031
270.6		0.539031
270.7		0.539031
270.8		0.539031
270.9		0.539031
271		0.539031
271.1		0.539652
271.2		0.539652
271.3		0.539652
271.4		0.539652
271.5		0.539652
271.6		0.539652
271.7		0.539652
271.8		0.539652
271.9		0.539652
272		0.539652
272.1		0.543977
272.2		0.543977
272.3		0.543977
272.4		0.543977
272.5		0.543977
272.6		0.543977
272.7		0.543977
272.8		0.543977
272.9		0.543977
273		0.543977
273.1		0.546594
273.2		0.546594
273.3		0.546594
273.4		0.546594
273.5		0.546594
273.6		0.546594
273.7		0.546594
273.8		0.546594
273.9		0.546594
274		0.546594
274.1		0.548368
274.2		0.548368
274.3		0.548368
274.4		0.548368
274.5		0.548368
274.6		0.548368
274.7		0.548368
274.8		0.548368
274.9		0.548368
275		0.548368
275.1		0.550231
275.2		0.550231
275.3		0.550231
275.4		0.550231
275.5		0.550231
275.6		0.550231
275.7		0.550231
275.8		0.550231
275.9		0.550231
276		0.550231
276.1		0.551162
276.2		0.551162
276.3		0.551162
276.4		0.551162
276.5		0.551162
276.6		0.551162
276.7		0.551162
276.8		0.551162
276.9		0.551162
277		0.551162
277.1		0.555353
277.2		0.555353
277.3		0.555353
277.4		0.555353
277.5		0.555353
277.6		0.555353
277.7		0.555353
277.8		0.555353
277.9		0.555353
278		0.555353
278.1		0.55695
278.2		0.55695
278.3		0.55695
278.4		0.55695
278.5		0.55695
278.6		0.55695
278.7		0.55695
278.8		0.55695
278.9		0.55695
279		0.55695
279.1		0.560077
279.2		0.560077
279.3		0.560077
279.4		0.560077
279.5		0.560077
279.6		0.560077
279.7		0.560077
279.8		0.560077
279.9		0.560077
280		0.560077
280.1		0.561408
280.2		0.561408
280.3		0.561408
280.4		0.561408
280.5		0.561408
280.6		0.561408
280.7		0.561408
280.8		0.561408
280.9		0.561408
281		0.561408
281.1		0.561696
281.2		0.561696
281.3		0.561696
281.4		0.561696
281.5		0.561696
281.6		0.561696
281.7		0.561696
281.8		0.561696
281.9		0.561696
282		0.561696
282.1		0.564779
282.2		0.564779
282.3		0.564779
282.4		0.564779
282.5		0.564779
282.6		0.564779
282.7		0.564779
282.8		0.564779
282.9		0.564779
283		0.564779
283.1		0.565067
283.2		0.565067
283.3		0.565067
283.4		0.565067
283.5		0.565067
283.6		0.565067
283.7		0.565067
283.8		0.565067
283.9		0.565067
284		0.565067
284.1		0.573916
284.2		0.573916
284.3		0.573916
284.4		0.573916
284.5		0.573916
284.6		0.573916
284.7		0.573916
284.8		0.573916
284.9		0.573916
285		0.573916
285.1		0.575557
285.2		0.575557
285.3		0.575557
285.4		0.575557
285.5		0.575557
285.6		0.575557
285.7		0.575557
285.8		0.575557
285.9		0.575557
286		0.575557
286.1		0.576887
286.2		0.576887
286.3		0.576887
286.4		0.576887
286.5		0.576887
286.6		0.576887
286.7		0.576887
286.8		0.576887
286.9		0.576887
287		0.576887
287.1		0.578706
287.2		0.578706
287.3		0.578706
287.4		0.578706
287.5		0.578706
287.6		0.578706
287.7		0.578706
287.8		0.578706
287.9		0.578706
288		0.578706
288.1		0.582476
288.2		0.582476
288.3		0.582476
288.4		0.582476
288.5		0.582476
288.6		0.582476
288.7		0.582476
288.8		0.582476
288.9		0.582476
289		0.582476
289.1		0.584516
289.2		0.584516
289.3		0.584516
289.4		0.584516
289.5		0.584516
289.6		0.584516
289.7		0.584516
289.8		0.584516
289.9		0.584516
290		0.584516
290.1		0.586778
290.2		0.586778
290.3		0.586778
290.4		0.586778
290.5		0.586778
290.6		0.586778
290.7		0.586778
290.8		0.586778
290.9		0.586778
291		0.586778
291.1		0.586778
291.2		0.586778
291.3		0.586778
291.4		0.586778
291.5		0.586778
291.6		0.586778
291.7		0.586778
291.8		0.586778
291.9		0.586778
292		0.586778
292.1		0.587066
292.2		0.587066
292.3		0.587066
292.4		0.587066
292.5		0.587066
292.6		0.587066
292.7		0.587066
292.8		0.587066
292.9		0.587066
293		0.587066
293.1		0.588441
293.2		0.588441
293.3		0.588441
293.4		0.588441
293.5		0.588441
293.6		0.588441
293.7		0.588441
293.8		0.588441
293.9		0.588441
294		0.588441
294.1		0.588441
294.2		0.588441
294.3		0.588441
294.4		0.588441
294.5		0.588441
294.6		0.588441
294.7		0.588441
294.8		0.588441
294.9		0.588441
295		0.588441
295.1		0.593542
295.2		0.593542
295.3		0.593542
295.4		0.593542
295.5		0.593542
295.6		0.593542
295.7		0.593542
295.8		0.593542
295.9		0.593542
296		0.593542
296.1		0.593609
296.2		0.593609
296.3		0.593609
296.4		0.593609
296.5		0.593609
296.6		0.593609
296.7		0.593609
296.8		0.593609
296.9		0.593609
297		0.593609
297.1		0.593808
297.2		0.593808
297.3		0.593808
297.4		0.593808
297.5		0.593808
297.6		0.593808
297.7		0.593808
297.8		0.593808
297.9		0.593808
298		0.593808
298.1		0.597002
298.2		0.597002
298.3		0.597002
298.4		0.597002
298.5		0.597002
298.6		0.597002
298.7		0.597002
298.8		0.597002
298.9		0.597002
299		0.597002
299.1		0.5978
299.2		0.5978
299.3		0.5978
299.4		0.5978
299.5		0.5978
299.6		0.5978
299.7		0.5978
299.8		0.5978
299.9		0.5978
300		0.5978
300.1		0.600084
300.2		0.600084
300.3		0.600084
300.4		0.600084
300.5		0.600084
300.6		0.600084
300.7		0.600084
300.8		0.600084
300.9		0.600084
301		0.600084
301.1		0.602812
301.2		0.602812
301.3		0.602812
301.4		0.602812
301.5		0.602812
301.6		0.602812
301.7		0.602812
301.8		0.602812
301.9		0.602812
302		0.602812
302.1		0.603123
302.2		0.603123
302.3		0.603123
302.4		0.603123
302.5		0.603123
302.6		0.603123
302.7		0.603123
302.8		0.603123
302.9		0.603123
303		0.603123
303.1		0.6033
303.2		0.6033
303.3		0.6033
303.4		0.6033
303.5		0.6033
303.6		0.6033
303.7		0.6033
303.8		0.6033
303.9		0.6033
304		0.6033
304.1		0.609465
304.2		0.609465
304.3		0.609465
304.4		0.609465
304.5		0.609465
304.6		0.609465
304.7		0.609465
304.8		0.609465
304.9		0.609465
305		0.609465
305.1		0.610774
305.2		0.610774
305.3		0.610774
305.4		0.610774
305.5		0.610774
305.6		0.610774
305.7		0.610774
305.8		0.610774
305.9		0.610774
306		0.610774
306.1		0.611794
306.2		0.611794
306.3		0.611794
306.4		0.611794
306.5		0.611794
306.6		0.611794
306.7		0.611794
306.8		0.611794
306.9		0.611794
307		0.611794
307.1		0.613767
307.2		0.613767
307.3		0.613767
307.4		0.613767
307.5		0.613767
307.6		0.613767
307.7		0.613767
307.8		0.613767
307.9		0.613767
308		0.613767
308.1		0.615098
308.2		0.615098
308.3		0.615098
308.4		0.615098
308.5		0.615098
308.6		0.615098
308.7		0.615098
308.8		0.615098
308.9		0.615098
309		0.615098
309.1		0.615985
309.2		0.615985
309.3		0.615985
309.4		0.615985
309.5		0.615985
309.6		0.615985
309.7		0.615985
309.8		0.615985
309.9		0.615985
310		0.615985
310.1		0.620997
310.2		0.620997
310.3		0.620997
310.4		0.620997
310.5		0.620997
310.6		0.620997
310.7		0.620997
310.8		0.620997
310.9		0.620997
311		0.620997
311.1		0.62133
311.2		0.62133
311.3		0.62133
311.4		0.62133
311.5		0.62133
311.6		0.62133
311.7		0.62133
311.8		0.62133
311.9		0.62133
312		0.62133
312.1		0.622306
312.2		0.622306
312.3		0.622306
312.4		0.622306
312.5		0.622306
312.6		0.622306
312.7		0.622306
312.8		0.622306
312.9		0.622306
313		0.622306
313.1		0.625765
313.2		0.625765
313.3		0.625765
313.4		0.625765
313.5		0.625765
313.6		0.625765
313.7		0.625765
313.8		0.625765
313.9		0.625765
314		0.625765
314.1		0.626253
314.2		0.626253
314.3		0.626253
314.4		0.626253
314.5		0.626253
314.6		0.626253
314.7		0.626253
314.8		0.626253
314.9		0.626253
315		0.626253
315.1		0.627428
315.2		0.627428
315.3		0.627428
315.4		0.627428
315.5		0.627428
315.6		0.627428
315.7		0.627428
315.8		0.627428
315.9		0.627428
316		0.627428
316.1		0.631864
316.2		0.631864
316.3		0.631864
316.4		0.631864
316.5		0.631864
316.6		0.631864
316.7		0.631864
316.8		0.631864
316.9		0.631864
317		0.631864
317.1		0.634325
317.2		0.634325
317.3		0.634325
317.4		0.634325
317.5		0.634325
317.6		0.634325
317.7		0.634325
317.8		0.634325
317.9		0.634325
318		0.634325
318.1		0.636987
318.2		0.636987
318.3		0.636987
318.4		0.636987
318.5		0.636987
318.6		0.636987
318.7		0.636987
318.8		0.636987
318.9		0.636987
319		0.636987
319.1		0.637497
319.2		0.637497
319.3		0.637497
319.4		0.637497
319.5		0.637497
319.6		0.637497
319.7		0.637497
319.8		0.637497
319.9		0.637497
320		0.637497
320.1		0.638849
320.2		0.638849
320.3		0.638849
320.4		0.638849
320.5		0.638849
320.6		0.638849
320.7		0.638849
320.8		0.638849
320.9		0.638849
321		0.638849
321.1		0.643751
321.2		0.643751
321.3		0.643751
321.4		0.643751
321.5		0.643751
321.6		0.643751
321.7		0.643751
321.8		0.643751
321.9		0.643751
322		0.643751
322.1		0.646323
322.2		0.646323
322.3		0.646323
322.4		0.646323
322.5		0.646323
322.6		0.646323
322.7		0.646323
322.8		0.646323
322.9		0.646323
323		0.646323
323.1		0.646634
323.2		0.646634
323.3		0.646634
323.4		0.646634
323.5		0.646634
323.6		0.646634
323.7		0.646634
323.8		0.646634
323.9		0.646634
324		0.646634
324.1		0.646811
324.2		0.646811
324.3		0.646811
324.4		0.646811
324.5		0.646811
324.6		0.646811
324.7		0.646811
324.8		0.646811
324.9		0.646811
325		0.646811
325.1		0.647742
325.2		0.647742
325.3		0.647742
325.4		0.647742
325.5		0.647742
325.6		0.647742
325.7		0.647742
325.8		0.647742
325.9		0.647742
326		0.647742
326.1		0.64914
326.2		0.64914
326.3		0.64914
326.4		0.64914
326.5		0.64914
326.6		0.64914
326.7		0.64914
326.8		0.64914
326.9		0.64914
327		0.64914
327.1		0.653553
327.2		0.653553
327.3		0.653553
327.4		0.653553
327.5		0.653553
327.6		0.653553
327.7		0.653553
327.8		0.653553
327.9		0.653553
328		0.653553
328.1		0.655903
328.2		0.655903
328.3		0.655903
328.4		0.655903
328.5		0.655903
328.6		0.655903
328.7		0.655903
328.8		0.655903
328.9		0.655903
329		0.655903
329.1		0.655992
329.2		0.655992
329.3		0.655992
329.4		0.655992
329.5		0.655992
329.6		0.655992
329.7		0.655992
329.8		0.655992
329.9		0.655992
330		0.655992
330.1		0.66096
330.2		0.66096
330.3		0.66096
330.4		0.66096
330.5		0.66096
330.6		0.66096
330.7		0.66096
330.8		0.66096
330.9		0.66096
331		0.66096
331.1		0.661936
331.2		0.661936
331.3		0.661936
331.4		0.661936
331.5		0.661936
331.6		0.661936
331.7		0.661936
331.8		0.661936
331.9		0.661936
332		0.661936
332.1		0.663044
332.2		0.663044
332.3		0.663044
332.4		0.663044
332.5		0.663044
332.6		0.663044
332.7		0.663044
332.8		0.663044
332.9		0.663044
333		0.663044
333.1		0.666504
333.2		0.666504
333.3		0.666504
333.4		0.666504
333.5		0.666504
333.6		0.666504
333.7		0.666504
333.8		0.666504
333.9		0.666504
334		0.666504
334.1		0.670452
334.2		0.670452
334.3		0.670452
334.4		0.670452
334.5		0.670452
334.6		0.670452
334.7		0.670452
334.8		0.670452
334.9		0.670452
335		0.670452
335.1		0.67105
335.2		0.67105
335.3		0.67105
335.4		0.67105
335.5		0.67105
335.6		0.67105
335.7		0.67105
335.8		0.67105
335.9		0.67105
336		0.67105
336.1		0.673645
336.2		0.673645
336.3		0.673645
336.4		0.673645
336.5		0.673645
336.6		0.673645
336.7		0.673645
336.8		0.673645
336.9		0.673645
337		0.673645
337.1		0.674931
337.2		0.674931
337.3		0.674931
337.4		0.674931
337.5		0.674931
337.6		0.674931
337.7		0.674931
337.8		0.674931
337.9		0.674931
338		0.674931
338.1		0.680254
338.2		0.680254
338.3		0.680254
338.4		0.680254
338.5		0.680254
338.6		0.680254
338.7		0.680254
338.8		0.680254
338.9		0.680254
339		0.680254
339.1		0.680609
339.2		0.680609
339.3		0.680609
339.4		0.680609
339.5		0.680609
339.6		0.680609
339.7		0.680609
339.8		0.680609
339.9		0.680609
340		0.680609
340.1		0.681939
340.2		0.681939
340.3		0.681939
340.4		0.681939
340.5		0.681939
340.6		0.681939
340.7		0.681939
340.8		0.681939
340.9		0.681939
341		0.681939
341.1		0.682139
341.2		0.682139
341.3		0.682139
341.4		0.682139
341.5		0.682139
341.6		0.682139
341.7		0.682139
341.8		0.682139
341.9		0.682139
342		0.682139
342.1		0.687971
342.2		0.687971
342.3		0.687971
342.4		0.687971
342.5		0.687971
342.6		0.687971
342.7		0.687971
342.8		0.687971
342.9		0.687971
343		0.687971
343.1		0.692451
343.2		0.692451
343.3		0.692451
343.4		0.692451
343.5		0.692451
343.6		0.692451
343.7		0.692451
343.8		0.692451
343.9		0.692451
344		0.692451
344.1		0.694647
344.2		0.694647
344.3		0.694647
344.4		0.694647
344.5		0.694647
344.6		0.694647
344.7		0.694647
344.8		0.694647
344.9		0.694647
345		0.694647
345.1		0.694868
345.2		0.694868
345.3		0.694868
345.4		0.694868
345.5		0.694868
345.6		0.694868
345.7		0.694868
345.8		0.694868
345.9		0.694868
346		0.694868
346.1		0.699215
346.2		0.699215
346.3		0.699215
346.4		0.699215
346.5		0.699215
346.6		0.699215
346.7		0.699215
346.8		0.699215
346.9		0.699215
347		0.699215
347.1		0.704471
347.2		0.704471
347.3		0.704471
347.4		0.704471
347.5		0.704471
347.6		0.704471
347.7		0.704471
347.8		0.704471
347.9		0.704471
348		0.704471
348.1		0.705336
348.2		0.705336
348.3		0.705336
348.4		0.705336
348.5		0.705336
348.6		0.705336
348.7		0.705336
348.8		0.705336
348.9		0.705336
349		0.705336
349.1		0.708197
349.2		0.708197
349.3		0.708197
349.4		0.708197
349.5		0.708197
349.6		0.708197
349.7		0.708197
349.8		0.708197
349.9		0.708197
350		0.708197
350.1		0.709283
350.2		0.709283
350.3		0.709283
350.4		0.709283
350.5		0.709283
350.6		0.709283
350.7		0.709283
350.8		0.709283
350.9		0.709283
351		0.709283
351.1		0.713563
351.2		0.713563
351.3		0.713563
351.4		0.713563
351.5		0.713563
351.6		0.713563
351.7		0.713563
351.8		0.713563
351.9		0.713563
352		0.713563
352.1		0.715848
352.2		0.715848
352.3		0.715848
352.4		0.715848
352.5		0.715848
352.6		0.715848
352.7		0.715848
352.8		0.715848
352.9		0.715848
353		0.715848
353.1		0.715848
353.2		0.715848
353.3		0.715848
353.4		0.715848
353.5		0.715848
353.6		0.715848
353.7		0.715848
353.8		0.715848
353.9		0.715848
354		0.715848
354.1		0.716469
354.2		0.716469
354.3		0.716469
354.4		0.716469
354.5		0.716469
354.6		0.716469
354.7		0.716469
354.8		0.716469
354.9		0.716469
355		0.716469
355.1		0.716513
355.2		0.716513
355.3		0.716513
355.4		0.716513
355.5		0.716513
355.6		0.716513
355.7		0.716513
355.8		0.716513
355.9		0.716513
356		0.716513
356.1		0.716757
356.2		0.716757
356.3		0.716757
356.4		0.716757
356.5		0.716757
356.6		0.716757
356.7		0.716757
356.8		0.716757
356.9		0.716757
357		0.716757
357.1		0.722235
357.2		0.722235
357.3		0.722235
357.4		0.722235
357.5		0.722235
357.6		0.722235
357.7		0.722235
357.8		0.722235
357.9		0.722235
358		0.722235
358.1		0.722922
358.2		0.722922
358.3		0.722922
358.4		0.722922
358.5		0.722922
358.6		0.722922
358.7		0.722922
358.8		0.722922
358.9		0.722922
359		0.722922
359.1		0.725406
359.2		0.725406
359.3		0.725406
359.4		0.725406
359.5		0.725406
359.6		0.725406
359.7		0.725406
359.8		0.725406
359.9		0.725406
360		0.725406
360.1		0.725406
360.2		0.725406
360.3		0.725406
360.4		0.725406
360.5		0.725406
360.6		0.725406
360.7		0.725406
360.8		0.725406
360.9		0.725406
361		0.725406
361.1		0.727668
361.2		0.727668
361.3		0.727668
361.4		0.727668
361.5		0.727668
361.6		0.727668
361.7		0.727668
361.8		0.727668
361.9		0.727668
362		0.727668
362.1		0.728267
362.2		0.728267
362.3		0.728267
362.4		0.728267
362.5		0.728267
362.6		0.728267
362.7		0.728267
362.8		0.728267
362.9		0.728267
363		0.728267
363.1		0.733523
363.2		0.733523
363.3		0.733523
363.4		0.733523
363.5		0.733523
363.6		0.733523
363.7		0.733523
363.8		0.733523
363.9		0.733523
364		0.733523
364.1		0.734565
364.2		0.734565
364.3		0.734565
364.4		0.734565
364.5		0.734565
364.6		0.734565
364.7		0.734565
364.8		0.734565
364.9		0.734565
365		0.734565
365.1		0.73492
365.2		0.73492
365.3		0.73492
365.4		0.73492
365.5		0.73492
365.6		0.73492
365.7		0.73492
365.8		0.73492
365.9		0.73492
366		0.73492
366.1		0.735208
366.2		0.735208
366.3		0.735208
366.4		0.735208
366.5		0.735208
366.6		0.735208
366.7		0.735208
366.8		0.735208
366.9		0.735208
367		0.735208
367.1		0.7392
367.2		0.7392
367.3		0.7392
367.4		0.7392
367.5		0.7392
367.6		0.7392
367.7		0.7392
367.8		0.7392
367.9		0.7392
368		0.7392
368.1		0.744434
368.2		0.744434
368.3		0.744434
368.4		0.744434
368.5		0.744434
368.6		0.744434
368.7		0.744434
368.8		0.744434
368.9		0.744434
369		0.744434
369.1		0.745032
369.2		0.745032
369.3		0.745032
369.4		0.745032
369.5		0.745032
369.6		0.745032
369.7		0.745032
369.8		0.745032
369.9		0.745032
370		0.745032
370.1		0.746075
370.2		0.746075
370.3		0.746075
370.4		0.746075
370.5		0.746075
370.6		0.746075
370.7		0.746075
370.8		0.746075
370.9		0.746075
371		0.746075
371.1		0.74725
371.2		0.74725
371.3		0.74725
371.4		0.74725
371.5		0.74725
371.6		0.74725
371.7		0.74725
371.8		0.74725
371.9		0.74725
372		0.74725
372.1		0.751064
372.2		0.751064
372.3		0.751064
372.4		0.751064
372.5		0.751064
372.6		0.751064
372.7		0.751064
372.8		0.751064
372.9		0.751064
373		0.751064
373.1		0.751464
373.2		0.751464
373.3		0.751464
373.4		0.751464
373.5		0.751464
373.6		0.751464
373.7		0.751464
373.8		0.751464
373.9		0.751464
374		0.751464
374.1		0.75448
374.2		0.75448
374.3		0.75448
374.4		0.75448
374.5		0.75448
374.6		0.75448
374.7		0.75448
374.8		0.75448
374.9		0.75448
375		0.75448
375.1		0.755123
375.2		0.755123
375.3		0.755123
375.4		0.755123
375.5		0.755123
375.6		0.755123
375.7		0.755123
375.8		0.755123
375.9		0.755123
376		0.755123
376.1		0.757806
376.2		0.757806
376.3		0.757806
376.4		0.757806
376.5		0.757806
376.6		0.757806
376.7		0.757806
376.8		0.757806
376.9		0.757806
377		0.757806
377.1		0.759048
377.2		0.759048
377.3		0.759048
377.4		0.759048
377.5		0.759048
377.6		0.759048
377.7		0.759048
377.8		0.759048
377.9		0.759048
378		0.759048
378.1		0.761643
378.2		0.761643
378.3		0.761643
378.4		0.761643
378.5		0.761643
378.6		0.761643
378.7		0.761643
378.8		0.761643
378.9		0.761643
379		0.761643
379.1		0.764282
379.2		0.764282
379.3		0.764282
379.4		0.764282
379.5		0.764282
379.6		0.764282
379.7		0.764282
379.8		0.764282
379.9		0.764282
380		0.764282
380.1		0.767409
380.2		0.767409
380.3		0.767409
380.4		0.767409
380.5		0.767409
380.6		0.767409
380.7		0.767409
380.8		0.767409
380.9		0.767409
381		0.767409
381.1		0.770602
381.2		0.770602
381.3		0.770602
381.4		0.770602
381.5		0.770602
381.6		0.770602
381.7		0.770602
381.8		0.770602
381.9		0.770602
382		0.770602
382.1		0.771534
382.2		0.771534
382.3		0.771534
382.4		0.771534
382.5		0.771534
382.6		0.771534
382.7		0.771534
382.8		0.771534
382.9		0.771534
383		0.771534
383.1		0.773108
383.2		0.773108
383.3		0.773108
383.4		0.773108
383.5		0.773108
383.6		0.773108
383.7		0.773108
383.8		0.773108
383.9		0.773108
384		0.773108
384.1		0.778896
384.2		0.778896
384.3		0.778896
384.4		0.778896
384.5		0.778896
384.6		0.778896
384.7		0.778896
384.8		0.778896
384.9		0.778896
385		0.778896
385.1		0.779096
385.2		0.779096
385.3		0.779096
385.4		0.779096
385.5		0.779096
385.6		0.779096
385.7		0.779096
385.8		0.779096
385.9		0.779096
386		0.779096
386.1		0.779318
386.2		0.779318
386.3		0.779318
386.4		0.779318
386.5		0.779318
386.6		0.779318
386.7		0.779318
386.8		0.779318
386.9		0.779318
387		0.779318
387.1		0.783288
387.2		0.783288
387.3		0.783288
387.4		0.783288
387.5		0.783288
387.6		0.783288
387.7		0.783288
387.8		0.783288
387.9		0.783288
388		0.783288
388.1		0.784152
388.2		0.784152
388.3		0.784152
388.4		0.784152
388.5		0.784152
388.6		0.784152
388.7		0.784152
388.8		0.784152
388.9		0.784152
389		0.784152
389.1		0.788943
389.2		0.788943
389.3		0.788943
389.4		0.788943
389.5		0.788943
389.6		0.788943
389.7		0.788943
389.8		0.788943
389.9		0.788943
390		0.788943
390.1		0.790029
390.2		0.790029
390.3		0.790029
390.4		0.790029
390.5		0.790029
390.6		0.790029
390.7		0.790029
390.8		0.790029
390.9		0.790029
391		0.790029
391.1		0.790229
391.2		0.790229
391.3		0.790229
391.4		0.790229
391.5		0.790229
391.6		0.790229
391.7		0.790229
391.8		0.790229
391.9		0.790229
392		0.790229
392.1		0.793511
392.2		0.793511
392.3		0.793511
392.4		0.793511
392.5		0.793511
392.6		0.793511
392.7		0.793511
392.8		0.793511
392.9		0.793511
393		0.793511
393.1		0.793888
393.2		0.793888
393.3		0.793888
393.4		0.793888
393.5		0.793888
393.6		0.793888
393.7		0.793888
393.8		0.793888
393.9		0.793888
394		0.793888
394.1		0.800719
394.2		0.800719
394.3		0.800719
394.4		0.800719
394.5		0.800719
394.6		0.800719
394.7		0.800719
394.8		0.800719
394.9		0.800719
395		0.800719
395.1		0.801073
395.2		0.801073
395.3		0.801073
395.4		0.801073
395.5		0.801073
395.6		0.801073
395.7		0.801073
395.8		0.801073
395.9		0.801073
396		0.801073
396.1		0.802005
396.2		0.802005
396.3		0.802005
396.4		0.802005
396.5		0.802005
396.6		0.802005
396.7		0.802005
396.8		0.802005
396.9		0.802005
397		0.802005
397.1		0.803491
397.2		0.803491
397.3		0.803491
397.4		0.803491
397.5		0.803491
397.6		0.803491
397.7		0.803491
397.8		0.803491
397.9		0.803491
398		0.803491
398.1		0.80664
398.2		0.80664
398.3		0.80664
398.4		0.80664
398.5		0.80664
398.6		0.80664
398.7		0.80664
398.8		0.80664
398.9		0.80664
399		0.80664
399.1		0.807793
399.2		0.807793
399.3		0.807793
399.4		0.807793
399.5		0.807793
399.6		0.807793
399.7		0.807793
399.8		0.807793
399.9		0.807793
400		0.807793
400.1		0.809368
400.2		0.809368
400.3		0.809368
400.4		0.809368
400.5		0.809368
400.6		0.809368
400.7		0.809368
400.8		0.809368
400.9		0.809368
401		0.809368
401.1		0.81123
401.2		0.81123
401.3		0.81123
401.4		0.81123
401.5		0.81123
401.6		0.81123
401.7		0.81123
401.8		0.81123
401.9		0.81123
402		0.81123
402.1		0.814513
402.2		0.814513
402.3		0.814513
402.4		0.814513
402.5		0.814513
402.6		0.814513
402.7		0.814513
402.8		0.814513
402.9		0.814513
403		0.814513
403.1		0.815466
403.2		0.815466
403.3		0.815466
403.4		0.815466
403.5		0.815466
403.6		0.815466
403.7		0.815466
403.8		0.815466
403.9		0.815466
404		0.815466
404.1		0.816575
404.2		0.816575
404.3		0.816575
404.4		0.816575
404.5		0.816575
404.6		0.816575
404.7		0.816575
404.8		0.816575
404.9		0.816575
405		0.816575
405.1		0.817063
405.2		0.817063
405.3		0.817063
405.4		0.817063
405.5		0.817063
405.6		0.817063
405.7		0.817063
405.8		0.817063
405.9		0.817063
406		0.817063
406.1		0.821853
406.2		0.821853
406.3		0.821853
406.4		0.821853
406.5		0.821853
406.6		0.821853
406.7		0.821853
406.8		0.821853
406.9		0.821853
407		0.821853
407.1		0.825002
407.2		0.825002
407.3		0.825002
407.4		0.825002
407.5		0.825002
407.6		0.825002
407.7		0.825002
407.8		0.825002
407.9		0.825002
408		0.825002
408.1		0.825645
408.2		0.825645
408.3		0.825645
408.4		0.825645
408.5		0.825645
408.6		0.825645
408.7		0.825645
408.8		0.825645
408.9		0.825645
409		0.825645
409.1		0.826799
409.2		0.826799
409.3		0.826799
409.4		0.826799
409.5		0.826799
409.6		0.826799
409.7		0.826799
409.8		0.826799
409.9		0.826799
410		0.826799
410.1		0.831478
410.2		0.831478
410.3		0.831478
410.4		0.831478
410.5		0.831478
410.6		0.831478
410.7		0.831478
410.8		0.831478
410.9		0.831478
411		0.831478
411.1		0.831788
411.2		0.831788
411.3		0.831788
411.4		0.831788
411.5		0.831788
411.6		0.831788
411.7		0.831788
411.8		0.831788
411.9		0.831788
412		0.831788
412.1		0.833163
412.2		0.833163
412.3		0.833163
412.4		0.833163
412.5		0.833163
412.6		0.833163
412.7		0.833163
412.8		0.833163
412.9		0.833163
413		0.833163
413.1		0.836068
413.2		0.836068
413.3		0.836068
413.4		0.836068
413.5		0.836068
413.6		0.836068
413.7		0.836068
413.8		0.836068
413.9		0.836068
414		0.836068
414.1		0.839949
414.2		0.839949
414.3		0.839949
414.4		0.839949
414.5		0.839949
414.6		0.839949
414.7		0.839949
414.8		0.839949
414.9		0.839949
415		0.839949
415.1		0.841369
415.2		0.841369
415.3		0.841369
415.4		0.841369
415.5		0.841369
415.6		0.841369
415.7		0.841369
415.8		0.841369
415.9		0.841369
416		0.841369
416.1		0.842078
416.2		0.842078
416.3		0.842078
416.4		0.842078
416.5		0.842078
416.6		0.842078
416.7		0.842078
416.8		0.842078
416.9		0.842078
417		0.842078
417.1		0.843631
417.2		0.843631
417.3		0.843631
417.4		0.843631
417.5		0.843631
417.6		0.843631
417.7		0.843631
417.8		0.843631
417.9		0.843631
418		0.843631
418.1		0.845272
418.2		0.845272
418.3		0.845272
418.4		0.845272
418.5		0.845272
418.6		0.845272
418.7		0.845272
418.8		0.845272
418.9		0.845272
419		0.845272
419.1		0.851326
419.2		0.851326
419.3		0.851326
419.4		0.851326
419.5		0.851326
419.6		0.851326
419.7		0.851326
419.8		0.851326
419.9		0.851326
420		0.851326
420.1		0.851925
420.2		0.851925
420.3		0.851925
420.4		0.851925
420.5		0.851925
420.6		0.851925
420.7		0.851925
420.8		0.851925
420.9		0.851925
421		0.851925
421.1		0.852368
421.2		0.852368
421.3		0.852368
421.4		0.852368
421.5		0.852368
421.6		0.852368
421.7		0.852368
421.8		0.852368
421.9		0.852368
422		0.852368
422.1		0.855983
422.2		0.855983
422.3		0.855983
422.4		0.855983
422.5		0.855983
422.6		0.855983
422.7		0.855983
422.8		0.855983
422.9		0.855983
423		0.855983
423.1		0.85738
423.2		0.85738
423.3		0.85738
423.4		0.85738
423.5		0.85738
423.6		0.85738
423.7		0.85738
423.8		0.85738
423.9		0.85738
424		0.85738
424.1		0.861705
424.2		0.861705
424.3		0.861705
424.4		0.861705
424.5		0.861705
424.6		0.861705
424.7		0.861705
424.8		0.861705
424.9		0.861705
425		0.861705
425.1		0.862304
425.2		0.862304
425.3		0.862304
425.4		0.862304
425.5		0.862304
425.6		0.862304
425.7		0.862304
425.8		0.862304
425.9		0.862304
426		0.862304
426.1		0.862526
426.2		0.862526
426.3		0.862526
426.4		0.862526
426.5		0.862526
426.6		0.862526
426.7		0.862526
426.8		0.862526
426.9		0.862526
427		0.862526
427.1		0.864344
427.2		0.864344
427.3		0.864344
427.4		0.864344
427.5		0.864344
427.6		0.864344
427.7		0.864344
427.8		0.864344
427.9		0.864344
428		0.864344
428.1		0.871308
428.2		0.871308
428.3		0.871308
428.4		0.871308
428.5		0.871308
428.6		0.871308
428.7		0.871308
428.8		0.871308
428.9		0.871308
429		0.871308
429.1		0.871795
429.2		0.871795
429.3		0.871795
429.4		0.871795
429.5		0.871795
429.6		0.871795
429.7		0.871795
429.8		0.871795
429.9		0.871795
430		0.871795
430.1		0.87235
430.2		0.87235
430.3		0.87235
430.4		0.87235
430.5		0.87235
430.6		0.87235
430.7		0.87235
430.8		0.87235
430.9		0.87235
431		0.87235
431.1		0.872549
431.2		0.872549
431.3		0.872549
431.4		0.872549
431.5		0.872549
431.6		0.872549
431.7		0.872549
431.8		0.872549
431.9		0.872549
432		0.872549
432.1		0.879491
432.2		0.879491
432.3		0.879491
432.4		0.879491
432.5		0.879491
432.6		0.879491
432.7		0.879491
432.8		0.879491
432.9		0.879491
433		0.879491
433.1		0.880356
433.2		0.880356
433.3		0.880356
433.4		0.880356
433.5		0.880356
433.6		0.880356
433.7		0.880356
433.8		0.880356
433.9		0.880356
434		0.880356
434.1		0.882729
434.2		0.882729
434.3		0.882729
434.4		0.882729
434.5		0.882729
434.6		0.882729
434.7		0.882729
434.8		0.882729
434.9		0.882729
435		0.882729
435.1		0.883039
435.2		0.883039
435.3		0.883039
435.4		0.883039
435.5		0.883039
435.6		0.883039
435.7		0.883039
435.8		0.883039
435.9		0.883039
436		0.883039
436.1		0.887364
436.2		0.887364
436.3		0.887364
436.4		0.887364
436.5		0.887364
436.6		0.887364
436.7		0.887364
436.8		0.887364
436.9		0.887364
437		0.887364
437.1		0.887541
437.2		0.887541
437.3		0.887541
437.4		0.887541
437.5		0.887541
437.6		0.887541
437.7		0.887541
437.8		0.887541
437.9		0.887541
438		0.887541
438.1		0.887829
438.2		0.887829
438.3		0.887829
438.4		0.887829
438.5		0.887829
438.6		0.887829
438.7		0.887829
438.8		0.887829
438.9		0.887829
439		0.887829
439.1		0.889626
439.2		0.889626
439.3		0.889626
439.4		0.889626
439.5		0.889626
439.6		0.889626
439.7		0.889626
439.8		0.889626
439.9		0.889626
440		0.889626
440.1		0.89466
440.2		0.89466
440.3		0.89466
440.4		0.89466
440.5		0.89466
440.6		0.89466
440.7		0.89466
440.8		0.89466
440.9		0.89466
441		0.89466
441.1		0.896323
441.2		0.896323
441.3		0.896323
441.4		0.896323
441.5		0.896323
441.6		0.896323
441.7		0.896323
441.8		0.896323
441.9		0.896323
442		0.896323
442.1		0.897609
442.2		0.897609
442.3		0.897609
442.4		0.897609
442.5		0.897609
442.6		0.897609
442.7		0.897609
442.8		0.897609
442.9		0.897609
443		0.897609
443.1		0.89874
443.2		0.89874
443.3		0.89874
443.4		0.89874
443.5		0.89874
443.6		0.89874
443.7		0.89874
443.8		0.89874
443.9		0.89874
444		0.89874
444.1		0.901912
444.2		0.901912
444.3		0.901912
444.4		0.901912
444.5		0.901912
444.6		0.901912
444.7		0.901912
444.8		0.901912
444.9		0.901912
445		0.901912
445.1		0.903908
445.2		0.903908
445.3		0.903908
445.4		0.903908
445.5		0.903908
445.6		0.903908
445.7		0.903908
445.8		0.903908
445.9		0.903908
446		0.903908
446.1		0.905061
446.2		0.905061
446.3		0.905061
446.4		0.905061
446.5		0.905061
446.6		0.905061
446.7		0.905061
446.8		0.905061
446.9		0.905061
447		0.905061
447.1		0.908587
447.2		0.908587
447.3		0.908587
447.4		0.908587
447.5		0.908587
447.6		0.908587
447.7		0.908587
447.8		0.908587
447.9		0.908587
448		0.908587
448.1		0.910694
448.2		0.910694
448.3		0.910694
448.4		0.910694
448.5		0.910694
448.6		0.910694
448.7		0.910694
448.8		0.910694
448.9		0.910694
449		0.910694
449.1		0.911514
449.2		0.911514
449.3		0.911514
449.4		0.911514
449.5		0.911514
449.6		0.911514
449.7		0.911514
449.8		0.911514
449.9		0.911514
450		0.911514
450.1		0.913887
450.2		0.913887
450.3		0.913887
450.4		0.913887
450.5		0.913887
450.6		0.913887
450.7		0.913887
450.8		0.913887
450.9		0.913887
451		0.913887
451.1		0.914619
451.2		0.914619
451.3		0.914619
451.4		0.914619
451.5		0.914619
451.6		0.914619
451.7		0.914619
451.8		0.914619
451.9		0.914619
452		0.914619
452.1		0.918411
452.2		0.918411
452.3		0.918411
452.4		0.918411
452.5		0.918411
452.6		0.918411
452.7		0.918411
452.8		0.918411
452.9		0.918411
453		0.918411
453.1		0.920651
453.2		0.920651
453.3		0.920651
453.4		0.920651
453.5		0.920651
453.6		0.920651
453.7		0.920651
453.8		0.920651
453.9		0.920651
454		0.920651
454.1		0.921871
454.2		0.921871
454.3		0.921871
454.4		0.921871
454.5		0.921871
454.6		0.921871
454.7		0.921871
454.8		0.921871
454.9		0.921871
455		0.921871
455.1		0.923712
455.2		0.923712
455.3		0.923712
455.4		0.923712
455.5		0.923712
455.6		0.923712
455.7		0.923712
455.8		0.923712
455.9		0.923712
456		0.923712
456.1		0.924709
456.2		0.924709
456.3		0.924709
456.4		0.924709
456.5		0.924709
456.6		0.924709
456.7		0.924709
456.8		0.924709
456.9		0.924709
457		0.924709
457.1		0.926528
457.2		0.926528
457.3		0.926528
457.4		0.926528
457.5		0.926528
457.6		0.926528
457.7		0.926528
457.8		0.926528
457.9		0.926528
458		0.926528
458.1		0.932715
458.2		0.932715
458.3		0.932715
458.4		0.932715
458.5		0.932715
458.6		0.932715
458.7		0.932715
458.8		0.932715
458.9		0.932715
459		0.932715
459.1		0.933336
459.2		0.933336
459.3		0.933336
459.4		0.933336
459.5		0.933336
459.6		0.933336
459.7		0.933336
459.8		0.933336
459.9		0.933336
460		0.933336
460.1		0.933625
460.2		0.933625
460.3		0.933625
460.4		0.933625
460.5		0.933625
460.6		0.933625
460.7		0.933625
460.8		0.933625
460.9		0.933625
461		0.933625
461.1		0.934046
461.2		0.934046
461.3		0.934046
461.4		0.934046
461.5		0.934046
461.6		0.934046
461.7		0.934046
461.8		0.934046
461.9		0.934046
462		0.934046
462.1		0.938659
462.2		0.938659
462.3		0.938659
462.4		0.938659
462.5		0.938659
462.6		0.938659
462.7		0.938659
462.8		0.938659
462.9		0.938659
463		0.938659
463.1		0.939834
463.2		0.939834
463.3		0.939834
463.4		0.939834
463.5		0.939834
463.6		0.939834
463.7		0.939834
463.8		0.939834
463.9		0.939834
464		0.939834
464.1		0.943227
464.2		0.943227
464.3		0.943227
464.4		0.943227
464.5		0.943227
464.6		0.943227
464.7		0.943227
464.8		0.943227
464.9		0.943227
465		0.943227
465.1		0.944624
465.2		0.944624
465.3		0.944624
465.4		0.944624
465.5		0.944624
465.6		0.944624
465.7		0.944624
465.8		0.944624
465.9		0.944624
466		0.944624
466.1		0.947485
466.2		0.947485
466.3		0.947485
466.4		0.947485
466.5		0.947485
466.6		0.947485
466.7		0.947485
466.8		0.947485
466.9		0.947485
467		0.947485
467.1		0.948572
467.2		0.948572
467.3		0.948572
467.4		0.948572
467.5		0.948572
467.6		0.948572
467.7		0.948572
467.8		0.948572
467.9		0.948572
468		0.948572
468.1		0.949126
468.2		0.949126
468.3		0.949126
468.4		0.949126
468.5		0.949126
468.6		0.949126
468.7		0.949126
468.8		0.949126
468.9		0.949126
469		0.949126
469.1		0.949481
469.2		0.949481
469.3		0.949481
469.4		0.949481
469.5		0.949481
469.6		0.949481
469.7		0.949481
469.8		0.949481
469.9		0.949481
470		0.949481
470.1		0.955447
470.2		0.955447
470.3		0.955447
470.4		0.955447
470.5		0.955447
470.6		0.955447
470.7		0.955447
470.8		0.955447
470.9		0.955447
471		0.955447
471.1		0.956511
471.2		0.956511
471.3		0.956511
471.4		0.956511
471.5		0.956511
471.6		0.956511
471.7		0.956511
471.8		0.956511
471.9		0.956511
472		0.956511
472.1		0.958662
472.2		0.958662
472.3		0.958662
472.4		0.958662
472.5		0.958662
472.6		0.958662
472.7		0.958662
472.8		0.958662
472.9		0.958662
473		0.958662
473.1		0.958795
473.2		0.958795
473.3		0.958795
473.4		0.958795
473.5		0.958795
473.6		0.958795
473.7		0.958795
473.8		0.958795
473.9		0.958795
474		0.958795
474.1		0.960459
474.2		0.960459
474.3		0.960459
474.4		0.960459
474.5		0.960459
474.6		0.960459
474.7		0.960459
474.8		0.960459
474.9		0.960459
475		0.960459
475.1		0.964229
475.2		0.964229
475.3		0.964229
475.4		0.964229
475.5		0.964229
475.6		0.964229
475.7		0.964229
475.8		0.964229
475.9		0.964229
476		0.964229
476.1		0.964717
476.2		0.964717
476.3		0.964717
476.4		0.964717
476.5		0.964717
476.6		0.964717
476.7		0.964717
476.8		0.964717
476.9		0.964717
477		0.964717
477.1		0.969396
477.2		0.969396
477.3		0.969396
477.4		0.969396
477.5		0.969396
477.6		0.969396
477.7		0.969396
477.8		0.969396
477.9		0.969396
478		0.969396
478.1		0.970882
478.2		0.970882
478.3		0.970882
478.4		0.970882
478.5		0.970882
478.6		0.970882
478.7		0.970882
478.8		0.970882
478.9		0.970882
479		0.970882
479.1		0.973033
479.2		0.973033
479.3		0.973033
479.4		0.973033
479.5		0.973033
479.6		0.973033
479.7		0.973033
479.8		0.973033
479.9		0.973033
480		0.973033
480.1		0.975295
480.2		0.975295
480.3		0.975295
480.4		0.975295
480.5		0.975295
480.6		0.975295
480.7		0.975295
480.8		0.975295
480.9		0.975295
481		0.975295
481.1		0.975361
481.2		0.975361
481.3		0.975361
481.4		0.975361
481.5		0.975361
481.6		0.975361
481.7		0.975361
481.8		0.975361
481.9		0.975361
482		0.975361
482.1		0.975872
482.2		0.975872
482.3		0.975872
482.4		0.975872
482.5		0.975872
482.6		0.975872
482.7		0.975872
482.8		0.975872
482.9		0.975872
483		0.975872
483.1		0.981416
483.2		0.981416
483.3		0.981416
483.4		0.981416
483.5		0.981416
483.6		0.981416
483.7		0.981416
483.8		0.981416
483.9		0.981416
484		0.981416
484.1		0.983101
484.2		0.983101
484.3		0.983101
484.4		0.983101
484.5		0.983101
484.6		0.983101
484.7		0.983101
484.8		0.983101
484.9		0.983101
485		0.983101
485.1		0.985208
485.2		0.985208
485.3		0.985208
485.4		0.985208
485.5		0.985208
485.6		0.985208
485.7		0.985208
485.8		0.985208
485.9		0.985208
486		0.985208
486.1		0.986827
486.2		0.986827
486.3		0.986827
486.4		0.986827
486.5		0.986827
486.6		0.986827
486.7		0.986827
486.8		0.986827
486.9		0.986827
487		0.986827
487.1		0.987004
487.2		0.987004
487.3		0.987004
487.4		0.987004
487.5		0.987004
487.6		0.987004
487.7		0.987004
487.8		0.987004
487.9		0.987004
488		0.987004
488.1		0.99297
488.2		0.99297
488.3		0.99297
488.4		0.99297
488.5		0.99297
488.6		0.99297
488.7		0.99297
488.8		0.99297
488.9		0.99297
489		0.99297
489.1		0.994788
489.2		0.994788
489.3		0.994788
489.4		0.994788
489.5		0.994788
489.6		0.994788
489.7		0.994788
489.8		0.994788
489.9		0.994788
490		0.994788
490.1		0.994944
490.2		0.994944
490.3		0.994944
490.4		0.994944
490.5		0.994944
490.6		0.994944
490.7		0.994944
490.8		0.994944
490.9		0.994944
491		0.994944
491.1		0.996075
491.2		0.996075
491.3		0.996075
491.4		0.996075
491.5		0.996075
491.6		0.996075
491.7		0.996075
491.8		0.996075
491.9		0.996075
492		0.996075
492.1		0.999956
492.2		0.999956
492.3		0.999956
492.4		0.999956
492.5		0.999956
492.6		0.999956
492.7		0.999956
492.8		0.999956
492.9		0.999956
493		0.999956
493.1		1
493.2		1
493.3		1
493.4		1
493.5		1
493.6		1
493.7		1
493.8		1
493.9		1
494		1
494.1		1
494.2		1
494.3		1
494.4		1
494.5		1
494.6		1
494.7		1
494.8		1
494.9		1
495		1
495.1		1
495.2		1
495.3		1
495.4		1
495.5		1
495.6		1
495.7		1
495.8		1
495.9		1
496		1
496.1		1
496.2		1
496.3		1
496.4		1
496.5		1
496.6		1
496.7		1
496.8		1
496.9		1
497		1
497.1		1
497.2		1
497.3		1
497.4		1
497.5		1
497.6		1
497.7		1
497.8		1
497.9		1
498		1
498.1		1
498.2		1
498.3		1
498.4		1
498.5		1
498.6		1
498.7		1
498.8		1
498.9		1
499		1
499.1		1
499.2		1
499.3		1
499.4		1
499.5		1
499.6		1
499.7		1
499.8		1
499.9		1
500		1
500.1		1
500.2		1
500.3		1
500.4		1
500.5		1
500.6		1
500.7		1
500.8		1
500.9		1
501		1
501.1		1
501.2		1
501.3		1
501.4		1
501.5		1
501.6		1
501.7		1
501.8		1
501.9		1
502		1
502.1		1
502.2		1
502.3		1
502.4		1
502.5		1
502.6		1
502.7		1
502.8		1
502.9		1
503		1
503.1		1
503.2		1
503.3		1
503.4		1
503.5		1
503.6		1
503.7		1
503.8		1
503.9		1
504		1
504.1		1
504.2		1
504.3		1
504.4		1
504.5		1
504.6		1
504.7		1
504.8		1
504.9		1
505		1
505.1		1
505.2		1
505.3		1
505.4		1
505.5		1
505.6		1
505.7		1
505.8		1
505.9		1
506		1
506.1		1
506.2		1
506.3		1
506.4		1
506.5		1
506.6		1
506.7		1
506.8		1
506.9		1
507		1
507.1		1
507.2		1
507.3		1
507.4		1
507.5		1
507.6		1
507.7		1
507.8		1
507.9		1
508		1
508.1		1
508.2		1
508.3		1
508.4		1
508.5		1
508.6		1
508.7		1
508.8		1
508.9		1
509		1
509.1		1
509.2		1
509.3		1
509.4		1
509.5		1
509.6		1
509.7		1
509.8		1
509.9		1
510		1
510.1		1
510.2		1
510.3		1
510.4		1
510.5		1
510.6		1
510.7		1
510.8		1
510.9		1
511		1
511.1		1
511.2		1
511.3		1
511.4		1
511.5		1
511.6		1
511.7		1
511.8		1
511.9		1
512		1
512.1		1
512.2		1
512.3		1
512.4		1
512.5		1
512.6		1
512.7		1
512.8		1
512.9		1
513		1
513.1		1
513.2		1
513.3		1
513.4		1
513.5		1
513.6		1
513.7		1
513.8		1
513.9		1
514		1
514.1		1
514.2		1
514.3		1
514.4		1
514.5		1
514.6		1
514.7		1
514.8		1
514.9		1
515		1
515.1		1
515.2		1
515.3		1
515.4		1
515.5		1
515.6		1
515.7		1
515.8		1
515.9		1
516		1
516.1		1
516.2		1
516.3		1
516.4		1
516.5		1
516.6		1
516.7		1
516.8		1
516.9		1
517		1
517.1		1
517.2		1
517.3		1
517.4		1
517.5		1
517.6		1
517.7		1
517.8		1
517.9		1
518		1
518.1		1
518.2		1
518.3		1
518.4		1
518.5		1
518.6		1
518.7		1
518.8		1
518.9		1
519		1
519.1		1
519.2		1
519.3		1
519.4		1
519.5		1
519.6		1
519.7		1
519.8		1
519.9		1
520		1
520.1		1
520.2		1
520.3		1
520.4		1
520.5		1
520.6		1
520.7		1
520.8		1
520.9		1
521		1
521.1		1
521.2		1
521.3		1
521.4		1
521.5		1
521.6		1
521.7		1
521.8		1
521.9		1
522		1
522.1		1
522.2		1
522.3		1
522.4		1
522.5		1
522.6		1
522.7		1
522.8		1
522.9		1
523		1
523.1		1
523.2		1
523.3		1
523.4		1
523.5		1
523.6		1
523.7		1
523.8		1
523.9		1
524		1
524.1		1
524.2		1
524.3		1
524.4		1
524.5		1
524.6		1
524.7		1
524.8		1
524.9		1
525		1
525.1		1
525.2		1
525.3		1
525.4		1
525.5		1
525.6		1
525.7		1
525.8		1
525.9		1
526		1
526.1		1
526.2		1
526.3		1
526.4		1
526.5		1
526.6		1
526.7		1
526.8		1
526.9		1
527		1
527.1		1
527.2		1
527.3		1
527.4		1
527.5		1
527.6		1
527.7		1
527.8		1
527.9		1
528		1
528.1		1
528.2		1
528.3		1
528.4		1
528.5		1
528.6		1
528.7		1
528.8		1
528.9		1
529		1
529.1		1
529.2		1
529.3		1
529.4		1
529.5		1
529.6		1
529.7		1
529.8		1
529.9		1
530		1
530.1		1
530.2		1
530.3		1
530.4		1
530.5		1
530.6		1
530.7		1
530.8		1
530.9		1
531		1
531.1		1
531.2		1
531.3		1
531.4		1
531.5		1
531.6		1
531.7		1
531.8		1
531.9		1
532		1
532.1		1
532.2		1
532.3		1
532.4		1
532.5		1
532.6		1
532.7		1
532.8		1
532.9		1
533		1
533.1		1
533.2		1
533.3		1
533.4		1
533.5		1
533.6		1
533.7		1
533.8		1
533.9		1
534		1
534.1		1
534.2		1
534.3		1
534.4		1
534.5		1
534.6		1
534.7		1
534.8		1
534.9		1
535		1
535.1		1
535.2		1
535.3		1
535.4		1
535.5		1
535.6		1
535.7		1
535.8		1
535.9		1
536		1
536.1		1
536.2		1
536.3		1
536.4		1
536.5		1
536.6		1
536.7		1
536.8		1
536.9		1
537		1
537.1		1
537.2		1
537.3		1
537.4		1
537.5		1
537.6		1
537.7		1
537.8		1
537.9		1
538		1
538.1		1
538.2		1
538.3		1
538.4		1
538.5		1
538.6		1
538.7		1
538.8		1
538.9		1
539		1
539.1		1
539.2		1
539.3		1
539.4		1
539.5		1
539.6		1
539.7		1
539.8		1
539.9		1
540		1
540.1		1
540.2		1
540.3		1
540.4		1
540.5		1
540.6		1
540.7		1
540.8		1
540.9		1
541		1
541.1		1
541.2		1
541.3		1
541.4		1
541.5		1
541.6		1
541.7		1
541.8		1
541.9		1
542		1
542.1		1
542.2		1
542.3		1
542.4		1
542.5		1
542.6		1
542.7		1
542.8		1
542.9		1
543		1
543.1		1
543.2		1
543.3		1
543.4		1
543.5		1
543.6		1
543.7		1
543.8		1
543.9		1
544		1
544.1		1
544.2		1
544.3		1
544.4		1
544.5		1
544.6		1
544.7		1
544.8		1
544.9		1
545		1
545.1		1
545.2		1
545.3		1
545.4		1
545.5		1
545.6		1
545.7		1
545.8		1
545.9		1
546		1
546.1		1
546.2		1
546.3		1
546.4		1
546.5		1
546.6		1
546.7		1
546.8		1
546.9		1
547		1
547.1		1
547.2		1
547.3		1
547.4		1
547.5		1
547.6		1
547.7		1
547.8		1
547.9		1
548		1
548.1		1
548.2		1
548.3		1
548.4		1
548.5		1
548.6		1
548.7		1
548.8		1
548.9		1
549		1
549.1		1
549.2		1
549.3		1
549.4		1
549.5		1
549.6		1
549.7		1
549.8		1
549.9		1
550		1
550.1		1
550.2		1
550.3		1
550.4		1
550.5		1
550.6		1
550.7		1
550.8		1
550.9		1
551		1
551.1		1
551.2		1
551.3		1
551.4		1
551.5		1
551.6		1
551.7		1
551.8		1
551.9		1
552		1
552.1		1
552.2		1
552.3		1
552.4		1
552.5		1
552.6		1
552.7		1
552.8		1
552.9		1
553		1
553.1		1
553.2		1
553.3		1
553.4		1
553.5		1
553.6		1
553.7		1
553.8		1
553.9		1
554		1
554.1		1
554.2		1
554.3		1
554.4		1
554.5		1
554.6		1
554.7		1
554.8		1
554.9		1
555		1
555.1		1
555.2		1
555.3		1
555.4		1
555.5		1
555.6		1
555.7		1
555.8		1
555.9		1
556		1
556.1		1
556.2		1
556.3		1
556.4		1
556.5		1
556.6		1
556.7		1
556.8		1
556.9		1
557		1
557.1		1
557.2		1
557.3		1
557.4		1
557.5		1
557.6		1
557.7		1
557.8		1
557.9		1
558		1
558.1		1
558.2		1
558.3		1
558.4		1
558.5		1
558.6		1
558.7		1
558.8		1
558.9		1
559		1
559.1		1
559.2		1
559.3		1
559.4		1
559.5		1
559.6		1
559.7		1
559.8		1
559.9		1
560		1
560.1		1
560.2		1
560.3		1
560.4		1
560.5		1
560.6		1
560.7		1
560.8		1
560.9		1
561		1
561.1		1
561.2		1
561.3		1
561.4		1
561.5		1
561.6		1
561.7		1
561.8		1
561.9		1
562		1
562.1		1
562.2		1
562.3		1
562.4		1
562.5		1
562.6		1
562.7		1
562.8		1
562.9		1
563		1
563.1		1
563.2		1
563.3		1
563.4		1
563.5		1
563.6		1
563.7		1
563.8		1
563.9		1
564		1
564.1		1
564.2		1
564.3		1
564.4		1
564.5		1
564.6		1
564.7		1
564.8		1
564.9		1
565		1
565.1		1
565.2		1
565.3		1
565.4		1
565.5		1
565.6		1
565.7		1
565.8		1
565.9		1
566		1
566.1		1
566.2		1
566.3		1
566.4		1
566.5		1
566.6		1
566.7		1
566.8		1
566.9		1
567		1
567.1		1
567.2		1
567.3		1
567.4		1
567.5		1
567.6		1
567.7		1
567.8		1
567.9		1
568		1
568.1		1
568.2		1
568.3		1
568.4		1
568.5		1
568.6		1
568.7		1
568.8		1
568.9		1
569		1
569.1		1
569.2		1
569.3		1
569.4		1
569.5		1
569.6		1
569.7		1
569.8		1
569.9		1
570		1
570.1		1
570.2		1
570.3		1
570.4		1
570.5		1
570.6		1
570.7		1
570.8		1
570.9		1
571		1
571.1		1
571.2		1
571.3		1
571.4		1
571.5		1
571.6		1
571.7		1
571.8		1
571.9		1
572		1
572.1		1
572.2		1
572.3		1
572.4		1
572.5		1
572.6		1
572.7		1
572.8		1
572.9		1
573		1
573.1		1
573.2		1
573.3		1
573.4		1
573.5		1
573.6		1
573.7		1
573.8		1
573.9		1
574		1
574.1		1
574.2		1
574.3		1
574.4		1
574.5		1
574.6		1
574.7		1
574.8		1
574.9		1
575		1
575.1		1
575.2		1
575.3		1
575.4		1
575.5		1
575.6		1
575.7		1
575.8		1
575.9		1
576		1
576.1		1
576.2		1
576.3		1
576.4		1
576.5		1
576.6		1
576.7		1
576.8		1
576.9		1
577		1
577.1		1
577.2		1
577.3		1
577.4		1
577.5		1
577.6		1
577.7		1
577.8		1
577.9		1
578		1
578.1		1
578.2		1
578.3		1
578.4		1
578.5		1
578.6		1
578.7		1
578.8		1
578.9		1
579		1
579.1		1
579.2		1
579.3		1
579.4		1
579.5		1
579.6		1
579.7		1
579.8		1
579.9		1
580		1
580.1		1
580.2		1
580.3		1
580.4		1
580.5		1
580.6		1
580.7		1
580.8		1
580.9		1
581		1
581.1		1
581.2		1
581.3		1
581.4		1
581.5		1
581.6		1
581.7		1
581.8		1
581.9		1
582		1
582.1		1
582.2		1
582.3		1
582.4		1
582.5		1
582.6		1
582.7		1
582.8		1
582.9		1
583		1
583.1		1
583.2		1
583.3		1
583.4		1
583.5		1
583.6		1
583.7		1
583.8		1
583.9		1
584		1
584.1		1
584.2		1
584.3		1
584.4		1
584.5		1
584.6		1
584.7		1
584.8		1
584.9		1
585		1
585.1		1
585.2		1
585.3		1
585.4		1
585.5		1
585.6		1
585.7		1
585.8		1
585.9		1
586		1
586.1		1
586.2		1
586.3		1
586.4		1
586.5		1
586.6		1
586.7		1
586.8		1
586.9		1
587		1
587.1		1
587.2		1
587.3		1
587.4		1
587.5		1
587.6		1
587.7		1
587.8		1
587.9		1
588		1
588.1		1
588.2		1
588.3		1
588.4		1
588.5		1
588.6		1
588.7		1
588.8		1
588.9		1
589		1
589.1		1
589.2		1
589.3		1
589.4		1
589.5		1
589.6		1
589.7		1
589.8		1
589.9		1
590		1
590.1		1
590.2		1
590.3		1
590.4		1
590.5		1
590.6		1
590.7		1
590.8		1
590.9		1
591		1
591.1		1
591.2		1
591.3		1
591.4		1
591.5		1
591.6		1
591.7		1
591.8		1
591.9		1
592		1
592.1		1
592.2		1
592.3		1
592.4		1
592.5		1
592.6		1
592.7		1
592.8		1
592.9		1
593		1
593.1		1
593.2		1
593.3		1
593.4		1
593.5		1
593.6		1
593.7		1
593.8		1
593.9		1
594		1
594.1		1
594.2		1
594.3		1
594.4		1
594.5		1
594.6		1
594.7		1
594.8		1
594.9		1
595		1
595.1		1
595.2		1
595.3		1
595.4		1
595.5		1
595.6		1
595.7		1
595.8		1
595.9		1
596		1
596.1		1
596.2		1
596.3		1
596.4		1
596.5		1
596.6		1
596.7		1
596.8		1
596.9		1
597		1
597.1		1
597.2		1
597.3		1
597.4		1
597.5		1
597.6		1
597.7		1
597.8		1
597.9		1
598		1
598.1		1
598.2		1
598.3		1
598.4		1
598.5		1
598.6		1
598.7		1
598.8		1
598.9		1
599		1
599.1		1
599.2		1
599.3		1
599.4		1
599.5		1
599.6		1
599.7		1
599.8		1
599.9		1
600		1
