# Calibration file of tamex_id 1 @ channel 28
# fine_T bin		 Calibration value
0.1		0
0.2		0
0.3		0
0.4		0
0.5		0
0.6		0
0.7		0
0.8		0
0.9		0
1		0
1.1		0
1.2		0
1.3		0
1.4		0
1.5		0
1.6		0
1.7		0
1.8		0
1.9		0
2		0
2.1		0
2.2		0
2.3		0
2.4		0
2.5		0
2.6		0
2.7		0
2.8		0
2.9		0
3		0
3.1		0
3.2		0
3.3		0
3.4		0
3.5		0
3.6		0
3.7		0
3.8		0
3.9		0
4		0
4.1		0
4.2		0
4.3		0
4.4		0
4.5		0
4.6		0
4.7		0
4.8		0
4.9		0
5		0
5.1		0
5.2		0
5.3		0
5.4		0
5.5		0
5.6		0
5.7		0
5.8		0
5.9		0
6		0
6.1		0
6.2		0
6.3		0
6.4		0
6.5		0
6.6		0
6.7		0
6.8		0
6.9		0
7		0
7.1		0
7.2		0
7.3		0
7.4		0
7.5		0
7.6		0
7.7		0
7.8		0
7.9		0
8		0
8.1		0
8.2		0
8.3		0
8.4		0
8.5		0
8.6		0
8.7		0
8.8		0
8.9		0
9		0
9.1		0
9.2		0
9.3		0
9.4		0
9.5		0
9.6		0
9.7		0
9.8		0
9.9		0
10		0
10.1		0
10.2		0
10.3		0
10.4		0
10.5		0
10.6		0
10.7		0
10.8		0
10.9		0
11		0
11.1		0
11.2		0
11.3		0
11.4		0
11.5		0
11.6		0
11.7		0
11.8		0
11.9		0
12		0
12.1		0
12.2		0
12.3		0
12.4		0
12.5		0
12.6		0
12.7		0
12.8		0
12.9		0
13		0
13.1		0
13.2		0
13.3		0
13.4		0
13.5		0
13.6		0
13.7		0
13.8		0
13.9		0
14		0
14.1		0
14.2		0
14.3		0
14.4		0
14.5		0
14.6		0
14.7		0
14.8		0
14.9		0
15		0
15.1		0
15.2		0
15.3		0
15.4		0
15.5		0
15.6		0
15.7		0
15.8		0
15.9		0
16		0
16.1		0.00427579
16.2		0.00427579
16.3		0.00427579
16.4		0.00427579
16.5		0.00427579
16.6		0.00427579
16.7		0.00427579
16.8		0.00427579
16.9		0.00427579
17		0.00427579
17.1		0.00792677
17.2		0.00792677
17.3		0.00792677
17.4		0.00792677
17.5		0.00792677
17.6		0.00792677
17.7		0.00792677
17.8		0.00792677
17.9		0.00792677
18		0.00792677
18.1		0.00968075
18.2		0.00968075
18.3		0.00968075
18.4		0.00968075
18.5		0.00968075
18.6		0.00968075
18.7		0.00968075
18.8		0.00968075
18.9		0.00968075
19		0.00968075
19.1		0.0123381
19.2		0.0123381
19.3		0.0123381
19.4		0.0123381
19.5		0.0123381
19.6		0.0123381
19.7		0.0123381
19.8		0.0123381
19.9		0.0123381
20		0.0123381
20.1		0.0163805
20.2		0.0163805
20.3		0.0163805
20.4		0.0163805
20.5		0.0163805
20.6		0.0163805
20.7		0.0163805
20.8		0.0163805
20.9		0.0163805
21		0.0163805
21.1		0.0191507
21.2		0.0191507
21.3		0.0191507
21.4		0.0191507
21.5		0.0191507
21.6		0.0191507
21.7		0.0191507
21.8		0.0191507
21.9		0.0191507
22		0.0191507
22.1		0.0199863
22.2		0.0199863
22.3		0.0199863
22.4		0.0199863
22.5		0.0199863
22.6		0.0199863
22.7		0.0199863
22.8		0.0199863
22.9		0.0199863
23		0.0199863
23.1		0.0215069
23.2		0.0215069
23.3		0.0215069
23.4		0.0215069
23.5		0.0215069
23.6		0.0215069
23.7		0.0215069
23.8		0.0215069
23.9		0.0215069
24		0.0215069
24.1		0.0256096
24.2		0.0256096
24.3		0.0256096
24.4		0.0256096
24.5		0.0256096
24.6		0.0256096
24.7		0.0256096
24.8		0.0256096
24.9		0.0256096
25		0.0256096
25.1		0.0258203
25.2		0.0258203
25.3		0.0258203
25.4		0.0258203
25.5		0.0258203
25.6		0.0258203
25.7		0.0258203
25.8		0.0258203
25.9		0.0258203
26		0.0258203
26.1		0.0274313
26.2		0.0274313
26.3		0.0274313
26.4		0.0274313
26.5		0.0274313
26.6		0.0274313
26.7		0.0274313
26.8		0.0274313
26.9		0.0274313
27		0.0274313
27.1		0.0299456
27.2		0.0299456
27.3		0.0299456
27.4		0.0299456
27.5		0.0299456
27.6		0.0299456
27.7		0.0299456
27.8		0.0299456
27.9		0.0299456
28		0.0299456
28.1		0.0319404
28.2		0.0319404
28.3		0.0319404
28.4		0.0319404
28.5		0.0319404
28.6		0.0319404
28.7		0.0319404
28.8		0.0319404
28.9		0.0319404
29		0.0319404
29.1		0.0335664
29.2		0.0335664
29.3		0.0335664
29.4		0.0335664
29.5		0.0335664
29.6		0.0335664
29.7		0.0335664
29.8		0.0335664
29.9		0.0335664
30		0.0335664
30.1		0.0359829
30.2		0.0359829
30.3		0.0359829
30.4		0.0359829
30.5		0.0359829
30.6		0.0359829
30.7		0.0359829
30.8		0.0359829
30.9		0.0359829
31		0.0359829
31.1		0.0372852
31.2		0.0372852
31.3		0.0372852
31.4		0.0372852
31.5		0.0372852
31.6		0.0372852
31.7		0.0372852
31.8		0.0372852
31.9		0.0372852
32		0.0372852
32.1		0.0395736
32.2		0.0395736
32.3		0.0395736
32.4		0.0395736
32.5		0.0395736
32.6		0.0395736
32.7		0.0395736
32.8		0.0395736
32.9		0.0395736
33		0.0395736
33.1		0.0439849
33.2		0.0439849
33.3		0.0439849
33.4		0.0439849
33.5		0.0439849
33.6		0.0439849
33.7		0.0439849
33.8		0.0439849
33.9		0.0439849
34		0.0439849
34.1		0.0450689
34.2		0.0450689
34.3		0.0450689
34.4		0.0450689
34.5		0.0450689
34.6		0.0450689
34.7		0.0450689
34.8		0.0450689
34.9		0.0450689
35		0.0450689
35.1		0.0461078
35.2		0.0461078
35.3		0.0461078
35.4		0.0461078
35.5		0.0461078
35.6		0.0461078
35.7		0.0461078
35.8		0.0461078
35.9		0.0461078
36		0.0461078
36.1		0.0473122
36.2		0.0473122
36.3		0.0473122
36.4		0.0473122
36.5		0.0473122
36.6		0.0473122
36.7		0.0473122
36.8		0.0473122
36.9		0.0473122
37		0.0473122
37.1		0.0487876
37.2		0.0487876
37.3		0.0487876
37.4		0.0487876
37.5		0.0487876
37.6		0.0487876
37.7		0.0487876
37.8		0.0487876
37.9		0.0487876
38		0.0487876
38.1		0.0500975
38.2		0.0500975
38.3		0.0500975
38.4		0.0500975
38.5		0.0500975
38.6		0.0500975
38.7		0.0500975
38.8		0.0500975
38.9		0.0500975
39		0.0500975
39.1		0.0536581
39.2		0.0536581
39.3		0.0536581
39.4		0.0536581
39.5		0.0536581
39.6		0.0536581
39.7		0.0536581
39.8		0.0536581
39.9		0.0536581
40		0.0536581
40.1		0.0552766
40.2		0.0552766
40.3		0.0552766
40.4		0.0552766
40.5		0.0552766
40.6		0.0552766
40.7		0.0552766
40.8		0.0552766
40.9		0.0552766
41		0.0552766
41.1		0.0572865
41.2		0.0572865
41.3		0.0572865
41.4		0.0572865
41.5		0.0572865
41.6		0.0572865
41.7		0.0572865
41.8		0.0572865
41.9		0.0572865
42		0.0572865
42.1		0.0587996
42.2		0.0587996
42.3		0.0587996
42.4		0.0587996
42.5		0.0587996
42.6		0.0587996
42.7		0.0587996
42.8		0.0587996
42.9		0.0587996
43		0.0587996
43.1		0.0611257
43.2		0.0611257
43.3		0.0611257
43.4		0.0611257
43.5		0.0611257
43.6		0.0611257
43.7		0.0611257
43.8		0.0611257
43.9		0.0611257
44		0.0611257
44.1		0.0625033
44.2		0.0625033
44.3		0.0625033
44.4		0.0625033
44.5		0.0625033
44.6		0.0625033
44.7		0.0625033
44.8		0.0625033
44.9		0.0625033
45		0.0625033
45.1		0.0640917
45.2		0.0640917
45.3		0.0640917
45.4		0.0640917
45.5		0.0640917
45.6		0.0640917
45.7		0.0640917
45.8		0.0640917
45.9		0.0640917
46		0.0640917
46.1		0.0695192
46.2		0.0695192
46.3		0.0695192
46.4		0.0695192
46.5		0.0695192
46.6		0.0695192
46.7		0.0695192
46.8		0.0695192
46.9		0.0695192
47		0.0695192
47.1		0.0710248
47.2		0.0710248
47.3		0.0710248
47.4		0.0710248
47.5		0.0710248
47.6		0.0710248
47.7		0.0710248
47.8		0.0710248
47.9		0.0710248
48		0.0710248
48.1		0.0714689
48.2		0.0714689
48.3		0.0714689
48.4		0.0714689
48.5		0.0714689
48.6		0.0714689
48.7		0.0714689
48.8		0.0714689
48.9		0.0714689
49		0.0714689
49.1		0.0733584
49.2		0.0733584
49.3		0.0733584
49.4		0.0733584
49.5		0.0733584
49.6		0.0733584
49.7		0.0733584
49.8		0.0733584
49.9		0.0733584
50		0.0733584
50.1		0.0770395
50.2		0.0770395
50.3		0.0770395
50.4		0.0770395
50.5		0.0770395
50.6		0.0770395
50.7		0.0770395
50.8		0.0770395
50.9		0.0770395
51		0.0770395
51.1		0.0772578
51.2		0.0772578
51.3		0.0772578
51.4		0.0772578
51.5		0.0772578
51.6		0.0772578
51.7		0.0772578
51.8		0.0772578
51.9		0.0772578
52		0.0772578
52.1		0.0822035
52.2		0.0822035
52.3		0.0822035
52.4		0.0822035
52.5		0.0822035
52.6		0.0822035
52.7		0.0822035
52.8		0.0822035
52.9		0.0822035
53		0.0822035
53.1		0.0822035
53.2		0.0822035
53.3		0.0822035
53.4		0.0822035
53.5		0.0822035
53.6		0.0822035
53.7		0.0822035
53.8		0.0822035
53.9		0.0822035
54		0.0822035
54.1		0.083137
54.2		0.083137
54.3		0.083137
54.4		0.083137
54.5		0.083137
54.6		0.083137
54.7		0.083137
54.8		0.083137
54.9		0.083137
55		0.083137
55.1		0.0837016
55.2		0.0837016
55.3		0.0837016
55.4		0.0837016
55.5		0.0837016
55.6		0.0837016
55.7		0.0837016
55.8		0.0837016
55.9		0.0837016
56		0.0837016
56.1		0.0873375
56.2		0.0873375
56.3		0.0873375
56.4		0.0873375
56.5		0.0873375
56.6		0.0873375
56.7		0.0873375
56.8		0.0873375
56.9		0.0873375
57		0.0873375
57.1		0.0895206
57.2		0.0895206
57.3		0.0895206
57.4		0.0895206
57.5		0.0895206
57.6		0.0895206
57.7		0.0895206
57.8		0.0895206
57.9		0.0895206
58		0.0895206
58.1		0.0925392
58.2		0.0925392
58.3		0.0925392
58.4		0.0925392
58.5		0.0925392
58.6		0.0925392
58.7		0.0925392
58.8		0.0925392
58.9		0.0925392
59		0.0925392
59.1		0.0942254
59.2		0.0942254
59.3		0.0942254
59.4		0.0942254
59.5		0.0942254
59.6		0.0942254
59.7		0.0942254
59.8		0.0942254
59.9		0.0942254
60		0.0942254
60.1		0.0951815
60.2		0.0951815
60.3		0.0951815
60.4		0.0951815
60.5		0.0951815
60.6		0.0951815
60.7		0.0951815
60.8		0.0951815
60.9		0.0951815
61		0.0951815
61.1		0.0958063
61.2		0.0958063
61.3		0.0958063
61.4		0.0958063
61.5		0.0958063
61.6		0.0958063
61.7		0.0958063
61.8		0.0958063
61.9		0.0958063
62		0.0958063
62.1		0.0994271
62.2		0.0994271
62.3		0.0994271
62.4		0.0994271
62.5		0.0994271
62.6		0.0994271
62.7		0.0994271
62.8		0.0994271
62.9		0.0994271
63		0.0994271
63.1		0.10143
63.2		0.10143
63.3		0.10143
63.4		0.10143
63.5		0.10143
63.6		0.10143
63.7		0.10143
63.8		0.10143
63.9		0.10143
64		0.10143
64.1		0.104644
64.2		0.104644
64.3		0.104644
64.4		0.104644
64.5		0.104644
64.6		0.104644
64.7		0.104644
64.8		0.104644
64.9		0.104644
65		0.104644
65.1		0.105683
65.2		0.105683
65.3		0.105683
65.4		0.105683
65.5		0.105683
65.6		0.105683
65.7		0.105683
65.8		0.105683
65.9		0.105683
66		0.105683
66.1		0.107203
66.2		0.107203
66.3		0.107203
66.4		0.107203
66.5		0.107203
66.6		0.107203
66.7		0.107203
66.8		0.107203
66.9		0.107203
67		0.107203
67.1		0.109364
67.2		0.109364
67.3		0.109364
67.4		0.109364
67.5		0.109364
67.6		0.109364
67.7		0.109364
67.8		0.109364
67.9		0.109364
68		0.109364
68.1		0.111426
68.2		0.111426
68.3		0.111426
68.4		0.111426
68.5		0.111426
68.6		0.111426
68.7		0.111426
68.8		0.111426
68.9		0.111426
69		0.111426
69.1		0.114611
69.2		0.114611
69.3		0.114611
69.4		0.114611
69.5		0.114611
69.6		0.114611
69.7		0.114611
69.8		0.114611
69.9		0.114611
70		0.114611
70.1		0.118322
70.2		0.118322
70.3		0.118322
70.4		0.118322
70.5		0.118322
70.6		0.118322
70.7		0.118322
70.8		0.118322
70.9		0.118322
71		0.118322
71.1		0.118804
71.2		0.118804
71.3		0.118804
71.4		0.118804
71.5		0.118804
71.6		0.118804
71.7		0.118804
71.8		0.118804
71.9		0.118804
72		0.118804
72.1		0.121453
72.2		0.121453
72.3		0.121453
72.4		0.121453
72.5		0.121453
72.6		0.121453
72.7		0.121453
72.8		0.121453
72.9		0.121453
73		0.121453
73.1		0.12454
73.2		0.12454
73.3		0.12454
73.4		0.12454
73.5		0.12454
73.6		0.12454
73.7		0.12454
73.8		0.12454
73.9		0.12454
74		0.12454
74.1		0.125789
74.2		0.125789
74.3		0.125789
74.4		0.125789
74.5		0.125789
74.6		0.125789
74.7		0.125789
74.8		0.125789
74.9		0.125789
75		0.125789
75.1		0.127897
75.2		0.127897
75.3		0.127897
75.4		0.127897
75.5		0.127897
75.6		0.127897
75.7		0.127897
75.8		0.127897
75.9		0.127897
76		0.127897
76.1		0.128635
76.2		0.128635
76.3		0.128635
76.4		0.128635
76.5		0.128635
76.6		0.128635
76.7		0.128635
76.8		0.128635
76.9		0.128635
77		0.128635
77.1		0.129817
77.2		0.129817
77.3		0.129817
77.4		0.129817
77.5		0.129817
77.6		0.129817
77.7		0.129817
77.8		0.129817
77.9		0.129817
78		0.129817
78.1		0.135019
78.2		0.135019
78.3		0.135019
78.4		0.135019
78.5		0.135019
78.6		0.135019
78.7		0.135019
78.8		0.135019
78.9		0.135019
79		0.135019
79.1		0.135817
79.2		0.135817
79.3		0.135817
79.4		0.135817
79.5		0.135817
79.6		0.135817
79.7		0.135817
79.8		0.135817
79.9		0.135817
80		0.135817
80.1		0.135997
80.2		0.135997
80.3		0.135997
80.4		0.135997
80.5		0.135997
80.6		0.135997
80.7		0.135997
80.8		0.135997
80.9		0.135997
81		0.135997
81.1		0.140273
81.2		0.140273
81.3		0.140273
81.4		0.140273
81.5		0.140273
81.6		0.140273
81.7		0.140273
81.8		0.140273
81.9		0.140273
82		0.140273
82.1		0.141086
82.2		0.141086
82.3		0.141086
82.4		0.141086
82.5		0.141086
82.6		0.141086
82.7		0.141086
82.8		0.141086
82.9		0.141086
83		0.141086
83.1		0.141237
83.2		0.141237
83.3		0.141237
83.4		0.141237
83.5		0.141237
83.6		0.141237
83.7		0.141237
83.8		0.141237
83.9		0.141237
84		0.141237
84.1		0.146943
84.2		0.146943
84.3		0.146943
84.4		0.146943
84.5		0.146943
84.6		0.146943
84.7		0.146943
84.8		0.146943
84.9		0.146943
85		0.146943
85.1		0.148576
85.2		0.148576
85.3		0.148576
85.4		0.148576
85.5		0.148576
85.6		0.148576
85.7		0.148576
85.8		0.148576
85.9		0.148576
86		0.148576
86.1		0.149472
86.2		0.149472
86.3		0.149472
86.4		0.149472
86.5		0.149472
86.6		0.149472
86.7		0.149472
86.8		0.149472
86.9		0.149472
87		0.149472
87.1		0.151986
87.2		0.151986
87.3		0.151986
87.4		0.151986
87.5		0.151986
87.6		0.151986
87.7		0.151986
87.8		0.151986
87.9		0.151986
88		0.151986
88.1		0.153243
88.2		0.153243
88.3		0.153243
88.4		0.153243
88.5		0.153243
88.6		0.153243
88.7		0.153243
88.8		0.153243
88.9		0.153243
89		0.153243
89.1		0.156059
89.2		0.156059
89.3		0.156059
89.4		0.156059
89.5		0.156059
89.6		0.156059
89.7		0.156059
89.8		0.156059
89.9		0.156059
90		0.156059
90.1		0.156827
90.2		0.156827
90.3		0.156827
90.4		0.156827
90.5		0.156827
90.6		0.156827
90.7		0.156827
90.8		0.156827
90.9		0.156827
91		0.156827
91.1		0.160199
91.2		0.160199
91.3		0.160199
91.4		0.160199
91.5		0.160199
91.6		0.160199
91.7		0.160199
91.8		0.160199
91.9		0.160199
92		0.160199
92.1		0.164573
92.2		0.164573
92.3		0.164573
92.4		0.164573
92.5		0.164573
92.6		0.164573
92.7		0.164573
92.8		0.164573
92.9		0.164573
93		0.164573
93.1		0.165913
93.2		0.165913
93.3		0.165913
93.4		0.165913
93.5		0.165913
93.6		0.165913
93.7		0.165913
93.8		0.165913
93.9		0.165913
94		0.165913
94.1		0.166063
94.2		0.166063
94.3		0.166063
94.4		0.166063
94.5		0.166063
94.6		0.166063
94.7		0.166063
94.8		0.166063
94.9		0.166063
95		0.166063
95.1		0.167636
95.2		0.167636
95.3		0.167636
95.4		0.167636
95.5		0.167636
95.6		0.167636
95.7		0.167636
95.8		0.167636
95.9		0.167636
96		0.167636
96.1		0.171536
96.2		0.171536
96.3		0.171536
96.4		0.171536
96.5		0.171536
96.6		0.171536
96.7		0.171536
96.8		0.171536
96.9		0.171536
97		0.171536
97.1		0.175202
97.2		0.175202
97.3		0.175202
97.4		0.175202
97.5		0.175202
97.6		0.175202
97.7		0.175202
97.8		0.175202
97.9		0.175202
98		0.175202
98.1		0.175616
98.2		0.175616
98.3		0.175616
98.4		0.175616
98.5		0.175616
98.6		0.175616
98.7		0.175616
98.8		0.175616
98.9		0.175616
99		0.175616
99.1		0.176309
99.2		0.176309
99.3		0.176309
99.4		0.176309
99.5		0.176309
99.6		0.176309
99.7		0.176309
99.8		0.176309
99.9		0.176309
100		0.176309
100.1		0.176572
100.2		0.176572
100.3		0.176572
100.4		0.176572
100.5		0.176572
100.6		0.176572
100.7		0.176572
100.8		0.176572
100.9		0.176572
101		0.176572
101.1		0.179839
101.2		0.179839
101.3		0.179839
101.4		0.179839
101.5		0.179839
101.6		0.179839
101.7		0.179839
101.8		0.179839
101.9		0.179839
102		0.179839
102.1		0.183716
102.2		0.183716
102.3		0.183716
102.4		0.183716
102.5		0.183716
102.6		0.183716
102.7		0.183716
102.8		0.183716
102.9		0.183716
103		0.183716
103.1		0.18742
103.2		0.18742
103.3		0.18742
103.4		0.18742
103.5		0.18742
103.6		0.18742
103.7		0.18742
103.8		0.18742
103.9		0.18742
104		0.18742
104.1		0.187615
104.2		0.187615
104.3		0.187615
104.4		0.187615
104.5		0.187615
104.6		0.187615
104.7		0.187615
104.8		0.187615
104.9		0.187615
105		0.187615
105.1		0.188353
105.2		0.188353
105.3		0.188353
105.4		0.188353
105.5		0.188353
105.6		0.188353
105.7		0.188353
105.8		0.188353
105.9		0.188353
106		0.188353
106.1		0.18964
106.2		0.18964
106.3		0.18964
106.4		0.18964
106.5		0.18964
106.6		0.18964
106.7		0.18964
106.8		0.18964
106.9		0.18964
107		0.18964
107.1		0.191628
107.2		0.191628
107.3		0.191628
107.4		0.191628
107.5		0.191628
107.6		0.191628
107.7		0.191628
107.8		0.191628
107.9		0.191628
108		0.191628
108.1		0.195218
108.2		0.195218
108.3		0.195218
108.4		0.195218
108.5		0.195218
108.6		0.195218
108.7		0.195218
108.8		0.195218
108.9		0.195218
109		0.195218
109.1		0.198117
109.2		0.198117
109.3		0.198117
109.4		0.198117
109.5		0.198117
109.6		0.198117
109.7		0.198117
109.8		0.198117
109.9		0.198117
110		0.198117
110.1		0.199953
110.2		0.199953
110.3		0.199953
110.4		0.199953
110.5		0.199953
110.6		0.199953
110.7		0.199953
110.8		0.199953
110.9		0.199953
111		0.199953
111.1		0.201557
111.2		0.201557
111.3		0.201557
111.4		0.201557
111.5		0.201557
111.6		0.201557
111.7		0.201557
111.8		0.201557
111.9		0.201557
112		0.201557
112.1		0.202407
112.2		0.202407
112.3		0.202407
112.4		0.202407
112.5		0.202407
112.6		0.202407
112.7		0.202407
112.8		0.202407
112.9		0.202407
113		0.202407
113.1		0.202806
113.2		0.202806
113.3		0.202806
113.4		0.202806
113.5		0.202806
113.6		0.202806
113.7		0.202806
113.8		0.202806
113.9		0.202806
114		0.202806
114.1		0.209393
114.2		0.209393
114.3		0.209393
114.4		0.209393
114.5		0.209393
114.6		0.209393
114.7		0.209393
114.8		0.209393
114.9		0.209393
115		0.209393
115.1		0.21062
115.2		0.21062
115.3		0.21062
115.4		0.21062
115.5		0.21062
115.6		0.21062
115.7		0.21062
115.8		0.21062
115.9		0.21062
116		0.21062
116.1		0.210748
116.2		0.210748
116.3		0.210748
116.4		0.210748
116.5		0.210748
116.6		0.210748
116.7		0.210748
116.8		0.210748
116.9		0.210748
117		0.210748
117.1		0.213744
117.2		0.213744
117.3		0.213744
117.4		0.213744
117.5		0.213744
117.6		0.213744
117.7		0.213744
117.8		0.213744
117.9		0.213744
118		0.213744
118.1		0.216838
118.2		0.216838
118.3		0.216838
118.4		0.216838
118.5		0.216838
118.6		0.216838
118.7		0.216838
118.8		0.216838
118.9		0.216838
119		0.216838
119.1		0.2179
119.2		0.2179
119.3		0.2179
119.4		0.2179
119.5		0.2179
119.6		0.2179
119.7		0.2179
119.8		0.2179
119.9		0.2179
120		0.2179
120.1		0.221475
120.2		0.221475
120.3		0.221475
120.4		0.221475
120.5		0.221475
120.6		0.221475
120.7		0.221475
120.8		0.221475
120.9		0.221475
121		0.221475
121.1		0.221663
121.2		0.221663
121.3		0.221663
121.4		0.221663
121.5		0.221663
121.6		0.221663
121.7		0.221663
121.8		0.221663
121.9		0.221663
122		0.221663
122.1		0.222394
122.2		0.222394
122.3		0.222394
122.4		0.222394
122.5		0.222394
122.6		0.222394
122.7		0.222394
122.8		0.222394
122.9		0.222394
123		0.222394
123.1		0.228152
123.2		0.228152
123.3		0.228152
123.4		0.228152
123.5		0.228152
123.6		0.228152
123.7		0.228152
123.8		0.228152
123.9		0.228152
124		0.228152
124.1		0.228619
124.2		0.228619
124.3		0.228619
124.4		0.228619
124.5		0.228619
124.6		0.228619
124.7		0.228619
124.8		0.228619
124.9		0.228619
125		0.228619
125.1		0.231231
125.2		0.231231
125.3		0.231231
125.4		0.231231
125.5		0.231231
125.6		0.231231
125.7		0.231231
125.8		0.231231
125.9		0.231231
126		0.231231
126.1		0.23221
126.2		0.23221
126.3		0.23221
126.4		0.23221
126.5		0.23221
126.6		0.23221
126.7		0.23221
126.8		0.23221
126.9		0.23221
127		0.23221
127.1		0.233753
127.2		0.233753
127.3		0.233753
127.4		0.233753
127.5		0.233753
127.6		0.233753
127.7		0.233753
127.8		0.233753
127.9		0.233753
128		0.233753
128.1		0.236794
128.2		0.236794
128.3		0.236794
128.4		0.236794
128.5		0.236794
128.6		0.236794
128.7		0.236794
128.8		0.236794
128.9		0.236794
129		0.236794
129.1		0.240265
129.2		0.240265
129.3		0.240265
129.4		0.240265
129.5		0.240265
129.6		0.240265
129.7		0.240265
129.8		0.240265
129.9		0.240265
130		0.240265
130.1		0.240987
130.2		0.240987
130.3		0.240987
130.4		0.240987
130.5		0.240987
130.6		0.240987
130.7		0.240987
130.8		0.240987
130.9		0.240987
131		0.240987
131.1		0.24244
131.2		0.24244
131.3		0.24244
131.4		0.24244
131.5		0.24244
131.6		0.24244
131.7		0.24244
131.8		0.24244
131.9		0.24244
132		0.24244
132.1		0.245617
132.2		0.245617
132.3		0.245617
132.4		0.245617
132.5		0.245617
132.6		0.245617
132.7		0.245617
132.8		0.245617
132.9		0.245617
133		0.245617
133.1		0.246242
133.2		0.246242
133.3		0.246242
133.4		0.246242
133.5		0.246242
133.6		0.246242
133.7		0.246242
133.8		0.246242
133.9		0.246242
134		0.246242
134.1		0.24774
134.2		0.24774
134.3		0.24774
134.4		0.24774
134.5		0.24774
134.6		0.24774
134.7		0.24774
134.8		0.24774
134.9		0.24774
135		0.24774
135.1		0.252136
135.2		0.252136
135.3		0.252136
135.4		0.252136
135.5		0.252136
135.6		0.252136
135.7		0.252136
135.8		0.252136
135.9		0.252136
136		0.252136
136.1		0.253973
136.2		0.253973
136.3		0.253973
136.4		0.253973
136.5		0.253973
136.6		0.253973
136.7		0.253973
136.8		0.253973
136.9		0.253973
137		0.253973
137.1		0.256961
137.2		0.256961
137.3		0.256961
137.4		0.256961
137.5		0.256961
137.6		0.256961
137.7		0.256961
137.8		0.256961
137.9		0.256961
138		0.256961
138.1		0.257187
138.2		0.257187
138.3		0.257187
138.4		0.257187
138.5		0.257187
138.6		0.257187
138.7		0.257187
138.8		0.257187
138.9		0.257187
139		0.257187
139.1		0.257842
139.2		0.257842
139.3		0.257842
139.4		0.257842
139.5		0.257842
139.6		0.257842
139.7		0.257842
139.8		0.257842
139.9		0.257842
140		0.257842
140.1		0.261885
140.2		0.261885
140.3		0.261885
140.4		0.261885
140.5		0.261885
140.6		0.261885
140.7		0.261885
140.8		0.261885
140.9		0.261885
141		0.261885
141.1		0.264677
141.2		0.264677
141.3		0.264677
141.4		0.264677
141.5		0.264677
141.6		0.264677
141.7		0.264677
141.8		0.264677
141.9		0.264677
142		0.264677
142.1		0.267026
142.2		0.267026
142.3		0.267026
142.4		0.267026
142.5		0.267026
142.6		0.267026
142.7		0.267026
142.8		0.267026
142.9		0.267026
143		0.267026
143.1		0.268976
143.2		0.268976
143.3		0.268976
143.4		0.268976
143.5		0.268976
143.6		0.268976
143.7		0.268976
143.8		0.268976
143.9		0.268976
144		0.268976
144.1		0.270105
144.2		0.270105
144.3		0.270105
144.4		0.270105
144.5		0.270105
144.6		0.270105
144.7		0.270105
144.8		0.270105
144.9		0.270105
145		0.270105
145.1		0.272627
145.2		0.272627
145.3		0.272627
145.4		0.272627
145.5		0.272627
145.6		0.272627
145.7		0.272627
145.8		0.272627
145.9		0.272627
146		0.272627
146.1		0.273327
146.2		0.273327
146.3		0.273327
146.4		0.273327
146.5		0.273327
146.6		0.273327
146.7		0.273327
146.8		0.273327
146.9		0.273327
147		0.273327
147.1		0.276142
147.2		0.276142
147.3		0.276142
147.4		0.276142
147.5		0.276142
147.6		0.276142
147.7		0.276142
147.8		0.276142
147.9		0.276142
148		0.276142
148.1		0.279168
148.2		0.279168
148.3		0.279168
148.4		0.279168
148.5		0.279168
148.6		0.279168
148.7		0.279168
148.8		0.279168
148.9		0.279168
149		0.279168
149.1		0.279996
149.2		0.279996
149.3		0.279996
149.4		0.279996
149.5		0.279996
149.6		0.279996
149.7		0.279996
149.8		0.279996
149.9		0.279996
150		0.279996
150.1		0.282119
150.2		0.282119
150.3		0.282119
150.4		0.282119
150.5		0.282119
150.6		0.282119
150.7		0.282119
150.8		0.282119
150.9		0.282119
151		0.282119
151.1		0.286086
151.2		0.286086
151.3		0.286086
151.4		0.286086
151.5		0.286086
151.6		0.286086
151.7		0.286086
151.8		0.286086
151.9		0.286086
152		0.286086
152.1		0.287599
152.2		0.287599
152.3		0.287599
152.4		0.287599
152.5		0.287599
152.6		0.287599
152.7		0.287599
152.8		0.287599
152.9		0.287599
153		0.287599
153.1		0.291559
153.2		0.291559
153.3		0.291559
153.4		0.291559
153.5		0.291559
153.6		0.291559
153.7		0.291559
153.8		0.291559
153.9		0.291559
154		0.291559
154.1		0.291845
154.2		0.291845
154.3		0.291845
154.4		0.291845
154.5		0.291845
154.6		0.291845
154.7		0.291845
154.8		0.291845
154.9		0.291845
155		0.291845
155.1		0.292365
155.2		0.292365
155.3		0.292365
155.4		0.292365
155.5		0.292365
155.6		0.292365
155.7		0.292365
155.8		0.292365
155.9		0.292365
156		0.292365
156.1		0.29667
156.2		0.29667
156.3		0.29667
156.4		0.29667
156.5		0.29667
156.6		0.29667
156.7		0.29667
156.8		0.29667
156.9		0.29667
157		0.29667
157.1		0.29786
157.2		0.29786
157.3		0.29786
157.4		0.29786
157.5		0.29786
157.6		0.29786
157.7		0.29786
157.8		0.29786
157.9		0.29786
158		0.29786
158.1		0.300224
158.2		0.300224
158.3		0.300224
158.4		0.300224
158.5		0.300224
158.6		0.300224
158.7		0.300224
158.8		0.300224
158.9		0.300224
159		0.300224
159.1		0.303415
159.2		0.303415
159.3		0.303415
159.4		0.303415
159.5		0.303415
159.6		0.303415
159.7		0.303415
159.8		0.303415
159.9		0.303415
160		0.303415
160.1		0.303671
160.2		0.303671
160.3		0.303671
160.4		0.303671
160.5		0.303671
160.6		0.303671
160.7		0.303671
160.8		0.303671
160.9		0.303671
161		0.303671
161.1		0.305644
161.2		0.305644
161.3		0.305644
161.4		0.305644
161.5		0.305644
161.6		0.305644
161.7		0.305644
161.8		0.305644
161.9		0.305644
162		0.305644
162.1		0.309212
162.2		0.309212
162.3		0.309212
162.4		0.309212
162.5		0.309212
162.6		0.309212
162.7		0.309212
162.8		0.309212
162.9		0.309212
163		0.309212
163.1		0.310537
163.2		0.310537
163.3		0.310537
163.4		0.310537
163.5		0.310537
163.6		0.310537
163.7		0.310537
163.8		0.310537
163.9		0.310537
164		0.310537
164.1		0.311094
164.2		0.311094
164.3		0.311094
164.4		0.311094
164.5		0.311094
164.6		0.311094
164.7		0.311094
164.8		0.311094
164.9		0.311094
165		0.311094
165.1		0.31631
165.2		0.31631
165.3		0.31631
165.4		0.31631
165.5		0.31631
165.6		0.31631
165.7		0.31631
165.8		0.31631
165.9		0.31631
166		0.31631
166.1		0.316709
166.2		0.316709
166.3		0.316709
166.4		0.316709
166.5		0.316709
166.6		0.316709
166.7		0.316709
166.8		0.316709
166.9		0.316709
167		0.316709
167.1		0.317176
167.2		0.317176
167.3		0.317176
167.4		0.317176
167.5		0.317176
167.6		0.317176
167.7		0.317176
167.8		0.317176
167.9		0.317176
168		0.317176
168.1		0.321399
168.2		0.321399
168.3		0.321399
168.4		0.321399
168.5		0.321399
168.6		0.321399
168.7		0.321399
168.8		0.321399
168.9		0.321399
169		0.321399
169.1		0.321866
169.2		0.321866
169.3		0.321866
169.4		0.321866
169.5		0.321866
169.6		0.321866
169.7		0.321866
169.8		0.321866
169.9		0.321866
170		0.321866
170.1		0.323447
170.2		0.323447
170.3		0.323447
170.4		0.323447
170.5		0.323447
170.6		0.323447
170.7		0.323447
170.8		0.323447
170.9		0.323447
171		0.323447
171.1		0.32706
171.2		0.32706
171.3		0.32706
171.4		0.32706
171.5		0.32706
171.6		0.32706
171.7		0.32706
171.8		0.32706
171.9		0.32706
172		0.32706
172.1		0.327783
172.2		0.327783
172.3		0.327783
172.4		0.327783
172.5		0.327783
172.6		0.327783
172.7		0.327783
172.8		0.327783
172.9		0.327783
173		0.327783
173.1		0.328069
173.2		0.328069
173.3		0.328069
173.4		0.328069
173.5		0.328069
173.6		0.328069
173.7		0.328069
173.8		0.328069
173.9		0.328069
174		0.328069
174.1		0.334588
174.2		0.334588
174.3		0.334588
174.4		0.334588
174.5		0.334588
174.6		0.334588
174.7		0.334588
174.8		0.334588
174.9		0.334588
175		0.334588
175.1		0.336033
175.2		0.336033
175.3		0.336033
175.4		0.336033
175.5		0.336033
175.6		0.336033
175.7		0.336033
175.8		0.336033
175.9		0.336033
176		0.336033
176.1		0.336094
176.2		0.336094
176.3		0.336094
176.4		0.336094
176.5		0.336094
176.6		0.336094
176.7		0.336094
176.8		0.336094
176.9		0.336094
177		0.336094
177.1		0.340558
177.2		0.340558
177.3		0.340558
177.4		0.340558
177.5		0.340558
177.6		0.340558
177.7		0.340558
177.8		0.340558
177.9		0.340558
178		0.340558
178.1		0.342409
178.2		0.342409
178.3		0.342409
178.4		0.342409
178.5		0.342409
178.6		0.342409
178.7		0.342409
178.8		0.342409
178.9		0.342409
179		0.342409
179.1		0.345601
179.2		0.345601
179.3		0.345601
179.4		0.345601
179.5		0.345601
179.6		0.345601
179.7		0.345601
179.8		0.345601
179.9		0.345601
180		0.345601
180.1		0.346693
180.2		0.346693
180.3		0.346693
180.4		0.346693
180.5		0.346693
180.6		0.346693
180.7		0.346693
180.8		0.346693
180.9		0.346693
181		0.346693
181.1		0.34813
181.2		0.34813
181.3		0.34813
181.4		0.34813
181.5		0.34813
181.6		0.34813
181.7		0.34813
181.8		0.34813
181.9		0.34813
182		0.34813
182.1		0.35267
182.2		0.35267
182.3		0.35267
182.4		0.35267
182.5		0.35267
182.6		0.35267
182.7		0.35267
182.8		0.35267
182.9		0.35267
183		0.35267
183.1		0.352963
183.2		0.352963
183.3		0.352963
183.4		0.352963
183.5		0.352963
183.6		0.352963
183.7		0.352963
183.8		0.352963
183.9		0.352963
184		0.352963
184.1		0.353919
184.2		0.353919
184.3		0.353919
184.4		0.353919
184.5		0.353919
184.6		0.353919
184.7		0.353919
184.8		0.353919
184.9		0.353919
185		0.353919
185.1		0.356802
185.2		0.356802
185.3		0.356802
185.4		0.356802
185.5		0.356802
185.6		0.356802
185.7		0.356802
185.8		0.356802
185.9		0.356802
186		0.356802
186.1		0.357254
186.2		0.357254
186.3		0.357254
186.4		0.357254
186.5		0.357254
186.6		0.357254
186.7		0.357254
186.8		0.357254
186.9		0.357254
187		0.357254
187.1		0.361575
187.2		0.361575
187.3		0.361575
187.4		0.361575
187.5		0.361575
187.6		0.361575
187.7		0.361575
187.8		0.361575
187.9		0.361575
188		0.361575
188.1		0.362238
188.2		0.362238
188.3		0.362238
188.4		0.362238
188.5		0.362238
188.6		0.362238
188.7		0.362238
188.8		0.362238
188.9		0.362238
189		0.362238
189.1		0.363728
189.2		0.363728
189.3		0.363728
189.4		0.363728
189.5		0.363728
189.6		0.363728
189.7		0.363728
189.8		0.363728
189.9		0.363728
190		0.363728
190.1		0.364488
190.2		0.364488
190.3		0.364488
190.4		0.364488
190.5		0.364488
190.6		0.364488
190.7		0.364488
190.8		0.364488
190.9		0.364488
191		0.364488
191.1		0.369005
191.2		0.369005
191.3		0.369005
191.4		0.369005
191.5		0.369005
191.6		0.369005
191.7		0.369005
191.8		0.369005
191.9		0.369005
192		0.369005
192.1		0.371813
192.2		0.371813
192.3		0.371813
192.4		0.371813
192.5		0.371813
192.6		0.371813
192.7		0.371813
192.8		0.371813
192.9		0.371813
193		0.371813
193.1		0.373702
193.2		0.373702
193.3		0.373702
193.4		0.373702
193.5		0.373702
193.6		0.373702
193.7		0.373702
193.8		0.373702
193.9		0.373702
194		0.373702
194.1		0.374997
194.2		0.374997
194.3		0.374997
194.4		0.374997
194.5		0.374997
194.6		0.374997
194.7		0.374997
194.8		0.374997
194.9		0.374997
195		0.374997
195.1		0.375803
195.2		0.375803
195.3		0.375803
195.4		0.375803
195.5		0.375803
195.6		0.375803
195.7		0.375803
195.8		0.375803
195.9		0.375803
196		0.375803
196.1		0.377715
196.2		0.377715
196.3		0.377715
196.4		0.377715
196.5		0.377715
196.6		0.377715
196.7		0.377715
196.8		0.377715
196.9		0.377715
197		0.377715
197.1		0.379258
197.2		0.379258
197.3		0.379258
197.4		0.379258
197.5		0.379258
197.6		0.379258
197.7		0.379258
197.8		0.379258
197.9		0.379258
198		0.379258
198.1		0.383172
198.2		0.383172
198.3		0.383172
198.4		0.383172
198.5		0.383172
198.6		0.383172
198.7		0.383172
198.8		0.383172
198.9		0.383172
199		0.383172
199.1		0.386552
199.2		0.386552
199.3		0.386552
199.4		0.386552
199.5		0.386552
199.6		0.386552
199.7		0.386552
199.8		0.386552
199.9		0.386552
200		0.386552
200.1		0.387087
200.2		0.387087
200.3		0.387087
200.4		0.387087
200.5		0.387087
200.6		0.387087
200.7		0.387087
200.8		0.387087
200.9		0.387087
201		0.387087
201.1		0.390489
201.2		0.390489
201.3		0.390489
201.4		0.390489
201.5		0.390489
201.6		0.390489
201.7		0.390489
201.8		0.390489
201.9		0.390489
202		0.390489
202.1		0.392582
202.2		0.392582
202.3		0.392582
202.4		0.392582
202.5		0.392582
202.6		0.392582
202.7		0.392582
202.8		0.392582
202.9		0.392582
203		0.392582
203.1		0.3953
203.2		0.3953
203.3		0.3953
203.4		0.3953
203.5		0.3953
203.6		0.3953
203.7		0.3953
203.8		0.3953
203.9		0.3953
204		0.3953
204.1		0.39819
204.2		0.39819
204.3		0.39819
204.4		0.39819
204.5		0.39819
204.6		0.39819
204.7		0.39819
204.8		0.39819
204.9		0.39819
205		0.39819
205.1		0.398838
205.2		0.398838
205.3		0.398838
205.4		0.398838
205.5		0.398838
205.6		0.398838
205.7		0.398838
205.8		0.398838
205.9		0.398838
206		0.398838
206.1		0.402436
206.2		0.402436
206.3		0.402436
206.4		0.402436
206.5		0.402436
206.6		0.402436
206.7		0.402436
206.8		0.402436
206.9		0.402436
207		0.402436
207.1		0.406215
207.2		0.406215
207.3		0.406215
207.4		0.406215
207.5		0.406215
207.6		0.406215
207.7		0.406215
207.8		0.406215
207.9		0.406215
208		0.406215
208.1		0.406569
208.2		0.406569
208.3		0.406569
208.4		0.406569
208.5		0.406569
208.6		0.406569
208.7		0.406569
208.8		0.406569
208.9		0.406569
209		0.406569
209.1		0.406862
209.2		0.406862
209.3		0.406862
209.4		0.406862
209.5		0.406862
209.6		0.406862
209.7		0.406862
209.8		0.406862
209.9		0.406862
210		0.406862
210.1		0.410212
210.2		0.410212
210.3		0.410212
210.4		0.410212
210.5		0.410212
210.6		0.410212
210.7		0.410212
210.8		0.410212
210.9		0.410212
211		0.410212
211.1		0.411898
211.2		0.411898
211.3		0.411898
211.4		0.411898
211.5		0.411898
211.6		0.411898
211.7		0.411898
211.8		0.411898
211.9		0.411898
212		0.411898
212.1		0.413223
212.2		0.413223
212.3		0.413223
212.4		0.413223
212.5		0.413223
212.6		0.413223
212.7		0.413223
212.8		0.413223
212.9		0.413223
213		0.413223
213.1		0.41625
213.2		0.41625
213.3		0.41625
213.4		0.41625
213.5		0.41625
213.6		0.41625
213.7		0.41625
213.8		0.41625
213.9		0.41625
214		0.41625
214.1		0.417605
214.2		0.417605
214.3		0.417605
214.4		0.417605
214.5		0.417605
214.6		0.417605
214.7		0.417605
214.8		0.417605
214.9		0.417605
215		0.417605
215.1		0.418929
215.2		0.418929
215.3		0.418929
215.4		0.418929
215.5		0.418929
215.6		0.418929
215.7		0.418929
215.8		0.418929
215.9		0.418929
216		0.418929
216.1		0.423717
216.2		0.423717
216.3		0.423717
216.4		0.423717
216.5		0.423717
216.6		0.423717
216.7		0.423717
216.8		0.423717
216.9		0.423717
217		0.423717
217.1		0.424093
217.2		0.424093
217.3		0.424093
217.4		0.424093
217.5		0.424093
217.6		0.424093
217.7		0.424093
217.8		0.424093
217.9		0.424093
218		0.424093
218.1		0.426465
218.2		0.426465
218.3		0.426465
218.4		0.426465
218.5		0.426465
218.6		0.426465
218.7		0.426465
218.8		0.426465
218.9		0.426465
219		0.426465
219.1		0.430537
219.2		0.430537
219.3		0.430537
219.4		0.430537
219.5		0.430537
219.6		0.430537
219.7		0.430537
219.8		0.430537
219.9		0.430537
220		0.430537
220.1		0.43196
220.2		0.43196
220.3		0.43196
220.4		0.43196
220.5		0.43196
220.6		0.43196
220.7		0.43196
220.8		0.43196
220.9		0.43196
221		0.43196
221.1		0.432984
221.2		0.432984
221.3		0.432984
221.4		0.432984
221.5		0.432984
221.6		0.432984
221.7		0.432984
221.8		0.432984
221.9		0.432984
222		0.432984
222.1		0.435844
222.2		0.435844
222.3		0.435844
222.4		0.435844
222.5		0.435844
222.6		0.435844
222.7		0.435844
222.8		0.435844
222.9		0.435844
223		0.435844
223.1		0.437568
223.2		0.437568
223.3		0.437568
223.4		0.437568
223.5		0.437568
223.6		0.437568
223.7		0.437568
223.8		0.437568
223.9		0.437568
224		0.437568
224.1		0.438773
224.2		0.438773
224.3		0.438773
224.4		0.438773
224.5		0.438773
224.6		0.438773
224.7		0.438773
224.8		0.438773
224.9		0.438773
225		0.438773
225.1		0.441859
225.2		0.441859
225.3		0.441859
225.4		0.441859
225.5		0.441859
225.6		0.441859
225.7		0.441859
225.8		0.441859
225.9		0.441859
226		0.441859
226.1		0.446564
226.2		0.446564
226.3		0.446564
226.4		0.446564
226.5		0.446564
226.6		0.446564
226.7		0.446564
226.8		0.446564
226.9		0.446564
227		0.446564
227.1		0.446888
227.2		0.446888
227.3		0.446888
227.4		0.446888
227.5		0.446888
227.6		0.446888
227.7		0.446888
227.8		0.446888
227.9		0.446888
228		0.446888
228.1		0.447829
228.2		0.447829
228.3		0.447829
228.4		0.447829
228.5		0.447829
228.6		0.447829
228.7		0.447829
228.8		0.447829
228.9		0.447829
229		0.447829
229.1		0.448197
229.2		0.448197
229.3		0.448197
229.4		0.448197
229.5		0.448197
229.6		0.448197
229.7		0.448197
229.8		0.448197
229.9		0.448197
230		0.448197
230.1		0.451096
230.2		0.451096
230.3		0.451096
230.4		0.451096
230.5		0.451096
230.6		0.451096
230.7		0.451096
230.8		0.451096
230.9		0.451096
231		0.451096
231.1		0.452127
231.2		0.452127
231.3		0.452127
231.4		0.452127
231.5		0.452127
231.6		0.452127
231.7		0.452127
231.8		0.452127
231.9		0.452127
232		0.452127
232.1		0.456779
232.2		0.456779
232.3		0.456779
232.4		0.456779
232.5		0.456779
232.6		0.456779
232.7		0.456779
232.8		0.456779
232.9		0.456779
233		0.456779
233.1		0.456779
233.2		0.456779
233.3		0.456779
233.4		0.456779
233.5		0.456779
233.6		0.456779
233.7		0.456779
233.8		0.456779
233.9		0.456779
234		0.456779
234.1		0.45824
234.2		0.45824
234.3		0.45824
234.4		0.45824
234.5		0.45824
234.6		0.45824
234.7		0.45824
234.8		0.45824
234.9		0.45824
235		0.45824
235.1		0.461206
235.2		0.461206
235.3		0.461206
235.4		0.461206
235.5		0.461206
235.6		0.461206
235.7		0.461206
235.8		0.461206
235.9		0.461206
236		0.461206
236.1		0.462109
236.2		0.462109
236.3		0.462109
236.4		0.462109
236.5		0.462109
236.6		0.462109
236.7		0.462109
236.8		0.462109
236.9		0.462109
237		0.462109
237.1		0.463916
237.2		0.463916
237.3		0.463916
237.4		0.463916
237.5		0.463916
237.6		0.463916
237.7		0.463916
237.8		0.463916
237.9		0.463916
238		0.463916
238.1		0.468236
238.2		0.468236
238.3		0.468236
238.4		0.468236
238.5		0.468236
238.6		0.468236
238.7		0.468236
238.8		0.468236
238.9		0.468236
239		0.468236
239.1		0.469336
239.2		0.469336
239.3		0.469336
239.4		0.469336
239.5		0.469336
239.6		0.469336
239.7		0.469336
239.8		0.469336
239.9		0.469336
240		0.469336
240.1		0.470931
240.2		0.470931
240.3		0.470931
240.4		0.470931
240.5		0.470931
240.6		0.470931
240.7		0.470931
240.8		0.470931
240.9		0.470931
241		0.470931
241.1		0.473077
241.2		0.473077
241.3		0.473077
241.4		0.473077
241.5		0.473077
241.6		0.473077
241.7		0.473077
241.8		0.473077
241.9		0.473077
242		0.473077
242.1		0.476208
242.2		0.476208
242.3		0.476208
242.4		0.476208
242.5		0.476208
242.6		0.476208
242.7		0.476208
242.8		0.476208
242.9		0.476208
243		0.476208
243.1		0.478015
243.2		0.478015
243.3		0.478015
243.4		0.478015
243.5		0.478015
243.6		0.478015
243.7		0.478015
243.8		0.478015
243.9		0.478015
244		0.478015
244.1		0.480733
244.2		0.480733
244.3		0.480733
244.4		0.480733
244.5		0.480733
244.6		0.480733
244.7		0.480733
244.8		0.480733
244.9		0.480733
245		0.480733
245.1		0.480733
245.2		0.480733
245.3		0.480733
245.4		0.480733
245.5		0.480733
245.6		0.480733
245.7		0.480733
245.8		0.480733
245.9		0.480733
246		0.480733
246.1		0.484143
246.2		0.484143
246.3		0.484143
246.4		0.484143
246.5		0.484143
246.6		0.484143
246.7		0.484143
246.8		0.484143
246.9		0.484143
247		0.484143
247.1		0.485392
247.2		0.485392
247.3		0.485392
247.4		0.485392
247.5		0.485392
247.6		0.485392
247.7		0.485392
247.8		0.485392
247.9		0.485392
248		0.485392
248.1		0.486499
248.2		0.486499
248.3		0.486499
248.4		0.486499
248.5		0.486499
248.6		0.486499
248.7		0.486499
248.8		0.486499
248.9		0.486499
249		0.486499
249.1		0.488283
249.2		0.488283
249.3		0.488283
249.4		0.488283
249.5		0.488283
249.6		0.488283
249.7		0.488283
249.8		0.488283
249.9		0.488283
250		0.488283
250.1		0.493379
250.2		0.493379
250.3		0.493379
250.4		0.493379
250.5		0.493379
250.6		0.493379
250.7		0.493379
250.8		0.493379
250.9		0.493379
251		0.493379
251.1		0.493876
251.2		0.493876
251.3		0.493876
251.4		0.493876
251.5		0.493876
251.6		0.493876
251.7		0.493876
251.8		0.493876
251.9		0.493876
252		0.493876
252.1		0.496436
252.2		0.496436
252.3		0.496436
252.4		0.496436
252.5		0.496436
252.6		0.496436
252.7		0.496436
252.8		0.496436
252.9		0.496436
253		0.496436
253.1		0.499055
253.2		0.499055
253.3		0.499055
253.4		0.499055
253.5		0.499055
253.6		0.499055
253.7		0.499055
253.8		0.499055
253.9		0.499055
254		0.499055
254.1		0.502661
254.2		0.502661
254.3		0.502661
254.4		0.502661
254.5		0.502661
254.6		0.502661
254.7		0.502661
254.8		0.502661
254.9		0.502661
255		0.502661
255.1		0.505898
255.2		0.505898
255.3		0.505898
255.4		0.505898
255.5		0.505898
255.6		0.505898
255.7		0.505898
255.8		0.505898
255.9		0.505898
256		0.505898
256.1		0.506026
256.2		0.506026
256.3		0.506026
256.4		0.506026
256.5		0.506026
256.6		0.506026
256.7		0.506026
256.8		0.506026
256.9		0.506026
257		0.506026
257.1		0.509602
257.2		0.509602
257.3		0.509602
257.4		0.509602
257.5		0.509602
257.6		0.509602
257.7		0.509602
257.8		0.509602
257.9		0.509602
258		0.509602
258.1		0.510693
258.2		0.510693
258.3		0.510693
258.4		0.510693
258.5		0.510693
258.6		0.510693
258.7		0.510693
258.8		0.510693
258.9		0.510693
259		0.510693
259.1		0.51512
259.2		0.51512
259.3		0.51512
259.4		0.51512
259.5		0.51512
259.6		0.51512
259.7		0.51512
259.8		0.51512
259.9		0.51512
260		0.51512
260.1		0.516971
260.2		0.516971
260.3		0.516971
260.4		0.516971
260.5		0.516971
260.6		0.516971
260.7		0.516971
260.8		0.516971
260.9		0.516971
261		0.516971
261.1		0.517107
261.2		0.517107
261.3		0.517107
261.4		0.517107
261.5		0.517107
261.6		0.517107
261.7		0.517107
261.8		0.517107
261.9		0.517107
262		0.517107
262.1		0.517273
262.2		0.517273
262.3		0.517273
262.4		0.517273
262.5		0.517273
262.6		0.517273
262.7		0.517273
262.8		0.517273
262.9		0.517273
263		0.517273
263.1		0.519087
263.2		0.519087
263.3		0.519087
263.4		0.519087
263.5		0.519087
263.6		0.519087
263.7		0.519087
263.8		0.519087
263.9		0.519087
264		0.519087
264.1		0.522632
264.2		0.522632
264.3		0.522632
264.4		0.522632
264.5		0.522632
264.6		0.522632
264.7		0.522632
264.8		0.522632
264.9		0.522632
265		0.522632
265.1		0.527525
265.2		0.527525
265.3		0.527525
265.4		0.527525
265.5		0.527525
265.6		0.527525
265.7		0.527525
265.8		0.527525
265.9		0.527525
266		0.527525
266.1		0.527849
266.2		0.527849
266.3		0.527849
266.4		0.527849
266.5		0.527849
266.6		0.527849
266.7		0.527849
266.8		0.527849
266.9		0.527849
267		0.527849
267.1		0.5287
267.2		0.5287
267.3		0.5287
267.4		0.5287
267.5		0.5287
267.6		0.5287
267.7		0.5287
267.8		0.5287
267.9		0.5287
268		0.5287
268.1		0.528843
268.2		0.528843
268.3		0.528843
268.4		0.528843
268.5		0.528843
268.6		0.528843
268.7		0.528843
268.8		0.528843
268.9		0.528843
269		0.528843
269.1		0.532908
269.2		0.532908
269.3		0.532908
269.4		0.532908
269.5		0.532908
269.6		0.532908
269.7		0.532908
269.8		0.532908
269.9		0.532908
270		0.532908
270.1		0.536687
270.2		0.536687
270.3		0.536687
270.4		0.536687
270.5		0.536687
270.6		0.536687
270.7		0.536687
270.8		0.536687
270.9		0.536687
271		0.536687
271.1		0.539065
271.2		0.539065
271.3		0.539065
271.4		0.539065
271.5		0.539065
271.6		0.539065
271.7		0.539065
271.8		0.539065
271.9		0.539065
272		0.539065
272.1		0.539276
272.2		0.539276
272.3		0.539276
272.4		0.539276
272.5		0.539276
272.6		0.539276
272.7		0.539276
272.8		0.539276
272.9		0.539276
273		0.539276
273.1		0.539623
273.2		0.539623
273.3		0.539623
273.4		0.539623
273.5		0.539623
273.6		0.539623
273.7		0.539623
273.8		0.539623
273.9		0.539623
274		0.539623
274.1		0.545999
274.2		0.545999
274.3		0.545999
274.4		0.545999
274.5		0.545999
274.6		0.545999
274.7		0.545999
274.8		0.545999
274.9		0.545999
275		0.545999
275.1		0.546375
275.2		0.546375
275.3		0.546375
275.4		0.546375
275.5		0.546375
275.6		0.546375
275.7		0.546375
275.8		0.546375
275.9		0.546375
276		0.546375
276.1		0.547896
276.2		0.547896
276.3		0.547896
276.4		0.547896
276.5		0.547896
276.6		0.547896
276.7		0.547896
276.8		0.547896
276.9		0.547896
277		0.547896
277.1		0.551592
277.2		0.551592
277.3		0.551592
277.4		0.551592
277.5		0.551592
277.6		0.551592
277.7		0.551592
277.8		0.551592
277.9		0.551592
278		0.551592
278.1		0.553233
278.2		0.553233
278.3		0.553233
278.4		0.553233
278.5		0.553233
278.6		0.553233
278.7		0.553233
278.8		0.553233
278.9		0.553233
279		0.553233
279.1		0.557057
279.2		0.557057
279.3		0.557057
279.4		0.557057
279.5		0.557057
279.6		0.557057
279.7		0.557057
279.8		0.557057
279.9		0.557057
280		0.557057
280.1		0.557283
280.2		0.557283
280.3		0.557283
280.4		0.557283
280.5		0.557283
280.6		0.557283
280.7		0.557283
280.8		0.557283
280.9		0.557283
281		0.557283
281.1		0.557524
281.2		0.557524
281.3		0.557524
281.4		0.557524
281.5		0.557524
281.6		0.557524
281.7		0.557524
281.8		0.557524
281.9		0.557524
282		0.557524
282.1		0.561491
282.2		0.561491
282.3		0.561491
282.4		0.561491
282.5		0.561491
282.6		0.561491
282.7		0.561491
282.8		0.561491
282.9		0.561491
283		0.561491
283.1		0.562183
283.2		0.562183
283.3		0.562183
283.4		0.562183
283.5		0.562183
283.6		0.562183
283.7		0.562183
283.8		0.562183
283.9		0.562183
284		0.562183
284.1		0.568574
284.2		0.568574
284.3		0.568574
284.4		0.568574
284.5		0.568574
284.6		0.568574
284.7		0.568574
284.8		0.568574
284.9		0.568574
285		0.568574
285.1		0.570517
285.2		0.570517
285.3		0.570517
285.4		0.570517
285.5		0.570517
285.6		0.570517
285.7		0.570517
285.8		0.570517
285.9		0.570517
286		0.570517
286.1		0.572707
286.2		0.572707
286.3		0.572707
286.4		0.572707
286.5		0.572707
286.6		0.572707
286.7		0.572707
286.8		0.572707
286.9		0.572707
287		0.572707
287.1		0.574017
287.2		0.574017
287.3		0.574017
287.4		0.574017
287.5		0.574017
287.6		0.574017
287.7		0.574017
287.8		0.574017
287.9		0.574017
288		0.574017
288.1		0.575169
288.2		0.575169
288.3		0.575169
288.4		0.575169
288.5		0.575169
288.6		0.575169
288.7		0.575169
288.8		0.575169
288.9		0.575169
289		0.575169
289.1		0.580348
289.2		0.580348
289.3		0.580348
289.4		0.580348
289.5		0.580348
289.6		0.580348
289.7		0.580348
289.8		0.580348
289.9		0.580348
290		0.580348
290.1		0.580348
290.2		0.580348
290.3		0.580348
290.4		0.580348
290.5		0.580348
290.6		0.580348
290.7		0.580348
290.8		0.580348
290.9		0.580348
291		0.580348
291.1		0.582388
291.2		0.582388
291.3		0.582388
291.4		0.582388
291.5		0.582388
291.6		0.582388
291.7		0.582388
291.8		0.582388
291.9		0.582388
292		0.582388
292.1		0.583126
292.2		0.583126
292.3		0.583126
292.4		0.583126
292.5		0.583126
292.6		0.583126
292.7		0.583126
292.8		0.583126
292.9		0.583126
293		0.583126
293.1		0.583126
293.2		0.583126
293.3		0.583126
293.4		0.583126
293.5		0.583126
293.6		0.583126
293.7		0.583126
293.8		0.583126
293.9		0.583126
294		0.583126
294.1		0.583457
294.2		0.583457
294.3		0.583457
294.4		0.583457
294.5		0.583457
294.6		0.583457
294.7		0.583457
294.8		0.583457
294.9		0.583457
295		0.583457
295.1		0.58567
295.2		0.58567
295.3		0.58567
295.4		0.58567
295.5		0.58567
295.6		0.58567
295.7		0.58567
295.8		0.58567
295.9		0.58567
296		0.58567
296.1		0.590458
296.2		0.590458
296.3		0.590458
296.4		0.590458
296.5		0.590458
296.6		0.590458
296.7		0.590458
296.8		0.590458
296.9		0.590458
297		0.590458
297.1		0.591195
297.2		0.591195
297.3		0.591195
297.4		0.591195
297.5		0.591195
297.6		0.591195
297.7		0.591195
297.8		0.591195
297.9		0.591195
298		0.591195
298.1		0.59316
298.2		0.59316
298.3		0.59316
298.4		0.59316
298.5		0.59316
298.6		0.59316
298.7		0.59316
298.8		0.59316
298.9		0.59316
299		0.59316
299.1		0.593439
299.2		0.593439
299.3		0.593439
299.4		0.593439
299.5		0.593439
299.6		0.593439
299.7		0.593439
299.8		0.593439
299.9		0.593439
300		0.593439
300.1		0.594101
300.2		0.594101
300.3		0.594101
300.4		0.594101
300.5		0.594101
300.6		0.594101
300.7		0.594101
300.8		0.594101
300.9		0.594101
301		0.594101
301.1		0.595742
301.2		0.595742
301.3		0.595742
301.4		0.595742
301.5		0.595742
301.6		0.595742
301.7		0.595742
301.8		0.595742
301.9		0.595742
302		0.595742
302.1		0.597466
302.2		0.597466
302.3		0.597466
302.4		0.597466
302.5		0.597466
302.6		0.597466
302.7		0.597466
302.8		0.597466
302.9		0.597466
303		0.597466
303.1		0.599875
303.2		0.599875
303.3		0.599875
303.4		0.599875
303.5		0.599875
303.6		0.599875
303.7		0.599875
303.8		0.599875
303.9		0.599875
304		0.599875
304.1		0.605129
304.2		0.605129
304.3		0.605129
304.4		0.605129
304.5		0.605129
304.6		0.605129
304.7		0.605129
304.8		0.605129
304.9		0.605129
305		0.605129
305.1		0.605212
305.2		0.605212
305.3		0.605212
305.4		0.605212
305.5		0.605212
305.6		0.605212
305.7		0.605212
305.8		0.605212
305.9		0.605212
306		0.605212
306.1		0.608223
306.2		0.608223
306.3		0.608223
306.4		0.608223
306.5		0.608223
306.6		0.608223
306.7		0.608223
306.8		0.608223
306.9		0.608223
307		0.608223
307.1		0.611144
307.2		0.611144
307.3		0.611144
307.4		0.611144
307.5		0.611144
307.6		0.611144
307.7		0.611144
307.8		0.611144
307.9		0.611144
308		0.611144
308.1		0.612326
308.2		0.612326
308.3		0.612326
308.4		0.612326
308.5		0.612326
308.6		0.612326
308.7		0.612326
308.8		0.612326
308.9		0.612326
309		0.612326
309.1		0.617069
309.2		0.617069
309.3		0.617069
309.4		0.617069
309.5		0.617069
309.6		0.617069
309.7		0.617069
309.8		0.617069
309.9		0.617069
310		0.617069
310.1		0.617377
310.2		0.617377
310.3		0.617377
310.4		0.617377
310.5		0.617377
310.6		0.617377
310.7		0.617377
310.8		0.617377
310.9		0.617377
311		0.617377
311.1		0.618853
311.2		0.618853
311.3		0.618853
311.4		0.618853
311.5		0.618853
311.6		0.618853
311.7		0.618853
311.8		0.618853
311.9		0.618853
312		0.618853
312.1		0.622044
312.2		0.622044
312.3		0.622044
312.4		0.622044
312.5		0.622044
312.6		0.622044
312.7		0.622044
312.8		0.622044
312.9		0.622044
313		0.622044
313.1		0.622647
313.2		0.622647
313.3		0.622647
313.4		0.622647
313.5		0.622647
313.6		0.622647
313.7		0.622647
313.8		0.622647
313.9		0.622647
314		0.622647
314.1		0.624852
314.2		0.624852
314.3		0.624852
314.4		0.624852
314.5		0.624852
314.6		0.624852
314.7		0.624852
314.8		0.624852
314.9		0.624852
315		0.624852
315.1		0.628368
315.2		0.628368
315.3		0.628368
315.4		0.628368
315.5		0.628368
315.6		0.628368
315.7		0.628368
315.8		0.628368
315.9		0.628368
316		0.628368
316.1		0.628518
316.2		0.628518
316.3		0.628518
316.4		0.628518
316.5		0.628518
316.6		0.628518
316.7		0.628518
316.8		0.628518
316.9		0.628518
317		0.628518
317.1		0.62903
317.2		0.62903
317.3		0.62903
317.4		0.62903
317.5		0.62903
317.6		0.62903
317.7		0.62903
317.8		0.62903
317.9		0.62903
318		0.62903
318.1		0.632975
318.2		0.632975
318.3		0.632975
318.4		0.632975
318.5		0.632975
318.6		0.632975
318.7		0.632975
318.8		0.632975
318.9		0.632975
319		0.632975
319.1		0.636317
319.2		0.636317
319.3		0.636317
319.4		0.636317
319.5		0.636317
319.6		0.636317
319.7		0.636317
319.8		0.636317
319.9		0.636317
320		0.636317
320.1		0.637461
320.2		0.637461
320.3		0.637461
320.4		0.637461
320.5		0.637461
320.6		0.637461
320.7		0.637461
320.8		0.637461
320.9		0.637461
321		0.637461
321.1		0.637672
321.2		0.637672
321.3		0.637672
321.4		0.637672
321.5		0.637672
321.6		0.637672
321.7		0.637672
321.8		0.637672
321.9		0.637672
322		0.637672
322.1		0.638688
322.2		0.638688
322.3		0.638688
322.4		0.638688
322.5		0.638688
322.6		0.638688
322.7		0.638688
322.8		0.638688
322.9		0.638688
323		0.638688
323.1		0.642874
323.2		0.642874
323.3		0.642874
323.4		0.642874
323.5		0.642874
323.6		0.642874
323.7		0.642874
323.8		0.642874
323.9		0.642874
324		0.642874
324.1		0.64523
324.2		0.64523
324.3		0.64523
324.4		0.64523
324.5		0.64523
324.6		0.64523
324.7		0.64523
324.8		0.64523
324.9		0.64523
325		0.64523
325.1		0.647421
325.2		0.647421
325.3		0.647421
325.4		0.647421
325.5		0.647421
325.6		0.647421
325.7		0.647421
325.8		0.647421
325.9		0.647421
326		0.647421
326.1		0.650929
326.2		0.650929
326.3		0.650929
326.4		0.650929
326.5		0.650929
326.6		0.650929
326.7		0.650929
326.8		0.650929
326.9		0.650929
327		0.650929
327.1		0.652758
327.2		0.652758
327.3		0.652758
327.4		0.652758
327.5		0.652758
327.6		0.652758
327.7		0.652758
327.8		0.652758
327.9		0.652758
328		0.652758
328.1		0.653586
328.2		0.653586
328.3		0.653586
328.4		0.653586
328.5		0.653586
328.6		0.653586
328.7		0.653586
328.8		0.653586
328.9		0.653586
329		0.653586
329.1		0.655219
329.2		0.655219
329.3		0.655219
329.4		0.655219
329.5		0.655219
329.6		0.655219
329.7		0.655219
329.8		0.655219
329.9		0.655219
330		0.655219
330.1		0.655611
330.2		0.655611
330.3		0.655611
330.4		0.655611
330.5		0.655611
330.6		0.655611
330.7		0.655611
330.8		0.655611
330.9		0.655611
331		0.655611
331.1		0.661008
331.2		0.661008
331.3		0.661008
331.4		0.661008
331.5		0.661008
331.6		0.661008
331.7		0.661008
331.8		0.661008
331.9		0.661008
332		0.661008
332.1		0.662431
332.2		0.662431
332.3		0.662431
332.4		0.662431
332.5		0.662431
332.6		0.662431
332.7		0.662431
332.8		0.662431
332.9		0.662431
333		0.662431
333.1		0.662612
333.2		0.662612
333.3		0.662612
333.4		0.662612
333.5		0.662612
333.6		0.662612
333.7		0.662612
333.8		0.662612
333.9		0.662612
334		0.662612
334.1		0.663252
334.2		0.663252
334.3		0.663252
334.4		0.663252
334.5		0.663252
334.6		0.663252
334.7		0.663252
334.8		0.663252
334.9		0.663252
335		0.663252
335.1		0.667
335.2		0.667
335.3		0.667
335.4		0.667
335.5		0.667
335.6		0.667
335.7		0.667
335.8		0.667
335.9		0.667
336		0.667
336.1		0.668634
336.2		0.668634
336.3		0.668634
336.4		0.668634
336.5		0.668634
336.6		0.668634
336.7		0.668634
336.8		0.668634
336.9		0.668634
337		0.668634
337.1		0.673806
337.2		0.673806
337.3		0.673806
337.4		0.673806
337.5		0.673806
337.6		0.673806
337.7		0.673806
337.8		0.673806
337.9		0.673806
338		0.673806
338.1		0.67422
338.2		0.67422
338.3		0.67422
338.4		0.67422
338.5		0.67422
338.6		0.67422
338.7		0.67422
338.8		0.67422
338.9		0.67422
339		0.67422
339.1		0.675236
339.2		0.675236
339.3		0.675236
339.4		0.675236
339.5		0.675236
339.6		0.675236
339.7		0.675236
339.8		0.675236
339.9		0.675236
340		0.675236
340.1		0.676538
340.2		0.676538
340.3		0.676538
340.4		0.676538
340.5		0.676538
340.6		0.676538
340.7		0.676538
340.8		0.676538
340.9		0.676538
341		0.676538
341.1		0.679489
341.2		0.679489
341.3		0.679489
341.4		0.679489
341.5		0.679489
341.6		0.679489
341.7		0.679489
341.8		0.679489
341.9		0.679489
342		0.679489
342.1		0.680558
342.2		0.680558
342.3		0.680558
342.4		0.680558
342.5		0.680558
342.6		0.680558
342.7		0.680558
342.8		0.680558
342.9		0.680558
343		0.680558
343.1		0.686588
343.2		0.686588
343.3		0.686588
343.4		0.686588
343.5		0.686588
343.6		0.686588
343.7		0.686588
343.8		0.686588
343.9		0.686588
344		0.686588
344.1		0.686655
344.2		0.686655
344.3		0.686655
344.4		0.686655
344.5		0.686655
344.6		0.686655
344.7		0.686655
344.8		0.686655
344.9		0.686655
345		0.686655
345.1		0.687672
345.2		0.687672
345.3		0.687672
345.4		0.687672
345.5		0.687672
345.6		0.687672
345.7		0.687672
345.8		0.687672
345.9		0.687672
346		0.687672
346.1		0.691142
346.2		0.691142
346.3		0.691142
346.4		0.691142
346.5		0.691142
346.6		0.691142
346.7		0.691142
346.8		0.691142
346.9		0.691142
347		0.691142
347.1		0.698625
347.2		0.698625
347.3		0.698625
347.4		0.698625
347.5		0.698625
347.6		0.698625
347.7		0.698625
347.8		0.698625
347.9		0.698625
348		0.698625
348.1		0.699009
348.2		0.699009
348.3		0.699009
348.4		0.699009
348.5		0.699009
348.6		0.699009
348.7		0.699009
348.8		0.699009
348.9		0.699009
349		0.699009
349.1		0.701613
349.2		0.701613
349.3		0.701613
349.4		0.701613
349.5		0.701613
349.6		0.701613
349.7		0.701613
349.8		0.701613
349.9		0.701613
350		0.701613
350.1		0.702215
350.2		0.702215
350.3		0.702215
350.4		0.702215
350.5		0.702215
350.6		0.702215
350.7		0.702215
350.8		0.702215
350.9		0.702215
351		0.702215
351.1		0.702577
351.2		0.702577
351.3		0.702577
351.4		0.702577
351.5		0.702577
351.6		0.702577
351.7		0.702577
351.8		0.702577
351.9		0.702577
352		0.702577
352.1		0.708539
352.2		0.708539
352.3		0.708539
352.4		0.708539
352.5		0.708539
352.6		0.708539
352.7		0.708539
352.8		0.708539
352.9		0.708539
353		0.708539
353.1		0.708576
353.2		0.708576
353.3		0.708576
353.4		0.708576
353.5		0.708576
353.6		0.708576
353.7		0.708576
353.8		0.708576
353.9		0.708576
354		0.708576
354.1		0.708825
354.2		0.708825
354.3		0.708825
354.4		0.708825
354.5		0.708825
354.6		0.708825
354.7		0.708825
354.8		0.708825
354.9		0.708825
355		0.708825
355.1		0.713311
355.2		0.713311
355.3		0.713311
355.4		0.713311
355.5		0.713311
355.6		0.713311
355.7		0.713311
355.8		0.713311
355.9		0.713311
356		0.713311
356.1		0.713357
356.2		0.713357
356.3		0.713357
356.4		0.713357
356.5		0.713357
356.6		0.713357
356.7		0.713357
356.8		0.713357
356.9		0.713357
357		0.713357
357.1		0.713718
357.2		0.713718
357.3		0.713718
357.4		0.713718
357.5		0.713718
357.6		0.713718
357.7		0.713718
357.8		0.713718
357.9		0.713718
358		0.713718
358.1		0.714945
358.2		0.714945
358.3		0.714945
358.4		0.714945
358.5		0.714945
358.6		0.714945
358.7		0.714945
358.8		0.714945
358.9		0.714945
359		0.714945
359.1		0.718009
359.2		0.718009
359.3		0.718009
359.4		0.718009
359.5		0.718009
359.6		0.718009
359.7		0.718009
359.8		0.718009
359.9		0.718009
360		0.718009
360.1		0.718009
360.2		0.718009
360.3		0.718009
360.4		0.718009
360.5		0.718009
360.6		0.718009
360.7		0.718009
360.8		0.718009
360.9		0.718009
361		0.718009
361.1		0.722571
361.2		0.722571
361.3		0.722571
361.4		0.722571
361.5		0.722571
361.6		0.722571
361.7		0.722571
361.8		0.722571
361.9		0.722571
362		0.722571
362.1		0.723376
362.2		0.723376
362.3		0.723376
362.4		0.723376
362.5		0.723376
362.6		0.723376
362.7		0.723376
362.8		0.723376
362.9		0.723376
363		0.723376
363.1		0.7251
363.2		0.7251
363.3		0.7251
363.4		0.7251
363.5		0.7251
363.6		0.7251
363.7		0.7251
363.8		0.7251
363.9		0.7251
364		0.7251
364.1		0.726861
364.2		0.726861
364.3		0.726861
364.4		0.726861
364.5		0.726861
364.6		0.726861
364.7		0.726861
364.8		0.726861
364.9		0.726861
365		0.726861
365.1		0.728013
365.2		0.728013
365.3		0.728013
365.4		0.728013
365.5		0.728013
365.6		0.728013
365.7		0.728013
365.8		0.728013
365.9		0.728013
366		0.728013
366.1		0.728502
366.2		0.728502
366.3		0.728502
366.4		0.728502
366.5		0.728502
366.6		0.728502
366.7		0.728502
366.8		0.728502
366.9		0.728502
367		0.728502
367.1		0.732153
367.2		0.732153
367.3		0.732153
367.4		0.732153
367.5		0.732153
367.6		0.732153
367.7		0.732153
367.8		0.732153
367.9		0.732153
368		0.732153
368.1		0.734457
368.2		0.734457
368.3		0.734457
368.4		0.734457
368.5		0.734457
368.6		0.734457
368.7		0.734457
368.8		0.734457
368.9		0.734457
369		0.734457
369.1		0.737769
369.2		0.737769
369.3		0.737769
369.4		0.737769
369.5		0.737769
369.6		0.737769
369.7		0.737769
369.8		0.737769
369.9		0.737769
370		0.737769
370.1		0.739952
370.2		0.739952
370.3		0.739952
370.4		0.739952
370.5		0.739952
370.6		0.739952
370.7		0.739952
370.8		0.739952
370.9		0.739952
371		0.739952
371.1		0.740171
371.2		0.740171
371.3		0.740171
371.4		0.740171
371.5		0.740171
371.6		0.740171
371.7		0.740171
371.8		0.740171
371.9		0.740171
372		0.740171
372.1		0.743739
372.2		0.743739
372.3		0.743739
372.4		0.743739
372.5		0.743739
372.6		0.743739
372.7		0.743739
372.8		0.743739
372.9		0.743739
373		0.743739
373.1		0.745154
373.2		0.745154
373.3		0.745154
373.4		0.745154
373.5		0.745154
373.6		0.745154
373.7		0.745154
373.8		0.745154
373.9		0.745154
374		0.745154
374.1		0.746848
374.2		0.746848
374.3		0.746848
374.4		0.746848
374.5		0.746848
374.6		0.746848
374.7		0.746848
374.8		0.746848
374.9		0.746848
375		0.746848
375.1		0.750612
375.2		0.750612
375.3		0.750612
375.4		0.750612
375.5		0.750612
375.6		0.750612
375.7		0.750612
375.8		0.750612
375.9		0.750612
376		0.750612
376.1		0.752923
376.2		0.752923
376.3		0.752923
376.4		0.752923
376.5		0.752923
376.6		0.752923
376.7		0.752923
376.8		0.752923
376.9		0.752923
377		0.752923
377.1		0.753367
377.2		0.753367
377.3		0.753367
377.4		0.753367
377.5		0.753367
377.6		0.753367
377.7		0.753367
377.8		0.753367
377.9		0.753367
378		0.753367
378.1		0.756242
378.2		0.756242
378.3		0.756242
378.4		0.756242
378.5		0.756242
378.6		0.756242
378.7		0.756242
378.8		0.756242
378.9		0.756242
379		0.756242
379.1		0.75826
379.2		0.75826
379.3		0.75826
379.4		0.75826
379.5		0.75826
379.6		0.75826
379.7		0.75826
379.8		0.75826
379.9		0.75826
380		0.75826
380.1		0.758493
380.2		0.758493
380.3		0.758493
380.4		0.758493
380.5		0.758493
380.6		0.758493
380.7		0.758493
380.8		0.758493
380.9		0.758493
381		0.758493
381.1		0.762739
381.2		0.762739
381.3		0.762739
381.4		0.762739
381.5		0.762739
381.6		0.762739
381.7		0.762739
381.8		0.762739
381.9		0.762739
382		0.762739
382.1		0.765148
382.2		0.765148
382.3		0.765148
382.4		0.765148
382.5		0.765148
382.6		0.765148
382.7		0.765148
382.8		0.765148
382.9		0.765148
383		0.765148
383.1		0.767075
383.2		0.767075
383.3		0.767075
383.4		0.767075
383.5		0.767075
383.6		0.767075
383.7		0.767075
383.8		0.767075
383.9		0.767075
384		0.767075
384.1		0.767843
384.2		0.767843
384.3		0.767843
384.4		0.767843
384.5		0.767843
384.6		0.767843
384.7		0.767843
384.8		0.767843
384.9		0.767843
385		0.767843
385.1		0.770387
385.2		0.770387
385.3		0.770387
385.4		0.770387
385.5		0.770387
385.6		0.770387
385.7		0.770387
385.8		0.770387
385.9		0.770387
386		0.770387
386.1		0.77315
386.2		0.77315
386.3		0.77315
386.4		0.77315
386.5		0.77315
386.6		0.77315
386.7		0.77315
386.8		0.77315
386.9		0.77315
387		0.77315
387.1		0.776357
387.2		0.776357
387.3		0.776357
387.4		0.776357
387.5		0.776357
387.6		0.776357
387.7		0.776357
387.8		0.776357
387.9		0.776357
388		0.776357
388.1		0.778751
388.2		0.778751
388.3		0.778751
388.4		0.778751
388.5		0.778751
388.6		0.778751
388.7		0.778751
388.8		0.778751
388.9		0.778751
389		0.778751
389.1		0.778803
389.2		0.778803
389.3		0.778803
389.4		0.778803
389.5		0.778803
389.6		0.778803
389.7		0.778803
389.8		0.778803
389.9		0.778803
390		0.778803
390.1		0.779074
390.2		0.779074
390.3		0.779074
390.4		0.779074
390.5		0.779074
390.6		0.779074
390.7		0.779074
390.8		0.779074
390.9		0.779074
391		0.779074
391.1		0.781987
391.2		0.781987
391.3		0.781987
391.4		0.781987
391.5		0.781987
391.6		0.781987
391.7		0.781987
391.8		0.781987
391.9		0.781987
392		0.781987
392.1		0.783275
392.2		0.783275
392.3		0.783275
392.4		0.783275
392.5		0.783275
392.6		0.783275
392.7		0.783275
392.8		0.783275
392.9		0.783275
393		0.783275
393.1		0.786354
393.2		0.786354
393.3		0.786354
393.4		0.786354
393.5		0.786354
393.6		0.786354
393.7		0.786354
393.8		0.786354
393.9		0.786354
394		0.786354
394.1		0.791089
394.2		0.791089
394.3		0.791089
394.4		0.791089
394.5		0.791089
394.6		0.791089
394.7		0.791089
394.8		0.791089
394.9		0.791089
395		0.791089
395.1		0.791608
395.2		0.791608
395.3		0.791608
395.4		0.791608
395.5		0.791608
395.6		0.791608
395.7		0.791608
395.8		0.791608
395.9		0.791608
396		0.791608
396.1		0.793603
396.2		0.793603
396.3		0.793603
396.4		0.793603
396.5		0.793603
396.6		0.793603
396.7		0.793603
396.8		0.793603
396.9		0.793603
397		0.793603
397.1		0.794009
397.2		0.794009
397.3		0.794009
397.4		0.794009
397.5		0.794009
397.6		0.794009
397.7		0.794009
397.8		0.794009
397.9		0.794009
398		0.794009
398.1		0.796622
398.2		0.796622
398.3		0.796622
398.4		0.796622
398.5		0.796622
398.6		0.796622
398.7		0.796622
398.8		0.796622
398.9		0.796622
399		0.796622
399.1		0.799279
399.2		0.799279
399.3		0.799279
399.4		0.799279
399.5		0.799279
399.6		0.799279
399.7		0.799279
399.8		0.799279
399.9		0.799279
400		0.799279
400.1		0.804006
400.2		0.804006
400.3		0.804006
400.4		0.804006
400.5		0.804006
400.6		0.804006
400.7		0.804006
400.8		0.804006
400.9		0.804006
401		0.804006
401.1		0.804225
401.2		0.804225
401.3		0.804225
401.4		0.804225
401.5		0.804225
401.6		0.804225
401.7		0.804225
401.8		0.804225
401.9		0.804225
402		0.804225
402.1		0.806633
402.2		0.806633
402.3		0.806633
402.4		0.806633
402.5		0.806633
402.6		0.806633
402.7		0.806633
402.8		0.806633
402.9		0.806633
403		0.806633
403.1		0.808387
403.2		0.808387
403.3		0.808387
403.4		0.808387
403.5		0.808387
403.6		0.808387
403.7		0.808387
403.8		0.808387
403.9		0.808387
404		0.808387
404.1		0.808643
404.2		0.808643
404.3		0.808643
404.4		0.808643
404.5		0.808643
404.6		0.808643
404.7		0.808643
404.8		0.808643
404.9		0.808643
405		0.808643
405.1		0.810962
405.2		0.810962
405.3		0.810962
405.4		0.810962
405.5		0.810962
405.6		0.810962
405.7		0.810962
405.8		0.810962
405.9		0.810962
406		0.810962
406.1		0.814861
406.2		0.814861
406.3		0.814861
406.4		0.814861
406.5		0.814861
406.6		0.814861
406.7		0.814861
406.8		0.814861
406.9		0.814861
407		0.814861
407.1		0.816329
407.2		0.816329
407.3		0.816329
407.4		0.816329
407.5		0.816329
407.6		0.816329
407.7		0.816329
407.8		0.816329
407.9		0.816329
408		0.816329
408.1		0.818874
408.2		0.818874
408.3		0.818874
408.4		0.818874
408.5		0.818874
408.6		0.818874
408.7		0.818874
408.8		0.818874
408.9		0.818874
409		0.818874
409.1		0.820462
409.2		0.820462
409.3		0.820462
409.4		0.820462
409.5		0.820462
409.6		0.820462
409.7		0.820462
409.8		0.820462
409.9		0.820462
410		0.820462
410.1		0.821019
410.2		0.821019
410.3		0.821019
410.4		0.821019
410.5		0.821019
410.6		0.821019
410.7		0.821019
410.8		0.821019
410.9		0.821019
411		0.821019
411.1		0.826033
411.2		0.826033
411.3		0.826033
411.4		0.826033
411.5		0.826033
411.6		0.826033
411.7		0.826033
411.8		0.826033
411.9		0.826033
412		0.826033
412.1		0.826627
412.2		0.826627
412.3		0.826627
412.4		0.826627
412.5		0.826627
412.6		0.826627
412.7		0.826627
412.8		0.826627
412.9		0.826627
413		0.826627
413.1		0.829488
413.2		0.829488
413.3		0.829488
413.4		0.829488
413.5		0.829488
413.6		0.829488
413.7		0.829488
413.8		0.829488
413.9		0.829488
414		0.829488
414.1		0.830963
414.2		0.830963
414.3		0.830963
414.4		0.830963
414.5		0.830963
414.6		0.830963
414.7		0.830963
414.8		0.830963
414.9		0.830963
415		0.830963
415.1		0.833018
415.2		0.833018
415.3		0.833018
415.4		0.833018
415.5		0.833018
415.6		0.833018
415.7		0.833018
415.8		0.833018
415.9		0.833018
416		0.833018
416.1		0.835179
416.2		0.835179
416.3		0.835179
416.4		0.835179
416.5		0.835179
416.6		0.835179
416.7		0.835179
416.8		0.835179
416.9		0.835179
417		0.835179
417.1		0.836541
417.2		0.836541
417.3		0.836541
417.4		0.836541
417.5		0.836541
417.6		0.836541
417.7		0.836541
417.8		0.836541
417.9		0.836541
418		0.836541
418.1		0.83944
418.2		0.83944
418.3		0.83944
418.4		0.83944
418.5		0.83944
418.6		0.83944
418.7		0.83944
418.8		0.83944
418.9		0.83944
419		0.83944
419.1		0.840305
419.2		0.840305
419.3		0.840305
419.4		0.840305
419.5		0.840305
419.6		0.840305
419.7		0.840305
419.8		0.840305
419.9		0.840305
420		0.840305
420.1		0.842534
420.2		0.842534
420.3		0.842534
420.4		0.842534
420.5		0.842534
420.6		0.842534
420.7		0.842534
420.8		0.842534
420.9		0.842534
421		0.842534
421.1		0.846237
421.2		0.846237
421.3		0.846237
421.4		0.846237
421.5		0.846237
421.6		0.846237
421.7		0.846237
421.8		0.846237
421.9		0.846237
422		0.846237
422.1		0.846689
422.2		0.846689
422.3		0.846689
422.4		0.846689
422.5		0.846689
422.6		0.846689
422.7		0.846689
422.8		0.846689
422.9		0.846689
423		0.846689
423.1		0.849331
423.2		0.849331
423.3		0.849331
423.4		0.849331
423.5		0.849331
423.6		0.849331
423.7		0.849331
423.8		0.849331
423.9		0.849331
424		0.849331
424.1		0.849376
424.2		0.849376
424.3		0.849376
424.4		0.849376
424.5		0.849376
424.6		0.849376
424.7		0.849376
424.8		0.849376
424.9		0.849376
425		0.849376
425.1		0.854036
425.2		0.854036
425.3		0.854036
425.4		0.854036
425.5		0.854036
425.6		0.854036
425.7		0.854036
425.8		0.854036
425.9		0.854036
426		0.854036
426.1		0.854352
426.2		0.854352
426.3		0.854352
426.4		0.854352
426.5		0.854352
426.6		0.854352
426.7		0.854352
426.8		0.854352
426.9		0.854352
427		0.854352
427.1		0.858395
427.2		0.858395
427.3		0.858395
427.4		0.858395
427.5		0.858395
427.6		0.858395
427.7		0.858395
427.8		0.858395
427.9		0.858395
428		0.858395
428.1		0.860758
428.2		0.860758
428.3		0.860758
428.4		0.860758
428.5		0.860758
428.6		0.860758
428.7		0.860758
428.8		0.860758
428.9		0.860758
429		0.860758
429.1		0.862497
429.2		0.862497
429.3		0.862497
429.4		0.862497
429.5		0.862497
429.6		0.862497
429.7		0.862497
429.8		0.862497
429.9		0.862497
430		0.862497
430.1		0.863235
430.2		0.863235
430.3		0.863235
430.4		0.863235
430.5		0.863235
430.6		0.863235
430.7		0.863235
430.8		0.863235
430.9		0.863235
431		0.863235
431.1		0.866495
431.2		0.866495
431.3		0.866495
431.4		0.866495
431.5		0.866495
431.6		0.866495
431.7		0.866495
431.8		0.866495
431.9		0.866495
432		0.866495
432.1		0.869144
432.2		0.869144
432.3		0.869144
432.4		0.869144
432.5		0.869144
432.6		0.869144
432.7		0.869144
432.8		0.869144
432.9		0.869144
433		0.869144
433.1		0.873435
433.2		0.873435
433.3		0.873435
433.4		0.873435
433.5		0.873435
433.6		0.873435
433.7		0.873435
433.8		0.873435
433.9		0.873435
434		0.873435
434.1		0.874941
434.2		0.874941
434.3		0.874941
434.4		0.874941
434.5		0.874941
434.6		0.874941
434.7		0.874941
434.8		0.874941
434.9		0.874941
435		0.874941
435.1		0.875995
435.2		0.875995
435.3		0.875995
435.4		0.875995
435.5		0.875995
435.6		0.875995
435.7		0.875995
435.8		0.875995
435.9		0.875995
436		0.875995
436.1		0.876665
436.2		0.876665
436.3		0.876665
436.4		0.876665
436.5		0.876665
436.6		0.876665
436.7		0.876665
436.8		0.876665
436.9		0.876665
437		0.876665
437.1		0.879269
437.2		0.879269
437.3		0.879269
437.4		0.879269
437.5		0.879269
437.6		0.879269
437.7		0.879269
437.8		0.879269
437.9		0.879269
438		0.879269
438.1		0.88143
438.2		0.88143
438.3		0.88143
438.4		0.88143
438.5		0.88143
438.6		0.88143
438.7		0.88143
438.8		0.88143
438.9		0.88143
439		0.88143
439.1		0.885389
439.2		0.885389
439.3		0.885389
439.4		0.885389
439.5		0.885389
439.6		0.885389
439.7		0.885389
439.8		0.885389
439.9		0.885389
440		0.885389
440.1		0.88837
440.2		0.88837
440.3		0.88837
440.4		0.88837
440.5		0.88837
440.6		0.88837
440.7		0.88837
440.8		0.88837
440.9		0.88837
441		0.88837
441.1		0.888927
441.2		0.888927
441.3		0.888927
441.4		0.888927
441.5		0.888927
441.6		0.888927
441.7		0.888927
441.8		0.888927
441.9		0.888927
442		0.888927
442.1		0.889183
442.2		0.889183
442.3		0.889183
442.4		0.889183
442.5		0.889183
442.6		0.889183
442.7		0.889183
442.8		0.889183
442.9		0.889183
443		0.889183
443.1		0.890395
443.2		0.890395
443.3		0.890395
443.4		0.890395
443.5		0.890395
443.6		0.890395
443.7		0.890395
443.8		0.890395
443.9		0.890395
444		0.890395
444.1		0.894792
444.2		0.894792
444.3		0.894792
444.4		0.894792
444.5		0.894792
444.6		0.894792
444.7		0.894792
444.8		0.894792
444.9		0.894792
445		0.894792
445.1		0.898375
445.2		0.898375
445.3		0.898375
445.4		0.898375
445.5		0.898375
445.6		0.898375
445.7		0.898375
445.8		0.898375
445.9		0.898375
446		0.898375
446.1		0.898586
446.2		0.898586
446.3		0.898586
446.4		0.898586
446.5		0.898586
446.6		0.898586
446.7		0.898586
446.8		0.898586
446.9		0.898586
447		0.898586
447.1		0.900467
447.2		0.900467
447.3		0.900467
447.4		0.900467
447.5		0.900467
447.6		0.900467
447.7		0.900467
447.8		0.900467
447.9		0.900467
448		0.900467
448.1		0.901582
448.2		0.901582
448.3		0.901582
448.4		0.901582
448.5		0.901582
448.6		0.901582
448.7		0.901582
448.8		0.901582
448.9		0.901582
449		0.901582
449.1		0.902598
449.2		0.902598
449.3		0.902598
449.4		0.902598
449.5		0.902598
449.6		0.902598
449.7		0.902598
449.8		0.902598
449.9		0.902598
450		0.902598
450.1		0.908778
450.2		0.908778
450.3		0.908778
450.4		0.908778
450.5		0.908778
450.6		0.908778
450.7		0.908778
450.8		0.908778
450.9		0.908778
451		0.908778
451.1		0.910058
451.2		0.910058
451.3		0.910058
451.4		0.910058
451.5		0.910058
451.6		0.910058
451.7		0.910058
451.8		0.910058
451.9		0.910058
452		0.910058
452.1		0.910562
452.2		0.910562
452.3		0.910562
452.4		0.910562
452.5		0.910562
452.6		0.910562
452.7		0.910562
452.8		0.910562
452.9		0.910562
453		0.910562
453.1		0.912896
453.2		0.912896
453.3		0.912896
453.4		0.912896
453.5		0.912896
453.6		0.912896
453.7		0.912896
453.8		0.912896
453.9		0.912896
454		0.912896
454.1		0.916743
454.2		0.916743
454.3		0.916743
454.4		0.916743
454.5		0.916743
454.6		0.916743
454.7		0.916743
454.8		0.916743
454.9		0.916743
455		0.916743
455.1		0.918015
455.2		0.918015
455.3		0.918015
455.4		0.918015
455.5		0.918015
455.6		0.918015
455.7		0.918015
455.8		0.918015
455.9		0.918015
456		0.918015
456.1		0.921568
456.2		0.921568
456.3		0.921568
456.4		0.921568
456.5		0.921568
456.6		0.921568
456.7		0.921568
456.8		0.921568
456.9		0.921568
457		0.921568
457.1		0.921922
457.2		0.921922
457.3		0.921922
457.4		0.921922
457.5		0.921922
457.6		0.921922
457.7		0.921922
457.8		0.921922
457.9		0.921922
458		0.921922
458.1		0.924556
458.2		0.924556
458.3		0.924556
458.4		0.924556
458.5		0.924556
458.6		0.924556
458.7		0.924556
458.8		0.924556
458.9		0.924556
459		0.924556
459.1		0.928561
459.2		0.928561
459.3		0.928561
459.4		0.928561
459.5		0.928561
459.6		0.928561
459.7		0.928561
459.8		0.928561
459.9		0.928561
460		0.928561
460.1		0.929066
460.2		0.929066
460.3		0.929066
460.4		0.929066
460.5		0.929066
460.6		0.929066
460.7		0.929066
460.8		0.929066
460.9		0.929066
461		0.929066
461.1		0.929404
461.2		0.929404
461.3		0.929404
461.4		0.929404
461.5		0.929404
461.6		0.929404
461.7		0.929404
461.8		0.929404
461.9		0.929404
462		0.929404
462.1		0.934448
462.2		0.934448
462.3		0.934448
462.4		0.934448
462.5		0.934448
462.6		0.934448
462.7		0.934448
462.8		0.934448
462.9		0.934448
463		0.934448
463.1		0.935946
463.2		0.935946
463.3		0.935946
463.4		0.935946
463.5		0.935946
463.6		0.935946
463.7		0.935946
463.8		0.935946
463.9		0.935946
464		0.935946
464.1		0.93919
464.2		0.93919
464.3		0.93919
464.4		0.93919
464.5		0.93919
464.6		0.93919
464.7		0.93919
464.8		0.93919
464.9		0.93919
465		0.93919
465.1		0.939755
465.2		0.939755
465.3		0.939755
465.4		0.939755
465.5		0.939755
465.6		0.939755
465.7		0.939755
465.8		0.939755
465.9		0.939755
466		0.939755
466.1		0.941524
466.2		0.941524
466.3		0.941524
466.4		0.941524
466.5		0.941524
466.6		0.941524
466.7		0.941524
466.8		0.941524
466.9		0.941524
467		0.941524
467.1		0.946327
467.2		0.946327
467.3		0.946327
467.4		0.946327
467.5		0.946327
467.6		0.946327
467.7		0.946327
467.8		0.946327
467.9		0.946327
468		0.946327
468.1		0.946688
468.2		0.946688
468.3		0.946688
468.4		0.946688
468.5		0.946688
468.6		0.946688
468.7		0.946688
468.8		0.946688
468.9		0.946688
469		0.946688
469.1		0.946733
469.2		0.946733
469.3		0.946733
469.4		0.946733
469.5		0.946733
469.6		0.946733
469.7		0.946733
469.8		0.946733
469.9		0.946733
470		0.946733
470.1		0.950324
470.2		0.950324
470.3		0.950324
470.4		0.950324
470.5		0.950324
470.6		0.950324
470.7		0.950324
470.8		0.950324
470.9		0.950324
471		0.950324
471.1		0.95274
471.2		0.95274
471.3		0.95274
471.4		0.95274
471.5		0.95274
471.6		0.95274
471.7		0.95274
471.8		0.95274
471.9		0.95274
472		0.95274
472.1		0.957378
472.2		0.957378
472.3		0.957378
472.4		0.957378
472.5		0.957378
472.6		0.957378
472.7		0.957378
472.8		0.957378
472.9		0.957378
473		0.957378
473.1		0.957701
473.2		0.957701
473.3		0.957701
473.4		0.957701
473.5		0.957701
473.6		0.957701
473.7		0.957701
473.8		0.957701
473.9		0.957701
474		0.957701
474.1		0.958055
474.2		0.958055
474.3		0.958055
474.4		0.958055
474.5		0.958055
474.6		0.958055
474.7		0.958055
474.8		0.958055
474.9		0.958055
475		0.958055
475.1		0.960848
475.2		0.960848
475.3		0.960848
475.4		0.960848
475.5		0.960848
475.6		0.960848
475.7		0.960848
475.8		0.960848
475.9		0.960848
476		0.960848
476.1		0.966178
476.2		0.966178
476.3		0.966178
476.4		0.966178
476.5		0.966178
476.6		0.966178
476.7		0.966178
476.8		0.966178
476.9		0.966178
477		0.966178
477.1		0.968632
477.2		0.968632
477.3		0.968632
477.4		0.968632
477.5		0.968632
477.6		0.968632
477.7		0.968632
477.8		0.968632
477.9		0.968632
478		0.968632
478.1		0.969339
478.2		0.969339
478.3		0.969339
478.4		0.969339
478.5		0.969339
478.6		0.969339
478.7		0.969339
478.8		0.969339
478.9		0.969339
479		0.969339
479.1		0.970649
479.2		0.970649
479.3		0.970649
479.4		0.970649
479.5		0.970649
479.6		0.970649
479.7		0.970649
479.8		0.970649
479.9		0.970649
480		0.970649
480.1		0.971319
480.2		0.971319
480.3		0.971319
480.4		0.971319
480.5		0.971319
480.6		0.971319
480.7		0.971319
480.8		0.971319
480.9		0.971319
481		0.971319
481.1		0.972719
481.2		0.972719
481.3		0.972719
481.4		0.972719
481.5		0.972719
481.6		0.972719
481.7		0.972719
481.8		0.972719
481.9		0.972719
482		0.972719
482.1		0.978102
482.2		0.978102
482.3		0.978102
482.4		0.978102
482.5		0.978102
482.6		0.978102
482.7		0.978102
482.8		0.978102
482.9		0.978102
483		0.978102
483.1		0.978621
483.2		0.978621
483.3		0.978621
483.4		0.978621
483.5		0.978621
483.6		0.978621
483.7		0.978621
483.8		0.978621
483.9		0.978621
484		0.978621
484.1		0.98316
484.2		0.98316
484.3		0.98316
484.4		0.98316
484.5		0.98316
484.6		0.98316
484.7		0.98316
484.8		0.98316
484.9		0.98316
485		0.98316
485.1		0.983386
485.2		0.983386
485.3		0.983386
485.4		0.983386
485.5		0.983386
485.6		0.983386
485.7		0.983386
485.8		0.983386
485.9		0.983386
486		0.983386
486.1		0.983687
486.2		0.983687
486.3		0.983687
486.4		0.983687
486.5		0.983687
486.6		0.983687
486.7		0.983687
486.8		0.983687
486.9		0.983687
487		0.983687
487.1		0.984568
487.2		0.984568
487.3		0.984568
487.4		0.984568
487.5		0.984568
487.6		0.984568
487.7		0.984568
487.8		0.984568
487.9		0.984568
488		0.984568
488.1		0.989258
488.2		0.989258
488.3		0.989258
488.4		0.989258
488.5		0.989258
488.6		0.989258
488.7		0.989258
488.8		0.989258
488.9		0.989258
489		0.989258
489.1		0.991576
489.2		0.991576
489.3		0.991576
489.4		0.991576
489.5		0.991576
489.6		0.991576
489.7		0.991576
489.8		0.991576
489.9		0.991576
490		0.991576
490.1		0.993662
490.2		0.993662
490.3		0.993662
490.4		0.993662
490.5		0.993662
490.6		0.993662
490.7		0.993662
490.8		0.993662
490.9		0.993662
491		0.993662
491.1		0.996138
491.2		0.996138
491.3		0.996138
491.4		0.996138
491.5		0.996138
491.6		0.996138
491.7		0.996138
491.8		0.996138
491.9		0.996138
492		0.996138
492.1		0.996597
492.2		0.996597
492.3		0.996597
492.4		0.996597
492.5		0.996597
492.6		0.996597
492.7		0.996597
492.8		0.996597
492.9		0.996597
493		0.996597
493.1		0.998419
493.2		0.998419
493.3		0.998419
493.4		0.998419
493.5		0.998419
493.6		0.998419
493.7		0.998419
493.8		0.998419
493.9		0.998419
494		0.998419
494.1		0.999992
494.2		0.999992
494.3		0.999992
494.4		0.999992
494.5		0.999992
494.6		0.999992
494.7		0.999992
494.8		0.999992
494.9		0.999992
495		0.999992
495.1		1
495.2		1
495.3		1
495.4		1
495.5		1
495.6		1
495.7		1
495.8		1
495.9		1
496		1
496.1		1
496.2		1
496.3		1
496.4		1
496.5		1
496.6		1
496.7		1
496.8		1
496.9		1
497		1
497.1		1
497.2		1
497.3		1
497.4		1
497.5		1
497.6		1
497.7		1
497.8		1
497.9		1
498		1
498.1		1
498.2		1
498.3		1
498.4		1
498.5		1
498.6		1
498.7		1
498.8		1
498.9		1
499		1
499.1		1
499.2		1
499.3		1
499.4		1
499.5		1
499.6		1
499.7		1
499.8		1
499.9		1
500		1
500.1		1
500.2		1
500.3		1
500.4		1
500.5		1
500.6		1
500.7		1
500.8		1
500.9		1
501		1
501.1		1
501.2		1
501.3		1
501.4		1
501.5		1
501.6		1
501.7		1
501.8		1
501.9		1
502		1
502.1		1
502.2		1
502.3		1
502.4		1
502.5		1
502.6		1
502.7		1
502.8		1
502.9		1
503		1
503.1		1
503.2		1
503.3		1
503.4		1
503.5		1
503.6		1
503.7		1
503.8		1
503.9		1
504		1
504.1		1
504.2		1
504.3		1
504.4		1
504.5		1
504.6		1
504.7		1
504.8		1
504.9		1
505		1
505.1		1
505.2		1
505.3		1
505.4		1
505.5		1
505.6		1
505.7		1
505.8		1
505.9		1
506		1
506.1		1
506.2		1
506.3		1
506.4		1
506.5		1
506.6		1
506.7		1
506.8		1
506.9		1
507		1
507.1		1
507.2		1
507.3		1
507.4		1
507.5		1
507.6		1
507.7		1
507.8		1
507.9		1
508		1
508.1		1
508.2		1
508.3		1
508.4		1
508.5		1
508.6		1
508.7		1
508.8		1
508.9		1
509		1
509.1		1
509.2		1
509.3		1
509.4		1
509.5		1
509.6		1
509.7		1
509.8		1
509.9		1
510		1
510.1		1
510.2		1
510.3		1
510.4		1
510.5		1
510.6		1
510.7		1
510.8		1
510.9		1
511		1
511.1		1
511.2		1
511.3		1
511.4		1
511.5		1
511.6		1
511.7		1
511.8		1
511.9		1
512		1
512.1		1
512.2		1
512.3		1
512.4		1
512.5		1
512.6		1
512.7		1
512.8		1
512.9		1
513		1
513.1		1
513.2		1
513.3		1
513.4		1
513.5		1
513.6		1
513.7		1
513.8		1
513.9		1
514		1
514.1		1
514.2		1
514.3		1
514.4		1
514.5		1
514.6		1
514.7		1
514.8		1
514.9		1
515		1
515.1		1
515.2		1
515.3		1
515.4		1
515.5		1
515.6		1
515.7		1
515.8		1
515.9		1
516		1
516.1		1
516.2		1
516.3		1
516.4		1
516.5		1
516.6		1
516.7		1
516.8		1
516.9		1
517		1
517.1		1
517.2		1
517.3		1
517.4		1
517.5		1
517.6		1
517.7		1
517.8		1
517.9		1
518		1
518.1		1
518.2		1
518.3		1
518.4		1
518.5		1
518.6		1
518.7		1
518.8		1
518.9		1
519		1
519.1		1
519.2		1
519.3		1
519.4		1
519.5		1
519.6		1
519.7		1
519.8		1
519.9		1
520		1
520.1		1
520.2		1
520.3		1
520.4		1
520.5		1
520.6		1
520.7		1
520.8		1
520.9		1
521		1
521.1		1
521.2		1
521.3		1
521.4		1
521.5		1
521.6		1
521.7		1
521.8		1
521.9		1
522		1
522.1		1
522.2		1
522.3		1
522.4		1
522.5		1
522.6		1
522.7		1
522.8		1
522.9		1
523		1
523.1		1
523.2		1
523.3		1
523.4		1
523.5		1
523.6		1
523.7		1
523.8		1
523.9		1
524		1
524.1		1
524.2		1
524.3		1
524.4		1
524.5		1
524.6		1
524.7		1
524.8		1
524.9		1
525		1
525.1		1
525.2		1
525.3		1
525.4		1
525.5		1
525.6		1
525.7		1
525.8		1
525.9		1
526		1
526.1		1
526.2		1
526.3		1
526.4		1
526.5		1
526.6		1
526.7		1
526.8		1
526.9		1
527		1
527.1		1
527.2		1
527.3		1
527.4		1
527.5		1
527.6		1
527.7		1
527.8		1
527.9		1
528		1
528.1		1
528.2		1
528.3		1
528.4		1
528.5		1
528.6		1
528.7		1
528.8		1
528.9		1
529		1
529.1		1
529.2		1
529.3		1
529.4		1
529.5		1
529.6		1
529.7		1
529.8		1
529.9		1
530		1
530.1		1
530.2		1
530.3		1
530.4		1
530.5		1
530.6		1
530.7		1
530.8		1
530.9		1
531		1
531.1		1
531.2		1
531.3		1
531.4		1
531.5		1
531.6		1
531.7		1
531.8		1
531.9		1
532		1
532.1		1
532.2		1
532.3		1
532.4		1
532.5		1
532.6		1
532.7		1
532.8		1
532.9		1
533		1
533.1		1
533.2		1
533.3		1
533.4		1
533.5		1
533.6		1
533.7		1
533.8		1
533.9		1
534		1
534.1		1
534.2		1
534.3		1
534.4		1
534.5		1
534.6		1
534.7		1
534.8		1
534.9		1
535		1
535.1		1
535.2		1
535.3		1
535.4		1
535.5		1
535.6		1
535.7		1
535.8		1
535.9		1
536		1
536.1		1
536.2		1
536.3		1
536.4		1
536.5		1
536.6		1
536.7		1
536.8		1
536.9		1
537		1
537.1		1
537.2		1
537.3		1
537.4		1
537.5		1
537.6		1
537.7		1
537.8		1
537.9		1
538		1
538.1		1
538.2		1
538.3		1
538.4		1
538.5		1
538.6		1
538.7		1
538.8		1
538.9		1
539		1
539.1		1
539.2		1
539.3		1
539.4		1
539.5		1
539.6		1
539.7		1
539.8		1
539.9		1
540		1
540.1		1
540.2		1
540.3		1
540.4		1
540.5		1
540.6		1
540.7		1
540.8		1
540.9		1
541		1
541.1		1
541.2		1
541.3		1
541.4		1
541.5		1
541.6		1
541.7		1
541.8		1
541.9		1
542		1
542.1		1
542.2		1
542.3		1
542.4		1
542.5		1
542.6		1
542.7		1
542.8		1
542.9		1
543		1
543.1		1
543.2		1
543.3		1
543.4		1
543.5		1
543.6		1
543.7		1
543.8		1
543.9		1
544		1
544.1		1
544.2		1
544.3		1
544.4		1
544.5		1
544.6		1
544.7		1
544.8		1
544.9		1
545		1
545.1		1
545.2		1
545.3		1
545.4		1
545.5		1
545.6		1
545.7		1
545.8		1
545.9		1
546		1
546.1		1
546.2		1
546.3		1
546.4		1
546.5		1
546.6		1
546.7		1
546.8		1
546.9		1
547		1
547.1		1
547.2		1
547.3		1
547.4		1
547.5		1
547.6		1
547.7		1
547.8		1
547.9		1
548		1
548.1		1
548.2		1
548.3		1
548.4		1
548.5		1
548.6		1
548.7		1
548.8		1
548.9		1
549		1
549.1		1
549.2		1
549.3		1
549.4		1
549.5		1
549.6		1
549.7		1
549.8		1
549.9		1
550		1
550.1		1
550.2		1
550.3		1
550.4		1
550.5		1
550.6		1
550.7		1
550.8		1
550.9		1
551		1
551.1		1
551.2		1
551.3		1
551.4		1
551.5		1
551.6		1
551.7		1
551.8		1
551.9		1
552		1
552.1		1
552.2		1
552.3		1
552.4		1
552.5		1
552.6		1
552.7		1
552.8		1
552.9		1
553		1
553.1		1
553.2		1
553.3		1
553.4		1
553.5		1
553.6		1
553.7		1
553.8		1
553.9		1
554		1
554.1		1
554.2		1
554.3		1
554.4		1
554.5		1
554.6		1
554.7		1
554.8		1
554.9		1
555		1
555.1		1
555.2		1
555.3		1
555.4		1
555.5		1
555.6		1
555.7		1
555.8		1
555.9		1
556		1
556.1		1
556.2		1
556.3		1
556.4		1
556.5		1
556.6		1
556.7		1
556.8		1
556.9		1
557		1
557.1		1
557.2		1
557.3		1
557.4		1
557.5		1
557.6		1
557.7		1
557.8		1
557.9		1
558		1
558.1		1
558.2		1
558.3		1
558.4		1
558.5		1
558.6		1
558.7		1
558.8		1
558.9		1
559		1
559.1		1
559.2		1
559.3		1
559.4		1
559.5		1
559.6		1
559.7		1
559.8		1
559.9		1
560		1
560.1		1
560.2		1
560.3		1
560.4		1
560.5		1
560.6		1
560.7		1
560.8		1
560.9		1
561		1
561.1		1
561.2		1
561.3		1
561.4		1
561.5		1
561.6		1
561.7		1
561.8		1
561.9		1
562		1
562.1		1
562.2		1
562.3		1
562.4		1
562.5		1
562.6		1
562.7		1
562.8		1
562.9		1
563		1
563.1		1
563.2		1
563.3		1
563.4		1
563.5		1
563.6		1
563.7		1
563.8		1
563.9		1
564		1
564.1		1
564.2		1
564.3		1
564.4		1
564.5		1
564.6		1
564.7		1
564.8		1
564.9		1
565		1
565.1		1
565.2		1
565.3		1
565.4		1
565.5		1
565.6		1
565.7		1
565.8		1
565.9		1
566		1
566.1		1
566.2		1
566.3		1
566.4		1
566.5		1
566.6		1
566.7		1
566.8		1
566.9		1
567		1
567.1		1
567.2		1
567.3		1
567.4		1
567.5		1
567.6		1
567.7		1
567.8		1
567.9		1
568		1
568.1		1
568.2		1
568.3		1
568.4		1
568.5		1
568.6		1
568.7		1
568.8		1
568.9		1
569		1
569.1		1
569.2		1
569.3		1
569.4		1
569.5		1
569.6		1
569.7		1
569.8		1
569.9		1
570		1
570.1		1
570.2		1
570.3		1
570.4		1
570.5		1
570.6		1
570.7		1
570.8		1
570.9		1
571		1
571.1		1
571.2		1
571.3		1
571.4		1
571.5		1
571.6		1
571.7		1
571.8		1
571.9		1
572		1
572.1		1
572.2		1
572.3		1
572.4		1
572.5		1
572.6		1
572.7		1
572.8		1
572.9		1
573		1
573.1		1
573.2		1
573.3		1
573.4		1
573.5		1
573.6		1
573.7		1
573.8		1
573.9		1
574		1
574.1		1
574.2		1
574.3		1
574.4		1
574.5		1
574.6		1
574.7		1
574.8		1
574.9		1
575		1
575.1		1
575.2		1
575.3		1
575.4		1
575.5		1
575.6		1
575.7		1
575.8		1
575.9		1
576		1
576.1		1
576.2		1
576.3		1
576.4		1
576.5		1
576.6		1
576.7		1
576.8		1
576.9		1
577		1
577.1		1
577.2		1
577.3		1
577.4		1
577.5		1
577.6		1
577.7		1
577.8		1
577.9		1
578		1
578.1		1
578.2		1
578.3		1
578.4		1
578.5		1
578.6		1
578.7		1
578.8		1
578.9		1
579		1
579.1		1
579.2		1
579.3		1
579.4		1
579.5		1
579.6		1
579.7		1
579.8		1
579.9		1
580		1
580.1		1
580.2		1
580.3		1
580.4		1
580.5		1
580.6		1
580.7		1
580.8		1
580.9		1
581		1
581.1		1
581.2		1
581.3		1
581.4		1
581.5		1
581.6		1
581.7		1
581.8		1
581.9		1
582		1
582.1		1
582.2		1
582.3		1
582.4		1
582.5		1
582.6		1
582.7		1
582.8		1
582.9		1
583		1
583.1		1
583.2		1
583.3		1
583.4		1
583.5		1
583.6		1
583.7		1
583.8		1
583.9		1
584		1
584.1		1
584.2		1
584.3		1
584.4		1
584.5		1
584.6		1
584.7		1
584.8		1
584.9		1
585		1
585.1		1
585.2		1
585.3		1
585.4		1
585.5		1
585.6		1
585.7		1
585.8		1
585.9		1
586		1
586.1		1
586.2		1
586.3		1
586.4		1
586.5		1
586.6		1
586.7		1
586.8		1
586.9		1
587		1
587.1		1
587.2		1
587.3		1
587.4		1
587.5		1
587.6		1
587.7		1
587.8		1
587.9		1
588		1
588.1		1
588.2		1
588.3		1
588.4		1
588.5		1
588.6		1
588.7		1
588.8		1
588.9		1
589		1
589.1		1
589.2		1
589.3		1
589.4		1
589.5		1
589.6		1
589.7		1
589.8		1
589.9		1
590		1
590.1		1
590.2		1
590.3		1
590.4		1
590.5		1
590.6		1
590.7		1
590.8		1
590.9		1
591		1
591.1		1
591.2		1
591.3		1
591.4		1
591.5		1
591.6		1
591.7		1
591.8		1
591.9		1
592		1
592.1		1
592.2		1
592.3		1
592.4		1
592.5		1
592.6		1
592.7		1
592.8		1
592.9		1
593		1
593.1		1
593.2		1
593.3		1
593.4		1
593.5		1
593.6		1
593.7		1
593.8		1
593.9		1
594		1
594.1		1
594.2		1
594.3		1
594.4		1
594.5		1
594.6		1
594.7		1
594.8		1
594.9		1
595		1
595.1		1
595.2		1
595.3		1
595.4		1
595.5		1
595.6		1
595.7		1
595.8		1
595.9		1
596		1
596.1		1
596.2		1
596.3		1
596.4		1
596.5		1
596.6		1
596.7		1
596.8		1
596.9		1
597		1
597.1		1
597.2		1
597.3		1
597.4		1
597.5		1
597.6		1
597.7		1
597.8		1
597.9		1
598		1
598.1		1
598.2		1
598.3		1
598.4		1
598.5		1
598.6		1
598.7		1
598.8		1
598.9		1
599		1
599.1		1
599.2		1
599.3		1
599.4		1
599.5		1
599.6		1
599.7		1
599.8		1
599.9		1
600		1
