# Calibration file of tamex_id 1 @ channel 12
# fine_T bin		 Calibration value
0.1		0
0.2		0
0.3		0
0.4		0
0.5		0
0.6		0
0.7		0
0.8		0
0.9		0
1		0
1.1		0
1.2		0
1.3		0
1.4		0
1.5		0
1.6		0
1.7		0
1.8		0
1.9		0
2		0
2.1		0
2.2		0
2.3		0
2.4		0
2.5		0
2.6		0
2.7		0
2.8		0
2.9		0
3		0
3.1		0
3.2		0
3.3		0
3.4		0
3.5		0
3.6		0
3.7		0
3.8		0
3.9		0
4		0
4.1		0
4.2		0
4.3		0
4.4		0
4.5		0
4.6		0
4.7		0
4.8		0
4.9		0
5		0
5.1		0
5.2		0
5.3		0
5.4		0
5.5		0
5.6		0
5.7		0
5.8		0
5.9		0
6		0
6.1		0
6.2		0
6.3		0
6.4		0
6.5		0
6.6		0
6.7		0
6.8		0
6.9		0
7		0
7.1		0
7.2		0
7.3		0
7.4		0
7.5		0
7.6		0
7.7		0
7.8		0
7.9		0
8		0
8.1		0
8.2		0
8.3		0
8.4		0
8.5		0
8.6		0
8.7		0
8.8		0
8.9		0
9		0
9.1		0
9.2		0
9.3		0
9.4		0
9.5		0
9.6		0
9.7		0
9.8		0
9.9		0
10		0
10.1		0
10.2		0
10.3		0
10.4		0
10.5		0
10.6		0
10.7		0
10.8		0
10.9		0
11		0
11.1		0
11.2		0
11.3		0
11.4		0
11.5		0
11.6		0
11.7		0
11.8		0
11.9		0
12		0
12.1		0
12.2		0
12.3		0
12.4		0
12.5		0
12.6		0
12.7		0
12.8		0
12.9		0
13		0
13.1		0
13.2		0
13.3		0
13.4		0
13.5		0
13.6		0
13.7		0
13.8		0
13.9		0
14		0
14.1		0
14.2		0
14.3		0
14.4		0
14.5		0
14.6		0
14.7		0
14.8		0
14.9		0
15		0
15.1		0
15.2		0
15.3		0
15.4		0
15.5		0
15.6		0
15.7		0
15.8		0
15.9		0
16		0
16.1		0.00625068
16.2		0.00625068
16.3		0.00625068
16.4		0.00625068
16.5		0.00625068
16.6		0.00625068
16.7		0.00625068
16.8		0.00625068
16.9		0.00625068
17		0.00625068
17.1		0.00672816
17.2		0.00672816
17.3		0.00672816
17.4		0.00672816
17.5		0.00672816
17.6		0.00672816
17.7		0.00672816
17.8		0.00672816
17.9		0.00672816
18		0.00672816
18.1		0.0075312
18.2		0.0075312
18.3		0.0075312
18.4		0.0075312
18.5		0.0075312
18.6		0.0075312
18.7		0.0075312
18.8		0.0075312
18.9		0.0075312
19		0.0075312
19.1		0.0101791
19.2		0.0101791
19.3		0.0101791
19.4		0.0101791
19.5		0.0101791
19.6		0.0101791
19.7		0.0101791
19.8		0.0101791
19.9		0.0101791
20		0.0101791
20.1		0.0134129
20.2		0.0134129
20.3		0.0134129
20.4		0.0134129
20.5		0.0134129
20.6		0.0134129
20.7		0.0134129
20.8		0.0134129
20.9		0.0134129
21		0.0134129
21.1		0.0177754
21.2		0.0177754
21.3		0.0177754
21.4		0.0177754
21.5		0.0177754
21.6		0.0177754
21.7		0.0177754
21.8		0.0177754
21.9		0.0177754
22		0.0177754
22.1		0.0181443
22.2		0.0181443
22.3		0.0181443
22.4		0.0181443
22.5		0.0181443
22.6		0.0181443
22.7		0.0181443
22.8		0.0181443
22.9		0.0181443
23		0.0181443
23.1		0.0184265
23.2		0.0184265
23.3		0.0184265
23.4		0.0184265
23.5		0.0184265
23.6		0.0184265
23.7		0.0184265
23.8		0.0184265
23.9		0.0184265
24		0.0184265
24.1		0.0231145
24.2		0.0231145
24.3		0.0231145
24.4		0.0231145
24.5		0.0231145
24.6		0.0231145
24.7		0.0231145
24.8		0.0231145
24.9		0.0231145
25		0.0231145
25.1		0.0248291
25.2		0.0248291
25.3		0.0248291
25.4		0.0248291
25.5		0.0248291
25.6		0.0248291
25.7		0.0248291
25.8		0.0248291
25.9		0.0248291
26		0.0248291
26.1		0.0255236
26.2		0.0255236
26.3		0.0255236
26.4		0.0255236
26.5		0.0255236
26.6		0.0255236
26.7		0.0255236
26.8		0.0255236
26.9		0.0255236
27		0.0255236
27.1		0.0300163
27.2		0.0300163
27.3		0.0300163
27.4		0.0300163
27.5		0.0300163
27.6		0.0300163
27.7		0.0300163
27.8		0.0300163
27.9		0.0300163
28		0.0300163
28.1		0.0315789
28.2		0.0315789
28.3		0.0315789
28.4		0.0315789
28.5		0.0315789
28.6		0.0315789
28.7		0.0315789
28.8		0.0315789
28.9		0.0315789
29		0.0315789
29.1		0.032599
29.2		0.032599
29.3		0.032599
29.4		0.032599
29.5		0.032599
29.6		0.032599
29.7		0.032599
29.8		0.032599
29.9		0.032599
30		0.032599
30.1		0.0340749
30.2		0.0340749
30.3		0.0340749
30.4		0.0340749
30.5		0.0340749
30.6		0.0340749
30.7		0.0340749
30.8		0.0340749
30.9		0.0340749
31		0.0340749
31.1		0.0353988
31.2		0.0353988
31.3		0.0353988
31.4		0.0353988
31.5		0.0353988
31.6		0.0353988
31.7		0.0353988
31.8		0.0353988
31.9		0.0353988
32		0.0353988
32.1		0.0373304
32.2		0.0373304
32.3		0.0373304
32.4		0.0373304
32.5		0.0373304
32.6		0.0373304
32.7		0.0373304
32.8		0.0373304
32.9		0.0373304
33		0.0373304
33.1		0.0404341
33.2		0.0404341
33.3		0.0404341
33.4		0.0404341
33.5		0.0404341
33.6		0.0404341
33.7		0.0404341
33.8		0.0404341
33.9		0.0404341
34		0.0404341
34.1		0.0448182
34.2		0.0448182
34.3		0.0448182
34.4		0.0448182
34.5		0.0448182
34.6		0.0448182
34.7		0.0448182
34.8		0.0448182
34.9		0.0448182
35		0.0448182
35.1		0.0457949
35.2		0.0457949
35.3		0.0457949
35.4		0.0457949
35.5		0.0457949
35.6		0.0457949
35.7		0.0457949
35.8		0.0457949
35.9		0.0457949
36		0.0457949
36.1		0.04586
36.2		0.04586
36.3		0.04586
36.4		0.04586
36.5		0.04586
36.6		0.04586
36.7		0.04586
36.8		0.04586
36.9		0.04586
37		0.04586
37.1		0.0468584
37.2		0.0468584
37.3		0.0468584
37.4		0.0468584
37.5		0.0468584
37.6		0.0468584
37.7		0.0468584
37.8		0.0468584
37.9		0.0468584
38		0.0468584
38.1		0.0494628
38.2		0.0494628
38.3		0.0494628
38.4		0.0494628
38.5		0.0494628
38.6		0.0494628
38.7		0.0494628
38.8		0.0494628
38.9		0.0494628
39		0.0494628
39.1		0.0510038
39.2		0.0510038
39.3		0.0510038
39.4		0.0510038
39.5		0.0510038
39.6		0.0510038
39.7		0.0510038
39.8		0.0510038
39.9		0.0510038
40		0.0510038
40.1		0.0565383
40.2		0.0565383
40.3		0.0565383
40.4		0.0565383
40.5		0.0565383
40.6		0.0565383
40.7		0.0565383
40.8		0.0565383
40.9		0.0565383
41		0.0565383
41.1		0.0572979
41.2		0.0572979
41.3		0.0572979
41.4		0.0572979
41.5		0.0572979
41.6		0.0572979
41.7		0.0572979
41.8		0.0572979
41.9		0.0572979
42		0.0572979
42.1		0.0572979
42.2		0.0572979
42.3		0.0572979
42.4		0.0572979
42.5		0.0572979
42.6		0.0572979
42.7		0.0572979
42.8		0.0572979
42.9		0.0572979
43		0.0572979
43.1		0.0582963
43.2		0.0582963
43.3		0.0582963
43.4		0.0582963
43.5		0.0582963
43.6		0.0582963
43.7		0.0582963
43.8		0.0582963
43.9		0.0582963
44		0.0582963
44.1		0.0613348
44.2		0.0613348
44.3		0.0613348
44.4		0.0613348
44.5		0.0613348
44.6		0.0613348
44.7		0.0613348
44.8		0.0613348
44.9		0.0613348
45		0.0613348
45.1		0.0625068
45.2		0.0625068
45.3		0.0625068
45.4		0.0625068
45.5		0.0625068
45.6		0.0625068
45.7		0.0625068
45.8		0.0625068
45.9		0.0625068
46		0.0625068
46.1		0.0673033
46.2		0.0673033
46.3		0.0673033
46.4		0.0673033
46.5		0.0673033
46.6		0.0673033
46.7		0.0673033
46.8		0.0673033
46.9		0.0673033
47		0.0673033
47.1		0.0683668
47.2		0.0683668
47.3		0.0683668
47.4		0.0683668
47.5		0.0683668
47.6		0.0683668
47.7		0.0683668
47.8		0.0683668
47.9		0.0683668
48		0.0683668
48.1		0.0689745
48.2		0.0689745
48.3		0.0689745
48.4		0.0689745
48.5		0.0689745
48.6		0.0689745
48.7		0.0689745
48.8		0.0689745
48.9		0.0689745
49		0.0689745
49.1		0.0691264
49.2		0.0691264
49.3		0.0691264
49.4		0.0691264
49.5		0.0691264
49.6		0.0691264
49.7		0.0691264
49.8		0.0691264
49.9		0.0691264
50		0.0691264
50.1		0.0735106
50.2		0.0735106
50.3		0.0735106
50.4		0.0735106
50.5		0.0735106
50.6		0.0735106
50.7		0.0735106
50.8		0.0735106
50.9		0.0735106
51		0.0735106
51.1		0.0767227
51.2		0.0767227
51.3		0.0767227
51.4		0.0767227
51.5		0.0767227
51.6		0.0767227
51.7		0.0767227
51.8		0.0767227
51.9		0.0767227
52		0.0767227
52.1		0.079045
52.2		0.079045
52.3		0.079045
52.4		0.079045
52.5		0.079045
52.6		0.079045
52.7		0.079045
52.8		0.079045
52.9		0.079045
53		0.079045
53.1		0.079631
53.2		0.079631
53.3		0.079631
53.4		0.079631
53.5		0.079631
53.6		0.079631
53.7		0.079631
53.8		0.079631
53.9		0.079631
54		0.079631
54.1		0.0803256
54.2		0.0803256
54.3		0.0803256
54.4		0.0803256
54.5		0.0803256
54.6		0.0803256
54.7		0.0803256
54.8		0.0803256
54.9		0.0803256
55		0.0803256
55.1		0.0813022
55.2		0.0813022
55.3		0.0813022
55.4		0.0813022
55.5		0.0813022
55.6		0.0813022
55.7		0.0813022
55.8		0.0813022
55.9		0.0813022
56		0.0813022
56.1		0.0860553
56.2		0.0860553
56.3		0.0860553
56.4		0.0860553
56.5		0.0860553
56.6		0.0860553
56.7		0.0860553
56.8		0.0860553
56.9		0.0860553
57		0.0860553
57.1		0.0882691
57.2		0.0882691
57.3		0.0882691
57.4		0.0882691
57.5		0.0882691
57.6		0.0882691
57.7		0.0882691
57.8		0.0882691
57.9		0.0882691
58		0.0882691
58.1		0.0904178
58.2		0.0904178
58.3		0.0904178
58.4		0.0904178
58.5		0.0904178
58.6		0.0904178
58.7		0.0904178
58.8		0.0904178
58.9		0.0904178
59		0.0904178
59.1		0.0904829
59.2		0.0904829
59.3		0.0904829
59.4		0.0904829
59.5		0.0904829
59.6		0.0904829
59.7		0.0904829
59.8		0.0904829
59.9		0.0904829
60		0.0904829
60.1		0.0925882
60.2		0.0925882
60.3		0.0925882
60.4		0.0925882
60.5		0.0925882
60.6		0.0925882
60.7		0.0925882
60.8		0.0925882
60.9		0.0925882
61		0.0925882
61.1		0.0956918
61.2		0.0956918
61.3		0.0956918
61.4		0.0956918
61.5		0.0956918
61.6		0.0956918
61.7		0.0956918
61.8		0.0956918
61.9		0.0956918
62		0.0956918
62.1		0.0960391
62.2		0.0960391
62.3		0.0960391
62.4		0.0960391
62.5		0.0960391
62.6		0.0960391
62.7		0.0960391
62.8		0.0960391
62.9		0.0960391
63		0.0960391
63.1		0.0988823
63.2		0.0988823
63.3		0.0988823
63.4		0.0988823
63.5		0.0988823
63.6		0.0988823
63.7		0.0988823
63.8		0.0988823
63.9		0.0988823
64		0.0988823
64.1		0.100054
64.2		0.100054
64.3		0.100054
64.4		0.100054
64.5		0.100054
64.6		0.100054
64.7		0.100054
64.8		0.100054
64.9		0.100054
65		0.100054
65.1		0.1014
65.2		0.1014
65.3		0.1014
65.4		0.1014
65.5		0.1014
65.6		0.1014
65.7		0.1014
65.8		0.1014
65.9		0.1014
66		0.1014
66.1		0.105328
66.2		0.105328
66.3		0.105328
66.4		0.105328
66.5		0.105328
66.6		0.105328
66.7		0.105328
66.8		0.105328
66.9		0.105328
67		0.105328
67.1		0.106609
67.2		0.106609
67.3		0.106609
67.4		0.106609
67.5		0.106609
67.6		0.106609
67.7		0.106609
67.8		0.106609
67.9		0.106609
68		0.106609
68.1		0.108302
68.2		0.108302
68.3		0.108302
68.4		0.108302
68.5		0.108302
68.6		0.108302
68.7		0.108302
68.8		0.108302
68.9		0.108302
69		0.108302
69.1		0.111579
69.2		0.111579
69.3		0.111579
69.4		0.111579
69.5		0.111579
69.6		0.111579
69.7		0.111579
69.8		0.111579
69.9		0.111579
70		0.111579
70.1		0.112208
70.2		0.112208
70.3		0.112208
70.4		0.112208
70.5		0.112208
70.6		0.112208
70.7		0.112208
70.8		0.112208
70.9		0.112208
71		0.112208
71.1		0.112968
71.2		0.112968
71.3		0.112968
71.4		0.112968
71.5		0.112968
71.6		0.112968
71.7		0.112968
71.8		0.112968
71.9		0.112968
72		0.112968
72.1		0.117547
72.2		0.117547
72.3		0.117547
72.4		0.117547
72.5		0.117547
72.6		0.117547
72.7		0.117547
72.8		0.117547
72.9		0.117547
73		0.117547
73.1		0.119935
73.2		0.119935
73.3		0.119935
73.4		0.119935
73.5		0.119935
73.6		0.119935
73.7		0.119935
73.8		0.119935
73.9		0.119935
74		0.119935
74.1		0.120955
74.2		0.120955
74.3		0.120955
74.4		0.120955
74.5		0.120955
74.6		0.120955
74.7		0.120955
74.8		0.120955
74.9		0.120955
75		0.120955
75.1		0.121172
75.2		0.121172
75.3		0.121172
75.4		0.121172
75.5		0.121172
75.6		0.121172
75.7		0.121172
75.8		0.121172
75.9		0.121172
76		0.121172
76.1		0.121302
76.2		0.121302
76.3		0.121302
76.4		0.121302
76.5		0.121302
76.6		0.121302
76.7		0.121302
76.8		0.121302
76.9		0.121302
77		0.121302
77.1		0.128985
77.2		0.128985
77.3		0.128985
77.4		0.128985
77.5		0.128985
77.6		0.128985
77.7		0.128985
77.8		0.128985
77.9		0.128985
78		0.128985
78.1		0.129398
78.2		0.129398
78.3		0.129398
78.4		0.129398
78.5		0.129398
78.6		0.129398
78.7		0.129398
78.8		0.129398
78.9		0.129398
79		0.129398
79.1		0.133283
79.2		0.133283
79.3		0.133283
79.4		0.133283
79.5		0.133283
79.6		0.133283
79.7		0.133283
79.8		0.133283
79.9		0.133283
80		0.133283
80.1		0.133977
80.2		0.133977
80.3		0.133977
80.4		0.133977
80.5		0.133977
80.6		0.133977
80.7		0.133977
80.8		0.133977
80.9		0.133977
81		0.133977
81.1		0.134107
81.2		0.134107
81.3		0.134107
81.4		0.134107
81.5		0.134107
81.6		0.134107
81.7		0.134107
81.8		0.134107
81.9		0.134107
82		0.134107
82.1		0.136169
82.2		0.136169
82.3		0.136169
82.4		0.136169
82.5		0.136169
82.6		0.136169
82.7		0.136169
82.8		0.136169
82.9		0.136169
83		0.136169
83.1		0.140184
83.2		0.140184
83.3		0.140184
83.4		0.140184
83.5		0.140184
83.6		0.140184
83.7		0.140184
83.8		0.140184
83.9		0.140184
84		0.140184
84.1		0.1414
84.2		0.1414
84.3		0.1414
84.4		0.1414
84.5		0.1414
84.6		0.1414
84.7		0.1414
84.8		0.1414
84.9		0.1414
85		0.1414
85.1		0.145111
85.2		0.145111
85.3		0.145111
85.4		0.145111
85.5		0.145111
85.6		0.145111
85.7		0.145111
85.8		0.145111
85.9		0.145111
86		0.145111
86.1		0.145437
86.2		0.145437
86.3		0.145437
86.4		0.145437
86.5		0.145437
86.6		0.145437
86.7		0.145437
86.8		0.145437
86.9		0.145437
87		0.145437
87.1		0.145632
87.2		0.145632
87.3		0.145632
87.4		0.145632
87.5		0.145632
87.6		0.145632
87.7		0.145632
87.8		0.145632
87.9		0.145632
88		0.145632
88.1		0.147434
88.2		0.147434
88.3		0.147434
88.4		0.147434
88.5		0.147434
88.6		0.147434
88.7		0.147434
88.8		0.147434
88.9		0.147434
89		0.147434
89.1		0.151101
89.2		0.151101
89.3		0.151101
89.4		0.151101
89.5		0.151101
89.6		0.151101
89.7		0.151101
89.8		0.151101
89.9		0.151101
90		0.151101
90.1		0.151666
90.2		0.151666
90.3		0.151666
90.4		0.151666
90.5		0.151666
90.6		0.151666
90.7		0.151666
90.8		0.151666
90.9		0.151666
91		0.151666
91.1		0.155855
91.2		0.155855
91.3		0.155855
91.4		0.155855
91.5		0.155855
91.6		0.155855
91.7		0.155855
91.8		0.155855
91.9		0.155855
92		0.155855
92.1		0.156028
92.2		0.156028
92.3		0.156028
92.4		0.156028
92.5		0.156028
92.6		0.156028
92.7		0.156028
92.8		0.156028
92.9		0.156028
93		0.156028
93.1		0.156462
93.2		0.156462
93.3		0.156462
93.4		0.156462
93.5		0.156462
93.6		0.156462
93.7		0.156462
93.8		0.156462
93.9		0.156462
94		0.156462
94.1		0.159305
94.2		0.159305
94.3		0.159305
94.4		0.159305
94.5		0.159305
94.6		0.159305
94.7		0.159305
94.8		0.159305
94.9		0.159305
95		0.159305
95.1		0.159501
95.2		0.159501
95.3		0.159501
95.4		0.159501
95.5		0.159501
95.6		0.159501
95.7		0.159501
95.8		0.159501
95.9		0.159501
96		0.159501
96.1		0.164015
96.2		0.164015
96.3		0.164015
96.4		0.164015
96.5		0.164015
96.6		0.164015
96.7		0.164015
96.8		0.164015
96.9		0.164015
97		0.164015
97.1		0.167097
97.2		0.167097
97.3		0.167097
97.4		0.167097
97.5		0.167097
97.6		0.167097
97.7		0.167097
97.8		0.167097
97.9		0.167097
98		0.167097
98.1		0.167097
98.2		0.167097
98.3		0.167097
98.4		0.167097
98.5		0.167097
98.6		0.167097
98.7		0.167097
98.8		0.167097
98.9		0.167097
99		0.167097
99.1		0.169485
99.2		0.169485
99.3		0.169485
99.4		0.169485
99.5		0.169485
99.6		0.169485
99.7		0.169485
99.8		0.169485
99.9		0.169485
100		0.169485
100.1		0.170483
100.2		0.170483
100.3		0.170483
100.4		0.170483
100.5		0.170483
100.6		0.170483
100.7		0.170483
100.8		0.170483
100.9		0.170483
101		0.170483
101.1		0.171112
101.2		0.171112
101.3		0.171112
101.4		0.171112
101.5		0.171112
101.6		0.171112
101.7		0.171112
101.8		0.171112
101.9		0.171112
102		0.171112
102.1		0.176126
102.2		0.176126
102.3		0.176126
102.4		0.176126
102.5		0.176126
102.6		0.176126
102.7		0.176126
102.8		0.176126
102.9		0.176126
103		0.176126
103.1		0.17847
103.2		0.17847
103.3		0.17847
103.4		0.17847
103.5		0.17847
103.6		0.17847
103.7		0.17847
103.8		0.17847
103.9		0.17847
104		0.17847
104.1		0.1786
104.2		0.1786
104.3		0.1786
104.4		0.1786
104.5		0.1786
104.6		0.1786
104.7		0.1786
104.8		0.1786
104.9		0.1786
105		0.1786
105.1		0.181747
105.2		0.181747
105.3		0.181747
105.4		0.181747
105.5		0.181747
105.6		0.181747
105.7		0.181747
105.8		0.181747
105.9		0.181747
106		0.181747
106.1		0.182116
106.2		0.182116
106.3		0.182116
106.4		0.182116
106.5		0.182116
106.6		0.182116
106.7		0.182116
106.8		0.182116
106.9		0.182116
107		0.182116
107.1		0.183353
107.2		0.183353
107.3		0.183353
107.4		0.183353
107.5		0.183353
107.6		0.183353
107.7		0.183353
107.8		0.183353
107.9		0.183353
108		0.183353
108.1		0.187933
108.2		0.187933
108.3		0.187933
108.4		0.187933
108.5		0.187933
108.6		0.187933
108.7		0.187933
108.8		0.187933
108.9		0.187933
109		0.187933
109.1		0.188519
109.2		0.188519
109.3		0.188519
109.4		0.188519
109.5		0.188519
109.6		0.188519
109.7		0.188519
109.8		0.188519
109.9		0.188519
110		0.188519
110.1		0.188649
110.2		0.188649
110.3		0.188649
110.4		0.188649
110.5		0.188649
110.6		0.188649
110.7		0.188649
110.8		0.188649
110.9		0.188649
111		0.188649
111.1		0.193402
111.2		0.193402
111.3		0.193402
111.4		0.193402
111.5		0.193402
111.6		0.193402
111.7		0.193402
111.8		0.193402
111.9		0.193402
112		0.193402
112.1		0.194335
112.2		0.194335
112.3		0.194335
112.4		0.194335
112.5		0.194335
112.6		0.194335
112.7		0.194335
112.8		0.194335
112.9		0.194335
113		0.194335
113.1		0.194726
113.2		0.194726
113.3		0.194726
113.4		0.194726
113.5		0.194726
113.6		0.194726
113.7		0.194726
113.8		0.194726
113.9		0.194726
114		0.194726
114.1		0.199718
114.2		0.199718
114.3		0.199718
114.4		0.199718
114.5		0.199718
114.6		0.199718
114.7		0.199718
114.8		0.199718
114.9		0.199718
115		0.199718
115.1		0.200998
115.2		0.200998
115.3		0.200998
115.4		0.200998
115.5		0.200998
115.6		0.200998
115.7		0.200998
115.8		0.200998
115.9		0.200998
116		0.200998
116.1		0.202865
116.2		0.202865
116.3		0.202865
116.4		0.202865
116.5		0.202865
116.6		0.202865
116.7		0.202865
116.8		0.202865
116.9		0.202865
117		0.202865
117.1		0.20612
117.2		0.20612
117.3		0.20612
117.4		0.20612
117.5		0.20612
117.6		0.20612
117.7		0.20612
117.8		0.20612
117.9		0.20612
118		0.20612
118.1		0.207748
118.2		0.207748
118.3		0.207748
118.4		0.207748
118.5		0.207748
118.6		0.207748
118.7		0.207748
118.8		0.207748
118.9		0.207748
119		0.207748
119.1		0.20955
119.2		0.20955
119.3		0.20955
119.4		0.20955
119.5		0.20955
119.6		0.20955
119.7		0.20955
119.8		0.20955
119.9		0.20955
120		0.20955
120.1		0.20968
120.2		0.20968
120.3		0.20968
120.4		0.20968
120.5		0.20968
120.6		0.20968
120.7		0.20968
120.8		0.20968
120.9		0.20968
121		0.20968
121.1		0.212979
121.2		0.212979
121.3		0.212979
121.4		0.212979
121.5		0.212979
121.6		0.212979
121.7		0.212979
121.8		0.212979
121.9		0.212979
122		0.212979
122.1		0.21567
122.2		0.21567
122.3		0.21567
122.4		0.21567
122.5		0.21567
122.6		0.21567
122.7		0.21567
122.8		0.21567
122.9		0.21567
123		0.21567
123.1		0.216647
123.2		0.216647
123.3		0.216647
123.4		0.216647
123.5		0.216647
123.6		0.216647
123.7		0.216647
123.8		0.216647
123.9		0.216647
124		0.216647
124.1		0.221682
124.2		0.221682
124.3		0.221682
124.4		0.221682
124.5		0.221682
124.6		0.221682
124.7		0.221682
124.8		0.221682
124.9		0.221682
125		0.221682
125.1		0.223722
125.2		0.223722
125.3		0.223722
125.4		0.223722
125.5		0.223722
125.6		0.223722
125.7		0.223722
125.8		0.223722
125.9		0.223722
126		0.223722
126.1		0.223874
126.2		0.223874
126.3		0.223874
126.4		0.223874
126.5		0.223874
126.6		0.223874
126.7		0.223874
126.8		0.223874
126.9		0.223874
127		0.223874
127.1		0.224048
127.2		0.224048
127.3		0.224048
127.4		0.224048
127.5		0.224048
127.6		0.224048
127.7		0.224048
127.8		0.224048
127.9		0.224048
128		0.224048
128.1		0.227868
128.2		0.227868
128.3		0.227868
128.4		0.227868
128.5		0.227868
128.6		0.227868
128.7		0.227868
128.8		0.227868
128.9		0.227868
129		0.227868
129.1		0.231861
129.2		0.231861
129.3		0.231861
129.4		0.231861
129.5		0.231861
129.6		0.231861
129.7		0.231861
129.8		0.231861
129.9		0.231861
130		0.231861
130.1		0.234118
130.2		0.234118
130.3		0.234118
130.4		0.234118
130.5		0.234118
130.6		0.234118
130.7		0.234118
130.8		0.234118
130.9		0.234118
131		0.234118
131.1		0.234292
131.2		0.234292
131.3		0.234292
131.4		0.234292
131.5		0.234292
131.6		0.234292
131.7		0.234292
131.8		0.234292
131.9		0.234292
132		0.234292
132.1		0.234552
132.2		0.234552
132.3		0.234552
132.4		0.234552
132.5		0.234552
132.6		0.234552
132.7		0.234552
132.8		0.234552
132.9		0.234552
133		0.234552
133.1		0.235529
133.2		0.235529
133.3		0.235529
133.4		0.235529
133.5		0.235529
133.6		0.235529
133.7		0.235529
133.8		0.235529
133.9		0.235529
134		0.235529
134.1		0.240022
134.2		0.240022
134.3		0.240022
134.4		0.240022
134.5		0.240022
134.6		0.240022
134.7		0.240022
134.8		0.240022
134.9		0.240022
135		0.240022
135.1		0.240543
135.2		0.240543
135.3		0.240543
135.4		0.240543
135.5		0.240543
135.6		0.240543
135.7		0.240543
135.8		0.240543
135.9		0.240543
136		0.240543
136.1		0.245795
136.2		0.245795
136.3		0.245795
136.4		0.245795
136.5		0.245795
136.6		0.245795
136.7		0.245795
136.8		0.245795
136.9		0.245795
137		0.245795
137.1		0.246706
137.2		0.246706
137.3		0.246706
137.4		0.246706
137.5		0.246706
137.6		0.246706
137.7		0.246706
137.8		0.246706
137.9		0.246706
138		0.246706
138.1		0.246815
138.2		0.246815
138.3		0.246815
138.4		0.246815
138.5		0.246815
138.6		0.246815
138.7		0.246815
138.8		0.246815
138.9		0.246815
139		0.246815
139.1		0.249853
139.2		0.249853
139.3		0.249853
139.4		0.249853
139.5		0.249853
139.6		0.249853
139.7		0.249853
139.8		0.249853
139.9		0.249853
140		0.249853
140.1		0.253109
140.2		0.253109
140.3		0.253109
140.4		0.253109
140.5		0.253109
140.6		0.253109
140.7		0.253109
140.8		0.253109
140.9		0.253109
141		0.253109
141.1		0.256017
141.2		0.256017
141.3		0.256017
141.4		0.256017
141.5		0.256017
141.6		0.256017
141.7		0.256017
141.8		0.256017
141.9		0.256017
142		0.256017
142.1		0.256039
142.2		0.256039
142.3		0.256039
142.4		0.256039
142.5		0.256039
142.6		0.256039
142.7		0.256039
142.8		0.256039
142.9		0.256039
143		0.256039
143.1		0.256451
143.2		0.256451
143.3		0.256451
143.4		0.256451
143.5		0.256451
143.6		0.256451
143.7		0.256451
143.8		0.256451
143.9		0.256451
144		0.256451
144.1		0.261921
144.2		0.261921
144.3		0.261921
144.4		0.261921
144.5		0.261921
144.6		0.261921
144.7		0.261921
144.8		0.261921
144.9		0.261921
145		0.261921
145.1		0.263679
145.2		0.263679
145.3		0.263679
145.4		0.263679
145.5		0.263679
145.6		0.263679
145.7		0.263679
145.8		0.263679
145.9		0.263679
146		0.263679
146.1		0.263787
146.2		0.263787
146.3		0.263787
146.4		0.263787
146.5		0.263787
146.6		0.263787
146.7		0.263787
146.8		0.263787
146.9		0.263787
147		0.263787
147.1		0.268584
147.2		0.268584
147.3		0.268584
147.4		0.268584
147.5		0.268584
147.6		0.268584
147.7		0.268584
147.8		0.268584
147.9		0.268584
148		0.268584
148.1		0.269582
148.2		0.269582
148.3		0.269582
148.4		0.269582
148.5		0.269582
148.6		0.269582
148.7		0.269582
148.8		0.269582
148.9		0.269582
149		0.269582
149.1		0.269691
149.2		0.269691
149.3		0.269691
149.4		0.269691
149.5		0.269691
149.6		0.269691
149.7		0.269691
149.8		0.269691
149.9		0.269691
150		0.269691
150.1		0.274921
150.2		0.274921
150.3		0.274921
150.4		0.274921
150.5		0.274921
150.6		0.274921
150.7		0.274921
150.8		0.274921
150.9		0.274921
151		0.274921
151.1		0.275529
151.2		0.275529
151.3		0.275529
151.4		0.275529
151.5		0.275529
151.6		0.275529
151.7		0.275529
151.8		0.275529
151.9		0.275529
152		0.275529
152.1		0.275898
152.2		0.275898
152.3		0.275898
152.4		0.275898
152.5		0.275898
152.6		0.275898
152.7		0.275898
152.8		0.275898
152.9		0.275898
153		0.275898
153.1		0.280174
153.2		0.280174
153.3		0.280174
153.4		0.280174
153.5		0.280174
153.6		0.280174
153.7		0.280174
153.8		0.280174
153.9		0.280174
154		0.280174
154.1		0.280998
154.2		0.280998
154.3		0.280998
154.4		0.280998
154.5		0.280998
154.6		0.280998
154.7		0.280998
154.8		0.280998
154.9		0.280998
155		0.280998
155.1		0.281519
155.2		0.281519
155.3		0.281519
155.4		0.281519
155.5		0.281519
155.6		0.281519
155.7		0.281519
155.8		0.281519
155.9		0.281519
156		0.281519
156.1		0.285534
156.2		0.285534
156.3		0.285534
156.4		0.285534
156.5		0.285534
156.6		0.285534
156.7		0.285534
156.8		0.285534
156.9		0.285534
157		0.285534
157.1		0.286337
157.2		0.286337
157.3		0.286337
157.4		0.286337
157.5		0.286337
157.6		0.286337
157.7		0.286337
157.8		0.286337
157.9		0.286337
158		0.286337
158.1		0.291047
158.2		0.291047
158.3		0.291047
158.4		0.291047
158.5		0.291047
158.6		0.291047
158.7		0.291047
158.8		0.291047
158.9		0.291047
159		0.291047
159.1		0.291221
159.2		0.291221
159.3		0.291221
159.4		0.291221
159.5		0.291221
159.6		0.291221
159.7		0.291221
159.8		0.291221
159.9		0.291221
160		0.291221
160.1		0.292718
160.2		0.292718
160.3		0.292718
160.4		0.292718
160.5		0.292718
160.6		0.292718
160.7		0.292718
160.8		0.292718
160.9		0.292718
161		0.292718
161.1		0.295106
161.2		0.295106
161.3		0.295106
161.4		0.295106
161.5		0.295106
161.6		0.295106
161.7		0.295106
161.8		0.295106
161.9		0.295106
162		0.295106
162.1		0.296951
162.2		0.296951
162.3		0.296951
162.4		0.296951
162.5		0.296951
162.6		0.296951
162.7		0.296951
162.8		0.296951
162.9		0.296951
163		0.296951
163.1		0.301747
163.2		0.301747
163.3		0.301747
163.4		0.301747
163.5		0.301747
163.6		0.301747
163.7		0.301747
163.8		0.301747
163.9		0.301747
164		0.301747
164.1		0.301877
164.2		0.301877
164.3		0.301877
164.4		0.301877
164.5		0.301877
164.6		0.301877
164.7		0.301877
164.8		0.301877
164.9		0.301877
165		0.301877
165.1		0.302333
165.2		0.302333
165.3		0.302333
165.4		0.302333
165.5		0.302333
165.6		0.302333
165.7		0.302333
165.8		0.302333
165.9		0.302333
166		0.302333
166.1		0.303332
166.2		0.303332
166.3		0.303332
166.4		0.303332
166.5		0.303332
166.6		0.303332
166.7		0.303332
166.8		0.303332
166.9		0.303332
167		0.303332
167.1		0.30535
167.2		0.30535
167.3		0.30535
167.4		0.30535
167.5		0.30535
167.6		0.30535
167.7		0.30535
167.8		0.30535
167.9		0.30535
168		0.30535
168.1		0.310277
168.2		0.310277
168.3		0.310277
168.4		0.310277
168.5		0.310277
168.6		0.310277
168.7		0.310277
168.8		0.310277
168.9		0.310277
169		0.310277
169.1		0.313424
169.2		0.313424
169.3		0.313424
169.4		0.313424
169.5		0.313424
169.6		0.313424
169.7		0.313424
169.8		0.313424
169.9		0.313424
170		0.313424
170.1		0.313858
170.2		0.313858
170.3		0.313858
170.4		0.313858
170.5		0.313858
170.6		0.313858
170.7		0.313858
170.8		0.313858
170.9		0.313858
171		0.313858
171.1		0.314639
171.2		0.314639
171.3		0.314639
171.4		0.314639
171.5		0.314639
171.6		0.314639
171.7		0.314639
171.8		0.314639
171.9		0.314639
172		0.314639
172.1		0.315486
172.2		0.315486
172.3		0.315486
172.4		0.315486
172.5		0.315486
172.6		0.315486
172.7		0.315486
172.8		0.315486
172.9		0.315486
173		0.315486
173.1		0.317656
173.2		0.317656
173.3		0.317656
173.4		0.317656
173.5		0.317656
173.6		0.317656
173.7		0.317656
173.8		0.317656
173.9		0.317656
174		0.317656
174.1		0.321324
174.2		0.321324
174.3		0.321324
174.4		0.321324
174.5		0.321324
174.6		0.321324
174.7		0.321324
174.8		0.321324
174.9		0.321324
175		0.321324
175.1		0.323668
175.2		0.323668
175.3		0.323668
175.4		0.323668
175.5		0.323668
175.6		0.323668
175.7		0.323668
175.8		0.323668
175.9		0.323668
176		0.323668
176.1		0.324493
176.2		0.324493
176.3		0.324493
176.4		0.324493
176.5		0.324493
176.6		0.324493
176.7		0.324493
176.8		0.324493
176.9		0.324493
177		0.324493
177.1		0.327075
177.2		0.327075
177.3		0.327075
177.4		0.327075
177.5		0.327075
177.6		0.327075
177.7		0.327075
177.8		0.327075
177.9		0.327075
178		0.327075
178.1		0.327184
178.2		0.327184
178.3		0.327184
178.4		0.327184
178.5		0.327184
178.6		0.327184
178.7		0.327184
178.8		0.327184
178.9		0.327184
179		0.327184
179.1		0.329224
179.2		0.329224
179.3		0.329224
179.4		0.329224
179.5		0.329224
179.6		0.329224
179.7		0.329224
179.8		0.329224
179.9		0.329224
180		0.329224
180.1		0.333066
180.2		0.333066
180.3		0.333066
180.4		0.333066
180.5		0.333066
180.6		0.333066
180.7		0.333066
180.8		0.333066
180.9		0.333066
181		0.333066
181.1		0.333326
181.2		0.333326
181.3		0.333326
181.4		0.333326
181.5		0.333326
181.6		0.333326
181.7		0.333326
181.8		0.333326
181.9		0.333326
182		0.333326
182.1		0.334303
182.2		0.334303
182.3		0.334303
182.4		0.334303
182.5		0.334303
182.6		0.334303
182.7		0.334303
182.8		0.334303
182.9		0.334303
183		0.334303
183.1		0.336929
183.2		0.336929
183.3		0.336929
183.4		0.336929
183.5		0.336929
183.6		0.336929
183.7		0.336929
183.8		0.336929
183.9		0.336929
184		0.336929
184.1		0.338665
184.2		0.338665
184.3		0.338665
184.4		0.338665
184.5		0.338665
184.6		0.338665
184.7		0.338665
184.8		0.338665
184.9		0.338665
185		0.338665
185.1		0.340141
185.2		0.340141
185.3		0.340141
185.4		0.340141
185.5		0.340141
185.6		0.340141
185.7		0.340141
185.8		0.340141
185.9		0.340141
186		0.340141
186.1		0.342246
186.2		0.342246
186.3		0.342246
186.4		0.342246
186.5		0.342246
186.6		0.342246
186.7		0.342246
186.8		0.342246
186.9		0.342246
187		0.342246
187.1		0.343787
187.2		0.343787
187.3		0.343787
187.4		0.343787
187.5		0.343787
187.6		0.343787
187.7		0.343787
187.8		0.343787
187.9		0.343787
188		0.343787
188.1		0.344004
188.2		0.344004
188.3		0.344004
188.4		0.344004
188.5		0.344004
188.6		0.344004
188.7		0.344004
188.8		0.344004
188.9		0.344004
189		0.344004
189.1		0.349343
189.2		0.349343
189.3		0.349343
189.4		0.349343
189.5		0.349343
189.6		0.349343
189.7		0.349343
189.8		0.349343
189.9		0.349343
190		0.349343
190.1		0.349626
190.2		0.349626
190.3		0.349626
190.4		0.349626
190.5		0.349626
190.6		0.349626
190.7		0.349626
190.8		0.349626
190.9		0.349626
191		0.349626
191.1		0.352946
191.2		0.352946
191.3		0.352946
191.4		0.352946
191.5		0.352946
191.6		0.352946
191.7		0.352946
191.8		0.352946
191.9		0.352946
192		0.352946
192.1		0.354921
192.2		0.354921
192.3		0.354921
192.4		0.354921
192.5		0.354921
192.6		0.354921
192.7		0.354921
192.8		0.354921
192.9		0.354921
193		0.354921
193.1		0.358568
193.2		0.358568
193.3		0.358568
193.4		0.358568
193.5		0.358568
193.6		0.358568
193.7		0.358568
193.8		0.358568
193.9		0.358568
194		0.358568
194.1		0.35911
194.2		0.35911
194.3		0.35911
194.4		0.35911
194.5		0.35911
194.6		0.35911
194.7		0.35911
194.8		0.35911
194.9		0.35911
195		0.35911
195.1		0.362648
195.2		0.362648
195.3		0.362648
195.4		0.362648
195.5		0.362648
195.6		0.362648
195.7		0.362648
195.8		0.362648
195.9		0.362648
196		0.362648
196.1		0.364406
196.2		0.364406
196.3		0.364406
196.4		0.364406
196.5		0.364406
196.6		0.364406
196.7		0.364406
196.8		0.364406
196.9		0.364406
197		0.364406
197.1		0.365274
197.2		0.365274
197.3		0.365274
197.4		0.365274
197.5		0.365274
197.6		0.365274
197.7		0.365274
197.8		0.365274
197.9		0.365274
198		0.365274
198.1		0.366923
198.2		0.366923
198.3		0.366923
198.4		0.366923
198.5		0.366923
198.6		0.366923
198.7		0.366923
198.8		0.366923
198.9		0.366923
199		0.366923
199.1		0.370483
199.2		0.370483
199.3		0.370483
199.4		0.370483
199.5		0.370483
199.6		0.370483
199.7		0.370483
199.8		0.370483
199.9		0.370483
200		0.370483
200.1		0.370743
200.2		0.370743
200.3		0.370743
200.4		0.370743
200.5		0.370743
200.6		0.370743
200.7		0.370743
200.8		0.370743
200.9		0.370743
201		0.370743
201.1		0.37363
201.2		0.37363
201.3		0.37363
201.4		0.37363
201.5		0.37363
201.6		0.37363
201.7		0.37363
201.8		0.37363
201.9		0.37363
202		0.37363
202.1		0.377515
202.2		0.377515
202.3		0.377515
202.4		0.377515
202.5		0.377515
202.6		0.377515
202.7		0.377515
202.8		0.377515
202.9		0.377515
203		0.377515
203.1		0.378014
203.2		0.378014
203.3		0.378014
203.4		0.378014
203.5		0.378014
203.6		0.378014
203.7		0.378014
203.8		0.378014
203.9		0.378014
204		0.378014
204.1		0.379794
204.2		0.379794
204.3		0.379794
204.4		0.379794
204.5		0.379794
204.6		0.379794
204.7		0.379794
204.8		0.379794
204.9		0.379794
205		0.379794
205.1		0.380922
205.2		0.380922
205.3		0.380922
205.4		0.380922
205.5		0.380922
205.6		0.380922
205.7		0.380922
205.8		0.380922
205.9		0.380922
206		0.380922
206.1		0.382832
206.2		0.382832
206.3		0.382832
206.4		0.382832
206.5		0.382832
206.6		0.382832
206.7		0.382832
206.8		0.382832
206.9		0.382832
207		0.382832
207.1		0.387368
207.2		0.387368
207.3		0.387368
207.4		0.387368
207.5		0.387368
207.6		0.387368
207.7		0.387368
207.8		0.387368
207.9		0.387368
208		0.387368
208.1		0.390298
208.2		0.390298
208.3		0.390298
208.4		0.390298
208.5		0.390298
208.6		0.390298
208.7		0.390298
208.8		0.390298
208.9		0.390298
209		0.390298
209.1		0.39147
209.2		0.39147
209.3		0.39147
209.4		0.39147
209.5		0.39147
209.6		0.39147
209.7		0.39147
209.8		0.39147
209.9		0.39147
210		0.39147
210.1		0.392729
210.2		0.392729
210.3		0.392729
210.4		0.392729
210.5		0.392729
210.6		0.392729
210.7		0.392729
210.8		0.392729
210.9		0.392729
211		0.392729
211.1		0.393641
211.2		0.393641
211.3		0.393641
211.4		0.393641
211.5		0.393641
211.6		0.393641
211.7		0.393641
211.8		0.393641
211.9		0.393641
212		0.393641
212.1		0.394791
212.2		0.394791
212.3		0.394791
212.4		0.394791
212.5		0.394791
212.6		0.394791
212.7		0.394791
212.8		0.394791
212.9		0.394791
213		0.394791
213.1		0.396744
213.2		0.396744
213.3		0.396744
213.4		0.396744
213.5		0.396744
213.6		0.396744
213.7		0.396744
213.8		0.396744
213.9		0.396744
214		0.396744
214.1		0.403625
214.2		0.403625
214.3		0.403625
214.4		0.403625
214.5		0.403625
214.6		0.403625
214.7		0.403625
214.8		0.403625
214.9		0.403625
215		0.403625
215.1		0.403863
215.2		0.403863
215.3		0.403863
215.4		0.403863
215.5		0.403863
215.6		0.403863
215.7		0.403863
215.8		0.403863
215.9		0.403863
216		0.403863
216.1		0.403972
216.2		0.403972
216.3		0.403972
216.4		0.403972
216.5		0.403972
216.6		0.403972
216.7		0.403972
216.8		0.403972
216.9		0.403972
217		0.403972
217.1		0.407032
217.2		0.407032
217.3		0.407032
217.4		0.407032
217.5		0.407032
217.6		0.407032
217.7		0.407032
217.8		0.407032
217.9		0.407032
218		0.407032
218.1		0.40955
218.2		0.40955
218.3		0.40955
218.4		0.40955
218.5		0.40955
218.6		0.40955
218.7		0.40955
218.8		0.40955
218.9		0.40955
219		0.40955
219.1		0.411503
219.2		0.411503
219.3		0.411503
219.4		0.411503
219.5		0.411503
219.6		0.411503
219.7		0.411503
219.8		0.411503
219.9		0.411503
220		0.411503
220.1		0.414216
220.2		0.414216
220.3		0.414216
220.4		0.414216
220.5		0.414216
220.6		0.414216
220.7		0.414216
220.8		0.414216
220.9		0.414216
221		0.414216
221.1		0.415323
221.2		0.415323
221.3		0.415323
221.4		0.415323
221.5		0.415323
221.6		0.415323
221.7		0.415323
221.8		0.415323
221.9		0.415323
222		0.415323
222.1		0.418361
222.2		0.418361
222.3		0.418361
222.4		0.418361
222.5		0.418361
222.6		0.418361
222.7		0.418361
222.8		0.418361
222.9		0.418361
223		0.418361
223.1		0.419729
223.2		0.419729
223.3		0.419729
223.4		0.419729
223.5		0.419729
223.6		0.419729
223.7		0.419729
223.8		0.419729
223.9		0.419729
224		0.419729
224.1		0.419967
224.2		0.419967
224.3		0.419967
224.4		0.419967
224.5		0.419967
224.6		0.419967
224.7		0.419967
224.8		0.419967
224.9		0.419967
225		0.419967
225.1		0.422897
225.2		0.422897
225.3		0.422897
225.4		0.422897
225.5		0.422897
225.6		0.422897
225.7		0.422897
225.8		0.422897
225.9		0.422897
226		0.422897
226.1		0.426674
226.2		0.426674
226.3		0.426674
226.4		0.426674
226.5		0.426674
226.6		0.426674
226.7		0.426674
226.8		0.426674
226.9		0.426674
227		0.426674
227.1		0.426804
227.2		0.426804
227.3		0.426804
227.4		0.426804
227.5		0.426804
227.6		0.426804
227.7		0.426804
227.8		0.426804
227.9		0.426804
228		0.426804
228.1		0.429691
228.2		0.429691
228.3		0.429691
228.4		0.429691
228.5		0.429691
228.6		0.429691
228.7		0.429691
228.8		0.429691
228.9		0.429691
229		0.429691
229.1		0.430494
229.2		0.430494
229.3		0.430494
229.4		0.430494
229.5		0.430494
229.6		0.430494
229.7		0.430494
229.8		0.430494
229.9		0.430494
230		0.430494
230.1		0.433532
230.2		0.433532
230.3		0.433532
230.4		0.433532
230.5		0.433532
230.6		0.433532
230.7		0.433532
230.8		0.433532
230.9		0.433532
231		0.433532
231.1		0.437461
231.2		0.437461
231.3		0.437461
231.4		0.437461
231.5		0.437461
231.6		0.437461
231.7		0.437461
231.8		0.437461
231.9		0.437461
232		0.437461
232.1		0.439327
232.2		0.439327
232.3		0.439327
232.4		0.439327
232.5		0.439327
232.6		0.439327
232.7		0.439327
232.8		0.439327
232.9		0.439327
233		0.439327
233.1		0.439631
233.2		0.439631
233.3		0.439631
233.4		0.439631
233.5		0.439631
233.6		0.439631
233.7		0.439631
233.8		0.439631
233.9		0.439631
234		0.439631
234.1		0.442214
234.2		0.442214
234.3		0.442214
234.4		0.442214
234.5		0.442214
234.6		0.442214
234.7		0.442214
234.8		0.442214
234.9		0.442214
235		0.442214
235.1		0.442583
235.2		0.442583
235.3		0.442583
235.4		0.442583
235.5		0.442583
235.6		0.442583
235.7		0.442583
235.8		0.442583
235.9		0.442583
236		0.442583
236.1		0.444601
236.2		0.444601
236.3		0.444601
236.4		0.444601
236.5		0.444601
236.6		0.444601
236.7		0.444601
236.8		0.444601
236.9		0.444601
237		0.444601
237.1		0.449593
237.2		0.449593
237.3		0.449593
237.4		0.449593
237.5		0.449593
237.6		0.449593
237.7		0.449593
237.8		0.449593
237.9		0.449593
238		0.449593
238.1		0.449853
238.2		0.449853
238.3		0.449853
238.4		0.449853
238.5		0.449853
238.6		0.449853
238.7		0.449853
238.8		0.449853
238.9		0.449853
239		0.449853
239.1		0.450092
239.2		0.450092
239.3		0.450092
239.4		0.450092
239.5		0.450092
239.6		0.450092
239.7		0.450092
239.8		0.450092
239.9		0.450092
240		0.450092
240.1		0.454976
240.2		0.454976
240.3		0.454976
240.4		0.454976
240.5		0.454976
240.6		0.454976
240.7		0.454976
240.8		0.454976
240.9		0.454976
241		0.454976
241.1		0.455258
241.2		0.455258
241.3		0.455258
241.4		0.455258
241.5		0.455258
241.6		0.455258
241.7		0.455258
241.8		0.455258
241.9		0.455258
242		0.455258
242.1		0.457189
242.2		0.457189
242.3		0.457189
242.4		0.457189
242.5		0.457189
242.6		0.457189
242.7		0.457189
242.8		0.457189
242.9		0.457189
243		0.457189
243.1		0.459598
243.2		0.459598
243.3		0.459598
243.4		0.459598
243.5		0.459598
243.6		0.459598
243.7		0.459598
243.8		0.459598
243.9		0.459598
244		0.459598
244.1		0.461465
244.2		0.461465
244.3		0.461465
244.4		0.461465
244.5		0.461465
244.6		0.461465
244.7		0.461465
244.8		0.461465
244.9		0.461465
245		0.461465
245.1		0.462746
245.2		0.462746
245.3		0.462746
245.4		0.462746
245.5		0.462746
245.6		0.462746
245.7		0.462746
245.8		0.462746
245.9		0.462746
246		0.462746
246.1		0.463201
246.2		0.463201
246.3		0.463201
246.4		0.463201
246.5		0.463201
246.6		0.463201
246.7		0.463201
246.8		0.463201
246.9		0.463201
247		0.463201
247.1		0.465502
247.2		0.465502
247.3		0.465502
247.4		0.465502
247.5		0.465502
247.6		0.465502
247.7		0.465502
247.8		0.465502
247.9		0.465502
248		0.465502
248.1		0.468497
248.2		0.468497
248.3		0.468497
248.4		0.468497
248.5		0.468497
248.6		0.468497
248.7		0.468497
248.8		0.468497
248.9		0.468497
249		0.468497
249.1		0.470841
249.2		0.470841
249.3		0.470841
249.4		0.470841
249.5		0.470841
249.6		0.470841
249.7		0.470841
249.8		0.470841
249.9		0.470841
250		0.470841
250.1		0.472013
250.2		0.472013
250.3		0.472013
250.4		0.472013
250.5		0.472013
250.6		0.472013
250.7		0.472013
250.8		0.472013
250.9		0.472013
251		0.472013
251.1		0.473771
251.2		0.473771
251.3		0.473771
251.4		0.473771
251.5		0.473771
251.6		0.473771
251.7		0.473771
251.8		0.473771
251.9		0.473771
252		0.473771
252.1		0.474205
252.2		0.474205
252.3		0.474205
252.4		0.474205
252.5		0.474205
252.6		0.474205
252.7		0.474205
252.8		0.474205
252.9		0.474205
253		0.474205
253.1		0.478112
253.2		0.478112
253.3		0.478112
253.4		0.478112
253.5		0.478112
253.6		0.478112
253.7		0.478112
253.8		0.478112
253.9		0.478112
254		0.478112
254.1		0.480564
254.2		0.480564
254.3		0.480564
254.4		0.480564
254.5		0.480564
254.6		0.480564
254.7		0.480564
254.8		0.480564
254.9		0.480564
255		0.480564
255.1		0.481693
255.2		0.481693
255.3		0.481693
255.4		0.481693
255.5		0.481693
255.6		0.481693
255.7		0.481693
255.8		0.481693
255.9		0.481693
256		0.481693
256.1		0.482214
256.2		0.482214
256.3		0.482214
256.4		0.482214
256.5		0.482214
256.6		0.482214
256.7		0.482214
256.8		0.482214
256.9		0.482214
257		0.482214
257.1		0.483885
257.2		0.483885
257.3		0.483885
257.4		0.483885
257.5		0.483885
257.6		0.483885
257.7		0.483885
257.8		0.483885
257.9		0.483885
258		0.483885
258.1		0.490114
258.2		0.490114
258.3		0.490114
258.4		0.490114
258.5		0.490114
258.6		0.490114
258.7		0.490114
258.8		0.490114
258.9		0.490114
259		0.490114
259.1		0.491286
259.2		0.491286
259.3		0.491286
259.4		0.491286
259.5		0.491286
259.6		0.491286
259.7		0.491286
259.8		0.491286
259.9		0.491286
260		0.491286
260.1		0.491351
260.2		0.491351
260.3		0.491351
260.4		0.491351
260.5		0.491351
260.6		0.491351
260.7		0.491351
260.8		0.491351
260.9		0.491351
261		0.491351
261.1		0.494607
261.2		0.494607
261.3		0.494607
261.4		0.494607
261.5		0.494607
261.6		0.494607
261.7		0.494607
261.8		0.494607
261.9		0.494607
262		0.494607
262.1		0.495627
262.2		0.495627
262.3		0.495627
262.4		0.495627
262.5		0.495627
262.6		0.495627
262.7		0.495627
262.8		0.495627
262.9		0.495627
263		0.495627
263.1		0.497558
263.2		0.497558
263.3		0.497558
263.4		0.497558
263.5		0.497558
263.6		0.497558
263.7		0.497558
263.8		0.497558
263.9		0.497558
264		0.497558
264.1		0.500575
264.2		0.500575
264.3		0.500575
264.4		0.500575
264.5		0.500575
264.6		0.500575
264.7		0.500575
264.8		0.500575
264.9		0.500575
265		0.500575
265.1		0.500727
265.2		0.500727
265.3		0.500727
265.4		0.500727
265.5		0.500727
265.6		0.500727
265.7		0.500727
265.8		0.500727
265.9		0.500727
266		0.500727
266.1		0.506696
266.2		0.506696
266.3		0.506696
266.4		0.506696
266.5		0.506696
266.6		0.506696
266.7		0.506696
266.8		0.506696
266.9		0.506696
267		0.506696
267.1		0.507086
267.2		0.507086
267.3		0.507086
267.4		0.507086
267.5		0.507086
267.6		0.507086
267.7		0.507086
267.8		0.507086
267.9		0.507086
268		0.507086
268.1		0.507585
268.2		0.507585
268.3		0.507585
268.4		0.507585
268.5		0.507585
268.6		0.507585
268.7		0.507585
268.8		0.507585
268.9		0.507585
269		0.507585
269.1		0.509886
269.2		0.509886
269.3		0.509886
269.4		0.509886
269.5		0.509886
269.6		0.509886
269.7		0.509886
269.8		0.509886
269.9		0.509886
270		0.509886
270.1		0.515073
270.2		0.515073
270.3		0.515073
270.4		0.515073
270.5		0.515073
270.6		0.515073
270.7		0.515073
270.8		0.515073
270.9		0.515073
271		0.515073
271.1		0.515898
271.2		0.515898
271.3		0.515898
271.4		0.515898
271.5		0.515898
271.6		0.515898
271.7		0.515898
271.8		0.515898
271.9		0.515898
272		0.515898
272.1		0.516375
272.2		0.516375
272.3		0.516375
272.4		0.516375
272.5		0.516375
272.6		0.516375
272.7		0.516375
272.8		0.516375
272.9		0.516375
273		0.516375
273.1		0.518937
273.2		0.518937
273.3		0.518937
273.4		0.518937
273.5		0.518937
273.6		0.518937
273.7		0.518937
273.8		0.518937
273.9		0.518937
274		0.518937
274.1		0.520087
274.2		0.520087
274.3		0.520087
274.4		0.520087
274.5		0.520087
274.6		0.520087
274.7		0.520087
274.8		0.520087
274.9		0.520087
275		0.520087
275.1		0.52267
275.2		0.52267
275.3		0.52267
275.4		0.52267
275.5		0.52267
275.6		0.52267
275.7		0.52267
275.8		0.52267
275.9		0.52267
276		0.52267
276.1		0.524536
276.2		0.524536
276.3		0.524536
276.4		0.524536
276.5		0.524536
276.6		0.524536
276.7		0.524536
276.8		0.524536
276.9		0.524536
277		0.524536
277.1		0.524536
277.2		0.524536
277.3		0.524536
277.4		0.524536
277.5		0.524536
277.6		0.524536
277.7		0.524536
277.8		0.524536
277.9		0.524536
278		0.524536
278.1		0.527206
278.2		0.527206
278.3		0.527206
278.4		0.527206
278.5		0.527206
278.6		0.527206
278.7		0.527206
278.8		0.527206
278.9		0.527206
279		0.527206
279.1		0.529723
279.2		0.529723
279.3		0.529723
279.4		0.529723
279.5		0.529723
279.6		0.529723
279.7		0.529723
279.8		0.529723
279.9		0.529723
280		0.529723
280.1		0.532176
280.2		0.532176
280.3		0.532176
280.4		0.532176
280.5		0.532176
280.6		0.532176
280.7		0.532176
280.8		0.532176
280.9		0.532176
281		0.532176
281.1		0.534324
281.2		0.534324
281.3		0.534324
281.4		0.534324
281.5		0.534324
281.6		0.534324
281.7		0.534324
281.8		0.534324
281.9		0.534324
282		0.534324
282.1		0.53491
282.2		0.53491
282.3		0.53491
282.4		0.53491
282.5		0.53491
282.6		0.53491
282.7		0.53491
282.8		0.53491
282.9		0.53491
283		0.53491
283.1		0.540988
283.2		0.540988
283.3		0.540988
283.4		0.540988
283.5		0.540988
283.6		0.540988
283.7		0.540988
283.8		0.540988
283.9		0.540988
284		0.540988
284.1		0.54611
284.2		0.54611
284.3		0.54611
284.4		0.54611
284.5		0.54611
284.6		0.54611
284.7		0.54611
284.8		0.54611
284.9		0.54611
285		0.54611
285.1		0.546544
285.2		0.546544
285.3		0.546544
285.4		0.546544
285.5		0.546544
285.6		0.546544
285.7		0.546544
285.8		0.546544
285.9		0.546544
286		0.546544
286.1		0.548323
286.2		0.548323
286.3		0.548323
286.4		0.548323
286.5		0.548323
286.6		0.548323
286.7		0.548323
286.8		0.548323
286.9		0.548323
287		0.548323
287.1		0.549951
287.2		0.549951
287.3		0.549951
287.4		0.549951
287.5		0.549951
287.6		0.549951
287.7		0.549951
287.8		0.549951
287.9		0.549951
288		0.549951
288.1		0.55121
288.2		0.55121
288.3		0.55121
288.4		0.55121
288.5		0.55121
288.6		0.55121
288.7		0.55121
288.8		0.55121
288.9		0.55121
289		0.55121
289.1		0.555182
289.2		0.555182
289.3		0.555182
289.4		0.555182
289.5		0.555182
289.6		0.555182
289.7		0.555182
289.8		0.555182
289.9		0.555182
290		0.555182
290.1		0.555182
290.2		0.555182
290.3		0.555182
290.4		0.555182
290.5		0.555182
290.6		0.555182
290.7		0.555182
290.8		0.555182
290.9		0.555182
291		0.555182
291.1		0.557396
291.2		0.557396
291.3		0.557396
291.4		0.557396
291.5		0.557396
291.6		0.557396
291.7		0.557396
291.8		0.557396
291.9		0.557396
292		0.557396
292.1		0.561237
292.2		0.561237
292.3		0.561237
292.4		0.561237
292.5		0.561237
292.6		0.561237
292.7		0.561237
292.8		0.561237
292.9		0.561237
293		0.561237
293.1		0.562235
293.2		0.562235
293.3		0.562235
293.4		0.562235
293.5		0.562235
293.6		0.562235
293.7		0.562235
293.8		0.562235
293.9		0.562235
294		0.562235
294.1		0.565122
294.2		0.565122
294.3		0.565122
294.4		0.565122
294.5		0.565122
294.6		0.565122
294.7		0.565122
294.8		0.565122
294.9		0.565122
295		0.565122
295.1		0.569137
295.2		0.569137
295.3		0.569137
295.4		0.569137
295.5		0.569137
295.6		0.569137
295.7		0.569137
295.8		0.569137
295.9		0.569137
296		0.569137
296.1		0.572935
296.2		0.572935
296.3		0.572935
296.4		0.572935
296.5		0.572935
296.6		0.572935
296.7		0.572935
296.8		0.572935
296.9		0.572935
297		0.572935
297.1		0.575714
297.2		0.575714
297.3		0.575714
297.4		0.575714
297.5		0.575714
297.6		0.575714
297.7		0.575714
297.8		0.575714
297.9		0.575714
298		0.575714
298.1		0.578318
298.2		0.578318
298.3		0.578318
298.4		0.578318
298.5		0.578318
298.6		0.578318
298.7		0.578318
298.8		0.578318
298.9		0.578318
299		0.578318
299.1		0.579664
299.2		0.579664
299.3		0.579664
299.4		0.579664
299.5		0.579664
299.6		0.579664
299.7		0.579664
299.8		0.579664
299.9		0.579664
300		0.579664
300.1		0.585958
300.2		0.585958
300.3		0.585958
300.4		0.585958
300.5		0.585958
300.6		0.585958
300.7		0.585958
300.8		0.585958
300.9		0.585958
301		0.585958
301.1		0.587542
301.2		0.587542
301.3		0.587542
301.4		0.587542
301.5		0.587542
301.6		0.587542
301.7		0.587542
301.8		0.587542
301.9		0.587542
302		0.587542
302.1		0.589148
302.2		0.589148
302.3		0.589148
302.4		0.589148
302.5		0.589148
302.6		0.589148
302.7		0.589148
302.8		0.589148
302.9		0.589148
303		0.589148
303.1		0.589669
303.2		0.589669
303.3		0.589669
303.4		0.589669
303.5		0.589669
303.6		0.589669
303.7		0.589669
303.8		0.589669
303.9		0.589669
304		0.589669
304.1		0.591101
304.2		0.591101
304.3		0.591101
304.4		0.591101
304.5		0.591101
304.6		0.591101
304.7		0.591101
304.8		0.591101
304.9		0.591101
305		0.591101
305.1		0.592577
305.2		0.592577
305.3		0.592577
305.4		0.592577
305.5		0.592577
305.6		0.592577
305.7		0.592577
305.8		0.592577
305.9		0.592577
306		0.592577
306.1		0.596896
306.2		0.596896
306.3		0.596896
306.4		0.596896
306.5		0.596896
306.6		0.596896
306.7		0.596896
306.8		0.596896
306.9		0.596896
307		0.596896
307.1		0.599305
307.2		0.599305
307.3		0.599305
307.4		0.599305
307.5		0.599305
307.6		0.599305
307.7		0.599305
307.8		0.599305
307.9		0.599305
308		0.599305
308.1		0.601129
308.2		0.601129
308.3		0.601129
308.4		0.601129
308.5		0.601129
308.6		0.601129
308.7		0.601129
308.8		0.601129
308.9		0.601129
309		0.601129
309.1		0.60293
309.2		0.60293
309.3		0.60293
309.4		0.60293
309.5		0.60293
309.6		0.60293
309.7		0.60293
309.8		0.60293
309.9		0.60293
310		0.60293
310.1		0.603082
310.2		0.603082
310.3		0.603082
310.4		0.603082
310.5		0.603082
310.6		0.603082
310.7		0.603082
310.8		0.603082
310.9		0.603082
311		0.603082
311.1		0.60408
311.2		0.60408
311.3		0.60408
311.4		0.60408
311.5		0.60408
311.6		0.60408
311.7		0.60408
311.8		0.60408
311.9		0.60408
312		0.60408
312.1		0.60675
312.2		0.60675
312.3		0.60675
312.4		0.60675
312.5		0.60675
312.6		0.60675
312.7		0.60675
312.8		0.60675
312.9		0.60675
313		0.60675
313.1		0.612176
313.2		0.612176
313.3		0.612176
313.4		0.612176
313.5		0.612176
313.6		0.612176
313.7		0.612176
313.8		0.612176
313.9		0.612176
314		0.612176
314.1		0.612697
314.2		0.612697
314.3		0.612697
314.4		0.612697
314.5		0.612697
314.6		0.612697
314.7		0.612697
314.8		0.612697
314.9		0.612697
315		0.612697
315.1		0.61465
315.2		0.61465
315.3		0.61465
315.4		0.61465
315.5		0.61465
315.6		0.61465
315.7		0.61465
315.8		0.61465
315.9		0.61465
316		0.61465
316.1		0.614867
316.2		0.614867
316.3		0.614867
316.4		0.614867
316.5		0.614867
316.6		0.614867
316.7		0.614867
316.8		0.614867
316.9		0.614867
317		0.614867
317.1		0.618882
317.2		0.618882
317.3		0.618882
317.4		0.618882
317.5		0.618882
317.6		0.618882
317.7		0.618882
317.8		0.618882
317.9		0.618882
318		0.618882
318.1		0.619685
318.2		0.619685
318.3		0.619685
318.4		0.619685
318.5		0.619685
318.6		0.619685
318.7		0.619685
318.8		0.619685
318.9		0.619685
319		0.619685
319.1		0.623592
319.2		0.623592
319.3		0.623592
319.4		0.623592
319.5		0.623592
319.6		0.623592
319.7		0.623592
319.8		0.623592
319.9		0.623592
320		0.623592
320.1		0.624265
320.2		0.624265
320.3		0.624265
320.4		0.624265
320.5		0.624265
320.6		0.624265
320.7		0.624265
320.8		0.624265
320.9		0.624265
321		0.624265
321.1		0.624721
321.2		0.624721
321.3		0.624721
321.4		0.624721
321.5		0.624721
321.6		0.624721
321.7		0.624721
321.8		0.624721
321.9		0.624721
322		0.624721
322.1		0.627976
322.2		0.627976
322.3		0.627976
322.4		0.627976
322.5		0.627976
322.6		0.627976
322.7		0.627976
322.8		0.627976
322.9		0.627976
323		0.627976
323.1		0.630928
323.2		0.630928
323.3		0.630928
323.4		0.630928
323.5		0.630928
323.6		0.630928
323.7		0.630928
323.8		0.630928
323.9		0.630928
324		0.630928
324.1		0.631319
324.2		0.631319
324.3		0.631319
324.4		0.631319
324.5		0.631319
324.6		0.631319
324.7		0.631319
324.8		0.631319
324.9		0.631319
325		0.631319
325.1		0.635203
325.2		0.635203
325.3		0.635203
325.4		0.635203
325.5		0.635203
325.6		0.635203
325.7		0.635203
325.8		0.635203
325.9		0.635203
326		0.635203
326.1		0.638003
326.2		0.638003
326.3		0.638003
326.4		0.638003
326.5		0.638003
326.6		0.638003
326.7		0.638003
326.8		0.638003
326.9		0.638003
327		0.638003
327.1		0.639327
327.2		0.639327
327.3		0.639327
327.4		0.639327
327.5		0.639327
327.6		0.639327
327.7		0.639327
327.8		0.639327
327.9		0.639327
328		0.639327
328.1		0.640477
328.2		0.640477
328.3		0.640477
328.4		0.640477
328.5		0.640477
328.6		0.640477
328.7		0.640477
328.8		0.640477
328.9		0.640477
329		0.640477
329.1		0.642127
329.2		0.642127
329.3		0.642127
329.4		0.642127
329.5		0.642127
329.6		0.642127
329.7		0.642127
329.8		0.642127
329.9		0.642127
330		0.642127
330.1		0.646272
330.2		0.646272
330.3		0.646272
330.4		0.646272
330.5		0.646272
330.6		0.646272
330.7		0.646272
330.8		0.646272
330.9		0.646272
331		0.646272
331.1		0.648985
331.2		0.648985
331.3		0.648985
331.4		0.648985
331.5		0.648985
331.6		0.648985
331.7		0.648985
331.8		0.648985
331.9		0.648985
332		0.648985
332.1		0.64994
332.2		0.64994
332.3		0.64994
332.4		0.64994
332.5		0.64994
332.6		0.64994
332.7		0.64994
332.8		0.64994
332.9		0.64994
333		0.64994
333.1		0.65198
333.2		0.65198
333.3		0.65198
333.4		0.65198
333.5		0.65198
333.6		0.65198
333.7		0.65198
333.8		0.65198
333.9		0.65198
334		0.65198
334.1		0.653912
334.2		0.653912
334.3		0.653912
334.4		0.653912
334.5		0.653912
334.6		0.653912
334.7		0.653912
334.8		0.653912
334.9		0.653912
335		0.653912
335.1		0.656039
335.2		0.656039
335.3		0.656039
335.4		0.656039
335.5		0.656039
335.6		0.656039
335.7		0.656039
335.8		0.656039
335.9		0.656039
336		0.656039
336.1		0.658839
336.2		0.658839
336.3		0.658839
336.4		0.658839
336.5		0.658839
336.6		0.658839
336.7		0.658839
336.8		0.658839
336.9		0.658839
337		0.658839
337.1		0.660423
337.2		0.660423
337.3		0.660423
337.4		0.660423
337.5		0.660423
337.6		0.660423
337.7		0.660423
337.8		0.660423
337.9		0.660423
338		0.660423
338.1		0.662333
338.2		0.662333
338.3		0.662333
338.4		0.662333
338.5		0.662333
338.6		0.662333
338.7		0.662333
338.8		0.662333
338.9		0.662333
339		0.662333
339.1		0.664764
339.2		0.664764
339.3		0.664764
339.4		0.664764
339.5		0.664764
339.6		0.664764
339.7		0.664764
339.8		0.664764
339.9		0.664764
340		0.664764
340.1		0.66561
340.2		0.66561
340.3		0.66561
340.4		0.66561
340.5		0.66561
340.6		0.66561
340.7		0.66561
340.8		0.66561
340.9		0.66561
341		0.66561
341.1		0.669756
341.2		0.669756
341.3		0.669756
341.4		0.669756
341.5		0.669756
341.6		0.669756
341.7		0.669756
341.8		0.669756
341.9		0.669756
342		0.669756
342.1		0.671818
342.2		0.671818
342.3		0.671818
342.4		0.671818
342.5		0.671818
342.6		0.671818
342.7		0.671818
342.8		0.671818
342.9		0.671818
343		0.671818
343.1		0.67529
343.2		0.67529
343.3		0.67529
343.4		0.67529
343.5		0.67529
343.6		0.67529
343.7		0.67529
343.8		0.67529
343.9		0.67529
344		0.67529
344.1		0.676506
344.2		0.676506
344.3		0.676506
344.4		0.676506
344.5		0.676506
344.6		0.676506
344.7		0.676506
344.8		0.676506
344.9		0.676506
345		0.676506
345.1		0.679175
345.2		0.679175
345.3		0.679175
345.4		0.679175
345.5		0.679175
345.6		0.679175
345.7		0.679175
345.8		0.679175
345.9		0.679175
346		0.679175
346.1		0.679501
346.2		0.679501
346.3		0.679501
346.4		0.679501
346.5		0.679501
346.6		0.679501
346.7		0.679501
346.8		0.679501
346.9		0.679501
347		0.679501
347.1		0.683407
347.2		0.683407
347.3		0.683407
347.4		0.683407
347.5		0.683407
347.6		0.683407
347.7		0.683407
347.8		0.683407
347.9		0.683407
348		0.683407
348.1		0.685252
348.2		0.685252
348.3		0.685252
348.4		0.685252
348.5		0.685252
348.6		0.685252
348.7		0.685252
348.8		0.685252
348.9		0.685252
349		0.685252
349.1		0.685513
349.2		0.685513
349.3		0.685513
349.4		0.685513
349.5		0.685513
349.6		0.685513
349.7		0.685513
349.8		0.685513
349.9		0.685513
350		0.685513
350.1		0.6856
350.2		0.6856
350.3		0.6856
350.4		0.6856
350.5		0.6856
350.6		0.6856
350.7		0.6856
350.8		0.6856
350.9		0.6856
351		0.6856
351.1		0.689832
351.2		0.689832
351.3		0.689832
351.4		0.689832
351.5		0.689832
351.6		0.689832
351.7		0.689832
351.8		0.689832
351.9		0.689832
352		0.689832
352.1		0.691915
352.2		0.691915
352.3		0.691915
352.4		0.691915
352.5		0.691915
352.6		0.691915
352.7		0.691915
352.8		0.691915
352.9		0.691915
353		0.691915
353.1		0.692784
353.2		0.692784
353.3		0.692784
353.4		0.692784
353.5		0.692784
353.6		0.692784
353.7		0.692784
353.8		0.692784
353.9		0.692784
354		0.692784
354.1		0.69656
354.2		0.69656
354.3		0.69656
354.4		0.69656
354.5		0.69656
354.6		0.69656
354.7		0.69656
354.8		0.69656
354.9		0.69656
355		0.69656
355.1		0.699598
355.2		0.699598
355.3		0.699598
355.4		0.699598
355.5		0.699598
355.6		0.699598
355.7		0.699598
355.8		0.699598
355.9		0.699598
356		0.699598
356.1		0.703093
356.2		0.703093
356.3		0.703093
356.4		0.703093
356.5		0.703093
356.6		0.703093
356.7		0.703093
356.8		0.703093
356.9		0.703093
357		0.703093
357.1		0.704482
357.2		0.704482
357.3		0.704482
357.4		0.704482
357.5		0.704482
357.6		0.704482
357.7		0.704482
357.8		0.704482
357.9		0.704482
358		0.704482
358.1		0.708953
358.2		0.708953
358.3		0.708953
358.4		0.708953
358.5		0.708953
358.6		0.708953
358.7		0.708953
358.8		0.708953
358.9		0.708953
359		0.708953
359.1		0.712686
359.2		0.712686
359.3		0.712686
359.4		0.712686
359.5		0.712686
359.6		0.712686
359.7		0.712686
359.8		0.712686
359.9		0.712686
360		0.712686
360.1		0.715073
360.2		0.715073
360.3		0.715073
360.4		0.715073
360.5		0.715073
360.6		0.715073
360.7		0.715073
360.8		0.715073
360.9		0.715073
361		0.715073
361.1		0.71529
361.2		0.71529
361.3		0.71529
361.4		0.71529
361.5		0.71529
361.6		0.71529
361.7		0.71529
361.8		0.71529
361.9		0.71529
362		0.71529
362.1		0.719219
362.2		0.719219
362.3		0.719219
362.4		0.719219
362.5		0.719219
362.6		0.719219
362.7		0.719219
362.8		0.719219
362.9		0.719219
363		0.719219
363.1		0.722192
363.2		0.722192
363.3		0.722192
363.4		0.722192
363.5		0.722192
363.6		0.722192
363.7		0.722192
363.8		0.722192
363.9		0.722192
364		0.722192
364.1		0.722604
364.2		0.722604
364.3		0.722604
364.4		0.722604
364.5		0.722604
364.6		0.722604
364.7		0.722604
364.8		0.722604
364.9		0.722604
365		0.722604
365.1		0.725773
365.2		0.725773
365.3		0.725773
365.4		0.725773
365.5		0.725773
365.6		0.725773
365.7		0.725773
365.8		0.725773
365.9		0.725773
366		0.725773
366.1		0.726055
366.2		0.726055
366.3		0.726055
366.4		0.726055
366.5		0.726055
366.6		0.726055
366.7		0.726055
366.8		0.726055
366.9		0.726055
367		0.726055
367.1		0.726815
367.2		0.726815
367.3		0.726815
367.4		0.726815
367.5		0.726815
367.6		0.726815
367.7		0.726815
367.8		0.726815
367.9		0.726815
368		0.726815
368.1		0.731937
368.2		0.731937
368.3		0.731937
368.4		0.731937
368.5		0.731937
368.6		0.731937
368.7		0.731937
368.8		0.731937
368.9		0.731937
369		0.731937
369.1		0.733543
369.2		0.733543
369.3		0.733543
369.4		0.733543
369.5		0.733543
369.6		0.733543
369.7		0.733543
369.8		0.733543
369.9		0.733543
370		0.733543
370.1		0.736734
370.2		0.736734
370.3		0.736734
370.4		0.736734
370.5		0.736734
370.6		0.736734
370.7		0.736734
370.8		0.736734
370.9		0.736734
371		0.736734
371.1		0.738101
371.2		0.738101
371.3		0.738101
371.4		0.738101
371.5		0.738101
371.6		0.738101
371.7		0.738101
371.8		0.738101
371.9		0.738101
372		0.738101
372.1		0.738426
372.2		0.738426
372.3		0.738426
372.4		0.738426
372.5		0.738426
372.6		0.738426
372.7		0.738426
372.8		0.738426
372.9		0.738426
373		0.738426
373.1		0.739946
373.2		0.739946
373.3		0.739946
373.4		0.739946
373.5		0.739946
373.6		0.739946
373.7		0.739946
373.8		0.739946
373.9		0.739946
374		0.739946
374.1		0.743918
374.2		0.743918
374.3		0.743918
374.4		0.743918
374.5		0.743918
374.6		0.743918
374.7		0.743918
374.8		0.743918
374.9		0.743918
375		0.743918
375.1		0.746413
375.2		0.746413
375.3		0.746413
375.4		0.746413
375.5		0.746413
375.6		0.746413
375.7		0.746413
375.8		0.746413
375.9		0.746413
376		0.746413
376.1		0.747954
376.2		0.747954
376.3		0.747954
376.4		0.747954
376.5		0.747954
376.6		0.747954
376.7		0.747954
376.8		0.747954
376.9		0.747954
377		0.747954
377.1		0.750602
377.2		0.750602
377.3		0.750602
377.4		0.750602
377.5		0.750602
377.6		0.750602
377.7		0.750602
377.8		0.750602
377.9		0.750602
378		0.750602
378.1		0.75147
378.2		0.75147
378.3		0.75147
378.4		0.75147
378.5		0.75147
378.6		0.75147
378.7		0.75147
378.8		0.75147
378.9		0.75147
379		0.75147
379.1		0.7521
379.2		0.7521
379.3		0.7521
379.4		0.7521
379.5		0.7521
379.6		0.7521
379.7		0.7521
379.8		0.7521
379.9		0.7521
380		0.7521
380.1		0.753901
380.2		0.753901
380.3		0.753901
380.4		0.753901
380.5		0.753901
380.6		0.753901
380.7		0.753901
380.8		0.753901
380.9		0.753901
381		0.753901
381.1		0.75911
381.2		0.75911
381.3		0.75911
381.4		0.75911
381.5		0.75911
381.6		0.75911
381.7		0.75911
381.8		0.75911
381.9		0.75911
382		0.75911
382.1		0.760608
382.2		0.760608
382.3		0.760608
382.4		0.760608
382.5		0.760608
382.6		0.760608
382.7		0.760608
382.8		0.760608
382.9		0.760608
383		0.760608
383.1		0.764015
383.2		0.764015
383.3		0.764015
383.4		0.764015
383.5		0.764015
383.6		0.764015
383.7		0.764015
383.8		0.764015
383.9		0.764015
384		0.764015
384.1		0.764124
384.2		0.764124
384.3		0.764124
384.4		0.764124
384.5		0.764124
384.6		0.764124
384.7		0.764124
384.8		0.764124
384.9		0.764124
385		0.764124
385.1		0.765317
385.2		0.765317
385.3		0.765317
385.4		0.765317
385.5		0.765317
385.6		0.765317
385.7		0.765317
385.8		0.765317
385.9		0.765317
386		0.765317
386.1		0.765621
386.2		0.765621
386.3		0.765621
386.4		0.765621
386.5		0.765621
386.6		0.765621
386.7		0.765621
386.8		0.765621
386.9		0.765621
387		0.765621
387.1		0.769506
387.2		0.769506
387.3		0.769506
387.4		0.769506
387.5		0.769506
387.6		0.769506
387.7		0.769506
387.8		0.769506
387.9		0.769506
388		0.769506
388.1		0.770722
388.2		0.770722
388.3		0.770722
388.4		0.770722
388.5		0.770722
388.6		0.770722
388.7		0.770722
388.8		0.770722
388.9		0.770722
389		0.770722
389.1		0.771612
389.2		0.771612
389.3		0.771612
389.4		0.771612
389.5		0.771612
389.6		0.771612
389.7		0.771612
389.8		0.771612
389.9		0.771612
390		0.771612
390.1		0.773543
390.2		0.773543
390.3		0.773543
390.4		0.773543
390.5		0.773543
390.6		0.773543
390.7		0.773543
390.8		0.773543
390.9		0.773543
391		0.773543
391.1		0.775974
391.2		0.775974
391.3		0.775974
391.4		0.775974
391.5		0.775974
391.6		0.775974
391.7		0.775974
391.8		0.775974
391.9		0.775974
392		0.775974
392.1		0.779598
392.2		0.779598
392.3		0.779598
392.4		0.779598
392.5		0.779598
392.6		0.779598
392.7		0.779598
392.8		0.779598
392.9		0.779598
393		0.779598
393.1		0.78331
393.2		0.78331
393.3		0.78331
393.4		0.78331
393.5		0.78331
393.6		0.78331
393.7		0.78331
393.8		0.78331
393.9		0.78331
394		0.78331
394.1		0.783375
394.2		0.783375
394.3		0.783375
394.4		0.783375
394.5		0.783375
394.6		0.783375
394.7		0.783375
394.8		0.783375
394.9		0.783375
395		0.783375
395.1		0.783592
395.2		0.783592
395.3		0.783592
395.4		0.783592
395.5		0.783592
395.6		0.783592
395.7		0.783592
395.8		0.783592
395.9		0.783592
396		0.783592
396.1		0.786262
396.2		0.786262
396.3		0.786262
396.4		0.786262
396.5		0.786262
396.6		0.786262
396.7		0.786262
396.8		0.786262
396.9		0.786262
397		0.786262
397.1		0.791058
397.2		0.791058
397.3		0.791058
397.4		0.791058
397.5		0.791058
397.6		0.791058
397.7		0.791058
397.8		0.791058
397.9		0.791058
398		0.791058
398.1		0.793424
398.2		0.793424
398.3		0.793424
398.4		0.793424
398.5		0.793424
398.6		0.793424
398.7		0.793424
398.8		0.793424
398.9		0.793424
399		0.793424
399.1		0.793814
399.2		0.793814
399.3		0.793814
399.4		0.793814
399.5		0.793814
399.6		0.793814
399.7		0.793814
399.8		0.793814
399.9		0.793814
400		0.793814
400.1		0.794053
400.2		0.794053
400.3		0.794053
400.4		0.794053
400.5		0.794053
400.6		0.794053
400.7		0.794053
400.8		0.794053
400.9		0.794053
401		0.794053
401.1		0.796115
401.2		0.796115
401.3		0.796115
401.4		0.796115
401.5		0.796115
401.6		0.796115
401.7		0.796115
401.8		0.796115
401.9		0.796115
402		0.796115
402.1		0.799154
402.2		0.799154
402.3		0.799154
402.4		0.799154
402.5		0.799154
402.6		0.799154
402.7		0.799154
402.8		0.799154
402.9		0.799154
403		0.799154
403.1		0.804145
403.2		0.804145
403.3		0.804145
403.4		0.804145
403.5		0.804145
403.6		0.804145
403.7		0.804145
403.8		0.804145
403.9		0.804145
404		0.804145
404.1		0.806489
404.2		0.806489
404.3		0.806489
404.4		0.806489
404.5		0.806489
404.6		0.806489
404.7		0.806489
404.8		0.806489
404.9		0.806489
405		0.806489
405.1		0.806902
405.2		0.806902
405.3		0.806902
405.4		0.806902
405.5		0.806902
405.6		0.806902
405.7		0.806902
405.8		0.806902
405.9		0.806902
406		0.806902
406.1		0.808313
406.2		0.808313
406.3		0.808313
406.4		0.808313
406.5		0.808313
406.6		0.808313
406.7		0.808313
406.8		0.808313
406.9		0.808313
407		0.808313
407.1		0.811112
407.2		0.811112
407.3		0.811112
407.4		0.811112
407.5		0.811112
407.6		0.811112
407.7		0.811112
407.8		0.811112
407.9		0.811112
408		0.811112
408.1		0.811872
408.2		0.811872
408.3		0.811872
408.4		0.811872
408.5		0.811872
408.6		0.811872
408.7		0.811872
408.8		0.811872
408.9		0.811872
409		0.811872
409.1		0.817754
409.2		0.817754
409.3		0.817754
409.4		0.817754
409.5		0.817754
409.6		0.817754
409.7		0.817754
409.8		0.817754
409.9		0.817754
410		0.817754
410.1		0.818231
410.2		0.818231
410.3		0.818231
410.4		0.818231
410.5		0.818231
410.6		0.818231
410.7		0.818231
410.8		0.818231
410.9		0.818231
411		0.818231
411.1		0.818405
411.2		0.818405
411.3		0.818405
411.4		0.818405
411.5		0.818405
411.6		0.818405
411.7		0.818405
411.8		0.818405
411.9		0.818405
412		0.818405
412.1		0.819577
412.2		0.819577
412.3		0.819577
412.4		0.819577
412.5		0.819577
412.6		0.819577
412.7		0.819577
412.8		0.819577
412.9		0.819577
413		0.819577
413.1		0.821595
413.2		0.821595
413.3		0.821595
413.4		0.821595
413.5		0.821595
413.6		0.821595
413.7		0.821595
413.8		0.821595
413.9		0.821595
414		0.821595
414.1		0.823418
414.2		0.823418
414.3		0.823418
414.4		0.823418
414.5		0.823418
414.6		0.823418
414.7		0.823418
414.8		0.823418
414.9		0.823418
415		0.823418
415.1		0.826848
415.2		0.826848
415.3		0.826848
415.4		0.826848
415.5		0.826848
415.6		0.826848
415.7		0.826848
415.8		0.826848
415.9		0.826848
416		0.826848
416.1		0.827933
416.2		0.827933
416.3		0.827933
416.4		0.827933
416.5		0.827933
416.6		0.827933
416.7		0.827933
416.8		0.827933
416.9		0.827933
417		0.827933
417.1		0.82904
417.2		0.82904
417.3		0.82904
417.4		0.82904
417.5		0.82904
417.6		0.82904
417.7		0.82904
417.8		0.82904
417.9		0.82904
418		0.82904
418.1		0.831666
418.2		0.831666
418.3		0.831666
418.4		0.831666
418.5		0.831666
418.6		0.831666
418.7		0.831666
418.8		0.831666
418.9		0.831666
419		0.831666
419.1		0.83401
419.2		0.83401
419.3		0.83401
419.4		0.83401
419.5		0.83401
419.6		0.83401
419.7		0.83401
419.8		0.83401
419.9		0.83401
420		0.83401
420.1		0.83592
420.2		0.83592
420.3		0.83592
420.4		0.83592
420.5		0.83592
420.6		0.83592
420.7		0.83592
420.8		0.83592
420.9		0.83592
421		0.83592
421.1		0.837547
421.2		0.837547
421.3		0.837547
421.4		0.837547
421.5		0.837547
421.6		0.837547
421.7		0.837547
421.8		0.837547
421.9		0.837547
422		0.837547
422.1		0.838698
422.2		0.838698
422.3		0.838698
422.4		0.838698
422.5		0.838698
422.6		0.838698
422.7		0.838698
422.8		0.838698
422.9		0.838698
423		0.838698
423.1		0.842301
423.2		0.842301
423.3		0.842301
423.4		0.842301
423.5		0.842301
423.6		0.842301
423.7		0.842301
423.8		0.842301
423.9		0.842301
424		0.842301
424.1		0.843907
424.2		0.843907
424.3		0.843907
424.4		0.843907
424.5		0.843907
424.6		0.843907
424.7		0.843907
424.8		0.843907
424.9		0.843907
425		0.843907
425.1		0.845643
425.2		0.845643
425.3		0.845643
425.4		0.845643
425.5		0.845643
425.6		0.845643
425.7		0.845643
425.8		0.845643
425.9		0.845643
426		0.845643
426.1		0.849159
426.2		0.849159
426.3		0.849159
426.4		0.849159
426.5		0.849159
426.6		0.849159
426.7		0.849159
426.8		0.849159
426.9		0.849159
427		0.849159
427.1		0.850049
427.2		0.850049
427.3		0.850049
427.4		0.850049
427.5		0.850049
427.6		0.850049
427.7		0.850049
427.8		0.850049
427.9		0.850049
428		0.850049
428.1		0.850374
428.2		0.850374
428.3		0.850374
428.4		0.850374
428.5		0.850374
428.6		0.850374
428.7		0.850374
428.8		0.850374
428.9		0.850374
429		0.850374
429.1		0.85465
429.2		0.85465
429.3		0.85465
429.4		0.85465
429.5		0.85465
429.6		0.85465
429.7		0.85465
429.8		0.85465
429.9		0.85465
430		0.85465
430.1		0.856907
430.2		0.856907
430.3		0.856907
430.4		0.856907
430.5		0.856907
430.6		0.856907
430.7		0.856907
430.8		0.856907
430.9		0.856907
431		0.856907
431.1		0.856907
431.2		0.856907
431.3		0.856907
431.4		0.856907
431.5		0.856907
431.6		0.856907
431.7		0.856907
431.8		0.856907
431.9		0.856907
432		0.856907
432.1		0.861074
432.2		0.861074
432.3		0.861074
432.4		0.861074
432.5		0.861074
432.6		0.861074
432.7		0.861074
432.8		0.861074
432.9		0.861074
433		0.861074
433.1		0.862268
433.2		0.862268
433.3		0.862268
433.4		0.862268
433.5		0.862268
433.6		0.862268
433.7		0.862268
433.8		0.862268
433.9		0.862268
434		0.862268
434.1		0.863353
434.2		0.863353
434.3		0.863353
434.4		0.863353
434.5		0.863353
434.6		0.863353
434.7		0.863353
434.8		0.863353
434.9		0.863353
435		0.863353
435.1		0.865914
435.2		0.865914
435.3		0.865914
435.4		0.865914
435.5		0.865914
435.6		0.865914
435.7		0.865914
435.8		0.865914
435.9		0.865914
436		0.865914
436.1		0.866934
436.2		0.866934
436.3		0.866934
436.4		0.866934
436.5		0.866934
436.6		0.866934
436.7		0.866934
436.8		0.866934
436.9		0.866934
437		0.866934
437.1		0.87019
437.2		0.87019
437.3		0.87019
437.4		0.87019
437.5		0.87019
437.6		0.87019
437.7		0.87019
437.8		0.87019
437.9		0.87019
438		0.87019
438.1		0.873163
438.2		0.873163
438.3		0.873163
438.4		0.873163
438.5		0.873163
438.6		0.873163
438.7		0.873163
438.8		0.873163
438.9		0.873163
439		0.873163
439.1		0.87401
439.2		0.87401
439.3		0.87401
439.4		0.87401
439.5		0.87401
439.6		0.87401
439.7		0.87401
439.8		0.87401
439.9		0.87401
440		0.87401
440.1		0.878307
440.2		0.878307
440.3		0.878307
440.4		0.878307
440.5		0.878307
440.6		0.878307
440.7		0.878307
440.8		0.878307
440.9		0.878307
441		0.878307
441.1		0.878741
441.2		0.878741
441.3		0.878741
441.4		0.878741
441.5		0.878741
441.6		0.878741
441.7		0.878741
441.8		0.878741
441.9		0.878741
442		0.878741
442.1		0.880065
442.2		0.880065
442.3		0.880065
442.4		0.880065
442.5		0.880065
442.6		0.880065
442.7		0.880065
442.8		0.880065
442.9		0.880065
443		0.880065
443.1		0.882127
443.2		0.882127
443.3		0.882127
443.4		0.882127
443.5		0.882127
443.6		0.882127
443.7		0.882127
443.8		0.882127
443.9		0.882127
444		0.882127
444.1		0.884059
444.2		0.884059
444.3		0.884059
444.4		0.884059
444.5		0.884059
444.6		0.884059
444.7		0.884059
444.8		0.884059
444.9		0.884059
445		0.884059
445.1		0.885165
445.2		0.885165
445.3		0.885165
445.4		0.885165
445.5		0.885165
445.6		0.885165
445.7		0.885165
445.8		0.885165
445.9		0.885165
446		0.885165
446.1		0.888095
446.2		0.888095
446.3		0.888095
446.4		0.888095
446.5		0.888095
446.6		0.888095
446.7		0.888095
446.8		0.888095
446.9		0.888095
447		0.888095
447.1		0.889159
447.2		0.889159
447.3		0.889159
447.4		0.889159
447.5		0.889159
447.6		0.889159
447.7		0.889159
447.8		0.889159
447.9		0.889159
448		0.889159
448.1		0.893652
448.2		0.893652
448.3		0.893652
448.4		0.893652
448.5		0.893652
448.6		0.893652
448.7		0.893652
448.8		0.893652
448.9		0.893652
449		0.893652
449.1		0.89491
449.2		0.89491
449.3		0.89491
449.4		0.89491
449.5		0.89491
449.6		0.89491
449.7		0.89491
449.8		0.89491
449.9		0.89491
450		0.89491
450.1		0.895562
450.2		0.895562
450.3		0.895562
450.4		0.895562
450.5		0.895562
450.6		0.895562
450.7		0.895562
450.8		0.895562
450.9		0.895562
451		0.895562
451.1		0.895757
451.2		0.895757
451.3		0.895757
451.4		0.895757
451.5		0.895757
451.6		0.895757
451.7		0.895757
451.8		0.895757
451.9		0.895757
452		0.895757
452.1		0.90077
452.2		0.90077
452.3		0.90077
452.4		0.90077
452.5		0.90077
452.6		0.90077
452.7		0.90077
452.8		0.90077
452.9		0.90077
453		0.90077
453.1		0.901074
453.2		0.901074
453.3		0.901074
453.4		0.901074
453.5		0.901074
453.6		0.901074
453.7		0.901074
453.8		0.901074
453.9		0.901074
454		0.901074
454.1		0.904308
454.2		0.904308
454.3		0.904308
454.4		0.904308
454.5		0.904308
454.6		0.904308
454.7		0.904308
454.8		0.904308
454.9		0.904308
455		0.904308
455.1		0.904721
455.2		0.904721
455.3		0.904721
455.4		0.904721
455.5		0.904721
455.6		0.904721
455.7		0.904721
455.8		0.904721
455.9		0.904721
456		0.904721
456.1		0.905176
456.2		0.905176
456.3		0.905176
456.4		0.905176
456.5		0.905176
456.6		0.905176
456.7		0.905176
456.8		0.905176
456.9		0.905176
457		0.905176
457.1		0.909192
457.2		0.909192
457.3		0.909192
457.4		0.909192
457.5		0.909192
457.6		0.909192
457.7		0.909192
457.8		0.909192
457.9		0.909192
458		0.909192
458.1		0.911232
458.2		0.911232
458.3		0.911232
458.4		0.911232
458.5		0.911232
458.6		0.911232
458.7		0.911232
458.8		0.911232
458.9		0.911232
459		0.911232
459.1		0.911492
459.2		0.911492
459.3		0.911492
459.4		0.911492
459.5		0.911492
459.6		0.911492
459.7		0.911492
459.8		0.911492
459.9		0.911492
460		0.911492
460.1		0.917634
460.2		0.917634
460.3		0.917634
460.4		0.917634
460.5		0.917634
460.6		0.917634
460.7		0.917634
460.8		0.917634
460.9		0.917634
461		0.917634
461.1		0.917873
461.2		0.917873
461.3		0.917873
461.4		0.917873
461.5		0.917873
461.6		0.917873
461.7		0.917873
461.8		0.917873
461.9		0.917873
462		0.917873
462.1		0.918329
462.2		0.918329
462.3		0.918329
462.4		0.918329
462.5		0.918329
462.6		0.918329
462.7		0.918329
462.8		0.918329
462.9		0.918329
463		0.918329
463.1		0.92089
463.2		0.92089
463.3		0.92089
463.4		0.92089
463.5		0.92089
463.6		0.92089
463.7		0.92089
463.8		0.92089
463.9		0.92089
464		0.92089
464.1		0.923039
464.2		0.923039
464.3		0.923039
464.4		0.923039
464.5		0.923039
464.6		0.923039
464.7		0.923039
464.8		0.923039
464.9		0.923039
465		0.923039
465.1		0.925556
465.2		0.925556
465.3		0.925556
465.4		0.925556
465.5		0.925556
465.6		0.925556
465.7		0.925556
465.8		0.925556
465.9		0.925556
466		0.925556
466.1		0.927444
466.2		0.927444
466.3		0.927444
466.4		0.927444
466.5		0.927444
466.6		0.927444
466.7		0.927444
466.8		0.927444
466.9		0.927444
467		0.927444
467.1		0.928703
467.2		0.928703
467.3		0.928703
467.4		0.928703
467.5		0.928703
467.6		0.928703
467.7		0.928703
467.8		0.928703
467.9		0.928703
468		0.928703
468.1		0.929702
468.2		0.929702
468.3		0.929702
468.4		0.929702
468.5		0.929702
468.6		0.929702
468.7		0.929702
468.8		0.929702
468.9		0.929702
469		0.929702
469.1		0.932935
469.2		0.932935
469.3		0.932935
469.4		0.932935
469.5		0.932935
469.6		0.932935
469.7		0.932935
469.8		0.932935
469.9		0.932935
470		0.932935
470.1		0.934563
470.2		0.934563
470.3		0.934563
470.4		0.934563
470.5		0.934563
470.6		0.934563
470.7		0.934563
470.8		0.934563
470.9		0.934563
471		0.934563
471.1		0.93682
471.2		0.93682
471.3		0.93682
471.4		0.93682
471.5		0.93682
471.6		0.93682
471.7		0.93682
471.8		0.93682
471.9		0.93682
472		0.93682
472.1		0.939121
472.2		0.939121
472.3		0.939121
472.4		0.939121
472.5		0.939121
472.6		0.939121
472.7		0.939121
472.8		0.939121
472.9		0.939121
473		0.939121
473.1		0.939794
473.2		0.939794
473.3		0.939794
473.4		0.939794
473.5		0.939794
473.6		0.939794
473.7		0.939794
473.8		0.939794
473.9		0.939794
474		0.939794
474.1		0.943679
474.2		0.943679
474.3		0.943679
474.4		0.943679
474.5		0.943679
474.6		0.943679
474.7		0.943679
474.8		0.943679
474.9		0.943679
475		0.943679
475.1		0.944026
475.2		0.944026
475.3		0.944026
475.4		0.944026
475.5		0.944026
475.6		0.944026
475.7		0.944026
475.8		0.944026
475.9		0.944026
476		0.944026
476.1		0.945654
476.2		0.945654
476.3		0.945654
476.4		0.945654
476.5		0.945654
476.6		0.945654
476.7		0.945654
476.8		0.945654
476.9		0.945654
477		0.945654
477.1		0.948736
477.2		0.948736
477.3		0.948736
477.4		0.948736
477.5		0.948736
477.6		0.948736
477.7		0.948736
477.8		0.948736
477.9		0.948736
478		0.948736
478.1		0.949235
478.2		0.949235
478.3		0.949235
478.4		0.949235
478.5		0.949235
478.6		0.949235
478.7		0.949235
478.8		0.949235
478.9		0.949235
479		0.949235
479.1		0.949799
479.2		0.949799
479.3		0.949799
479.4		0.949799
479.5		0.949799
479.6		0.949799
479.7		0.949799
479.8		0.949799
479.9		0.949799
480		0.949799
480.1		0.955724
480.2		0.955724
480.3		0.955724
480.4		0.955724
480.5		0.955724
480.6		0.955724
480.7		0.955724
480.8		0.955724
480.9		0.955724
481		0.955724
481.1		0.957092
481.2		0.957092
481.3		0.957092
481.4		0.957092
481.5		0.957092
481.6		0.957092
481.7		0.957092
481.8		0.957092
481.9		0.957092
482		0.957092
482.1		0.957244
482.2		0.957244
482.3		0.957244
482.4		0.957244
482.5		0.957244
482.6		0.957244
482.7		0.957244
482.8		0.957244
482.9		0.957244
483		0.957244
483.1		0.959783
483.2		0.959783
483.3		0.959783
483.4		0.959783
483.5		0.959783
483.6		0.959783
483.7		0.959783
483.8		0.959783
483.9		0.959783
484		0.959783
484.1		0.960586
484.2		0.960586
484.3		0.960586
484.4		0.960586
484.5		0.960586
484.6		0.960586
484.7		0.960586
484.8		0.960586
484.9		0.960586
485		0.960586
485.1		0.96076
485.2		0.96076
485.3		0.96076
485.4		0.96076
485.5		0.96076
485.6		0.96076
485.7		0.96076
485.8		0.96076
485.9		0.96076
486		0.96076
486.1		0.966403
486.2		0.966403
486.3		0.966403
486.4		0.966403
486.5		0.966403
486.6		0.966403
486.7		0.966403
486.8		0.966403
486.9		0.966403
487		0.966403
487.1		0.969897
487.2		0.969897
487.3		0.969897
487.4		0.969897
487.5		0.969897
487.6		0.969897
487.7		0.969897
487.8		0.969897
487.9		0.969897
488		0.969897
488.1		0.972632
488.2		0.972632
488.3		0.972632
488.4		0.972632
488.5		0.972632
488.6		0.972632
488.7		0.972632
488.8		0.972632
488.9		0.972632
489		0.972632
489.1		0.972849
489.2		0.972849
489.3		0.972849
489.4		0.972849
489.5		0.972849
489.6		0.972849
489.7		0.972849
489.8		0.972849
489.9		0.972849
490		0.972849
490.1		0.974455
490.2		0.974455
490.3		0.974455
490.4		0.974455
490.5		0.974455
490.6		0.974455
490.7		0.974455
490.8		0.974455
490.9		0.974455
491		0.974455
491.1		0.978535
491.2		0.978535
491.3		0.978535
491.4		0.978535
491.5		0.978535
491.6		0.978535
491.7		0.978535
491.8		0.978535
491.9		0.978535
492		0.978535
492.1		0.978926
492.2		0.978926
492.3		0.978926
492.4		0.978926
492.5		0.978926
492.6		0.978926
492.7		0.978926
492.8		0.978926
492.9		0.978926
493		0.978926
493.1		0.983939
493.2		0.983939
493.3		0.983939
493.4		0.983939
493.5		0.983939
493.6		0.983939
493.7		0.983939
493.8		0.983939
493.9		0.983939
494		0.983939
494.1		0.984764
494.2		0.984764
494.3		0.984764
494.4		0.984764
494.5		0.984764
494.6		0.984764
494.7		0.984764
494.8		0.984764
494.9		0.984764
495		0.984764
495.1		0.986196
495.2		0.986196
495.3		0.986196
495.4		0.986196
495.5		0.986196
495.6		0.986196
495.7		0.986196
495.8		0.986196
495.9		0.986196
496		0.986196
496.1		0.98713
496.2		0.98713
496.3		0.98713
496.4		0.98713
496.5		0.98713
496.6		0.98713
496.7		0.98713
496.8		0.98713
496.9		0.98713
497		0.98713
497.1		0.990364
497.2		0.990364
497.3		0.990364
497.4		0.990364
497.5		0.990364
497.6		0.990364
497.7		0.990364
497.8		0.990364
497.9		0.990364
498		0.990364
498.1		0.992534
498.2		0.992534
498.3		0.992534
498.4		0.992534
498.5		0.992534
498.6		0.992534
498.7		0.992534
498.8		0.992534
498.9		0.992534
499		0.992534
499.1		0.99388
499.2		0.99388
499.3		0.99388
499.4		0.99388
499.5		0.99388
499.6		0.99388
499.7		0.99388
499.8		0.99388
499.9		0.99388
500		0.99388
500.1		0.996202
500.2		0.996202
500.3		0.996202
500.4		0.996202
500.5		0.996202
500.6		0.996202
500.7		0.996202
500.8		0.996202
500.9		0.996202
501		0.996202
501.1		0.997656
501.2		0.997656
501.3		0.997656
501.4		0.997656
501.5		0.997656
501.6		0.997656
501.7		0.997656
501.8		0.997656
501.9		0.997656
502		0.997656
502.1		0.997808
502.2		0.997808
502.3		0.997808
502.4		0.997808
502.5		0.997808
502.6		0.997808
502.7		0.997808
502.8		0.997808
502.9		0.997808
503		0.997808
503.1		1
503.2		1
503.3		1
503.4		1
503.5		1
503.6		1
503.7		1
503.8		1
503.9		1
504		1
504.1		1
504.2		1
504.3		1
504.4		1
504.5		1
504.6		1
504.7		1
504.8		1
504.9		1
505		1
505.1		1
505.2		1
505.3		1
505.4		1
505.5		1
505.6		1
505.7		1
505.8		1
505.9		1
506		1
506.1		1
506.2		1
506.3		1
506.4		1
506.5		1
506.6		1
506.7		1
506.8		1
506.9		1
507		1
507.1		1
507.2		1
507.3		1
507.4		1
507.5		1
507.6		1
507.7		1
507.8		1
507.9		1
508		1
508.1		1
508.2		1
508.3		1
508.4		1
508.5		1
508.6		1
508.7		1
508.8		1
508.9		1
509		1
509.1		1
509.2		1
509.3		1
509.4		1
509.5		1
509.6		1
509.7		1
509.8		1
509.9		1
510		1
510.1		1
510.2		1
510.3		1
510.4		1
510.5		1
510.6		1
510.7		1
510.8		1
510.9		1
511		1
511.1		1
511.2		1
511.3		1
511.4		1
511.5		1
511.6		1
511.7		1
511.8		1
511.9		1
512		1
512.1		1
512.2		1
512.3		1
512.4		1
512.5		1
512.6		1
512.7		1
512.8		1
512.9		1
513		1
513.1		1
513.2		1
513.3		1
513.4		1
513.5		1
513.6		1
513.7		1
513.8		1
513.9		1
514		1
514.1		1
514.2		1
514.3		1
514.4		1
514.5		1
514.6		1
514.7		1
514.8		1
514.9		1
515		1
515.1		1
515.2		1
515.3		1
515.4		1
515.5		1
515.6		1
515.7		1
515.8		1
515.9		1
516		1
516.1		1
516.2		1
516.3		1
516.4		1
516.5		1
516.6		1
516.7		1
516.8		1
516.9		1
517		1
517.1		1
517.2		1
517.3		1
517.4		1
517.5		1
517.6		1
517.7		1
517.8		1
517.9		1
518		1
518.1		1
518.2		1
518.3		1
518.4		1
518.5		1
518.6		1
518.7		1
518.8		1
518.9		1
519		1
519.1		1
519.2		1
519.3		1
519.4		1
519.5		1
519.6		1
519.7		1
519.8		1
519.9		1
520		1
520.1		1
520.2		1
520.3		1
520.4		1
520.5		1
520.6		1
520.7		1
520.8		1
520.9		1
521		1
521.1		1
521.2		1
521.3		1
521.4		1
521.5		1
521.6		1
521.7		1
521.8		1
521.9		1
522		1
522.1		1
522.2		1
522.3		1
522.4		1
522.5		1
522.6		1
522.7		1
522.8		1
522.9		1
523		1
523.1		1
523.2		1
523.3		1
523.4		1
523.5		1
523.6		1
523.7		1
523.8		1
523.9		1
524		1
524.1		1
524.2		1
524.3		1
524.4		1
524.5		1
524.6		1
524.7		1
524.8		1
524.9		1
525		1
525.1		1
525.2		1
525.3		1
525.4		1
525.5		1
525.6		1
525.7		1
525.8		1
525.9		1
526		1
526.1		1
526.2		1
526.3		1
526.4		1
526.5		1
526.6		1
526.7		1
526.8		1
526.9		1
527		1
527.1		1
527.2		1
527.3		1
527.4		1
527.5		1
527.6		1
527.7		1
527.8		1
527.9		1
528		1
528.1		1
528.2		1
528.3		1
528.4		1
528.5		1
528.6		1
528.7		1
528.8		1
528.9		1
529		1
529.1		1
529.2		1
529.3		1
529.4		1
529.5		1
529.6		1
529.7		1
529.8		1
529.9		1
530		1
530.1		1
530.2		1
530.3		1
530.4		1
530.5		1
530.6		1
530.7		1
530.8		1
530.9		1
531		1
531.1		1
531.2		1
531.3		1
531.4		1
531.5		1
531.6		1
531.7		1
531.8		1
531.9		1
532		1
532.1		1
532.2		1
532.3		1
532.4		1
532.5		1
532.6		1
532.7		1
532.8		1
532.9		1
533		1
533.1		1
533.2		1
533.3		1
533.4		1
533.5		1
533.6		1
533.7		1
533.8		1
533.9		1
534		1
534.1		1
534.2		1
534.3		1
534.4		1
534.5		1
534.6		1
534.7		1
534.8		1
534.9		1
535		1
535.1		1
535.2		1
535.3		1
535.4		1
535.5		1
535.6		1
535.7		1
535.8		1
535.9		1
536		1
536.1		1
536.2		1
536.3		1
536.4		1
536.5		1
536.6		1
536.7		1
536.8		1
536.9		1
537		1
537.1		1
537.2		1
537.3		1
537.4		1
537.5		1
537.6		1
537.7		1
537.8		1
537.9		1
538		1
538.1		1
538.2		1
538.3		1
538.4		1
538.5		1
538.6		1
538.7		1
538.8		1
538.9		1
539		1
539.1		1
539.2		1
539.3		1
539.4		1
539.5		1
539.6		1
539.7		1
539.8		1
539.9		1
540		1
540.1		1
540.2		1
540.3		1
540.4		1
540.5		1
540.6		1
540.7		1
540.8		1
540.9		1
541		1
541.1		1
541.2		1
541.3		1
541.4		1
541.5		1
541.6		1
541.7		1
541.8		1
541.9		1
542		1
542.1		1
542.2		1
542.3		1
542.4		1
542.5		1
542.6		1
542.7		1
542.8		1
542.9		1
543		1
543.1		1
543.2		1
543.3		1
543.4		1
543.5		1
543.6		1
543.7		1
543.8		1
543.9		1
544		1
544.1		1
544.2		1
544.3		1
544.4		1
544.5		1
544.6		1
544.7		1
544.8		1
544.9		1
545		1
545.1		1
545.2		1
545.3		1
545.4		1
545.5		1
545.6		1
545.7		1
545.8		1
545.9		1
546		1
546.1		1
546.2		1
546.3		1
546.4		1
546.5		1
546.6		1
546.7		1
546.8		1
546.9		1
547		1
547.1		1
547.2		1
547.3		1
547.4		1
547.5		1
547.6		1
547.7		1
547.8		1
547.9		1
548		1
548.1		1
548.2		1
548.3		1
548.4		1
548.5		1
548.6		1
548.7		1
548.8		1
548.9		1
549		1
549.1		1
549.2		1
549.3		1
549.4		1
549.5		1
549.6		1
549.7		1
549.8		1
549.9		1
550		1
550.1		1
550.2		1
550.3		1
550.4		1
550.5		1
550.6		1
550.7		1
550.8		1
550.9		1
551		1
551.1		1
551.2		1
551.3		1
551.4		1
551.5		1
551.6		1
551.7		1
551.8		1
551.9		1
552		1
552.1		1
552.2		1
552.3		1
552.4		1
552.5		1
552.6		1
552.7		1
552.8		1
552.9		1
553		1
553.1		1
553.2		1
553.3		1
553.4		1
553.5		1
553.6		1
553.7		1
553.8		1
553.9		1
554		1
554.1		1
554.2		1
554.3		1
554.4		1
554.5		1
554.6		1
554.7		1
554.8		1
554.9		1
555		1
555.1		1
555.2		1
555.3		1
555.4		1
555.5		1
555.6		1
555.7		1
555.8		1
555.9		1
556		1
556.1		1
556.2		1
556.3		1
556.4		1
556.5		1
556.6		1
556.7		1
556.8		1
556.9		1
557		1
557.1		1
557.2		1
557.3		1
557.4		1
557.5		1
557.6		1
557.7		1
557.8		1
557.9		1
558		1
558.1		1
558.2		1
558.3		1
558.4		1
558.5		1
558.6		1
558.7		1
558.8		1
558.9		1
559		1
559.1		1
559.2		1
559.3		1
559.4		1
559.5		1
559.6		1
559.7		1
559.8		1
559.9		1
560		1
560.1		1
560.2		1
560.3		1
560.4		1
560.5		1
560.6		1
560.7		1
560.8		1
560.9		1
561		1
561.1		1
561.2		1
561.3		1
561.4		1
561.5		1
561.6		1
561.7		1
561.8		1
561.9		1
562		1
562.1		1
562.2		1
562.3		1
562.4		1
562.5		1
562.6		1
562.7		1
562.8		1
562.9		1
563		1
563.1		1
563.2		1
563.3		1
563.4		1
563.5		1
563.6		1
563.7		1
563.8		1
563.9		1
564		1
564.1		1
564.2		1
564.3		1
564.4		1
564.5		1
564.6		1
564.7		1
564.8		1
564.9		1
565		1
565.1		1
565.2		1
565.3		1
565.4		1
565.5		1
565.6		1
565.7		1
565.8		1
565.9		1
566		1
566.1		1
566.2		1
566.3		1
566.4		1
566.5		1
566.6		1
566.7		1
566.8		1
566.9		1
567		1
567.1		1
567.2		1
567.3		1
567.4		1
567.5		1
567.6		1
567.7		1
567.8		1
567.9		1
568		1
568.1		1
568.2		1
568.3		1
568.4		1
568.5		1
568.6		1
568.7		1
568.8		1
568.9		1
569		1
569.1		1
569.2		1
569.3		1
569.4		1
569.5		1
569.6		1
569.7		1
569.8		1
569.9		1
570		1
570.1		1
570.2		1
570.3		1
570.4		1
570.5		1
570.6		1
570.7		1
570.8		1
570.9		1
571		1
571.1		1
571.2		1
571.3		1
571.4		1
571.5		1
571.6		1
571.7		1
571.8		1
571.9		1
572		1
572.1		1
572.2		1
572.3		1
572.4		1
572.5		1
572.6		1
572.7		1
572.8		1
572.9		1
573		1
573.1		1
573.2		1
573.3		1
573.4		1
573.5		1
573.6		1
573.7		1
573.8		1
573.9		1
574		1
574.1		1
574.2		1
574.3		1
574.4		1
574.5		1
574.6		1
574.7		1
574.8		1
574.9		1
575		1
575.1		1
575.2		1
575.3		1
575.4		1
575.5		1
575.6		1
575.7		1
575.8		1
575.9		1
576		1
576.1		1
576.2		1
576.3		1
576.4		1
576.5		1
576.6		1
576.7		1
576.8		1
576.9		1
577		1
577.1		1
577.2		1
577.3		1
577.4		1
577.5		1
577.6		1
577.7		1
577.8		1
577.9		1
578		1
578.1		1
578.2		1
578.3		1
578.4		1
578.5		1
578.6		1
578.7		1
578.8		1
578.9		1
579		1
579.1		1
579.2		1
579.3		1
579.4		1
579.5		1
579.6		1
579.7		1
579.8		1
579.9		1
580		1
580.1		1
580.2		1
580.3		1
580.4		1
580.5		1
580.6		1
580.7		1
580.8		1
580.9		1
581		1
581.1		1
581.2		1
581.3		1
581.4		1
581.5		1
581.6		1
581.7		1
581.8		1
581.9		1
582		1
582.1		1
582.2		1
582.3		1
582.4		1
582.5		1
582.6		1
582.7		1
582.8		1
582.9		1
583		1
583.1		1
583.2		1
583.3		1
583.4		1
583.5		1
583.6		1
583.7		1
583.8		1
583.9		1
584		1
584.1		1
584.2		1
584.3		1
584.4		1
584.5		1
584.6		1
584.7		1
584.8		1
584.9		1
585		1
585.1		1
585.2		1
585.3		1
585.4		1
585.5		1
585.6		1
585.7		1
585.8		1
585.9		1
586		1
586.1		1
586.2		1
586.3		1
586.4		1
586.5		1
586.6		1
586.7		1
586.8		1
586.9		1
587		1
587.1		1
587.2		1
587.3		1
587.4		1
587.5		1
587.6		1
587.7		1
587.8		1
587.9		1
588		1
588.1		1
588.2		1
588.3		1
588.4		1
588.5		1
588.6		1
588.7		1
588.8		1
588.9		1
589		1
589.1		1
589.2		1
589.3		1
589.4		1
589.5		1
589.6		1
589.7		1
589.8		1
589.9		1
590		1
590.1		1
590.2		1
590.3		1
590.4		1
590.5		1
590.6		1
590.7		1
590.8		1
590.9		1
591		1
591.1		1
591.2		1
591.3		1
591.4		1
591.5		1
591.6		1
591.7		1
591.8		1
591.9		1
592		1
592.1		1
592.2		1
592.3		1
592.4		1
592.5		1
592.6		1
592.7		1
592.8		1
592.9		1
593		1
593.1		1
593.2		1
593.3		1
593.4		1
593.5		1
593.6		1
593.7		1
593.8		1
593.9		1
594		1
594.1		1
594.2		1
594.3		1
594.4		1
594.5		1
594.6		1
594.7		1
594.8		1
594.9		1
595		1
595.1		1
595.2		1
595.3		1
595.4		1
595.5		1
595.6		1
595.7		1
595.8		1
595.9		1
596		1
596.1		1
596.2		1
596.3		1
596.4		1
596.5		1
596.6		1
596.7		1
596.8		1
596.9		1
597		1
597.1		1
597.2		1
597.3		1
597.4		1
597.5		1
597.6		1
597.7		1
597.8		1
597.9		1
598		1
598.1		1
598.2		1
598.3		1
598.4		1
598.5		1
598.6		1
598.7		1
598.8		1
598.9		1
599		1
599.1		1
599.2		1
599.3		1
599.4		1
599.5		1
599.6		1
599.7		1
599.8		1
599.9		1
600		1
