# Calibration file of tamex_id 1 @ channel 13
# fine_T bin		 Calibration value
0.1		0
0.2		0
0.3		0
0.4		0
0.5		0
0.6		0
0.7		0
0.8		0
0.9		0
1		0
1.1		0
1.2		0
1.3		0
1.4		0
1.5		0
1.6		0
1.7		0
1.8		0
1.9		0
2		0
2.1		0
2.2		0
2.3		0
2.4		0
2.5		0
2.6		0
2.7		0
2.8		0
2.9		0
3		0
3.1		0
3.2		0
3.3		0
3.4		0
3.5		0
3.6		0
3.7		0
3.8		0
3.9		0
4		0
4.1		0
4.2		0
4.3		0
4.4		0
4.5		0
4.6		0
4.7		0
4.8		0
4.9		0
5		0
5.1		0
5.2		0
5.3		0
5.4		0
5.5		0
5.6		0
5.7		0
5.8		0
5.9		0
6		0
6.1		0
6.2		0
6.3		0
6.4		0
6.5		0
6.6		0
6.7		0
6.8		0
6.9		0
7		0
7.1		0
7.2		0
7.3		0
7.4		0
7.5		0
7.6		0
7.7		0
7.8		0
7.9		0
8		0
8.1		0
8.2		0
8.3		0
8.4		0
8.5		0
8.6		0
8.7		0
8.8		0
8.9		0
9		0
9.1		0
9.2		0
9.3		0
9.4		0
9.5		0
9.6		0
9.7		0
9.8		0
9.9		0
10		0
10.1		0
10.2		0
10.3		0
10.4		0
10.5		0
10.6		0
10.7		0
10.8		0
10.9		0
11		0
11.1		0
11.2		0
11.3		0
11.4		0
11.5		0
11.6		0
11.7		0
11.8		0
11.9		0
12		0
12.1		0
12.2		0
12.3		0
12.4		0
12.5		0
12.6		0
12.7		0
12.8		0
12.9		0
13		0
13.1		0
13.2		0
13.3		0
13.4		0
13.5		0
13.6		0
13.7		0
13.8		0
13.9		0
14		0
14.1		0
14.2		0
14.3		0
14.4		0
14.5		0
14.6		0
14.7		0
14.8		0
14.9		0
15		0
15.1		0
15.2		0
15.3		0
15.4		0
15.5		0
15.6		0
15.7		0
15.8		0
15.9		0
16		0
16.1		0.000181127
16.2		0.000181127
16.3		0.000181127
16.4		0.000181127
16.5		0.000181127
16.6		0.000181127
16.7		0.000181127
16.8		0.000181127
16.9		0.000181127
17		0.000181127
17.1		0.00785637
17.2		0.00785637
17.3		0.00785637
17.4		0.00785637
17.5		0.00785637
17.6		0.00785637
17.7		0.00785637
17.8		0.00785637
17.9		0.00785637
18		0.00785637
18.1		0.00898841
18.2		0.00898841
18.3		0.00898841
18.4		0.00898841
18.5		0.00898841
18.6		0.00898841
18.7		0.00898841
18.8		0.00898841
18.9		0.00898841
19		0.00898841
19.1		0.00946387
19.2		0.00946387
19.3		0.00946387
19.4		0.00946387
19.5		0.00946387
19.6		0.00946387
19.7		0.00946387
19.8		0.00946387
19.9		0.00946387
20		0.00946387
20.1		0.0149656
20.2		0.0149656
20.3		0.0149656
20.4		0.0149656
20.5		0.0149656
20.6		0.0149656
20.7		0.0149656
20.8		0.0149656
20.9		0.0149656
21		0.0149656
21.1		0.0189957
21.2		0.0189957
21.3		0.0189957
21.4		0.0189957
21.5		0.0189957
21.6		0.0189957
21.7		0.0189957
21.8		0.0189957
21.9		0.0189957
22		0.0189957
22.1		0.0192447
22.2		0.0192447
22.3		0.0192447
22.4		0.0192447
22.5		0.0192447
22.6		0.0192447
22.7		0.0192447
22.8		0.0192447
22.9		0.0192447
23		0.0192447
23.1		0.0202409
23.2		0.0202409
23.3		0.0202409
23.4		0.0202409
23.5		0.0202409
23.6		0.0202409
23.7		0.0202409
23.8		0.0202409
23.9		0.0202409
24		0.0202409
24.1		0.0220522
24.2		0.0220522
24.3		0.0220522
24.4		0.0220522
24.5		0.0220522
24.6		0.0220522
24.7		0.0220522
24.8		0.0220522
24.9		0.0220522
25		0.0220522
25.1		0.0260822
25.2		0.0260822
25.3		0.0260822
25.4		0.0260822
25.5		0.0260822
25.6		0.0260822
25.7		0.0260822
25.8		0.0260822
25.9		0.0260822
26		0.0260822
26.1		0.0282784
26.2		0.0282784
26.3		0.0282784
26.4		0.0282784
26.5		0.0282784
26.6		0.0282784
26.7		0.0282784
26.8		0.0282784
26.9		0.0282784
27		0.0282784
27.1		0.0284595
27.2		0.0284595
27.3		0.0284595
27.4		0.0284595
27.5		0.0284595
27.6		0.0284595
27.7		0.0284595
27.8		0.0284595
27.9		0.0284595
28		0.0284595
28.1		0.0307915
28.2		0.0307915
28.3		0.0307915
28.4		0.0307915
28.5		0.0307915
28.6		0.0307915
28.7		0.0307915
28.8		0.0307915
28.9		0.0307915
29		0.0307915
29.1		0.0322179
29.2		0.0322179
29.3		0.0322179
29.4		0.0322179
29.5		0.0322179
29.6		0.0322179
29.7		0.0322179
29.8		0.0322179
29.9		0.0322179
30		0.0322179
30.1		0.033916
30.2		0.033916
30.3		0.033916
30.4		0.033916
30.5		0.033916
30.6		0.033916
30.7		0.033916
30.8		0.033916
30.9		0.033916
31		0.033916
31.1		0.0364291
31.2		0.0364291
31.3		0.0364291
31.4		0.0364291
31.5		0.0364291
31.6		0.0364291
31.7		0.0364291
31.8		0.0364291
31.9		0.0364291
32		0.0364291
32.1		0.0370178
32.2		0.0370178
32.3		0.0370178
32.4		0.0370178
32.5		0.0370178
32.6		0.0370178
32.7		0.0370178
32.8		0.0370178
32.9		0.0370178
33		0.0370178
33.1		0.0381724
33.2		0.0381724
33.3		0.0381724
33.4		0.0381724
33.5		0.0381724
33.6		0.0381724
33.7		0.0381724
33.8		0.0381724
33.9		0.0381724
34		0.0381724
34.1		0.0414327
34.2		0.0414327
34.3		0.0414327
34.4		0.0414327
34.5		0.0414327
34.6		0.0414327
34.7		0.0414327
34.8		0.0414327
34.9		0.0414327
35		0.0414327
35.1		0.0433345
35.2		0.0433345
35.3		0.0433345
35.4		0.0433345
35.5		0.0433345
35.6		0.0433345
35.7		0.0433345
35.8		0.0433345
35.9		0.0433345
36		0.0433345
36.1		0.0460967
36.2		0.0460967
36.3		0.0460967
36.4		0.0460967
36.5		0.0460967
36.6		0.0460967
36.7		0.0460967
36.8		0.0460967
36.9		0.0460967
37		0.0460967
37.1		0.0475457
37.2		0.0475457
37.3		0.0475457
37.4		0.0475457
37.5		0.0475457
37.6		0.0475457
37.7		0.0475457
37.8		0.0475457
37.9		0.0475457
38		0.0475457
38.1		0.0487231
38.2		0.0487231
38.3		0.0487231
38.4		0.0487231
38.5		0.0487231
38.6		0.0487231
38.7		0.0487231
38.8		0.0487231
38.9		0.0487231
39		0.0487231
39.1		0.0518701
39.2		0.0518701
39.3		0.0518701
39.4		0.0518701
39.5		0.0518701
39.6		0.0518701
39.7		0.0518701
39.8		0.0518701
39.9		0.0518701
40		0.0518701
40.1		0.0538625
40.2		0.0538625
40.3		0.0538625
40.4		0.0538625
40.5		0.0538625
40.6		0.0538625
40.7		0.0538625
40.8		0.0538625
40.9		0.0538625
41		0.0538625
41.1		0.0553115
41.2		0.0553115
41.3		0.0553115
41.4		0.0553115
41.5		0.0553115
41.6		0.0553115
41.7		0.0553115
41.8		0.0553115
41.9		0.0553115
42		0.0553115
42.1		0.0586624
42.2		0.0586624
42.3		0.0586624
42.4		0.0586624
42.5		0.0586624
42.6		0.0586624
42.7		0.0586624
42.8		0.0586624
42.9		0.0586624
43		0.0586624
43.1		0.0594095
43.2		0.0594095
43.3		0.0594095
43.4		0.0594095
43.5		0.0594095
43.6		0.0594095
43.7		0.0594095
43.8		0.0594095
43.9		0.0594095
44		0.0594095
44.1		0.0599076
44.2		0.0599076
44.3		0.0599076
44.4		0.0599076
44.5		0.0599076
44.6		0.0599076
44.7		0.0599076
44.8		0.0599076
44.9		0.0599076
45		0.0599076
45.1		0.0617189
45.2		0.0617189
45.3		0.0617189
45.4		0.0617189
45.5		0.0617189
45.6		0.0617189
45.7		0.0617189
45.8		0.0617189
45.9		0.0617189
46		0.0617189
46.1		0.0681036
46.2		0.0681036
46.3		0.0681036
46.4		0.0681036
46.5		0.0681036
46.6		0.0681036
46.7		0.0681036
46.8		0.0681036
46.9		0.0681036
47		0.0681036
47.1		0.0684206
47.2		0.0684206
47.3		0.0684206
47.4		0.0684206
47.5		0.0684206
47.6		0.0684206
47.7		0.0684206
47.8		0.0684206
47.9		0.0684206
48		0.0684206
48.1		0.0698469
48.2		0.0698469
48.3		0.0698469
48.4		0.0698469
48.5		0.0698469
48.6		0.0698469
48.7		0.0698469
48.8		0.0698469
48.9		0.0698469
49		0.0698469
49.1		0.0716356
49.2		0.0716356
49.3		0.0716356
49.4		0.0716356
49.5		0.0716356
49.6		0.0716356
49.7		0.0716356
49.8		0.0716356
49.9		0.0716356
50		0.0716356
50.1		0.0728808
50.2		0.0728808
50.3		0.0728808
50.4		0.0728808
50.5		0.0728808
50.6		0.0728808
50.7		0.0728808
50.8		0.0728808
50.9		0.0728808
51		0.0728808
51.1		0.0738091
51.2		0.0738091
51.3		0.0738091
51.4		0.0738091
51.5		0.0738091
51.6		0.0738091
51.7		0.0738091
51.8		0.0738091
51.9		0.0738091
52		0.0738091
52.1		0.0780882
52.2		0.0780882
52.3		0.0780882
52.4		0.0780882
52.5		0.0780882
52.6		0.0780882
52.7		0.0780882
52.8		0.0780882
52.9		0.0780882
53		0.0780882
53.1		0.0789712
53.2		0.0789712
53.3		0.0789712
53.4		0.0789712
53.5		0.0789712
53.6		0.0789712
53.7		0.0789712
53.8		0.0789712
53.9		0.0789712
54		0.0789712
54.1		0.0808504
54.2		0.0808504
54.3		0.0808504
54.4		0.0808504
54.5		0.0808504
54.6		0.0808504
54.7		0.0808504
54.8		0.0808504
54.9		0.0808504
55		0.0808504
55.1		0.0839069
55.2		0.0839069
55.3		0.0839069
55.4		0.0839069
55.5		0.0839069
55.6		0.0839069
55.7		0.0839069
55.8		0.0839069
55.9		0.0839069
56		0.0839069
56.1		0.0840654
56.2		0.0840654
56.3		0.0840654
56.4		0.0840654
56.5		0.0840654
56.6		0.0840654
56.7		0.0840654
56.8		0.0840654
56.9		0.0840654
57		0.0840654
57.1		0.0861257
57.2		0.0861257
57.3		0.0861257
57.4		0.0861257
57.5		0.0861257
57.6		0.0861257
57.7		0.0861257
57.8		0.0861257
57.9		0.0861257
58		0.0861257
58.1		0.0903369
58.2		0.0903369
58.3		0.0903369
58.4		0.0903369
58.5		0.0903369
58.6		0.0903369
58.7		0.0903369
58.8		0.0903369
58.9		0.0903369
59		0.0903369
59.1		0.0913784
59.2		0.0913784
59.3		0.0913784
59.4		0.0913784
59.5		0.0913784
59.6		0.0913784
59.7		0.0913784
59.8		0.0913784
59.9		0.0913784
60		0.0913784
60.1		0.093167
60.2		0.093167
60.3		0.093167
60.4		0.093167
60.5		0.093167
60.6		0.093167
60.7		0.093167
60.8		0.093167
60.9		0.093167
61		0.093167
61.1		0.0950009
61.2		0.0950009
61.3		0.0950009
61.4		0.0950009
61.5		0.0950009
61.6		0.0950009
61.7		0.0950009
61.8		0.0950009
61.9		0.0950009
62		0.0950009
62.1		0.0976725
62.2		0.0976725
62.3		0.0976725
62.4		0.0976725
62.5		0.0976725
62.6		0.0976725
62.7		0.0976725
62.8		0.0976725
62.9		0.0976725
63		0.0976725
63.1		0.0995064
63.2		0.0995064
63.3		0.0995064
63.4		0.0995064
63.5		0.0995064
63.6		0.0995064
63.7		0.0995064
63.8		0.0995064
63.9		0.0995064
64		0.0995064
64.1		0.100842
64.2		0.100842
64.3		0.100842
64.4		0.100842
64.5		0.100842
64.6		0.100842
64.7		0.100842
64.8		0.100842
64.9		0.100842
65		0.100842
65.1		0.103559
65.2		0.103559
65.3		0.103559
65.4		0.103559
65.5		0.103559
65.6		0.103559
65.7		0.103559
65.8		0.103559
65.9		0.103559
66		0.103559
66.1		0.104555
66.2		0.104555
66.3		0.104555
66.4		0.104555
66.5		0.104555
66.6		0.104555
66.7		0.104555
66.8		0.104555
66.9		0.104555
67		0.104555
67.1		0.106661
67.2		0.106661
67.3		0.106661
67.4		0.106661
67.5		0.106661
67.6		0.106661
67.7		0.106661
67.8		0.106661
67.9		0.106661
68		0.106661
68.1		0.108427
68.2		0.108427
68.3		0.108427
68.4		0.108427
68.5		0.108427
68.6		0.108427
68.7		0.108427
68.8		0.108427
68.9		0.108427
69		0.108427
69.1		0.110125
69.2		0.110125
69.3		0.110125
69.4		0.110125
69.5		0.110125
69.6		0.110125
69.7		0.110125
69.8		0.110125
69.9		0.110125
70		0.110125
70.1		0.110555
70.2		0.110555
70.3		0.110555
70.4		0.110555
70.5		0.110555
70.6		0.110555
70.7		0.110555
70.8		0.110555
70.9		0.110555
71		0.110555
71.1		0.111687
71.2		0.111687
71.3		0.111687
71.4		0.111687
71.5		0.111687
71.6		0.111687
71.7		0.111687
71.8		0.111687
71.9		0.111687
72		0.111687
72.1		0.116849
72.2		0.116849
72.3		0.116849
72.4		0.116849
72.5		0.116849
72.6		0.116849
72.7		0.116849
72.8		0.116849
72.9		0.116849
73		0.116849
73.1		0.120449
73.2		0.120449
73.3		0.120449
73.4		0.120449
73.5		0.120449
73.6		0.120449
73.7		0.120449
73.8		0.120449
73.9		0.120449
74		0.120449
74.1		0.121196
74.2		0.121196
74.3		0.121196
74.4		0.121196
74.5		0.121196
74.6		0.121196
74.7		0.121196
74.8		0.121196
74.9		0.121196
75		0.121196
75.1		0.122283
75.2		0.122283
75.3		0.122283
75.4		0.122283
75.5		0.122283
75.6		0.122283
75.7		0.122283
75.8		0.122283
75.9		0.122283
76		0.122283
76.1		0.12534
76.2		0.12534
76.3		0.12534
76.4		0.12534
76.5		0.12534
76.6		0.12534
76.7		0.12534
76.8		0.12534
76.9		0.12534
77		0.12534
77.1		0.127219
77.2		0.127219
77.3		0.127219
77.4		0.127219
77.5		0.127219
77.6		0.127219
77.7		0.127219
77.8		0.127219
77.9		0.127219
78		0.127219
78.1		0.127875
78.2		0.127875
78.3		0.127875
78.4		0.127875
78.5		0.127875
78.6		0.127875
78.7		0.127875
78.8		0.127875
78.9		0.127875
79		0.127875
79.1		0.131656
79.2		0.131656
79.3		0.131656
79.4		0.131656
79.5		0.131656
79.6		0.131656
79.7		0.131656
79.8		0.131656
79.9		0.131656
80		0.131656
80.1		0.136252
80.2		0.136252
80.3		0.136252
80.4		0.136252
80.5		0.136252
80.6		0.136252
80.7		0.136252
80.8		0.136252
80.9		0.136252
81		0.136252
81.1		0.136275
81.2		0.136275
81.3		0.136275
81.4		0.136275
81.5		0.136275
81.6		0.136275
81.7		0.136275
81.8		0.136275
81.9		0.136275
82		0.136275
82.1		0.136456
82.2		0.136456
82.3		0.136456
82.4		0.136456
82.5		0.136456
82.6		0.136456
82.7		0.136456
82.8		0.136456
82.9		0.136456
83		0.136456
83.1		0.139694
83.2		0.139694
83.3		0.139694
83.4		0.139694
83.5		0.139694
83.6		0.139694
83.7		0.139694
83.8		0.139694
83.9		0.139694
84		0.139694
84.1		0.142252
84.2		0.142252
84.3		0.142252
84.4		0.142252
84.5		0.142252
84.6		0.142252
84.7		0.142252
84.8		0.142252
84.9		0.142252
85		0.142252
85.1		0.144267
85.2		0.144267
85.3		0.144267
85.4		0.144267
85.5		0.144267
85.6		0.144267
85.7		0.144267
85.8		0.144267
85.9		0.144267
86		0.144267
86.1		0.148931
86.2		0.148931
86.3		0.148931
86.4		0.148931
86.5		0.148931
86.6		0.148931
86.7		0.148931
86.8		0.148931
86.9		0.148931
87		0.148931
87.1		0.149248
87.2		0.149248
87.3		0.149248
87.4		0.149248
87.5		0.149248
87.6		0.149248
87.7		0.149248
87.8		0.149248
87.9		0.149248
88		0.149248
88.1		0.149656
88.2		0.149656
88.3		0.149656
88.4		0.149656
88.5		0.149656
88.6		0.149656
88.7		0.149656
88.8		0.149656
88.9		0.149656
89		0.149656
89.1		0.15346
89.2		0.15346
89.3		0.15346
89.4		0.15346
89.5		0.15346
89.6		0.15346
89.7		0.15346
89.8		0.15346
89.9		0.15346
90		0.15346
90.1		0.156018
90.2		0.156018
90.3		0.156018
90.4		0.156018
90.5		0.156018
90.6		0.156018
90.7		0.156018
90.8		0.156018
90.9		0.156018
91		0.156018
91.1		0.157127
91.2		0.157127
91.3		0.157127
91.4		0.157127
91.5		0.157127
91.6		0.157127
91.7		0.157127
91.8		0.157127
91.9		0.157127
92		0.157127
92.1		0.160184
92.2		0.160184
92.3		0.160184
92.4		0.160184
92.5		0.160184
92.6		0.160184
92.7		0.160184
92.8		0.160184
92.9		0.160184
93		0.160184
93.1		0.161927
93.2		0.161927
93.3		0.161927
93.4		0.161927
93.5		0.161927
93.6		0.161927
93.7		0.161927
93.8		0.161927
93.9		0.161927
94		0.161927
94.1		0.164961
94.2		0.164961
94.3		0.164961
94.4		0.164961
94.5		0.164961
94.6		0.164961
94.7		0.164961
94.8		0.164961
94.9		0.164961
95		0.164961
95.1		0.16632
95.2		0.16632
95.3		0.16632
95.4		0.16632
95.5		0.16632
95.6		0.16632
95.7		0.16632
95.8		0.16632
95.9		0.16632
96		0.16632
96.1		0.167225
96.2		0.167225
96.3		0.167225
96.4		0.167225
96.5		0.167225
96.6		0.167225
96.7		0.167225
96.8		0.167225
96.9		0.167225
97		0.167225
97.1		0.16795
97.2		0.16795
97.3		0.16795
97.4		0.16795
97.5		0.16795
97.6		0.16795
97.7		0.16795
97.8		0.16795
97.9		0.16795
98		0.16795
98.1		0.174063
98.2		0.174063
98.3		0.174063
98.4		0.174063
98.5		0.174063
98.6		0.174063
98.7		0.174063
98.8		0.174063
98.9		0.174063
99		0.174063
99.1		0.174312
99.2		0.174312
99.3		0.174312
99.4		0.174312
99.5		0.174312
99.6		0.174312
99.7		0.174312
99.8		0.174312
99.9		0.174312
100		0.174312
100.1		0.175263
100.2		0.175263
100.3		0.175263
100.4		0.175263
100.5		0.175263
100.6		0.175263
100.7		0.175263
100.8		0.175263
100.9		0.175263
101		0.175263
101.1		0.176802
101.2		0.176802
101.3		0.176802
101.4		0.176802
101.5		0.176802
101.6		0.176802
101.7		0.176802
101.8		0.176802
101.9		0.176802
102		0.176802
102.1		0.180991
102.2		0.180991
102.3		0.180991
102.4		0.180991
102.5		0.180991
102.6		0.180991
102.7		0.180991
102.8		0.180991
102.9		0.180991
103		0.180991
103.1		0.181489
103.2		0.181489
103.3		0.181489
103.4		0.181489
103.5		0.181489
103.6		0.181489
103.7		0.181489
103.8		0.181489
103.9		0.181489
104		0.181489
104.1		0.1833
104.2		0.1833
104.3		0.1833
104.4		0.1833
104.5		0.1833
104.6		0.1833
104.7		0.1833
104.8		0.1833
104.9		0.1833
105		0.1833
105.1		0.185609
105.2		0.185609
105.3		0.185609
105.4		0.185609
105.5		0.185609
105.6		0.185609
105.7		0.185609
105.8		0.185609
105.9		0.185609
106		0.185609
106.1		0.186764
106.2		0.186764
106.3		0.186764
106.4		0.186764
106.5		0.186764
106.6		0.186764
106.7		0.186764
106.8		0.186764
106.9		0.186764
107		0.186764
107.1		0.187104
107.2		0.187104
107.3		0.187104
107.4		0.187104
107.5		0.187104
107.6		0.187104
107.7		0.187104
107.8		0.187104
107.9		0.187104
108		0.187104
108.1		0.19084
108.2		0.19084
108.3		0.19084
108.4		0.19084
108.5		0.19084
108.6		0.19084
108.7		0.19084
108.8		0.19084
108.9		0.19084
109		0.19084
109.1		0.19136
109.2		0.19136
109.3		0.19136
109.4		0.19136
109.5		0.19136
109.6		0.19136
109.7		0.19136
109.8		0.19136
109.9		0.19136
110		0.19136
110.1		0.196862
110.2		0.196862
110.3		0.196862
110.4		0.196862
110.5		0.196862
110.6		0.196862
110.7		0.196862
110.8		0.196862
110.9		0.196862
111		0.196862
111.1		0.197247
111.2		0.197247
111.3		0.197247
111.4		0.197247
111.5		0.197247
111.6		0.197247
111.7		0.197247
111.8		0.197247
111.9		0.197247
112		0.197247
112.1		0.197881
112.2		0.197881
112.3		0.197881
112.4		0.197881
112.5		0.197881
112.6		0.197881
112.7		0.197881
112.8		0.197881
112.9		0.197881
113		0.197881
113.1		0.19856
113.2		0.19856
113.3		0.19856
113.4		0.19856
113.5		0.19856
113.6		0.19856
113.7		0.19856
113.8		0.19856
113.9		0.19856
114		0.19856
114.1		0.20053
114.2		0.20053
114.3		0.20053
114.4		0.20053
114.5		0.20053
114.6		0.20053
114.7		0.20053
114.8		0.20053
114.9		0.20053
115		0.20053
115.1		0.206348
115.2		0.206348
115.3		0.206348
115.4		0.206348
115.5		0.206348
115.6		0.206348
115.7		0.206348
115.8		0.206348
115.9		0.206348
116		0.206348
116.1		0.208114
116.2		0.208114
116.3		0.208114
116.4		0.208114
116.5		0.208114
116.6		0.208114
116.7		0.208114
116.8		0.208114
116.9		0.208114
117		0.208114
117.1		0.208635
117.2		0.208635
117.3		0.208635
117.4		0.208635
117.5		0.208635
117.6		0.208635
117.7		0.208635
117.8		0.208635
117.9		0.208635
118		0.208635
118.1		0.21185
118.2		0.21185
118.3		0.21185
118.4		0.21185
118.5		0.21185
118.6		0.21185
118.7		0.21185
118.8		0.21185
118.9		0.21185
119		0.21185
119.1		0.212643
119.2		0.212643
119.3		0.212643
119.4		0.212643
119.5		0.212643
119.6		0.212643
119.7		0.212643
119.8		0.212643
119.9		0.212643
120		0.212643
120.1		0.213435
120.2		0.213435
120.3		0.213435
120.4		0.213435
120.5		0.213435
120.6		0.213435
120.7		0.213435
120.8		0.213435
120.9		0.213435
121		0.213435
121.1		0.215563
121.2		0.215563
121.3		0.215563
121.4		0.215563
121.5		0.215563
121.6		0.215563
121.7		0.215563
121.8		0.215563
121.9		0.215563
122		0.215563
122.1		0.216673
122.2		0.216673
122.3		0.216673
122.4		0.216673
122.5		0.216673
122.6		0.216673
122.7		0.216673
122.8		0.216673
122.9		0.216673
123		0.216673
123.1		0.222288
123.2		0.222288
123.3		0.222288
123.4		0.222288
123.5		0.222288
123.6		0.222288
123.7		0.222288
123.8		0.222288
123.9		0.222288
124		0.222288
124.1		0.222582
124.2		0.222582
124.3		0.222582
124.4		0.222582
124.5		0.222582
124.6		0.222582
124.7		0.222582
124.8		0.222582
124.9		0.222582
125		0.222582
125.1		0.225299
125.2		0.225299
125.3		0.225299
125.4		0.225299
125.5		0.225299
125.6		0.225299
125.7		0.225299
125.8		0.225299
125.9		0.225299
126		0.225299
126.1		0.229193
126.2		0.229193
126.3		0.229193
126.4		0.229193
126.5		0.229193
126.6		0.229193
126.7		0.229193
126.8		0.229193
126.9		0.229193
127		0.229193
127.1		0.229419
127.2		0.229419
127.3		0.229419
127.4		0.229419
127.5		0.229419
127.6		0.229419
127.7		0.229419
127.8		0.229419
127.9		0.229419
128		0.229419
128.1		0.232136
128.2		0.232136
128.3		0.232136
128.4		0.232136
128.5		0.232136
128.6		0.232136
128.7		0.232136
128.8		0.232136
128.9		0.232136
129		0.232136
129.1		0.23345
129.2		0.23345
129.3		0.23345
129.4		0.23345
129.5		0.23345
129.6		0.23345
129.7		0.23345
129.8		0.23345
129.9		0.23345
130		0.23345
130.1		0.234717
130.2		0.234717
130.3		0.234717
130.4		0.234717
130.5		0.234717
130.6		0.234717
130.7		0.234717
130.8		0.234717
130.9		0.234717
131		0.234717
131.1		0.238136
131.2		0.238136
131.3		0.238136
131.4		0.238136
131.5		0.238136
131.6		0.238136
131.7		0.238136
131.8		0.238136
131.9		0.238136
132		0.238136
132.1		0.239834
132.2		0.239834
132.3		0.239834
132.4		0.239834
132.5		0.239834
132.6		0.239834
132.7		0.239834
132.8		0.239834
132.9		0.239834
133		0.239834
133.1		0.240197
133.2		0.240197
133.3		0.240197
133.4		0.240197
133.5		0.240197
133.6		0.240197
133.7		0.240197
133.8		0.240197
133.9		0.240197
134		0.240197
134.1		0.242642
134.2		0.242642
134.3		0.242642
134.4		0.242642
134.5		0.242642
134.6		0.242642
134.7		0.242642
134.8		0.242642
134.9		0.242642
135		0.242642
135.1		0.243706
135.2		0.243706
135.3		0.243706
135.4		0.243706
135.5		0.243706
135.6		0.243706
135.7		0.243706
135.8		0.243706
135.9		0.243706
136		0.243706
136.1		0.248891
136.2		0.248891
136.3		0.248891
136.4		0.248891
136.5		0.248891
136.6		0.248891
136.7		0.248891
136.8		0.248891
136.9		0.248891
137		0.248891
137.1		0.250294
137.2		0.250294
137.3		0.250294
137.4		0.250294
137.5		0.250294
137.6		0.250294
137.7		0.250294
137.8		0.250294
137.9		0.250294
138		0.250294
138.1		0.250792
138.2		0.250792
138.3		0.250792
138.4		0.250792
138.5		0.250792
138.6		0.250792
138.7		0.250792
138.8		0.250792
138.9		0.250792
139		0.250792
139.1		0.251766
139.2		0.251766
139.3		0.251766
139.4		0.251766
139.5		0.251766
139.6		0.251766
139.7		0.251766
139.8		0.251766
139.9		0.251766
140		0.251766
140.1		0.256272
140.2		0.256272
140.3		0.256272
140.4		0.256272
140.5		0.256272
140.6		0.256272
140.7		0.256272
140.8		0.256272
140.9		0.256272
141		0.256272
141.1		0.257019
141.2		0.257019
141.3		0.257019
141.4		0.257019
141.5		0.257019
141.6		0.257019
141.7		0.257019
141.8		0.257019
141.9		0.257019
142		0.257019
142.1		0.261139
142.2		0.261139
142.3		0.261139
142.4		0.261139
142.5		0.261139
142.6		0.261139
142.7		0.261139
142.8		0.261139
142.9		0.261139
143		0.261139
143.1		0.263154
143.2		0.263154
143.3		0.263154
143.4		0.263154
143.5		0.263154
143.6		0.263154
143.7		0.263154
143.8		0.263154
143.9		0.263154
144		0.263154
144.1		0.264015
144.2		0.264015
144.3		0.264015
144.4		0.264015
144.5		0.264015
144.6		0.264015
144.7		0.264015
144.8		0.264015
144.9		0.264015
145		0.264015
145.1		0.267252
145.2		0.267252
145.3		0.267252
145.4		0.267252
145.5		0.267252
145.6		0.267252
145.7		0.267252
145.8		0.267252
145.9		0.267252
146		0.267252
146.1		0.26809
146.2		0.26809
146.3		0.26809
146.4		0.26809
146.5		0.26809
146.6		0.26809
146.7		0.26809
146.8		0.26809
146.9		0.26809
147		0.26809
147.1		0.268203
147.2		0.268203
147.3		0.268203
147.4		0.268203
147.5		0.268203
147.6		0.268203
147.7		0.268203
147.8		0.268203
147.9		0.268203
148		0.268203
148.1		0.274543
148.2		0.274543
148.3		0.274543
148.4		0.274543
148.5		0.274543
148.6		0.274543
148.7		0.274543
148.8		0.274543
148.9		0.274543
149		0.274543
149.1		0.274588
149.2		0.274588
149.3		0.274588
149.4		0.274588
149.5		0.274588
149.6		0.274588
149.7		0.274588
149.8		0.274588
149.9		0.274588
150		0.274588
150.1		0.274882
150.2		0.274882
150.3		0.274882
150.4		0.274882
150.5		0.274882
150.6		0.274882
150.7		0.274882
150.8		0.274882
150.9		0.274882
151		0.274882
151.1		0.280384
151.2		0.280384
151.3		0.280384
151.4		0.280384
151.5		0.280384
151.6		0.280384
151.7		0.280384
151.8		0.280384
151.9		0.280384
152		0.280384
152.1		0.282037
152.2		0.282037
152.3		0.282037
152.4		0.282037
152.5		0.282037
152.6		0.282037
152.7		0.282037
152.8		0.282037
152.9		0.282037
153		0.282037
153.1		0.284731
153.2		0.284731
153.3		0.284731
153.4		0.284731
153.5		0.284731
153.6		0.284731
153.7		0.284731
153.8		0.284731
153.9		0.284731
154		0.284731
154.1		0.285659
154.2		0.285659
154.3		0.285659
154.4		0.285659
154.5		0.285659
154.6		0.285659
154.7		0.285659
154.8		0.285659
154.9		0.285659
155		0.285659
155.1		0.28584
155.2		0.28584
155.3		0.28584
155.4		0.28584
155.5		0.28584
155.6		0.28584
155.7		0.28584
155.8		0.28584
155.9		0.28584
156		0.28584
156.1		0.289169
156.2		0.289169
156.3		0.289169
156.4		0.289169
156.5		0.289169
156.6		0.289169
156.7		0.289169
156.8		0.289169
156.9		0.289169
157		0.289169
157.1		0.289848
157.2		0.289848
157.3		0.289848
157.4		0.289848
157.5		0.289848
157.6		0.289848
157.7		0.289848
157.8		0.289848
157.9		0.289848
158		0.289848
158.1		0.290595
158.2		0.290595
158.3		0.290595
158.4		0.290595
158.5		0.290595
158.6		0.290595
158.7		0.290595
158.8		0.290595
158.9		0.290595
159		0.290595
159.1		0.296142
159.2		0.296142
159.3		0.296142
159.4		0.296142
159.5		0.296142
159.6		0.296142
159.7		0.296142
159.8		0.296142
159.9		0.296142
160		0.296142
160.1		0.298383
160.2		0.298383
160.3		0.298383
160.4		0.298383
160.5		0.298383
160.6		0.298383
160.7		0.298383
160.8		0.298383
160.9		0.298383
161		0.298383
161.1		0.298542
161.2		0.298542
161.3		0.298542
161.4		0.298542
161.5		0.298542
161.6		0.298542
161.7		0.298542
161.8		0.298542
161.9		0.298542
162		0.298542
162.1		0.303591
162.2		0.303591
162.3		0.303591
162.4		0.303591
162.5		0.303591
162.6		0.303591
162.7		0.303591
162.8		0.303591
162.9		0.303591
163		0.303591
163.1		0.30393
163.2		0.30393
163.3		0.30393
163.4		0.30393
163.5		0.30393
163.6		0.30393
163.7		0.30393
163.8		0.30393
163.9		0.30393
164		0.30393
164.1		0.305108
164.2		0.305108
164.3		0.305108
164.4		0.305108
164.5		0.305108
164.6		0.305108
164.7		0.305108
164.8		0.305108
164.9		0.305108
165		0.305108
165.1		0.309093
165.2		0.309093
165.3		0.309093
165.4		0.309093
165.5		0.309093
165.6		0.309093
165.7		0.309093
165.8		0.309093
165.9		0.309093
166		0.309093
166.1		0.309885
166.2		0.309885
166.3		0.309885
166.4		0.309885
166.5		0.309885
166.6		0.309885
166.7		0.309885
166.8		0.309885
166.9		0.309885
167		0.309885
167.1		0.310315
167.2		0.310315
167.3		0.310315
167.4		0.310315
167.5		0.310315
167.6		0.310315
167.7		0.310315
167.8		0.310315
167.9		0.310315
168		0.310315
168.1		0.311923
168.2		0.311923
168.3		0.311923
168.4		0.311923
168.5		0.311923
168.6		0.311923
168.7		0.311923
168.8		0.311923
168.9		0.311923
169		0.311923
169.1		0.314549
169.2		0.314549
169.3		0.314549
169.4		0.314549
169.5		0.314549
169.6		0.314549
169.7		0.314549
169.8		0.314549
169.9		0.314549
170		0.314549
170.1		0.315726
170.2		0.315726
170.3		0.315726
170.4		0.315726
170.5		0.315726
170.6		0.315726
170.7		0.315726
170.8		0.315726
170.9		0.315726
171		0.315726
171.1		0.319462
171.2		0.319462
171.3		0.319462
171.4		0.319462
171.5		0.319462
171.6		0.319462
171.7		0.319462
171.8		0.319462
171.9		0.319462
172		0.319462
172.1		0.32039
172.2		0.32039
172.3		0.32039
172.4		0.32039
172.5		0.32039
172.6		0.32039
172.7		0.32039
172.8		0.32039
172.9		0.32039
173		0.32039
173.1		0.322971
173.2		0.322971
173.3		0.322971
173.4		0.322971
173.5		0.322971
173.6		0.322971
173.7		0.322971
173.8		0.322971
173.9		0.322971
174		0.322971
174.1		0.323628
174.2		0.323628
174.3		0.323628
174.4		0.323628
174.5		0.323628
174.6		0.323628
174.7		0.323628
174.8		0.323628
174.9		0.323628
175		0.323628
175.1		0.326752
175.2		0.326752
175.3		0.326752
175.4		0.326752
175.5		0.326752
175.6		0.326752
175.7		0.326752
175.8		0.326752
175.9		0.326752
176		0.326752
176.1		0.330058
176.2		0.330058
176.3		0.330058
176.4		0.330058
176.5		0.330058
176.6		0.330058
176.7		0.330058
176.8		0.330058
176.9		0.330058
177		0.330058
177.1		0.33033
177.2		0.33033
177.3		0.33033
177.4		0.33033
177.5		0.33033
177.6		0.33033
177.7		0.33033
177.8		0.33033
177.9		0.33033
178		0.33033
178.1		0.333703
178.2		0.333703
178.3		0.333703
178.4		0.333703
178.5		0.333703
178.6		0.333703
178.7		0.333703
178.8		0.333703
178.9		0.333703
179		0.333703
179.1		0.334405
179.2		0.334405
179.3		0.334405
179.4		0.334405
179.5		0.334405
179.6		0.334405
179.7		0.334405
179.8		0.334405
179.9		0.334405
180		0.334405
180.1		0.335243
180.2		0.335243
180.3		0.335243
180.4		0.335243
180.5		0.335243
180.6		0.335243
180.7		0.335243
180.8		0.335243
180.9		0.335243
181		0.335243
181.1		0.339771
181.2		0.339771
181.3		0.339771
181.4		0.339771
181.5		0.339771
181.6		0.339771
181.7		0.339771
181.8		0.339771
181.9		0.339771
182		0.339771
182.1		0.341922
182.2		0.341922
182.3		0.341922
182.4		0.341922
182.5		0.341922
182.6		0.341922
182.7		0.341922
182.8		0.341922
182.9		0.341922
183		0.341922
183.1		0.344525
183.2		0.344525
183.3		0.344525
183.4		0.344525
183.5		0.344525
183.6		0.344525
183.7		0.344525
183.8		0.344525
183.9		0.344525
184		0.344525
184.1		0.344797
184.2		0.344797
184.3		0.344797
184.4		0.344797
184.5		0.344797
184.6		0.344797
184.7		0.344797
184.8		0.344797
184.9		0.344797
185		0.344797
185.1		0.345318
185.2		0.345318
185.3		0.345318
185.4		0.345318
185.5		0.345318
185.6		0.345318
185.7		0.345318
185.8		0.345318
185.9		0.345318
186		0.345318
186.1		0.348284
186.2		0.348284
186.3		0.348284
186.4		0.348284
186.5		0.348284
186.6		0.348284
186.7		0.348284
186.8		0.348284
186.9		0.348284
187		0.348284
187.1		0.352925
187.2		0.352925
187.3		0.352925
187.4		0.352925
187.5		0.352925
187.6		0.352925
187.7		0.352925
187.8		0.352925
187.9		0.352925
188		0.352925
188.1		0.356412
188.2		0.356412
188.3		0.356412
188.4		0.356412
188.5		0.356412
188.6		0.356412
188.7		0.356412
188.8		0.356412
188.9		0.356412
189		0.356412
189.1		0.356729
189.2		0.356729
189.3		0.356729
189.4		0.356729
189.5		0.356729
189.6		0.356729
189.7		0.356729
189.8		0.356729
189.9		0.356729
190		0.356729
190.1		0.356819
190.2		0.356819
190.3		0.356819
190.4		0.356819
190.5		0.356819
190.6		0.356819
190.7		0.356819
190.8		0.356819
190.9		0.356819
191		0.356819
191.1		0.357884
191.2		0.357884
191.3		0.357884
191.4		0.357884
191.5		0.357884
191.6		0.357884
191.7		0.357884
191.8		0.357884
191.9		0.357884
192		0.357884
192.1		0.362706
192.2		0.362706
192.3		0.362706
192.4		0.362706
192.5		0.362706
192.6		0.362706
192.7		0.362706
192.8		0.362706
192.9		0.362706
193		0.362706
193.1		0.364698
193.2		0.364698
193.3		0.364698
193.4		0.364698
193.5		0.364698
193.6		0.364698
193.7		0.364698
193.8		0.364698
193.9		0.364698
194		0.364698
194.1		0.366578
194.2		0.366578
194.3		0.366578
194.4		0.366578
194.5		0.366578
194.6		0.366578
194.7		0.366578
194.8		0.366578
194.9		0.366578
195		0.366578
195.1		0.367325
195.2		0.367325
195.3		0.367325
195.4		0.367325
195.5		0.367325
195.6		0.367325
195.7		0.367325
195.8		0.367325
195.9		0.367325
196		0.367325
196.1		0.370947
196.2		0.370947
196.3		0.370947
196.4		0.370947
196.5		0.370947
196.6		0.370947
196.7		0.370947
196.8		0.370947
196.9		0.370947
197		0.370947
197.1		0.3714
197.2		0.3714
197.3		0.3714
197.4		0.3714
197.5		0.3714
197.6		0.3714
197.7		0.3714
197.8		0.3714
197.9		0.3714
198		0.3714
198.1		0.371536
198.2		0.371536
198.3		0.371536
198.4		0.371536
198.5		0.371536
198.6		0.371536
198.7		0.371536
198.8		0.371536
198.9		0.371536
199		0.371536
199.1		0.374909
199.2		0.374909
199.3		0.374909
199.4		0.374909
199.5		0.374909
199.6		0.374909
199.7		0.374909
199.8		0.374909
199.9		0.374909
200		0.374909
200.1		0.377106
200.2		0.377106
200.3		0.377106
200.4		0.377106
200.5		0.377106
200.6		0.377106
200.7		0.377106
200.8		0.377106
200.9		0.377106
201		0.377106
201.1		0.38057
201.2		0.38057
201.3		0.38057
201.4		0.38057
201.5		0.38057
201.6		0.38057
201.7		0.38057
201.8		0.38057
201.9		0.38057
202		0.38057
202.1		0.380819
202.2		0.380819
202.3		0.380819
202.4		0.380819
202.5		0.380819
202.6		0.380819
202.7		0.380819
202.8		0.380819
202.9		0.380819
203		0.380819
203.1		0.381317
203.2		0.381317
203.3		0.381317
203.4		0.381317
203.5		0.381317
203.6		0.381317
203.7		0.381317
203.8		0.381317
203.9		0.381317
204		0.381317
204.1		0.385596
204.2		0.385596
204.3		0.385596
204.4		0.385596
204.5		0.385596
204.6		0.385596
204.7		0.385596
204.8		0.385596
204.9		0.385596
205		0.385596
205.1		0.38829
205.2		0.38829
205.3		0.38829
205.4		0.38829
205.5		0.38829
205.6		0.38829
205.7		0.38829
205.8		0.38829
205.9		0.38829
206		0.38829
206.1		0.388539
206.2		0.388539
206.3		0.388539
206.4		0.388539
206.5		0.388539
206.6		0.388539
206.7		0.388539
206.8		0.388539
206.9		0.388539
207		0.388539
207.1		0.390011
207.2		0.390011
207.3		0.390011
207.4		0.390011
207.5		0.390011
207.6		0.390011
207.7		0.390011
207.8		0.390011
207.9		0.390011
208		0.390011
208.1		0.391573
208.2		0.391573
208.3		0.391573
208.4		0.391573
208.5		0.391573
208.6		0.391573
208.7		0.391573
208.8		0.391573
208.9		0.391573
209		0.391573
209.1		0.394222
209.2		0.394222
209.3		0.394222
209.4		0.394222
209.5		0.394222
209.6		0.394222
209.7		0.394222
209.8		0.394222
209.9		0.394222
210		0.394222
210.1		0.395762
210.2		0.395762
210.3		0.395762
210.4		0.395762
210.5		0.395762
210.6		0.395762
210.7		0.395762
210.8		0.395762
210.9		0.395762
211		0.395762
211.1		0.397369
211.2		0.397369
211.3		0.397369
211.4		0.397369
211.5		0.397369
211.6		0.397369
211.7		0.397369
211.8		0.397369
211.9		0.397369
212		0.397369
212.1		0.401377
212.2		0.401377
212.3		0.401377
212.4		0.401377
212.5		0.401377
212.6		0.401377
212.7		0.401377
212.8		0.401377
212.9		0.401377
213		0.401377
213.1		0.40278
213.2		0.40278
213.3		0.40278
213.4		0.40278
213.5		0.40278
213.6		0.40278
213.7		0.40278
213.8		0.40278
213.9		0.40278
214		0.40278
214.1		0.405361
214.2		0.405361
214.3		0.405361
214.4		0.405361
214.5		0.405361
214.6		0.405361
214.7		0.405361
214.8		0.405361
214.9		0.405361
215		0.405361
215.1		0.40552
215.2		0.40552
215.3		0.40552
215.4		0.40552
215.5		0.40552
215.6		0.40552
215.7		0.40552
215.8		0.40552
215.9		0.40552
216		0.40552
216.1		0.408712
216.2		0.408712
216.3		0.408712
216.4		0.408712
216.5		0.408712
216.6		0.408712
216.7		0.408712
216.8		0.408712
216.9		0.408712
217		0.408712
217.1		0.411225
217.2		0.411225
217.3		0.411225
217.4		0.411225
217.5		0.411225
217.6		0.411225
217.7		0.411225
217.8		0.411225
217.9		0.411225
218		0.411225
218.1		0.412629
218.2		0.412629
218.3		0.412629
218.4		0.412629
218.5		0.412629
218.6		0.412629
218.7		0.412629
218.8		0.412629
218.9		0.412629
219		0.412629
219.1		0.415029
219.2		0.415029
219.3		0.415029
219.4		0.415029
219.5		0.415029
219.6		0.415029
219.7		0.415029
219.8		0.415029
219.9		0.415029
220		0.415029
220.1		0.417836
220.2		0.417836
220.3		0.417836
220.4		0.417836
220.5		0.417836
220.6		0.417836
220.7		0.417836
220.8		0.417836
220.9		0.417836
221		0.417836
221.1		0.418652
221.2		0.418652
221.3		0.418652
221.4		0.418652
221.5		0.418652
221.6		0.418652
221.7		0.418652
221.8		0.418652
221.9		0.418652
222		0.418652
222.1		0.42078
222.2		0.42078
222.3		0.42078
222.4		0.42078
222.5		0.42078
222.6		0.42078
222.7		0.42078
222.8		0.42078
222.9		0.42078
223		0.42078
223.1		0.422116
223.2		0.422116
223.3		0.422116
223.4		0.422116
223.5		0.422116
223.6		0.422116
223.7		0.422116
223.8		0.422116
223.9		0.422116
224		0.422116
224.1		0.423134
224.2		0.423134
224.3		0.423134
224.4		0.423134
224.5		0.423134
224.6		0.423134
224.7		0.423134
224.8		0.423134
224.9		0.423134
225		0.423134
225.1		0.426055
225.2		0.426055
225.3		0.426055
225.4		0.426055
225.5		0.426055
225.6		0.426055
225.7		0.426055
225.8		0.426055
225.9		0.426055
226		0.426055
226.1		0.431195
226.2		0.431195
226.3		0.431195
226.4		0.431195
226.5		0.431195
226.6		0.431195
226.7		0.431195
226.8		0.431195
226.9		0.431195
227		0.431195
227.1		0.431625
227.2		0.431625
227.3		0.431625
227.4		0.431625
227.5		0.431625
227.6		0.431625
227.7		0.431625
227.8		0.431625
227.9		0.431625
228		0.431625
228.1		0.432711
228.2		0.432711
228.3		0.432711
228.4		0.432711
228.5		0.432711
228.6		0.432711
228.7		0.432711
228.8		0.432711
228.9		0.432711
229		0.432711
229.1		0.434726
229.2		0.434726
229.3		0.434726
229.4		0.434726
229.5		0.434726
229.6		0.434726
229.7		0.434726
229.8		0.434726
229.9		0.434726
230		0.434726
230.1		0.437602
230.2		0.437602
230.3		0.437602
230.4		0.437602
230.5		0.437602
230.6		0.437602
230.7		0.437602
230.8		0.437602
230.9		0.437602
231		0.437602
231.1		0.439368
231.2		0.439368
231.3		0.439368
231.4		0.439368
231.5		0.439368
231.6		0.439368
231.7		0.439368
231.8		0.439368
231.9		0.439368
232		0.439368
232.1		0.442515
232.2		0.442515
232.3		0.442515
232.4		0.442515
232.5		0.442515
232.6		0.442515
232.7		0.442515
232.8		0.442515
232.9		0.442515
233		0.442515
233.1		0.443013
233.2		0.443013
233.3		0.443013
233.4		0.443013
233.5		0.443013
233.6		0.443013
233.7		0.443013
233.8		0.443013
233.9		0.443013
234		0.443013
234.1		0.445753
234.2		0.445753
234.3		0.445753
234.4		0.445753
234.5		0.445753
234.6		0.445753
234.7		0.445753
234.8		0.445753
234.9		0.445753
235		0.445753
235.1		0.446273
235.2		0.446273
235.3		0.446273
235.4		0.446273
235.5		0.446273
235.6		0.446273
235.7		0.446273
235.8		0.446273
235.9		0.446273
236		0.446273
236.1		0.448809
236.2		0.448809
236.3		0.448809
236.4		0.448809
236.5		0.448809
236.6		0.448809
236.7		0.448809
236.8		0.448809
236.9		0.448809
237		0.448809
237.1		0.44976
237.2		0.44976
237.3		0.44976
237.4		0.44976
237.5		0.44976
237.6		0.44976
237.7		0.44976
237.8		0.44976
237.9		0.44976
238		0.44976
238.1		0.455601
238.2		0.455601
238.3		0.455601
238.4		0.455601
238.5		0.455601
238.6		0.455601
238.7		0.455601
238.8		0.455601
238.9		0.455601
239		0.455601
239.1		0.458318
239.2		0.458318
239.3		0.458318
239.4		0.458318
239.5		0.458318
239.6		0.458318
239.7		0.458318
239.8		0.458318
239.9		0.458318
240		0.458318
240.1		0.459631
240.2		0.459631
240.3		0.459631
240.4		0.459631
240.5		0.459631
240.6		0.459631
240.7		0.459631
240.8		0.459631
240.9		0.459631
241		0.459631
241.1		0.459722
241.2		0.459722
241.3		0.459722
241.4		0.459722
241.5		0.459722
241.6		0.459722
241.7		0.459722
241.8		0.459722
241.9		0.459722
242		0.459722
242.1		0.463729
242.2		0.463729
242.3		0.463729
242.4		0.463729
242.5		0.463729
242.6		0.463729
242.7		0.463729
242.8		0.463729
242.9		0.463729
243		0.463729
243.1		0.464205
243.2		0.464205
243.3		0.464205
243.4		0.464205
243.5		0.464205
243.6		0.464205
243.7		0.464205
243.8		0.464205
243.9		0.464205
244		0.464205
244.1		0.464658
244.2		0.464658
244.3		0.464658
244.4		0.464658
244.5		0.464658
244.6		0.464658
244.7		0.464658
244.8		0.464658
244.9		0.464658
245		0.464658
245.1		0.470635
245.2		0.470635
245.3		0.470635
245.4		0.470635
245.5		0.470635
245.6		0.470635
245.7		0.470635
245.8		0.470635
245.9		0.470635
246		0.470635
246.1		0.47111
246.2		0.47111
246.3		0.47111
246.4		0.47111
246.5		0.47111
246.6		0.47111
246.7		0.47111
246.8		0.47111
246.9		0.47111
247		0.47111
247.1		0.472491
247.2		0.472491
247.3		0.472491
247.4		0.472491
247.5		0.472491
247.6		0.472491
247.7		0.472491
247.8		0.472491
247.9		0.472491
248		0.472491
248.1		0.474235
248.2		0.474235
248.3		0.474235
248.4		0.474235
248.5		0.474235
248.6		0.474235
248.7		0.474235
248.8		0.474235
248.9		0.474235
249		0.474235
249.1		0.476997
249.2		0.476997
249.3		0.476997
249.4		0.476997
249.5		0.476997
249.6		0.476997
249.7		0.476997
249.8		0.476997
249.9		0.476997
250		0.476997
250.1		0.477314
250.2		0.477314
250.3		0.477314
250.4		0.477314
250.5		0.477314
250.6		0.477314
250.7		0.477314
250.8		0.477314
250.9		0.477314
251		0.477314
251.1		0.481208
251.2		0.481208
251.3		0.481208
251.4		0.481208
251.5		0.481208
251.6		0.481208
251.7		0.481208
251.8		0.481208
251.9		0.481208
252		0.481208
252.1		0.482091
252.2		0.482091
252.3		0.482091
252.4		0.482091
252.5		0.482091
252.6		0.482091
252.7		0.482091
252.8		0.482091
252.9		0.482091
253		0.482091
253.1		0.482725
253.2		0.482725
253.3		0.482725
253.4		0.482725
253.5		0.482725
253.6		0.482725
253.7		0.482725
253.8		0.482725
253.9		0.482725
254		0.482725
254.1		0.48388
254.2		0.48388
254.3		0.48388
254.4		0.48388
254.5		0.48388
254.6		0.48388
254.7		0.48388
254.8		0.48388
254.9		0.48388
255		0.48388
255.1		0.487049
255.2		0.487049
255.3		0.487049
255.4		0.487049
255.5		0.487049
255.6		0.487049
255.7		0.487049
255.8		0.487049
255.9		0.487049
256		0.487049
256.1		0.490559
256.2		0.490559
256.3		0.490559
256.4		0.490559
256.5		0.490559
256.6		0.490559
256.7		0.490559
256.8		0.490559
256.9		0.490559
257		0.490559
257.1		0.492234
257.2		0.492234
257.3		0.492234
257.4		0.492234
257.5		0.492234
257.6		0.492234
257.7		0.492234
257.8		0.492234
257.9		0.492234
258		0.492234
258.1		0.493253
258.2		0.493253
258.3		0.493253
258.4		0.493253
258.5		0.493253
258.6		0.493253
258.7		0.493253
258.8		0.493253
258.9		0.493253
259		0.493253
259.1		0.493683
259.2		0.493683
259.3		0.493683
259.4		0.493683
259.5		0.493683
259.6		0.493683
259.7		0.493683
259.8		0.493683
259.9		0.493683
260		0.493683
260.1		0.497849
260.2		0.497849
260.3		0.497849
260.4		0.497849
260.5		0.497849
260.6		0.497849
260.7		0.497849
260.8		0.497849
260.9		0.497849
261		0.497849
261.1		0.49914
261.2		0.49914
261.3		0.49914
261.4		0.49914
261.5		0.49914
261.6		0.49914
261.7		0.49914
261.8		0.49914
261.9		0.49914
262		0.49914
262.1		0.499683
262.2		0.499683
262.3		0.499683
262.4		0.499683
262.5		0.499683
262.6		0.499683
262.7		0.499683
262.8		0.499683
262.9		0.499683
263		0.499683
263.1		0.502717
263.2		0.502717
263.3		0.502717
263.4		0.502717
263.5		0.502717
263.6		0.502717
263.7		0.502717
263.8		0.502717
263.9		0.502717
264		0.502717
264.1		0.507811
264.2		0.507811
264.3		0.507811
264.4		0.507811
264.5		0.507811
264.6		0.507811
264.7		0.507811
264.8		0.507811
264.9		0.507811
265		0.507811
265.1		0.510053
265.2		0.510053
265.3		0.510053
265.4		0.510053
265.5		0.510053
265.6		0.510053
265.7		0.510053
265.8		0.510053
265.9		0.510053
266		0.510053
266.1		0.510437
266.2		0.510437
266.3		0.510437
266.4		0.510437
266.5		0.510437
266.6		0.510437
266.7		0.510437
266.8		0.510437
266.9		0.510437
267		0.510437
267.1		0.510619
267.2		0.510619
267.3		0.510619
267.4		0.510619
267.5		0.510619
267.6		0.510619
267.7		0.510619
267.8		0.510619
267.9		0.510619
268		0.510619
268.1		0.515984
268.2		0.515984
268.3		0.515984
268.4		0.515984
268.5		0.515984
268.6		0.515984
268.7		0.515984
268.8		0.515984
268.9		0.515984
269		0.515984
269.1		0.517999
269.2		0.517999
269.3		0.517999
269.4		0.517999
269.5		0.517999
269.6		0.517999
269.7		0.517999
269.8		0.517999
269.9		0.517999
270		0.517999
270.1		0.518249
270.2		0.518249
270.3		0.518249
270.4		0.518249
270.5		0.518249
270.6		0.518249
270.7		0.518249
270.8		0.518249
270.9		0.518249
271		0.518249
271.1		0.52015
271.2		0.52015
271.3		0.52015
271.4		0.52015
271.5		0.52015
271.6		0.52015
271.7		0.52015
271.8		0.52015
271.9		0.52015
272		0.52015
272.1		0.523501
272.2		0.523501
272.3		0.523501
272.4		0.523501
272.5		0.523501
272.6		0.523501
272.7		0.523501
272.8		0.523501
272.9		0.523501
273		0.523501
273.1		0.525969
273.2		0.525969
273.3		0.525969
273.4		0.525969
273.5		0.525969
273.6		0.525969
273.7		0.525969
273.8		0.525969
273.9		0.525969
274		0.525969
274.1		0.526399
274.2		0.526399
274.3		0.526399
274.4		0.526399
274.5		0.526399
274.6		0.526399
274.7		0.526399
274.8		0.526399
274.9		0.526399
275		0.526399
275.1		0.52778
275.2		0.52778
275.3		0.52778
275.4		0.52778
275.5		0.52778
275.6		0.52778
275.7		0.52778
275.8		0.52778
275.9		0.52778
276		0.52778
276.1		0.529207
276.2		0.529207
276.3		0.529207
276.4		0.529207
276.5		0.529207
276.6		0.529207
276.7		0.529207
276.8		0.529207
276.9		0.529207
277		0.529207
277.1		0.533735
277.2		0.533735
277.3		0.533735
277.4		0.533735
277.5		0.533735
277.6		0.533735
277.7		0.533735
277.8		0.533735
277.9		0.533735
278		0.533735
278.1		0.536225
278.2		0.536225
278.3		0.536225
278.4		0.536225
278.5		0.536225
278.6		0.536225
278.7		0.536225
278.8		0.536225
278.9		0.536225
279		0.536225
279.1		0.536723
279.2		0.536723
279.3		0.536723
279.4		0.536723
279.5		0.536723
279.6		0.536723
279.7		0.536723
279.8		0.536723
279.9		0.536723
280		0.536723
280.1		0.537176
280.2		0.537176
280.3		0.537176
280.4		0.537176
280.5		0.537176
280.6		0.537176
280.7		0.537176
280.8		0.537176
280.9		0.537176
281		0.537176
281.1		0.538806
281.2		0.538806
281.3		0.538806
281.4		0.538806
281.5		0.538806
281.6		0.538806
281.7		0.538806
281.8		0.538806
281.9		0.538806
282		0.538806
282.1		0.544851
282.2		0.544851
282.3		0.544851
282.4		0.544851
282.5		0.544851
282.6		0.544851
282.7		0.544851
282.8		0.544851
282.9		0.544851
283		0.544851
283.1		0.54578
283.2		0.54578
283.3		0.54578
283.4		0.54578
283.5		0.54578
283.6		0.54578
283.7		0.54578
283.8		0.54578
283.9		0.54578
284		0.54578
284.1		0.547161
284.2		0.547161
284.3		0.547161
284.4		0.547161
284.5		0.547161
284.6		0.547161
284.7		0.547161
284.8		0.547161
284.9		0.547161
285		0.547161
285.1		0.551825
285.2		0.551825
285.3		0.551825
285.4		0.551825
285.5		0.551825
285.6		0.551825
285.7		0.551825
285.8		0.551825
285.9		0.551825
286		0.551825
286.1		0.554089
286.2		0.554089
286.3		0.554089
286.4		0.554089
286.5		0.554089
286.6		0.554089
286.7		0.554089
286.8		0.554089
286.9		0.554089
287		0.554089
287.1		0.555606
287.2		0.555606
287.3		0.555606
287.4		0.555606
287.5		0.555606
287.6		0.555606
287.7		0.555606
287.8		0.555606
287.9		0.555606
288		0.555606
288.1		0.55864
288.2		0.55864
288.3		0.55864
288.4		0.55864
288.5		0.55864
288.6		0.55864
288.7		0.55864
288.8		0.55864
288.9		0.55864
289		0.55864
289.1		0.560655
289.2		0.560655
289.3		0.560655
289.4		0.560655
289.5		0.560655
289.6		0.560655
289.7		0.560655
289.8		0.560655
289.9		0.560655
290		0.560655
290.1		0.563757
290.2		0.563757
290.3		0.563757
290.4		0.563757
290.5		0.563757
290.6		0.563757
290.7		0.563757
290.8		0.563757
290.9		0.563757
291		0.563757
291.1		0.567492
291.2		0.567492
291.3		0.567492
291.4		0.567492
291.5		0.567492
291.6		0.567492
291.7		0.567492
291.8		0.567492
291.9		0.567492
292		0.567492
292.1		0.567492
292.2		0.567492
292.3		0.567492
292.4		0.567492
292.5		0.567492
292.6		0.567492
292.7		0.567492
292.8		0.567492
292.9		0.567492
293		0.567492
293.1		0.5691
293.2		0.5691
293.3		0.5691
293.4		0.5691
293.5		0.5691
293.6		0.5691
293.7		0.5691
293.8		0.5691
293.9		0.5691
294		0.5691
294.1		0.570005
294.2		0.570005
294.3		0.570005
294.4		0.570005
294.5		0.570005
294.6		0.570005
294.7		0.570005
294.8		0.570005
294.9		0.570005
295		0.570005
295.1		0.572337
295.2		0.572337
295.3		0.572337
295.4		0.572337
295.5		0.572337
295.6		0.572337
295.7		0.572337
295.8		0.572337
295.9		0.572337
296		0.572337
296.1		0.577047
296.2		0.577047
296.3		0.577047
296.4		0.577047
296.5		0.577047
296.6		0.577047
296.7		0.577047
296.8		0.577047
296.9		0.577047
297		0.577047
297.1		0.57999
297.2		0.57999
297.3		0.57999
297.4		0.57999
297.5		0.57999
297.6		0.57999
297.7		0.57999
297.8		0.57999
297.9		0.57999
298		0.57999
298.1		0.580896
298.2		0.580896
298.3		0.580896
298.4		0.580896
298.5		0.580896
298.6		0.580896
298.7		0.580896
298.8		0.580896
298.9		0.580896
299		0.580896
299.1		0.586692
299.2		0.586692
299.3		0.586692
299.4		0.586692
299.5		0.586692
299.6		0.586692
299.7		0.586692
299.8		0.586692
299.9		0.586692
300		0.586692
300.1		0.587462
300.2		0.587462
300.3		0.587462
300.4		0.587462
300.5		0.587462
300.6		0.587462
300.7		0.587462
300.8		0.587462
300.9		0.587462
301		0.587462
301.1		0.590178
301.2		0.590178
301.3		0.590178
301.4		0.590178
301.5		0.590178
301.6		0.590178
301.7		0.590178
301.8		0.590178
301.9		0.590178
302		0.590178
302.1		0.59285
302.2		0.59285
302.3		0.59285
302.4		0.59285
302.5		0.59285
302.6		0.59285
302.7		0.59285
302.8		0.59285
302.9		0.59285
303		0.59285
303.1		0.593371
303.2		0.593371
303.3		0.593371
303.4		0.593371
303.5		0.593371
303.6		0.593371
303.7		0.593371
303.8		0.593371
303.9		0.593371
304		0.593371
304.1		0.59482
304.2		0.59482
304.3		0.59482
304.4		0.59482
304.5		0.59482
304.6		0.59482
304.7		0.59482
304.8		0.59482
304.9		0.59482
305		0.59482
305.1		0.597537
305.2		0.597537
305.3		0.597537
305.4		0.597537
305.5		0.597537
305.6		0.597537
305.7		0.597537
305.8		0.597537
305.9		0.597537
306		0.597537
306.1		0.603287
306.2		0.603287
306.3		0.603287
306.4		0.603287
306.5		0.603287
306.6		0.603287
306.7		0.603287
306.8		0.603287
306.9		0.603287
307		0.603287
307.1		0.603718
307.2		0.603718
307.3		0.603718
307.4		0.603718
307.5		0.603718
307.6		0.603718
307.7		0.603718
307.8		0.603718
307.9		0.603718
308		0.603718
308.1		0.604035
308.2		0.604035
308.3		0.604035
308.4		0.604035
308.5		0.604035
308.6		0.604035
308.7		0.604035
308.8		0.604035
308.9		0.604035
309		0.604035
309.1		0.604578
309.2		0.604578
309.3		0.604578
309.4		0.604578
309.5		0.604578
309.6		0.604578
309.7		0.604578
309.8		0.604578
309.9		0.604578
310		0.604578
310.1		0.60974
310.2		0.60974
310.3		0.60974
310.4		0.60974
310.5		0.60974
310.6		0.60974
310.7		0.60974
310.8		0.60974
310.9		0.60974
311		0.60974
311.1		0.61368
311.2		0.61368
311.3		0.61368
311.4		0.61368
311.5		0.61368
311.6		0.61368
311.7		0.61368
311.8		0.61368
311.9		0.61368
312		0.61368
312.1		0.614495
312.2		0.614495
312.3		0.614495
312.4		0.614495
312.5		0.614495
312.6		0.614495
312.7		0.614495
312.8		0.614495
312.9		0.614495
313		0.614495
313.1		0.61583
313.2		0.61583
313.3		0.61583
313.4		0.61583
313.5		0.61583
313.6		0.61583
313.7		0.61583
313.8		0.61583
313.9		0.61583
314		0.61583
314.1		0.619068
314.2		0.619068
314.3		0.619068
314.4		0.619068
314.5		0.619068
314.6		0.619068
314.7		0.619068
314.8		0.619068
314.9		0.619068
315		0.619068
315.1		0.620811
315.2		0.620811
315.3		0.620811
315.4		0.620811
315.5		0.620811
315.6		0.620811
315.7		0.620811
315.8		0.620811
315.9		0.620811
316		0.620811
316.1		0.622577
316.2		0.622577
316.3		0.622577
316.4		0.622577
316.5		0.622577
316.6		0.622577
316.7		0.622577
316.8		0.622577
316.9		0.622577
317		0.622577
317.1		0.623891
317.2		0.623891
317.3		0.623891
317.4		0.623891
317.5		0.623891
317.6		0.623891
317.7		0.623891
317.8		0.623891
317.9		0.623891
318		0.623891
318.1		0.62423
318.2		0.62423
318.3		0.62423
318.4		0.62423
318.5		0.62423
318.6		0.62423
318.7		0.62423
318.8		0.62423
318.9		0.62423
319		0.62423
319.1		0.627513
319.2		0.627513
319.3		0.627513
319.4		0.627513
319.5		0.627513
319.6		0.627513
319.7		0.627513
319.8		0.627513
319.9		0.627513
320		0.627513
320.1		0.629664
320.2		0.629664
320.3		0.629664
320.4		0.629664
320.5		0.629664
320.6		0.629664
320.7		0.629664
320.8		0.629664
320.9		0.629664
321		0.629664
321.1		0.632268
321.2		0.632268
321.3		0.632268
321.4		0.632268
321.5		0.632268
321.6		0.632268
321.7		0.632268
321.8		0.632268
321.9		0.632268
322		0.632268
322.1		0.633083
322.2		0.633083
322.3		0.633083
322.4		0.633083
322.5		0.633083
322.6		0.633083
322.7		0.633083
322.8		0.633083
322.9		0.633083
323		0.633083
323.1		0.634215
323.2		0.634215
323.3		0.634215
323.4		0.634215
323.5		0.634215
323.6		0.634215
323.7		0.634215
323.8		0.634215
323.9		0.634215
324		0.634215
324.1		0.639626
324.2		0.639626
324.3		0.639626
324.4		0.639626
324.5		0.639626
324.6		0.639626
324.7		0.639626
324.8		0.639626
324.9		0.639626
325		0.639626
325.1		0.639988
325.2		0.639988
325.3		0.639988
325.4		0.639988
325.5		0.639988
325.6		0.639988
325.7		0.639988
325.8		0.639988
325.9		0.639988
326		0.639988
326.1		0.641935
326.2		0.641935
326.3		0.641935
326.4		0.641935
326.5		0.641935
326.6		0.641935
326.7		0.641935
326.8		0.641935
326.9		0.641935
327		0.641935
327.1		0.642343
327.2		0.642343
327.3		0.642343
327.4		0.642343
327.5		0.642343
327.6		0.642343
327.7		0.642343
327.8		0.642343
327.9		0.642343
328		0.642343
328.1		0.64746
328.2		0.64746
328.3		0.64746
328.4		0.64746
328.5		0.64746
328.6		0.64746
328.7		0.64746
328.8		0.64746
328.9		0.64746
329		0.64746
329.1		0.649271
329.2		0.649271
329.3		0.649271
329.4		0.649271
329.5		0.649271
329.6		0.649271
329.7		0.649271
329.8		0.649271
329.9		0.649271
330		0.649271
330.1		0.649814
330.2		0.649814
330.3		0.649814
330.4		0.649814
330.5		0.649814
330.6		0.649814
330.7		0.649814
330.8		0.649814
330.9		0.649814
331		0.649814
331.1		0.651444
331.2		0.651444
331.3		0.651444
331.4		0.651444
331.5		0.651444
331.6		0.651444
331.7		0.651444
331.8		0.651444
331.9		0.651444
332		0.651444
332.1		0.655407
332.2		0.655407
332.3		0.655407
332.4		0.655407
332.5		0.655407
332.6		0.655407
332.7		0.655407
332.8		0.655407
332.9		0.655407
333		0.655407
333.1		0.655678
333.2		0.655678
333.3		0.655678
333.4		0.655678
333.5		0.655678
333.6		0.655678
333.7		0.655678
333.8		0.655678
333.9		0.655678
334		0.655678
334.1		0.655995
334.2		0.655995
334.3		0.655995
334.4		0.655995
334.5		0.655995
334.6		0.655995
334.7		0.655995
334.8		0.655995
334.9		0.655995
335		0.655995
335.1		0.659482
335.2		0.659482
335.3		0.659482
335.4		0.659482
335.5		0.659482
335.6		0.659482
335.7		0.659482
335.8		0.659482
335.9		0.659482
336		0.659482
336.1		0.661859
336.2		0.661859
336.3		0.661859
336.4		0.661859
336.5		0.661859
336.6		0.661859
336.7		0.661859
336.8		0.661859
336.9		0.661859
337		0.661859
337.1		0.66598
337.2		0.66598
337.3		0.66598
337.4		0.66598
337.5		0.66598
337.6		0.66598
337.7		0.66598
337.8		0.66598
337.9		0.66598
338		0.66598
338.1		0.667791
338.2		0.667791
338.3		0.667791
338.4		0.667791
338.5		0.667791
338.6		0.667791
338.7		0.667791
338.8		0.667791
338.9		0.667791
339		0.667791
339.1		0.673746
339.2		0.673746
339.3		0.673746
339.4		0.673746
339.5		0.673746
339.6		0.673746
339.7		0.673746
339.8		0.673746
339.9		0.673746
340		0.673746
340.1		0.674629
340.2		0.674629
340.3		0.674629
340.4		0.674629
340.5		0.674629
340.6		0.674629
340.7		0.674629
340.8		0.674629
340.9		0.674629
341		0.674629
341.1		0.68081
341.2		0.68081
341.3		0.68081
341.4		0.68081
341.5		0.68081
341.6		0.68081
341.7		0.68081
341.8		0.68081
341.9		0.68081
342		0.68081
342.1		0.681489
342.2		0.681489
342.3		0.681489
342.4		0.681489
342.5		0.681489
342.6		0.681489
342.7		0.681489
342.8		0.681489
342.9		0.681489
343		0.681489
343.1		0.682553
343.2		0.682553
343.3		0.682553
343.4		0.682553
343.5		0.682553
343.6		0.682553
343.7		0.682553
343.8		0.682553
343.9		0.682553
344		0.682553
344.1		0.68373
344.2		0.68373
344.3		0.68373
344.4		0.68373
344.5		0.68373
344.6		0.68373
344.7		0.68373
344.8		0.68373
344.9		0.68373
345		0.68373
345.1		0.685406
345.2		0.685406
345.3		0.685406
345.4		0.685406
345.5		0.685406
345.6		0.685406
345.7		0.685406
345.8		0.685406
345.9		0.685406
346		0.685406
346.1		0.690319
346.2		0.690319
346.3		0.690319
346.4		0.690319
346.5		0.690319
346.6		0.690319
346.7		0.690319
346.8		0.690319
346.9		0.690319
347		0.690319
347.1		0.692628
347.2		0.692628
347.3		0.692628
347.4		0.692628
347.5		0.692628
347.6		0.692628
347.7		0.692628
347.8		0.692628
347.9		0.692628
348		0.692628
348.1		0.692628
348.2		0.692628
348.3		0.692628
348.4		0.692628
348.5		0.692628
348.6		0.692628
348.7		0.692628
348.8		0.692628
348.9		0.692628
349		0.692628
349.1		0.694168
349.2		0.694168
349.3		0.694168
349.4		0.694168
349.5		0.694168
349.6		0.694168
349.7		0.694168
349.8		0.694168
349.9		0.694168
350		0.694168
350.1		0.694938
350.2		0.694938
350.3		0.694938
350.4		0.694938
350.5		0.694938
350.6		0.694938
350.7		0.694938
350.8		0.694938
350.9		0.694938
351		0.694938
351.1		0.695209
351.2		0.695209
351.3		0.695209
351.4		0.695209
351.5		0.695209
351.6		0.695209
351.7		0.695209
351.8		0.695209
351.9		0.695209
352		0.695209
352.1		0.702862
352.2		0.702862
352.3		0.702862
352.4		0.702862
352.5		0.702862
352.6		0.702862
352.7		0.702862
352.8		0.702862
352.9		0.702862
353		0.702862
353.1		0.703066
353.2		0.703066
353.3		0.703066
353.4		0.703066
353.5		0.703066
353.6		0.703066
353.7		0.703066
353.8		0.703066
353.9		0.703066
354		0.703066
354.1		0.703677
354.2		0.703677
354.3		0.703677
354.4		0.703677
354.5		0.703677
354.6		0.703677
354.7		0.703677
354.8		0.703677
354.9		0.703677
355		0.703677
355.1		0.711103
355.2		0.711103
355.3		0.711103
355.4		0.711103
355.5		0.711103
355.6		0.711103
355.7		0.711103
355.8		0.711103
355.9		0.711103
356		0.711103
356.1		0.711465
356.2		0.711465
356.3		0.711465
356.4		0.711465
356.5		0.711465
356.6		0.711465
356.7		0.711465
356.8		0.711465
356.9		0.711465
357		0.711465
357.1		0.714363
357.2		0.714363
357.3		0.714363
357.4		0.714363
357.5		0.714363
357.6		0.714363
357.7		0.714363
357.8		0.714363
357.9		0.714363
358		0.714363
358.1		0.715405
358.2		0.715405
358.3		0.715405
358.4		0.715405
358.5		0.715405
358.6		0.715405
358.7		0.715405
358.8		0.715405
358.9		0.715405
359		0.715405
359.1		0.720771
359.2		0.720771
359.3		0.720771
359.4		0.720771
359.5		0.720771
359.6		0.720771
359.7		0.720771
359.8		0.720771
359.9		0.720771
360		0.720771
360.1		0.722401
360.2		0.722401
360.3		0.722401
360.4		0.722401
360.5		0.722401
360.6		0.722401
360.7		0.722401
360.8		0.722401
360.9		0.722401
361		0.722401
361.1		0.72548
361.2		0.72548
361.3		0.72548
361.4		0.72548
361.5		0.72548
361.6		0.72548
361.7		0.72548
361.8		0.72548
361.9		0.72548
362		0.72548
362.1		0.726408
362.2		0.726408
362.3		0.726408
362.4		0.726408
362.5		0.726408
362.6		0.726408
362.7		0.726408
362.8		0.726408
362.9		0.726408
363		0.726408
363.1		0.726884
363.2		0.726884
363.3		0.726884
363.4		0.726884
363.5		0.726884
363.6		0.726884
363.7		0.726884
363.8		0.726884
363.9		0.726884
364		0.726884
364.1		0.731684
364.2		0.731684
364.3		0.731684
364.4		0.731684
364.5		0.731684
364.6		0.731684
364.7		0.731684
364.8		0.731684
364.9		0.731684
365		0.731684
365.1		0.73225
365.2		0.73225
365.3		0.73225
365.4		0.73225
365.5		0.73225
365.6		0.73225
365.7		0.73225
365.8		0.73225
365.9		0.73225
366		0.73225
366.1		0.733336
366.2		0.733336
366.3		0.733336
366.4		0.733336
366.5		0.733336
366.6		0.733336
366.7		0.733336
366.8		0.733336
366.9		0.733336
367		0.733336
367.1		0.733789
367.2		0.733789
367.3		0.733789
367.4		0.733789
367.5		0.733789
367.6		0.733789
367.7		0.733789
367.8		0.733789
367.9		0.733789
368		0.733789
368.1		0.739178
368.2		0.739178
368.3		0.739178
368.4		0.739178
368.5		0.739178
368.6		0.739178
368.7		0.739178
368.8		0.739178
368.9		0.739178
369		0.739178
369.1		0.741487
369.2		0.741487
369.3		0.741487
369.4		0.741487
369.5		0.741487
369.6		0.741487
369.7		0.741487
369.8		0.741487
369.9		0.741487
370		0.741487
370.1		0.742257
370.2		0.742257
370.3		0.742257
370.4		0.742257
370.5		0.742257
370.6		0.742257
370.7		0.742257
370.8		0.742257
370.9		0.742257
371		0.742257
371.1		0.742415
371.2		0.742415
371.3		0.742415
371.4		0.742415
371.5		0.742415
371.6		0.742415
371.7		0.742415
371.8		0.742415
371.9		0.742415
372		0.742415
372.1		0.746242
372.2		0.746242
372.3		0.746242
372.4		0.746242
372.5		0.746242
372.6		0.746242
372.7		0.746242
372.8		0.746242
372.9		0.746242
373		0.746242
373.1		0.748121
373.2		0.748121
373.3		0.748121
373.4		0.748121
373.5		0.748121
373.6		0.748121
373.7		0.748121
373.8		0.748121
373.9		0.748121
374		0.748121
374.1		0.749094
374.2		0.749094
374.3		0.749094
374.4		0.749094
374.5		0.749094
374.6		0.749094
374.7		0.749094
374.8		0.749094
374.9		0.749094
375		0.749094
375.1		0.753668
375.2		0.753668
375.3		0.753668
375.4		0.753668
375.5		0.753668
375.6		0.753668
375.7		0.753668
375.8		0.753668
375.9		0.753668
376		0.753668
376.1		0.753985
376.2		0.753985
376.3		0.753985
376.4		0.753985
376.5		0.753985
376.6		0.753985
376.7		0.753985
376.8		0.753985
376.9		0.753985
377		0.753985
377.1		0.756838
377.2		0.756838
377.3		0.756838
377.4		0.756838
377.5		0.756838
377.6		0.756838
377.7		0.756838
377.8		0.756838
377.9		0.756838
378		0.756838
378.1		0.75892
378.2		0.75892
378.3		0.75892
378.4		0.75892
378.5		0.75892
378.6		0.75892
378.7		0.75892
378.8		0.75892
378.9		0.75892
379		0.75892
379.1		0.75926
379.2		0.75926
379.3		0.75926
379.4		0.75926
379.5		0.75926
379.6		0.75926
379.7		0.75926
379.8		0.75926
379.9		0.75926
380		0.75926
380.1		0.760143
380.2		0.760143
380.3		0.760143
380.4		0.760143
380.5		0.760143
380.6		0.760143
380.7		0.760143
380.8		0.760143
380.9		0.760143
381		0.760143
381.1		0.765554
381.2		0.765554
381.3		0.765554
381.4		0.765554
381.5		0.765554
381.6		0.765554
381.7		0.765554
381.8		0.765554
381.9		0.765554
382		0.765554
382.1		0.767003
382.2		0.767003
382.3		0.767003
382.4		0.767003
382.5		0.767003
382.6		0.767003
382.7		0.767003
382.8		0.767003
382.9		0.767003
383		0.767003
383.1		0.767773
383.2		0.767773
383.3		0.767773
383.4		0.767773
383.5		0.767773
383.6		0.767773
383.7		0.767773
383.8		0.767773
383.9		0.767773
384		0.767773
384.1		0.767932
384.2		0.767932
384.3		0.767932
384.4		0.767932
384.5		0.767932
384.6		0.767932
384.7		0.767932
384.8		0.767932
384.9		0.767932
385		0.767932
385.1		0.772233
385.2		0.772233
385.3		0.772233
385.4		0.772233
385.5		0.772233
385.6		0.772233
385.7		0.772233
385.8		0.772233
385.9		0.772233
386		0.772233
386.1		0.775561
386.2		0.775561
386.3		0.775561
386.4		0.775561
386.5		0.775561
386.6		0.775561
386.7		0.775561
386.8		0.775561
386.9		0.775561
387		0.775561
387.1		0.778437
387.2		0.778437
387.3		0.778437
387.4		0.778437
387.5		0.778437
387.6		0.778437
387.7		0.778437
387.8		0.778437
387.9		0.778437
388		0.778437
388.1		0.778527
388.2		0.778527
388.3		0.778527
388.4		0.778527
388.5		0.778527
388.6		0.778527
388.7		0.778527
388.8		0.778527
388.9		0.778527
389		0.778527
389.1		0.77932
389.2		0.77932
389.3		0.77932
389.4		0.77932
389.5		0.77932
389.6		0.77932
389.7		0.77932
389.8		0.77932
389.9		0.77932
390		0.77932
390.1		0.783486
390.2		0.783486
390.3		0.783486
390.4		0.783486
390.5		0.783486
390.6		0.783486
390.7		0.783486
390.8		0.783486
390.9		0.783486
391		0.783486
391.1		0.784844
391.2		0.784844
391.3		0.784844
391.4		0.784844
391.5		0.784844
391.6		0.784844
391.7		0.784844
391.8		0.784844
391.9		0.784844
392		0.784844
392.1		0.78532
392.2		0.78532
392.3		0.78532
392.4		0.78532
392.5		0.78532
392.6		0.78532
392.7		0.78532
392.8		0.78532
392.9		0.78532
393		0.78532
393.1		0.787267
393.2		0.787267
393.3		0.787267
393.4		0.787267
393.5		0.787267
393.6		0.787267
393.7		0.787267
393.8		0.787267
393.9		0.787267
394		0.787267
394.1		0.791569
394.2		0.791569
394.3		0.791569
394.4		0.791569
394.5		0.791569
394.6		0.791569
394.7		0.791569
394.8		0.791569
394.9		0.791569
395		0.791569
395.1		0.793085
395.2		0.793085
395.3		0.793085
395.4		0.793085
395.5		0.793085
395.6		0.793085
395.7		0.793085
395.8		0.793085
395.9		0.793085
396		0.793085
396.1		0.79338
396.2		0.79338
396.3		0.79338
396.4		0.79338
396.5		0.79338
396.6		0.79338
396.7		0.79338
396.8		0.79338
396.9		0.79338
397		0.79338
397.1		0.795236
397.2		0.795236
397.3		0.795236
397.4		0.795236
397.5		0.795236
397.6		0.795236
397.7		0.795236
397.8		0.795236
397.9		0.795236
398		0.795236
398.1		0.797772
398.2		0.797772
398.3		0.797772
398.4		0.797772
398.5		0.797772
398.6		0.797772
398.7		0.797772
398.8		0.797772
398.9		0.797772
399		0.797772
399.1		0.799448
399.2		0.799448
399.3		0.799448
399.4		0.799448
399.5		0.799448
399.6		0.799448
399.7		0.799448
399.8		0.799448
399.9		0.799448
400		0.799448
400.1		0.801576
400.2		0.801576
400.3		0.801576
400.4		0.801576
400.5		0.801576
400.6		0.801576
400.7		0.801576
400.8		0.801576
400.9		0.801576
401		0.801576
401.1		0.803749
401.2		0.803749
401.3		0.803749
401.4		0.803749
401.5		0.803749
401.6		0.803749
401.7		0.803749
401.8		0.803749
401.9		0.803749
402		0.803749
402.1		0.807576
402.2		0.807576
402.3		0.807576
402.4		0.807576
402.5		0.807576
402.6		0.807576
402.7		0.807576
402.8		0.807576
402.9		0.807576
403		0.807576
403.1		0.808345
403.2		0.808345
403.3		0.808345
403.4		0.808345
403.5		0.808345
403.6		0.808345
403.7		0.808345
403.8		0.808345
403.9		0.808345
404		0.808345
404.1		0.80993
404.2		0.80993
404.3		0.80993
404.4		0.80993
404.5		0.80993
404.6		0.80993
404.7		0.80993
404.8		0.80993
404.9		0.80993
405		0.80993
405.1		0.810428
405.2		0.810428
405.3		0.810428
405.4		0.810428
405.5		0.810428
405.6		0.810428
405.7		0.810428
405.8		0.810428
405.9		0.810428
406		0.810428
406.1		0.813123
406.2		0.813123
406.3		0.813123
406.4		0.813123
406.5		0.813123
406.6		0.813123
406.7		0.813123
406.8		0.813123
406.9		0.813123
407		0.813123
407.1		0.816338
407.2		0.816338
407.3		0.816338
407.4		0.816338
407.5		0.816338
407.6		0.816338
407.7		0.816338
407.8		0.816338
407.9		0.816338
408		0.816338
408.1		0.818058
408.2		0.818058
408.3		0.818058
408.4		0.818058
408.5		0.818058
408.6		0.818058
408.7		0.818058
408.8		0.818058
408.9		0.818058
409		0.818058
409.1		0.818941
409.2		0.818941
409.3		0.818941
409.4		0.818941
409.5		0.818941
409.6		0.818941
409.7		0.818941
409.8		0.818941
409.9		0.818941
410		0.818941
410.1		0.820956
410.2		0.820956
410.3		0.820956
410.4		0.820956
410.5		0.820956
410.6		0.820956
410.7		0.820956
410.8		0.820956
410.9		0.820956
411		0.820956
411.1		0.823039
411.2		0.823039
411.3		0.823039
411.4		0.823039
411.5		0.823039
411.6		0.823039
411.7		0.823039
411.8		0.823039
411.9		0.823039
412		0.823039
412.1		0.826141
412.2		0.826141
412.3		0.826141
412.4		0.826141
412.5		0.826141
412.6		0.826141
412.7		0.826141
412.8		0.826141
412.9		0.826141
413		0.826141
413.1		0.826979
413.2		0.826979
413.3		0.826979
413.4		0.826979
413.5		0.826979
413.6		0.826979
413.7		0.826979
413.8		0.826979
413.9		0.826979
414		0.826979
414.1		0.828881
414.2		0.828881
414.3		0.828881
414.4		0.828881
414.5		0.828881
414.6		0.828881
414.7		0.828881
414.8		0.828881
414.9		0.828881
415		0.828881
415.1		0.833635
415.2		0.833635
415.3		0.833635
415.4		0.833635
415.5		0.833635
415.6		0.833635
415.7		0.833635
415.8		0.833635
415.9		0.833635
416		0.833635
416.1		0.834428
416.2		0.834428
416.3		0.834428
416.4		0.834428
416.5		0.834428
416.6		0.834428
416.7		0.834428
416.8		0.834428
416.9		0.834428
417		0.834428
417.1		0.836262
417.2		0.836262
417.3		0.836262
417.4		0.836262
417.5		0.836262
417.6		0.836262
417.7		0.836262
417.8		0.836262
417.9		0.836262
418		0.836262
418.1		0.836533
418.2		0.836533
418.3		0.836533
418.4		0.836533
418.5		0.836533
418.6		0.836533
418.7		0.836533
418.8		0.836533
418.9		0.836533
419		0.836533
419.1		0.838095
419.2		0.838095
419.3		0.838095
419.4		0.838095
419.5		0.838095
419.6		0.838095
419.7		0.838095
419.8		0.838095
419.9		0.838095
420		0.838095
420.1		0.842397
420.2		0.842397
420.3		0.842397
420.4		0.842397
420.5		0.842397
420.6		0.842397
420.7		0.842397
420.8		0.842397
420.9		0.842397
421		0.842397
421.1		0.843892
421.2		0.843892
421.3		0.843892
421.4		0.843892
421.5		0.843892
421.6		0.843892
421.7		0.843892
421.8		0.843892
421.9		0.843892
422		0.843892
422.1		0.845024
422.2		0.845024
422.3		0.845024
422.4		0.845024
422.5		0.845024
422.6		0.845024
422.7		0.845024
422.8		0.845024
422.9		0.845024
423		0.845024
423.1		0.846812
423.2		0.846812
423.3		0.846812
423.4		0.846812
423.5		0.846812
423.6		0.846812
423.7		0.846812
423.8		0.846812
423.9		0.846812
424		0.846812
424.1		0.851182
424.2		0.851182
424.3		0.851182
424.4		0.851182
424.5		0.851182
424.6		0.851182
424.7		0.851182
424.8		0.851182
424.9		0.851182
425		0.851182
425.1		0.852993
425.2		0.852993
425.3		0.852993
425.4		0.852993
425.5		0.852993
425.6		0.852993
425.7		0.852993
425.8		0.852993
425.9		0.852993
426		0.852993
426.1		0.854895
426.2		0.854895
426.3		0.854895
426.4		0.854895
426.5		0.854895
426.6		0.854895
426.7		0.854895
426.8		0.854895
426.9		0.854895
427		0.854895
427.1		0.855529
427.2		0.855529
427.3		0.855529
427.4		0.855529
427.5		0.855529
427.6		0.855529
427.7		0.855529
427.8		0.855529
427.9		0.855529
428		0.855529
428.1		0.858291
428.2		0.858291
428.3		0.858291
428.4		0.858291
428.5		0.858291
428.6		0.858291
428.7		0.858291
428.8		0.858291
428.9		0.858291
429		0.858291
429.1		0.860487
429.2		0.860487
429.3		0.860487
429.4		0.860487
429.5		0.860487
429.6		0.860487
429.7		0.860487
429.8		0.860487
429.9		0.860487
430		0.860487
430.1		0.8606
430.2		0.8606
430.3		0.8606
430.4		0.8606
430.5		0.8606
430.6		0.8606
430.7		0.8606
430.8		0.8606
430.9		0.8606
431		0.8606
431.1		0.864291
431.2		0.864291
431.3		0.864291
431.4		0.864291
431.5		0.864291
431.6		0.864291
431.7		0.864291
431.8		0.864291
431.9		0.864291
432		0.864291
432.1		0.864902
432.2		0.864902
432.3		0.864902
432.4		0.864902
432.5		0.864902
432.6		0.864902
432.7		0.864902
432.8		0.864902
432.9		0.864902
433		0.864902
433.1		0.867596
433.2		0.867596
433.3		0.867596
433.4		0.867596
433.5		0.867596
433.6		0.867596
433.7		0.867596
433.8		0.867596
433.9		0.867596
434		0.867596
434.1		0.870653
434.2		0.870653
434.3		0.870653
434.4		0.870653
434.5		0.870653
434.6		0.870653
434.7		0.870653
434.8		0.870653
434.9		0.870653
435		0.870653
435.1		0.87251
435.2		0.87251
435.3		0.87251
435.4		0.87251
435.5		0.87251
435.6		0.87251
435.7		0.87251
435.8		0.87251
435.9		0.87251
436		0.87251
436.1		0.872894
436.2		0.872894
436.3		0.872894
436.4		0.872894
436.5		0.872894
436.6		0.872894
436.7		0.872894
436.8		0.872894
436.9		0.872894
437		0.872894
437.1		0.873642
437.2		0.873642
437.3		0.873642
437.4		0.873642
437.5		0.873642
437.6		0.873642
437.7		0.873642
437.8		0.873642
437.9		0.873642
438		0.873642
438.1		0.879981
438.2		0.879981
438.3		0.879981
438.4		0.879981
438.5		0.879981
438.6		0.879981
438.7		0.879981
438.8		0.879981
438.9		0.879981
439		0.879981
439.1		0.880955
439.2		0.880955
439.3		0.880955
439.4		0.880955
439.5		0.880955
439.6		0.880955
439.7		0.880955
439.8		0.880955
439.9		0.880955
440		0.880955
440.1		0.881272
440.2		0.881272
440.3		0.881272
440.4		0.881272
440.5		0.881272
440.6		0.881272
440.7		0.881272
440.8		0.881272
440.9		0.881272
441		0.881272
441.1		0.882947
441.2		0.882947
441.3		0.882947
441.4		0.882947
441.5		0.882947
441.6		0.882947
441.7		0.882947
441.8		0.882947
441.9		0.882947
442		0.882947
442.1		0.885641
442.2		0.885641
442.3		0.885641
442.4		0.885641
442.5		0.885641
442.6		0.885641
442.7		0.885641
442.8		0.885641
442.9		0.885641
443		0.885641
443.1		0.886185
443.2		0.886185
443.3		0.886185
443.4		0.886185
443.5		0.886185
443.6		0.886185
443.7		0.886185
443.8		0.886185
443.9		0.886185
444		0.886185
444.1		0.890192
444.2		0.890192
444.3		0.890192
444.4		0.890192
444.5		0.890192
444.6		0.890192
444.7		0.890192
444.8		0.890192
444.9		0.890192
445		0.890192
445.1		0.893384
445.2		0.893384
445.3		0.893384
445.4		0.893384
445.5		0.893384
445.6		0.893384
445.7		0.893384
445.8		0.893384
445.9		0.893384
446		0.893384
446.1		0.895694
446.2		0.895694
446.3		0.895694
446.4		0.895694
446.5		0.895694
446.6		0.895694
446.7		0.895694
446.8		0.895694
446.9		0.895694
447		0.895694
447.1		0.897052
447.2		0.897052
447.3		0.897052
447.4		0.897052
447.5		0.897052
447.6		0.897052
447.7		0.897052
447.8		0.897052
447.9		0.897052
448		0.897052
448.1		0.89746
448.2		0.89746
448.3		0.89746
448.4		0.89746
448.5		0.89746
448.6		0.89746
448.7		0.89746
448.8		0.89746
448.9		0.89746
449		0.89746
449.1		0.897799
449.2		0.897799
449.3		0.897799
449.4		0.897799
449.5		0.897799
449.6		0.897799
449.7		0.897799
449.8		0.897799
449.9		0.897799
450		0.897799
450.1		0.902056
450.2		0.902056
450.3		0.902056
450.4		0.902056
450.5		0.902056
450.6		0.902056
450.7		0.902056
450.8		0.902056
450.9		0.902056
451		0.902056
451.1		0.904139
451.2		0.904139
451.3		0.904139
451.4		0.904139
451.5		0.904139
451.6		0.904139
451.7		0.904139
451.8		0.904139
451.9		0.904139
452		0.904139
452.1		0.905452
452.2		0.905452
452.3		0.905452
452.4		0.905452
452.5		0.905452
452.6		0.905452
452.7		0.905452
452.8		0.905452
452.9		0.905452
453		0.905452
453.1		0.908056
453.2		0.908056
453.3		0.908056
453.4		0.908056
453.5		0.908056
453.6		0.908056
453.7		0.908056
453.8		0.908056
453.9		0.908056
454		0.908056
454.1		0.90998
454.2		0.90998
454.3		0.90998
454.4		0.90998
454.5		0.90998
454.6		0.90998
454.7		0.90998
454.8		0.90998
454.9		0.90998
455		0.90998
455.1		0.910116
455.2		0.910116
455.3		0.910116
455.4		0.910116
455.5		0.910116
455.6		0.910116
455.7		0.910116
455.8		0.910116
455.9		0.910116
456		0.910116
456.1		0.913354
456.2		0.913354
456.3		0.913354
456.4		0.913354
456.5		0.913354
456.6		0.913354
456.7		0.913354
456.8		0.913354
456.9		0.913354
457		0.913354
457.1		0.914803
457.2		0.914803
457.3		0.914803
457.4		0.914803
457.5		0.914803
457.6		0.914803
457.7		0.914803
457.8		0.914803
457.9		0.914803
458		0.914803
458.1		0.917497
458.2		0.917497
458.3		0.917497
458.4		0.917497
458.5		0.917497
458.6		0.917497
458.7		0.917497
458.8		0.917497
458.9		0.917497
459		0.917497
459.1		0.918674
459.2		0.918674
459.3		0.918674
459.4		0.918674
459.5		0.918674
459.6		0.918674
459.7		0.918674
459.8		0.918674
459.9		0.918674
460		0.918674
460.1		0.920259
460.2		0.920259
460.3		0.920259
460.4		0.920259
460.5		0.920259
460.6		0.920259
460.7		0.920259
460.8		0.920259
460.9		0.920259
461		0.920259
461.1		0.923836
461.2		0.923836
461.3		0.923836
461.4		0.923836
461.5		0.923836
461.6		0.923836
461.7		0.923836
461.8		0.923836
461.9		0.923836
462		0.923836
462.1		0.926508
462.2		0.926508
462.3		0.926508
462.4		0.926508
462.5		0.926508
462.6		0.926508
462.7		0.926508
462.8		0.926508
462.9		0.926508
463		0.926508
463.1		0.926598
463.2		0.926598
463.3		0.926598
463.4		0.926598
463.5		0.926598
463.6		0.926598
463.7		0.926598
463.8		0.926598
463.9		0.926598
464		0.926598
464.1		0.92961
464.2		0.92961
464.3		0.92961
464.4		0.92961
464.5		0.92961
464.6		0.92961
464.7		0.92961
464.8		0.92961
464.9		0.92961
465		0.92961
465.1		0.931104
465.2		0.931104
465.3		0.931104
465.4		0.931104
465.5		0.931104
465.6		0.931104
465.7		0.931104
465.8		0.931104
465.9		0.931104
466		0.931104
466.1		0.935225
466.2		0.935225
466.3		0.935225
466.4		0.935225
466.5		0.935225
466.6		0.935225
466.7		0.935225
466.8		0.935225
466.9		0.935225
467		0.935225
467.1		0.937579
467.2		0.937579
467.3		0.937579
467.4		0.937579
467.5		0.937579
467.6		0.937579
467.7		0.937579
467.8		0.937579
467.9		0.937579
468		0.937579
468.1		0.938168
468.2		0.938168
468.3		0.938168
468.4		0.938168
468.5		0.938168
468.6		0.938168
468.7		0.938168
468.8		0.938168
468.9		0.938168
469		0.938168
469.1		0.94093
469.2		0.94093
469.3		0.94093
469.4		0.94093
469.5		0.94093
469.6		0.94093
469.7		0.94093
469.8		0.94093
469.9		0.94093
470		0.94093
470.1		0.941451
470.2		0.941451
470.3		0.941451
470.4		0.941451
470.5		0.941451
470.6		0.941451
470.7		0.941451
470.8		0.941451
470.9		0.941451
471		0.941451
471.1		0.945504
471.2		0.945504
471.3		0.945504
471.4		0.945504
471.5		0.945504
471.6		0.945504
471.7		0.945504
471.8		0.945504
471.9		0.945504
472		0.945504
472.1		0.948107
472.2		0.948107
472.3		0.948107
472.4		0.948107
472.5		0.948107
472.6		0.948107
472.7		0.948107
472.8		0.948107
472.9		0.948107
473		0.948107
473.1		0.948492
473.2		0.948492
473.3		0.948492
473.4		0.948492
473.5		0.948492
473.6		0.948492
473.7		0.948492
473.8		0.948492
473.9		0.948492
474		0.948492
474.1		0.950168
474.2		0.950168
474.3		0.950168
474.4		0.950168
474.5		0.950168
474.6		0.950168
474.7		0.950168
474.8		0.950168
474.9		0.950168
475		0.950168
475.1		0.953949
475.2		0.953949
475.3		0.953949
475.4		0.953949
475.5		0.953949
475.6		0.953949
475.7		0.953949
475.8		0.953949
475.9		0.953949
476		0.953949
476.1		0.954062
476.2		0.954062
476.3		0.954062
476.4		0.954062
476.5		0.954062
476.6		0.954062
476.7		0.954062
476.8		0.954062
476.9		0.954062
477		0.954062
477.1		0.956779
477.2		0.956779
477.3		0.956779
477.4		0.956779
477.5		0.956779
477.6		0.956779
477.7		0.956779
477.8		0.956779
477.9		0.956779
478		0.956779
478.1		0.961103
478.2		0.961103
478.3		0.961103
478.4		0.961103
478.5		0.961103
478.6		0.961103
478.7		0.961103
478.8		0.961103
478.9		0.961103
479		0.961103
479.1		0.961329
479.2		0.961329
479.3		0.961329
479.4		0.961329
479.5		0.961329
479.6		0.961329
479.7		0.961329
479.8		0.961329
479.9		0.961329
480		0.961329
480.1		0.964522
480.2		0.964522
480.3		0.964522
480.4		0.964522
480.5		0.964522
480.6		0.964522
480.7		0.964522
480.8		0.964522
480.9		0.964522
481		0.964522
481.1		0.964997
481.2		0.964997
481.3		0.964997
481.4		0.964997
481.5		0.964997
481.6		0.964997
481.7		0.964997
481.8		0.964997
481.9		0.964997
482		0.964997
482.1		0.965541
482.2		0.965541
482.3		0.965541
482.4		0.965541
482.5		0.965541
482.6		0.965541
482.7		0.965541
482.8		0.965541
482.9		0.965541
483		0.965541
483.1		0.967578
483.2		0.967578
483.3		0.967578
483.4		0.967578
483.5		0.967578
483.6		0.967578
483.7		0.967578
483.8		0.967578
483.9		0.967578
484		0.967578
484.1		0.97231
484.2		0.97231
484.3		0.97231
484.4		0.97231
484.5		0.97231
484.6		0.97231
484.7		0.97231
484.8		0.97231
484.9		0.97231
485		0.97231
485.1		0.97274
485.2		0.97274
485.3		0.97274
485.4		0.97274
485.5		0.97274
485.6		0.97274
485.7		0.97274
485.8		0.97274
485.9		0.97274
486		0.97274
486.1		0.974257
486.2		0.974257
486.3		0.974257
486.4		0.974257
486.5		0.974257
486.6		0.974257
486.7		0.974257
486.8		0.974257
486.9		0.974257
487		0.974257
487.1		0.975797
487.2		0.975797
487.3		0.975797
487.4		0.975797
487.5		0.975797
487.6		0.975797
487.7		0.975797
487.8		0.975797
487.9		0.975797
488		0.975797
488.1		0.980506
488.2		0.980506
488.3		0.980506
488.4		0.980506
488.5		0.980506
488.6		0.980506
488.7		0.980506
488.8		0.980506
488.9		0.980506
489		0.980506
489.1		0.982929
489.2		0.982929
489.3		0.982929
489.4		0.982929
489.5		0.982929
489.6		0.982929
489.7		0.982929
489.8		0.982929
489.9		0.982929
490		0.982929
490.1		0.98465
490.2		0.98465
490.3		0.98465
490.4		0.98465
490.5		0.98465
490.6		0.98465
490.7		0.98465
490.8		0.98465
490.9		0.98465
491		0.98465
491.1		0.9856
491.2		0.9856
491.3		0.9856
491.4		0.9856
491.5		0.9856
491.6		0.9856
491.7		0.9856
491.8		0.9856
491.9		0.9856
492		0.9856
492.1		0.98748
492.2		0.98748
492.3		0.98748
492.4		0.98748
492.5		0.98748
492.6		0.98748
492.7		0.98748
492.8		0.98748
492.9		0.98748
493		0.98748
493.1		0.990695
493.2		0.990695
493.3		0.990695
493.4		0.990695
493.5		0.990695
493.6		0.990695
493.7		0.990695
493.8		0.990695
493.9		0.990695
494		0.990695
494.1		0.991329
494.2		0.991329
494.3		0.991329
494.4		0.991329
494.5		0.991329
494.6		0.991329
494.7		0.991329
494.8		0.991329
494.9		0.991329
495		0.991329
495.1		0.996015
495.2		0.996015
495.3		0.996015
495.4		0.996015
495.5		0.996015
495.6		0.996015
495.7		0.996015
495.8		0.996015
495.9		0.996015
496		0.996015
496.1		0.996332
496.2		0.996332
496.3		0.996332
496.4		0.996332
496.5		0.996332
496.6		0.996332
496.7		0.996332
496.8		0.996332
496.9		0.996332
497		0.996332
497.1		0.999796
497.2		0.999796
497.3		0.999796
497.4		0.999796
497.5		0.999796
497.6		0.999796
497.7		0.999796
497.8		0.999796
497.9		0.999796
498		0.999796
498.1		0.999977
498.2		0.999977
498.3		0.999977
498.4		0.999977
498.5		0.999977
498.6		0.999977
498.7		0.999977
498.8		0.999977
498.9		0.999977
499		0.999977
499.1		1
499.2		1
499.3		1
499.4		1
499.5		1
499.6		1
499.7		1
499.8		1
499.9		1
500		1
500.1		1
500.2		1
500.3		1
500.4		1
500.5		1
500.6		1
500.7		1
500.8		1
500.9		1
501		1
501.1		1
501.2		1
501.3		1
501.4		1
501.5		1
501.6		1
501.7		1
501.8		1
501.9		1
502		1
502.1		1
502.2		1
502.3		1
502.4		1
502.5		1
502.6		1
502.7		1
502.8		1
502.9		1
503		1
503.1		1
503.2		1
503.3		1
503.4		1
503.5		1
503.6		1
503.7		1
503.8		1
503.9		1
504		1
504.1		1
504.2		1
504.3		1
504.4		1
504.5		1
504.6		1
504.7		1
504.8		1
504.9		1
505		1
505.1		1
505.2		1
505.3		1
505.4		1
505.5		1
505.6		1
505.7		1
505.8		1
505.9		1
506		1
506.1		1
506.2		1
506.3		1
506.4		1
506.5		1
506.6		1
506.7		1
506.8		1
506.9		1
507		1
507.1		1
507.2		1
507.3		1
507.4		1
507.5		1
507.6		1
507.7		1
507.8		1
507.9		1
508		1
508.1		1
508.2		1
508.3		1
508.4		1
508.5		1
508.6		1
508.7		1
508.8		1
508.9		1
509		1
509.1		1
509.2		1
509.3		1
509.4		1
509.5		1
509.6		1
509.7		1
509.8		1
509.9		1
510		1
510.1		1
510.2		1
510.3		1
510.4		1
510.5		1
510.6		1
510.7		1
510.8		1
510.9		1
511		1
511.1		1
511.2		1
511.3		1
511.4		1
511.5		1
511.6		1
511.7		1
511.8		1
511.9		1
512		1
512.1		1
512.2		1
512.3		1
512.4		1
512.5		1
512.6		1
512.7		1
512.8		1
512.9		1
513		1
513.1		1
513.2		1
513.3		1
513.4		1
513.5		1
513.6		1
513.7		1
513.8		1
513.9		1
514		1
514.1		1
514.2		1
514.3		1
514.4		1
514.5		1
514.6		1
514.7		1
514.8		1
514.9		1
515		1
515.1		1
515.2		1
515.3		1
515.4		1
515.5		1
515.6		1
515.7		1
515.8		1
515.9		1
516		1
516.1		1
516.2		1
516.3		1
516.4		1
516.5		1
516.6		1
516.7		1
516.8		1
516.9		1
517		1
517.1		1
517.2		1
517.3		1
517.4		1
517.5		1
517.6		1
517.7		1
517.8		1
517.9		1
518		1
518.1		1
518.2		1
518.3		1
518.4		1
518.5		1
518.6		1
518.7		1
518.8		1
518.9		1
519		1
519.1		1
519.2		1
519.3		1
519.4		1
519.5		1
519.6		1
519.7		1
519.8		1
519.9		1
520		1
520.1		1
520.2		1
520.3		1
520.4		1
520.5		1
520.6		1
520.7		1
520.8		1
520.9		1
521		1
521.1		1
521.2		1
521.3		1
521.4		1
521.5		1
521.6		1
521.7		1
521.8		1
521.9		1
522		1
522.1		1
522.2		1
522.3		1
522.4		1
522.5		1
522.6		1
522.7		1
522.8		1
522.9		1
523		1
523.1		1
523.2		1
523.3		1
523.4		1
523.5		1
523.6		1
523.7		1
523.8		1
523.9		1
524		1
524.1		1
524.2		1
524.3		1
524.4		1
524.5		1
524.6		1
524.7		1
524.8		1
524.9		1
525		1
525.1		1
525.2		1
525.3		1
525.4		1
525.5		1
525.6		1
525.7		1
525.8		1
525.9		1
526		1
526.1		1
526.2		1
526.3		1
526.4		1
526.5		1
526.6		1
526.7		1
526.8		1
526.9		1
527		1
527.1		1
527.2		1
527.3		1
527.4		1
527.5		1
527.6		1
527.7		1
527.8		1
527.9		1
528		1
528.1		1
528.2		1
528.3		1
528.4		1
528.5		1
528.6		1
528.7		1
528.8		1
528.9		1
529		1
529.1		1
529.2		1
529.3		1
529.4		1
529.5		1
529.6		1
529.7		1
529.8		1
529.9		1
530		1
530.1		1
530.2		1
530.3		1
530.4		1
530.5		1
530.6		1
530.7		1
530.8		1
530.9		1
531		1
531.1		1
531.2		1
531.3		1
531.4		1
531.5		1
531.6		1
531.7		1
531.8		1
531.9		1
532		1
532.1		1
532.2		1
532.3		1
532.4		1
532.5		1
532.6		1
532.7		1
532.8		1
532.9		1
533		1
533.1		1
533.2		1
533.3		1
533.4		1
533.5		1
533.6		1
533.7		1
533.8		1
533.9		1
534		1
534.1		1
534.2		1
534.3		1
534.4		1
534.5		1
534.6		1
534.7		1
534.8		1
534.9		1
535		1
535.1		1
535.2		1
535.3		1
535.4		1
535.5		1
535.6		1
535.7		1
535.8		1
535.9		1
536		1
536.1		1
536.2		1
536.3		1
536.4		1
536.5		1
536.6		1
536.7		1
536.8		1
536.9		1
537		1
537.1		1
537.2		1
537.3		1
537.4		1
537.5		1
537.6		1
537.7		1
537.8		1
537.9		1
538		1
538.1		1
538.2		1
538.3		1
538.4		1
538.5		1
538.6		1
538.7		1
538.8		1
538.9		1
539		1
539.1		1
539.2		1
539.3		1
539.4		1
539.5		1
539.6		1
539.7		1
539.8		1
539.9		1
540		1
540.1		1
540.2		1
540.3		1
540.4		1
540.5		1
540.6		1
540.7		1
540.8		1
540.9		1
541		1
541.1		1
541.2		1
541.3		1
541.4		1
541.5		1
541.6		1
541.7		1
541.8		1
541.9		1
542		1
542.1		1
542.2		1
542.3		1
542.4		1
542.5		1
542.6		1
542.7		1
542.8		1
542.9		1
543		1
543.1		1
543.2		1
543.3		1
543.4		1
543.5		1
543.6		1
543.7		1
543.8		1
543.9		1
544		1
544.1		1
544.2		1
544.3		1
544.4		1
544.5		1
544.6		1
544.7		1
544.8		1
544.9		1
545		1
545.1		1
545.2		1
545.3		1
545.4		1
545.5		1
545.6		1
545.7		1
545.8		1
545.9		1
546		1
546.1		1
546.2		1
546.3		1
546.4		1
546.5		1
546.6		1
546.7		1
546.8		1
546.9		1
547		1
547.1		1
547.2		1
547.3		1
547.4		1
547.5		1
547.6		1
547.7		1
547.8		1
547.9		1
548		1
548.1		1
548.2		1
548.3		1
548.4		1
548.5		1
548.6		1
548.7		1
548.8		1
548.9		1
549		1
549.1		1
549.2		1
549.3		1
549.4		1
549.5		1
549.6		1
549.7		1
549.8		1
549.9		1
550		1
550.1		1
550.2		1
550.3		1
550.4		1
550.5		1
550.6		1
550.7		1
550.8		1
550.9		1
551		1
551.1		1
551.2		1
551.3		1
551.4		1
551.5		1
551.6		1
551.7		1
551.8		1
551.9		1
552		1
552.1		1
552.2		1
552.3		1
552.4		1
552.5		1
552.6		1
552.7		1
552.8		1
552.9		1
553		1
553.1		1
553.2		1
553.3		1
553.4		1
553.5		1
553.6		1
553.7		1
553.8		1
553.9		1
554		1
554.1		1
554.2		1
554.3		1
554.4		1
554.5		1
554.6		1
554.7		1
554.8		1
554.9		1
555		1
555.1		1
555.2		1
555.3		1
555.4		1
555.5		1
555.6		1
555.7		1
555.8		1
555.9		1
556		1
556.1		1
556.2		1
556.3		1
556.4		1
556.5		1
556.6		1
556.7		1
556.8		1
556.9		1
557		1
557.1		1
557.2		1
557.3		1
557.4		1
557.5		1
557.6		1
557.7		1
557.8		1
557.9		1
558		1
558.1		1
558.2		1
558.3		1
558.4		1
558.5		1
558.6		1
558.7		1
558.8		1
558.9		1
559		1
559.1		1
559.2		1
559.3		1
559.4		1
559.5		1
559.6		1
559.7		1
559.8		1
559.9		1
560		1
560.1		1
560.2		1
560.3		1
560.4		1
560.5		1
560.6		1
560.7		1
560.8		1
560.9		1
561		1
561.1		1
561.2		1
561.3		1
561.4		1
561.5		1
561.6		1
561.7		1
561.8		1
561.9		1
562		1
562.1		1
562.2		1
562.3		1
562.4		1
562.5		1
562.6		1
562.7		1
562.8		1
562.9		1
563		1
563.1		1
563.2		1
563.3		1
563.4		1
563.5		1
563.6		1
563.7		1
563.8		1
563.9		1
564		1
564.1		1
564.2		1
564.3		1
564.4		1
564.5		1
564.6		1
564.7		1
564.8		1
564.9		1
565		1
565.1		1
565.2		1
565.3		1
565.4		1
565.5		1
565.6		1
565.7		1
565.8		1
565.9		1
566		1
566.1		1
566.2		1
566.3		1
566.4		1
566.5		1
566.6		1
566.7		1
566.8		1
566.9		1
567		1
567.1		1
567.2		1
567.3		1
567.4		1
567.5		1
567.6		1
567.7		1
567.8		1
567.9		1
568		1
568.1		1
568.2		1
568.3		1
568.4		1
568.5		1
568.6		1
568.7		1
568.8		1
568.9		1
569		1
569.1		1
569.2		1
569.3		1
569.4		1
569.5		1
569.6		1
569.7		1
569.8		1
569.9		1
570		1
570.1		1
570.2		1
570.3		1
570.4		1
570.5		1
570.6		1
570.7		1
570.8		1
570.9		1
571		1
571.1		1
571.2		1
571.3		1
571.4		1
571.5		1
571.6		1
571.7		1
571.8		1
571.9		1
572		1
572.1		1
572.2		1
572.3		1
572.4		1
572.5		1
572.6		1
572.7		1
572.8		1
572.9		1
573		1
573.1		1
573.2		1
573.3		1
573.4		1
573.5		1
573.6		1
573.7		1
573.8		1
573.9		1
574		1
574.1		1
574.2		1
574.3		1
574.4		1
574.5		1
574.6		1
574.7		1
574.8		1
574.9		1
575		1
575.1		1
575.2		1
575.3		1
575.4		1
575.5		1
575.6		1
575.7		1
575.8		1
575.9		1
576		1
576.1		1
576.2		1
576.3		1
576.4		1
576.5		1
576.6		1
576.7		1
576.8		1
576.9		1
577		1
577.1		1
577.2		1
577.3		1
577.4		1
577.5		1
577.6		1
577.7		1
577.8		1
577.9		1
578		1
578.1		1
578.2		1
578.3		1
578.4		1
578.5		1
578.6		1
578.7		1
578.8		1
578.9		1
579		1
579.1		1
579.2		1
579.3		1
579.4		1
579.5		1
579.6		1
579.7		1
579.8		1
579.9		1
580		1
580.1		1
580.2		1
580.3		1
580.4		1
580.5		1
580.6		1
580.7		1
580.8		1
580.9		1
581		1
581.1		1
581.2		1
581.3		1
581.4		1
581.5		1
581.6		1
581.7		1
581.8		1
581.9		1
582		1
582.1		1
582.2		1
582.3		1
582.4		1
582.5		1
582.6		1
582.7		1
582.8		1
582.9		1
583		1
583.1		1
583.2		1
583.3		1
583.4		1
583.5		1
583.6		1
583.7		1
583.8		1
583.9		1
584		1
584.1		1
584.2		1
584.3		1
584.4		1
584.5		1
584.6		1
584.7		1
584.8		1
584.9		1
585		1
585.1		1
585.2		1
585.3		1
585.4		1
585.5		1
585.6		1
585.7		1
585.8		1
585.9		1
586		1
586.1		1
586.2		1
586.3		1
586.4		1
586.5		1
586.6		1
586.7		1
586.8		1
586.9		1
587		1
587.1		1
587.2		1
587.3		1
587.4		1
587.5		1
587.6		1
587.7		1
587.8		1
587.9		1
588		1
588.1		1
588.2		1
588.3		1
588.4		1
588.5		1
588.6		1
588.7		1
588.8		1
588.9		1
589		1
589.1		1
589.2		1
589.3		1
589.4		1
589.5		1
589.6		1
589.7		1
589.8		1
589.9		1
590		1
590.1		1
590.2		1
590.3		1
590.4		1
590.5		1
590.6		1
590.7		1
590.8		1
590.9		1
591		1
591.1		1
591.2		1
591.3		1
591.4		1
591.5		1
591.6		1
591.7		1
591.8		1
591.9		1
592		1
592.1		1
592.2		1
592.3		1
592.4		1
592.5		1
592.6		1
592.7		1
592.8		1
592.9		1
593		1
593.1		1
593.2		1
593.3		1
593.4		1
593.5		1
593.6		1
593.7		1
593.8		1
593.9		1
594		1
594.1		1
594.2		1
594.3		1
594.4		1
594.5		1
594.6		1
594.7		1
594.8		1
594.9		1
595		1
595.1		1
595.2		1
595.3		1
595.4		1
595.5		1
595.6		1
595.7		1
595.8		1
595.9		1
596		1
596.1		1
596.2		1
596.3		1
596.4		1
596.5		1
596.6		1
596.7		1
596.8		1
596.9		1
597		1
597.1		1
597.2		1
597.3		1
597.4		1
597.5		1
597.6		1
597.7		1
597.8		1
597.9		1
598		1
598.1		1
598.2		1
598.3		1
598.4		1
598.5		1
598.6		1
598.7		1
598.8		1
598.9		1
599		1
599.1		1
599.2		1
599.3		1
599.4		1
599.5		1
599.6		1
599.7		1
599.8		1
599.9		1
600		1
