# Calibration file of tamex_id 1 @ channel 44
# fine_T bin		 Calibration value
0.1		0
0.2		0
0.3		0
0.4		0
0.5		0
0.6		0
0.7		0
0.8		0
0.9		0
1		0
1.1		0
1.2		0
1.3		0
1.4		0
1.5		0
1.6		0
1.7		0
1.8		0
1.9		0
2		0
2.1		0
2.2		0
2.3		0
2.4		0
2.5		0
2.6		0
2.7		0
2.8		0
2.9		0
3		0
3.1		0
3.2		0
3.3		0
3.4		0
3.5		0
3.6		0
3.7		0
3.8		0
3.9		0
4		0
4.1		0
4.2		0
4.3		0
4.4		0
4.5		0
4.6		0
4.7		0
4.8		0
4.9		0
5		0
5.1		0
5.2		0
5.3		0
5.4		0
5.5		0
5.6		0
5.7		0
5.8		0
5.9		0
6		0
6.1		0
6.2		0
6.3		0
6.4		0
6.5		0
6.6		0
6.7		0
6.8		0
6.9		0
7		0
7.1		0
7.2		0
7.3		0
7.4		0
7.5		0
7.6		0
7.7		0
7.8		0
7.9		0
8		0
8.1		0
8.2		0
8.3		0
8.4		0
8.5		0
8.6		0
8.7		0
8.8		0
8.9		0
9		0
9.1		0
9.2		0
9.3		0
9.4		0
9.5		0
9.6		0
9.7		0
9.8		0
9.9		0
10		0
10.1		0
10.2		0
10.3		0
10.4		0
10.5		0
10.6		0
10.7		0
10.8		0
10.9		0
11		0
11.1		0
11.2		0
11.3		0
11.4		0
11.5		0
11.6		0
11.7		0
11.8		0
11.9		0
12		0
12.1		0
12.2		0
12.3		0
12.4		0
12.5		0
12.6		0
12.7		0
12.8		0
12.9		0
13		0
13.1		0
13.2		0
13.3		0
13.4		0
13.5		0
13.6		0
13.7		0
13.8		0
13.9		0
14		0
14.1		0
14.2		0
14.3		0
14.4		0
14.5		0
14.6		0
14.7		0
14.8		0
14.9		0
15		0
15.1		0
15.2		0
15.3		0
15.4		0
15.5		0
15.6		0
15.7		0
15.8		0
15.9		0
16		0
16.1		0.00123746
16.2		0.00123746
16.3		0.00123746
16.4		0.00123746
16.5		0.00123746
16.6		0.00123746
16.7		0.00123746
16.8		0.00123746
16.9		0.00123746
17		0.00123746
17.1		0.00692545
17.2		0.00692545
17.3		0.00692545
17.4		0.00692545
17.5		0.00692545
17.6		0.00692545
17.7		0.00692545
17.8		0.00692545
17.9		0.00692545
18		0.00692545
18.1		0.00733794
18.2		0.00733794
18.3		0.00733794
18.4		0.00733794
18.5		0.00733794
18.6		0.00733794
18.7		0.00733794
18.8		0.00733794
18.9		0.00733794
19		0.00733794
19.1		0.0103339
19.2		0.0103339
19.3		0.0103339
19.4		0.0103339
19.5		0.0103339
19.6		0.0103339
19.7		0.0103339
19.8		0.0103339
19.9		0.0103339
20		0.0103339
20.1		0.0153706
20.2		0.0153706
20.3		0.0153706
20.4		0.0153706
20.5		0.0153706
20.6		0.0153706
20.7		0.0153706
20.8		0.0153706
20.9		0.0153706
21		0.0153706
21.1		0.0172811
21.2		0.0172811
21.3		0.0172811
21.4		0.0172811
21.5		0.0172811
21.6		0.0172811
21.7		0.0172811
21.8		0.0172811
21.9		0.0172811
22		0.0172811
22.1		0.0178889
22.2		0.0178889
22.3		0.0178889
22.4		0.0178889
22.5		0.0178889
22.6		0.0178889
22.7		0.0178889
22.8		0.0178889
22.9		0.0178889
23		0.0178889
23.1		0.0183883
23.2		0.0183883
23.3		0.0183883
23.4		0.0183883
23.5		0.0183883
23.6		0.0183883
23.7		0.0183883
23.8		0.0183883
23.9		0.0183883
24		0.0183883
24.1		0.0238591
24.2		0.0238591
24.3		0.0238591
24.4		0.0238591
24.5		0.0238591
24.6		0.0238591
24.7		0.0238591
24.8		0.0238591
24.9		0.0238591
25		0.0238591
25.1		0.025813
25.2		0.025813
25.3		0.025813
25.4		0.025813
25.5		0.025813
25.6		0.025813
25.7		0.025813
25.8		0.025813
25.9		0.025813
26		0.025813
26.1		0.0262907
26.2		0.0262907
26.3		0.0262907
26.4		0.0262907
26.5		0.0262907
26.6		0.0262907
26.7		0.0262907
26.8		0.0262907
26.9		0.0262907
27		0.0262907
27.1		0.029482
27.2		0.029482
27.3		0.029482
27.4		0.029482
27.5		0.029482
27.6		0.029482
27.7		0.029482
27.8		0.029482
27.9		0.029482
28		0.029482
28.1		0.0310668
28.2		0.0310668
28.3		0.0310668
28.4		0.0310668
28.5		0.0310668
28.6		0.0310668
28.7		0.0310668
28.8		0.0310668
28.9		0.0310668
29		0.0310668
29.1		0.0342799
29.2		0.0342799
29.3		0.0342799
29.4		0.0342799
29.5		0.0342799
29.6		0.0342799
29.7		0.0342799
29.8		0.0342799
29.9		0.0342799
30		0.0342799
30.1		0.0362338
30.2		0.0362338
30.3		0.0362338
30.4		0.0362338
30.5		0.0362338
30.6		0.0362338
30.7		0.0362338
30.8		0.0362338
30.9		0.0362338
31		0.0362338
31.1		0.0364726
31.2		0.0364726
31.3		0.0364726
31.4		0.0364726
31.5		0.0364726
31.6		0.0364726
31.7		0.0364726
31.8		0.0364726
31.9		0.0364726
32		0.0364726
32.1		0.0381008
32.2		0.0381008
32.3		0.0381008
32.4		0.0381008
32.5		0.0381008
32.6		0.0381008
32.7		0.0381008
32.8		0.0381008
32.9		0.0381008
33		0.0381008
33.1		0.0414876
33.2		0.0414876
33.3		0.0414876
33.4		0.0414876
33.5		0.0414876
33.6		0.0414876
33.7		0.0414876
33.8		0.0414876
33.9		0.0414876
34		0.0414876
34.1		0.0435066
34.2		0.0435066
34.3		0.0435066
34.4		0.0435066
34.5		0.0435066
34.6		0.0435066
34.7		0.0435066
34.8		0.0435066
34.9		0.0435066
35		0.0435066
35.1		0.0451131
35.2		0.0451131
35.3		0.0451131
35.4		0.0451131
35.5		0.0451131
35.6		0.0451131
35.7		0.0451131
35.8		0.0451131
35.9		0.0451131
36		0.0451131
36.1		0.0467196
36.2		0.0467196
36.3		0.0467196
36.4		0.0467196
36.5		0.0467196
36.6		0.0467196
36.7		0.0467196
36.8		0.0467196
36.9		0.0467196
37		0.0467196
37.1		0.0476315
37.2		0.0476315
37.3		0.0476315
37.4		0.0476315
37.5		0.0476315
37.6		0.0476315
37.7		0.0476315
37.8		0.0476315
37.9		0.0476315
38		0.0476315
38.1		0.0497373
38.2		0.0497373
38.3		0.0497373
38.4		0.0497373
38.5		0.0497373
38.6		0.0497373
38.7		0.0497373
38.8		0.0497373
38.9		0.0497373
39		0.0497373
39.1		0.0511485
39.2		0.0511485
39.3		0.0511485
39.4		0.0511485
39.5		0.0511485
39.6		0.0511485
39.7		0.0511485
39.8		0.0511485
39.9		0.0511485
40		0.0511485
40.1		0.0555121
40.2		0.0555121
40.3		0.0555121
40.4		0.0555121
40.5		0.0555121
40.6		0.0555121
40.7		0.0555121
40.8		0.0555121
40.9		0.0555121
41		0.0555121
41.1		0.0578134
41.2		0.0578134
41.3		0.0578134
41.4		0.0578134
41.5		0.0578134
41.6		0.0578134
41.7		0.0578134
41.8		0.0578134
41.9		0.0578134
42		0.0578134
42.1		0.0607442
42.2		0.0607442
42.3		0.0607442
42.4		0.0607442
42.5		0.0607442
42.6		0.0607442
42.7		0.0607442
42.8		0.0607442
42.9		0.0607442
43		0.0607442
43.1		0.0611567
43.2		0.0611567
43.3		0.0611567
43.4		0.0611567
43.5		0.0611567
43.6		0.0611567
43.7		0.0611567
43.8		0.0611567
43.9		0.0611567
44		0.0611567
44.1		0.0623725
44.2		0.0623725
44.3		0.0623725
44.4		0.0623725
44.5		0.0623725
44.6		0.0623725
44.7		0.0623725
44.8		0.0623725
44.9		0.0623725
45		0.0623725
45.1		0.0633494
45.2		0.0633494
45.3		0.0633494
45.4		0.0633494
45.5		0.0633494
45.6		0.0633494
45.7		0.0633494
45.8		0.0633494
45.9		0.0633494
46		0.0633494
46.1		0.0678868
46.2		0.0678868
46.3		0.0678868
46.4		0.0678868
46.5		0.0678868
46.6		0.0678868
46.7		0.0678868
46.8		0.0678868
46.9		0.0678868
47		0.0678868
47.1		0.0685163
47.2		0.0685163
47.3		0.0685163
47.4		0.0685163
47.5		0.0685163
47.6		0.0685163
47.7		0.0685163
47.8		0.0685163
47.9		0.0685163
48		0.0685163
48.1		0.0699275
48.2		0.0699275
48.3		0.0699275
48.4		0.0699275
48.5		0.0699275
48.6		0.0699275
48.7		0.0699275
48.8		0.0699275
48.9		0.0699275
49		0.0699275
49.1		0.0712735
49.2		0.0712735
49.3		0.0712735
49.4		0.0712735
49.5		0.0712735
49.6		0.0712735
49.7		0.0712735
49.8		0.0712735
49.9		0.0712735
50		0.0712735
50.1		0.0756806
50.2		0.0756806
50.3		0.0756806
50.4		0.0756806
50.5		0.0756806
50.6		0.0756806
50.7		0.0756806
50.8		0.0756806
50.9		0.0756806
51		0.0756806
51.1		0.0780253
51.2		0.0780253
51.3		0.0780253
51.4		0.0780253
51.5		0.0780253
51.6		0.0780253
51.7		0.0780253
51.8		0.0780253
51.9		0.0780253
52		0.0780253
52.1		0.0786983
52.2		0.0786983
52.3		0.0786983
52.4		0.0786983
52.5		0.0786983
52.6		0.0786983
52.7		0.0786983
52.8		0.0786983
52.9		0.0786983
53		0.0786983
53.1		0.0801528
53.2		0.0801528
53.3		0.0801528
53.4		0.0801528
53.5		0.0801528
53.6		0.0801528
53.7		0.0801528
53.8		0.0801528
53.9		0.0801528
54		0.0801528
54.1		0.0821936
54.2		0.0821936
54.3		0.0821936
54.4		0.0821936
54.5		0.0821936
54.6		0.0821936
54.7		0.0821936
54.8		0.0821936
54.9		0.0821936
55		0.0821936
55.1		0.0848422
55.2		0.0848422
55.3		0.0848422
55.4		0.0848422
55.5		0.0848422
55.6		0.0848422
55.7		0.0848422
55.8		0.0848422
55.9		0.0848422
56		0.0848422
56.1		0.0850376
56.2		0.0850376
56.3		0.0850376
56.4		0.0850376
56.5		0.0850376
56.6		0.0850376
56.7		0.0850376
56.8		0.0850376
56.9		0.0850376
57		0.0850376
57.1		0.0891407
57.2		0.0891407
57.3		0.0891407
57.4		0.0891407
57.5		0.0891407
57.6		0.0891407
57.7		0.0891407
57.8		0.0891407
57.9		0.0891407
58		0.0891407
58.1		0.0915939
58.2		0.0915939
58.3		0.0915939
58.4		0.0915939
58.5		0.0915939
58.6		0.0915939
58.7		0.0915939
58.8		0.0915939
58.9		0.0915939
59		0.0915939
59.1		0.0952195
59.2		0.0952195
59.3		0.0952195
59.4		0.0952195
59.5		0.0952195
59.6		0.0952195
59.7		0.0952195
59.8		0.0952195
59.9		0.0952195
60		0.0952195
60.1		0.0962399
60.2		0.0962399
60.3		0.0962399
60.4		0.0962399
60.5		0.0962399
60.6		0.0962399
60.7		0.0962399
60.8		0.0962399
60.9		0.0962399
61		0.0962399
61.1		0.0970214
61.2		0.0970214
61.3		0.0970214
61.4		0.0970214
61.5		0.0970214
61.6		0.0970214
61.7		0.0970214
61.8		0.0970214
61.9		0.0970214
62		0.0970214
62.1		0.0996049
62.2		0.0996049
62.3		0.0996049
62.4		0.0996049
62.5		0.0996049
62.6		0.0996049
62.7		0.0996049
62.8		0.0996049
62.9		0.0996049
63		0.0996049
63.1		0.102992
63.2		0.102992
63.3		0.102992
63.4		0.102992
63.5		0.102992
63.6		0.102992
63.7		0.102992
63.8		0.102992
63.9		0.102992
64		0.102992
64.1		0.104142
64.2		0.104142
64.3		0.104142
64.4		0.104142
64.5		0.104142
64.6		0.104142
64.7		0.104142
64.8		0.104142
64.9		0.104142
65		0.104142
65.1		0.105684
65.2		0.105684
65.3		0.105684
65.4		0.105684
65.5		0.105684
65.6		0.105684
65.7		0.105684
65.8		0.105684
65.9		0.105684
66		0.105684
66.1		0.109374
66.2		0.109374
66.3		0.109374
66.4		0.109374
66.5		0.109374
66.6		0.109374
66.7		0.109374
66.8		0.109374
66.9		0.109374
67		0.109374
67.1		0.109526
67.2		0.109526
67.3		0.109526
67.4		0.109526
67.5		0.109526
67.6		0.109526
67.7		0.109526
67.8		0.109526
67.9		0.109526
68		0.109526
68.1		0.112978
68.2		0.112978
68.3		0.112978
68.4		0.112978
68.5		0.112978
68.6		0.112978
68.7		0.112978
68.8		0.112978
68.9		0.112978
69		0.112978
69.1		0.113955
69.2		0.113955
69.3		0.113955
69.4		0.113955
69.5		0.113955
69.6		0.113955
69.7		0.113955
69.8		0.113955
69.9		0.113955
70		0.113955
70.1		0.114823
70.2		0.114823
70.3		0.114823
70.4		0.114823
70.5		0.114823
70.6		0.114823
70.7		0.114823
70.8		0.114823
70.9		0.114823
71		0.114823
71.1		0.116343
71.2		0.116343
71.3		0.116343
71.4		0.116343
71.5		0.116343
71.6		0.116343
71.7		0.116343
71.8		0.116343
71.9		0.116343
72		0.116343
72.1		0.12049
72.2		0.12049
72.3		0.12049
72.4		0.12049
72.5		0.12049
72.6		0.12049
72.7		0.12049
72.8		0.12049
72.9		0.12049
73		0.12049
73.1		0.120794
73.2		0.120794
73.3		0.120794
73.4		0.120794
73.5		0.120794
73.6		0.120794
73.7		0.120794
73.8		0.120794
73.9		0.120794
74		0.120794
74.1		0.124289
74.2		0.124289
74.3		0.124289
74.4		0.124289
74.5		0.124289
74.6		0.124289
74.7		0.124289
74.8		0.124289
74.9		0.124289
75		0.124289
75.1		0.124919
75.2		0.124919
75.3		0.124919
75.4		0.124919
75.5		0.124919
75.6		0.124919
75.7		0.124919
75.8		0.124919
75.9		0.124919
76		0.124919
76.1		0.129543
76.2		0.129543
76.3		0.129543
76.4		0.129543
76.5		0.129543
76.6		0.129543
76.7		0.129543
76.8		0.129543
76.9		0.129543
77		0.129543
77.1		0.129868
77.2		0.129868
77.3		0.129868
77.4		0.129868
77.5		0.129868
77.6		0.129868
77.7		0.129868
77.8		0.129868
77.9		0.129868
78		0.129868
78.1		0.13002
78.2		0.13002
78.3		0.13002
78.4		0.13002
78.5		0.13002
78.6		0.13002
78.7		0.13002
78.8		0.13002
78.9		0.13002
79		0.13002
79.1		0.133299
79.2		0.133299
79.3		0.133299
79.4		0.133299
79.5		0.133299
79.6		0.133299
79.7		0.133299
79.8		0.133299
79.9		0.133299
80		0.133299
80.1		0.137945
80.2		0.137945
80.3		0.137945
80.4		0.137945
80.5		0.137945
80.6		0.137945
80.7		0.137945
80.8		0.137945
80.9		0.137945
81		0.137945
81.1		0.140854
81.2		0.140854
81.3		0.140854
81.4		0.140854
81.5		0.140854
81.6		0.140854
81.7		0.140854
81.8		0.140854
81.9		0.140854
82		0.140854
82.1		0.141744
82.2		0.141744
82.3		0.141744
82.4		0.141744
82.5		0.141744
82.6		0.141744
82.7		0.141744
82.8		0.141744
82.9		0.141744
83		0.141744
83.1		0.142004
83.2		0.142004
83.3		0.142004
83.4		0.142004
83.5		0.142004
83.6		0.142004
83.7		0.142004
83.8		0.142004
83.9		0.142004
84		0.142004
84.1		0.145652
84.2		0.145652
84.3		0.145652
84.4		0.145652
84.5		0.145652
84.6		0.145652
84.7		0.145652
84.8		0.145652
84.9		0.145652
85		0.145652
85.1		0.148517
85.2		0.148517
85.3		0.148517
85.4		0.148517
85.5		0.148517
85.6		0.148517
85.7		0.148517
85.8		0.148517
85.9		0.148517
86		0.148517
86.1		0.151774
86.2		0.151774
86.3		0.151774
86.4		0.151774
86.5		0.151774
86.6		0.151774
86.7		0.151774
86.8		0.151774
86.9		0.151774
87		0.151774
87.1		0.15338
87.2		0.15338
87.3		0.15338
87.4		0.15338
87.5		0.15338
87.6		0.15338
87.7		0.15338
87.8		0.15338
87.9		0.15338
88		0.15338
88.1		0.154618
88.2		0.154618
88.3		0.154618
88.4		0.154618
88.5		0.154618
88.6		0.154618
88.7		0.154618
88.8		0.154618
88.9		0.154618
89		0.154618
89.1		0.156637
89.2		0.156637
89.3		0.156637
89.4		0.156637
89.5		0.156637
89.6		0.156637
89.7		0.156637
89.8		0.156637
89.9		0.156637
90		0.156637
90.1		0.158265
90.2		0.158265
90.3		0.158265
90.4		0.158265
90.5		0.158265
90.6		0.158265
90.7		0.158265
90.8		0.158265
90.9		0.158265
91		0.158265
91.1		0.160371
91.2		0.160371
91.3		0.160371
91.4		0.160371
91.5		0.160371
91.6		0.160371
91.7		0.160371
91.8		0.160371
91.9		0.160371
92		0.160371
92.1		0.161435
92.2		0.161435
92.3		0.161435
92.4		0.161435
92.5		0.161435
92.6		0.161435
92.7		0.161435
92.8		0.161435
92.9		0.161435
93		0.161435
93.1		0.164235
93.2		0.164235
93.3		0.164235
93.4		0.164235
93.5		0.164235
93.6		0.164235
93.7		0.164235
93.8		0.164235
93.9		0.164235
94		0.164235
94.1		0.16658
94.2		0.16658
94.3		0.16658
94.4		0.16658
94.5		0.16658
94.6		0.16658
94.7		0.16658
94.8		0.16658
94.9		0.16658
95		0.16658
95.1		0.167188
95.2		0.167188
95.3		0.167188
95.4		0.167188
95.5		0.167188
95.6		0.167188
95.7		0.167188
95.8		0.167188
95.9		0.167188
96		0.167188
96.1		0.169315
96.2		0.169315
96.3		0.169315
96.4		0.169315
96.5		0.169315
96.6		0.169315
96.7		0.169315
96.8		0.169315
96.9		0.169315
97		0.169315
97.1		0.172007
97.2		0.172007
97.3		0.172007
97.4		0.172007
97.5		0.172007
97.6		0.172007
97.7		0.172007
97.8		0.172007
97.9		0.172007
98		0.172007
98.1		0.175872
98.2		0.175872
98.3		0.175872
98.4		0.175872
98.5		0.175872
98.6		0.175872
98.7		0.175872
98.8		0.175872
98.9		0.175872
99		0.175872
99.1		0.176197
99.2		0.176197
99.3		0.176197
99.4		0.176197
99.5		0.176197
99.6		0.176197
99.7		0.176197
99.8		0.176197
99.9		0.176197
100		0.176197
100.1		0.176458
100.2		0.176458
100.3		0.176458
100.4		0.176458
100.5		0.176458
100.6		0.176458
100.7		0.176458
100.8		0.176458
100.9		0.176458
101		0.176458
101.1		0.177413
101.2		0.177413
101.3		0.177413
101.4		0.177413
101.5		0.177413
101.6		0.177413
101.7		0.177413
101.8		0.177413
101.9		0.177413
102		0.177413
102.1		0.181972
102.2		0.181972
102.3		0.181972
102.4		0.181972
102.5		0.181972
102.6		0.181972
102.7		0.181972
102.8		0.181972
102.9		0.181972
103		0.181972
103.1		0.182602
103.2		0.182602
103.3		0.182602
103.4		0.182602
103.5		0.182602
103.6		0.182602
103.7		0.182602
103.8		0.182602
103.9		0.182602
104		0.182602
104.1		0.186336
104.2		0.186336
104.3		0.186336
104.4		0.186336
104.5		0.186336
104.6		0.186336
104.7		0.186336
104.8		0.186336
104.9		0.186336
105		0.186336
105.1		0.189223
105.2		0.189223
105.3		0.189223
105.4		0.189223
105.5		0.189223
105.6		0.189223
105.7		0.189223
105.8		0.189223
105.9		0.189223
106		0.189223
106.1		0.191763
106.2		0.191763
106.3		0.191763
106.4		0.191763
106.5		0.191763
106.6		0.191763
106.7		0.191763
106.8		0.191763
106.9		0.191763
107		0.191763
107.1		0.19261
107.2		0.19261
107.3		0.19261
107.4		0.19261
107.5		0.19261
107.6		0.19261
107.7		0.19261
107.8		0.19261
107.9		0.19261
108		0.19261
108.1		0.193609
108.2		0.193609
108.3		0.193609
108.4		0.193609
108.5		0.193609
108.6		0.193609
108.7		0.193609
108.8		0.193609
108.9		0.193609
109		0.193609
109.1		0.193804
109.2		0.193804
109.3		0.193804
109.4		0.193804
109.5		0.193804
109.6		0.193804
109.7		0.193804
109.8		0.193804
109.9		0.193804
110		0.193804
110.1		0.199449
110.2		0.199449
110.3		0.199449
110.4		0.199449
110.5		0.199449
110.6		0.199449
110.7		0.199449
110.8		0.199449
110.9		0.199449
111		0.199449
111.1		0.202162
111.2		0.202162
111.3		0.202162
111.4		0.202162
111.5		0.202162
111.6		0.202162
111.7		0.202162
111.8		0.202162
111.9		0.202162
112		0.202162
112.1		0.202445
112.2		0.202445
112.3		0.202445
112.4		0.202445
112.5		0.202445
112.6		0.202445
112.7		0.202445
112.8		0.202445
112.9		0.202445
113		0.202445
113.1		0.20429
113.2		0.20429
113.3		0.20429
113.4		0.20429
113.5		0.20429
113.6		0.20429
113.7		0.20429
113.8		0.20429
113.9		0.20429
114		0.20429
114.1		0.208046
114.2		0.208046
114.3		0.208046
114.4		0.208046
114.5		0.208046
114.6		0.208046
114.7		0.208046
114.8		0.208046
114.9		0.208046
115		0.208046
115.1		0.209479
115.2		0.209479
115.3		0.209479
115.4		0.209479
115.5		0.209479
115.6		0.209479
115.7		0.209479
115.8		0.209479
115.9		0.209479
116		0.209479
116.1		0.209978
116.2		0.209978
116.3		0.209978
116.4		0.209978
116.5		0.209978
116.6		0.209978
116.7		0.209978
116.8		0.209978
116.9		0.209978
117		0.209978
117.1		0.212518
117.2		0.212518
117.3		0.212518
117.4		0.212518
117.5		0.212518
117.6		0.212518
117.7		0.212518
117.8		0.212518
117.9		0.212518
118		0.212518
118.1		0.214494
118.2		0.214494
118.3		0.214494
118.4		0.214494
118.5		0.214494
118.6		0.214494
118.7		0.214494
118.8		0.214494
118.9		0.214494
119		0.214494
119.1		0.218401
119.2		0.218401
119.3		0.218401
119.4		0.218401
119.5		0.218401
119.6		0.218401
119.7		0.218401
119.8		0.218401
119.9		0.218401
120		0.218401
120.1		0.219552
120.2		0.219552
120.3		0.219552
120.4		0.219552
120.5		0.219552
120.6		0.219552
120.7		0.219552
120.8		0.219552
120.9		0.219552
121		0.219552
121.1		0.222092
121.2		0.222092
121.3		0.222092
121.4		0.222092
121.5		0.222092
121.6		0.222092
121.7		0.222092
121.8		0.222092
121.9		0.222092
122		0.222092
122.1		0.222722
122.2		0.222722
122.3		0.222722
122.4		0.222722
122.5		0.222722
122.6		0.222722
122.7		0.222722
122.8		0.222722
122.9		0.222722
123		0.222722
123.1		0.223807
123.2		0.223807
123.3		0.223807
123.4		0.223807
123.5		0.223807
123.6		0.223807
123.7		0.223807
123.8		0.223807
123.9		0.223807
124		0.223807
124.1		0.228475
124.2		0.228475
124.3		0.228475
124.4		0.228475
124.5		0.228475
124.6		0.228475
124.7		0.228475
124.8		0.228475
124.9		0.228475
125		0.228475
125.1		0.229625
125.2		0.229625
125.3		0.229625
125.4		0.229625
125.5		0.229625
125.6		0.229625
125.7		0.229625
125.8		0.229625
125.9		0.229625
126		0.229625
126.1		0.233077
126.2		0.233077
126.3		0.233077
126.4		0.233077
126.5		0.233077
126.6		0.233077
126.7		0.233077
126.8		0.233077
126.9		0.233077
127		0.233077
127.1		0.234098
127.2		0.234098
127.3		0.234098
127.4		0.234098
127.5		0.234098
127.6		0.234098
127.7		0.234098
127.8		0.234098
127.9		0.234098
128		0.234098
128.1		0.236942
128.2		0.236942
128.3		0.236942
128.4		0.236942
128.5		0.236942
128.6		0.236942
128.7		0.236942
128.8		0.236942
128.9		0.236942
129		0.236942
129.1		0.237853
129.2		0.237853
129.3		0.237853
129.4		0.237853
129.5		0.237853
129.6		0.237853
129.7		0.237853
129.8		0.237853
129.9		0.237853
130		0.237853
130.1		0.243303
130.2		0.243303
130.3		0.243303
130.4		0.243303
130.5		0.243303
130.6		0.243303
130.7		0.243303
130.8		0.243303
130.9		0.243303
131		0.243303
131.1		0.245365
131.2		0.245365
131.3		0.245365
131.4		0.245365
131.5		0.245365
131.6		0.245365
131.7		0.245365
131.8		0.245365
131.9		0.245365
132		0.245365
132.1		0.246516
132.2		0.246516
132.3		0.246516
132.4		0.246516
132.5		0.246516
132.6		0.246516
132.7		0.246516
132.8		0.246516
132.9		0.246516
133		0.246516
133.1		0.246646
133.2		0.246646
133.3		0.246646
133.4		0.246646
133.5		0.246646
133.6		0.246646
133.7		0.246646
133.8		0.246646
133.9		0.246646
134		0.246646
134.1		0.247775
134.2		0.247775
134.3		0.247775
134.4		0.247775
134.5		0.247775
134.6		0.247775
134.7		0.247775
134.8		0.247775
134.9		0.247775
135		0.247775
135.1		0.250423
135.2		0.250423
135.3		0.250423
135.4		0.250423
135.5		0.250423
135.6		0.250423
135.7		0.250423
135.8		0.250423
135.9		0.250423
136		0.250423
136.1		0.252703
136.2		0.252703
136.3		0.252703
136.4		0.252703
136.5		0.252703
136.6		0.252703
136.7		0.252703
136.8		0.252703
136.9		0.252703
137		0.252703
137.1		0.254917
137.2		0.254917
137.3		0.254917
137.4		0.254917
137.5		0.254917
137.6		0.254917
137.7		0.254917
137.8		0.254917
137.9		0.254917
138		0.254917
138.1		0.255894
138.2		0.255894
138.3		0.255894
138.4		0.255894
138.5		0.255894
138.6		0.255894
138.7		0.255894
138.8		0.255894
138.9		0.255894
139		0.255894
139.1		0.257088
139.2		0.257088
139.3		0.257088
139.4		0.257088
139.5		0.257088
139.6		0.257088
139.7		0.257088
139.8		0.257088
139.9		0.257088
140		0.257088
140.1		0.259759
140.2		0.259759
140.3		0.259759
140.4		0.259759
140.5		0.259759
140.6		0.259759
140.7		0.259759
140.8		0.259759
140.9		0.259759
141		0.259759
141.1		0.26321
141.2		0.26321
141.3		0.26321
141.4		0.26321
141.5		0.26321
141.6		0.26321
141.7		0.26321
141.8		0.26321
141.9		0.26321
142		0.26321
142.1		0.263449
142.2		0.263449
142.3		0.263449
142.4		0.263449
142.5		0.263449
142.6		0.263449
142.7		0.263449
142.8		0.263449
142.9		0.263449
143		0.263449
143.1		0.265729
143.2		0.265729
143.3		0.265729
143.4		0.265729
143.5		0.265729
143.6		0.265729
143.7		0.265729
143.8		0.265729
143.9		0.265729
144		0.265729
144.1		0.26866
144.2		0.26866
144.3		0.26866
144.4		0.26866
144.5		0.26866
144.6		0.26866
144.7		0.26866
144.8		0.26866
144.9		0.26866
145		0.26866
145.1		0.270396
145.2		0.270396
145.3		0.270396
145.4		0.270396
145.5		0.270396
145.6		0.270396
145.7		0.270396
145.8		0.270396
145.9		0.270396
146		0.270396
146.1		0.273544
146.2		0.273544
146.3		0.273544
146.4		0.273544
146.5		0.273544
146.6		0.273544
146.7		0.273544
146.8		0.273544
146.9		0.273544
147		0.273544
147.1		0.27489
147.2		0.27489
147.3		0.27489
147.4		0.27489
147.5		0.27489
147.6		0.27489
147.7		0.27489
147.8		0.27489
147.9		0.27489
148		0.27489
148.1		0.275694
148.2		0.275694
148.3		0.275694
148.4		0.275694
148.5		0.275694
148.6		0.275694
148.7		0.275694
148.8		0.275694
148.9		0.275694
149		0.275694
149.1		0.277517
149.2		0.277517
149.3		0.277517
149.4		0.277517
149.5		0.277517
149.6		0.277517
149.7		0.277517
149.8		0.277517
149.9		0.277517
150		0.277517
150.1		0.283357
150.2		0.283357
150.3		0.283357
150.4		0.283357
150.5		0.283357
150.6		0.283357
150.7		0.283357
150.8		0.283357
150.9		0.283357
151		0.283357
151.1		0.28403
151.2		0.28403
151.3		0.28403
151.4		0.28403
151.5		0.28403
151.6		0.28403
151.7		0.28403
151.8		0.28403
151.9		0.28403
152		0.28403
152.1		0.285094
152.2		0.285094
152.3		0.285094
152.4		0.285094
152.5		0.285094
152.6		0.285094
152.7		0.285094
152.8		0.285094
152.9		0.285094
153		0.285094
153.1		0.286679
153.2		0.286679
153.3		0.286679
153.4		0.286679
153.5		0.286679
153.6		0.286679
153.7		0.286679
153.8		0.286679
153.9		0.286679
154		0.286679
154.1		0.289154
154.2		0.289154
154.3		0.289154
154.4		0.289154
154.5		0.289154
154.6		0.289154
154.7		0.289154
154.8		0.289154
154.9		0.289154
155		0.289154
155.1		0.291716
155.2		0.291716
155.3		0.291716
155.4		0.291716
155.5		0.291716
155.6		0.291716
155.7		0.291716
155.8		0.291716
155.9		0.291716
156		0.291716
156.1		0.292367
156.2		0.292367
156.3		0.292367
156.4		0.292367
156.5		0.292367
156.6		0.292367
156.7		0.292367
156.8		0.292367
156.9		0.292367
157		0.292367
157.1		0.294256
157.2		0.294256
157.3		0.294256
157.4		0.294256
157.5		0.294256
157.6		0.294256
157.7		0.294256
157.8		0.294256
157.9		0.294256
158		0.294256
158.1		0.298967
158.2		0.298967
158.3		0.298967
158.4		0.298967
158.5		0.298967
158.6		0.298967
158.7		0.298967
158.8		0.298967
158.9		0.298967
159		0.298967
159.1		0.299857
159.2		0.299857
159.3		0.299857
159.4		0.299857
159.5		0.299857
159.6		0.299857
159.7		0.299857
159.8		0.299857
159.9		0.299857
160		0.299857
160.1		0.300421
160.2		0.300421
160.3		0.300421
160.4		0.300421
160.5		0.300421
160.6		0.300421
160.7		0.300421
160.8		0.300421
160.9		0.300421
161		0.300421
161.1		0.304633
161.2		0.304633
161.3		0.304633
161.4		0.304633
161.5		0.304633
161.6		0.304633
161.7		0.304633
161.8		0.304633
161.9		0.304633
162		0.304633
162.1		0.307173
162.2		0.307173
162.3		0.307173
162.4		0.307173
162.5		0.307173
162.6		0.307173
162.7		0.307173
162.8		0.307173
162.9		0.307173
163		0.307173
163.1		0.309083
163.2		0.309083
163.3		0.309083
163.4		0.309083
163.5		0.309083
163.6		0.309083
163.7		0.309083
163.8		0.309083
163.9		0.309083
164		0.309083
164.1		0.310104
164.2		0.310104
164.3		0.310104
164.4		0.310104
164.5		0.310104
164.6		0.310104
164.7		0.310104
164.8		0.310104
164.9		0.310104
165		0.310104
165.1		0.311515
165.2		0.311515
165.3		0.311515
165.4		0.311515
165.5		0.311515
165.6		0.311515
165.7		0.311515
165.8		0.311515
165.9		0.311515
166		0.311515
166.1		0.31425
166.2		0.31425
166.3		0.31425
166.4		0.31425
166.5		0.31425
166.6		0.31425
166.7		0.31425
166.8		0.31425
166.9		0.31425
167		0.31425
167.1		0.315618
167.2		0.315618
167.3		0.315618
167.4		0.315618
167.5		0.315618
167.6		0.315618
167.7		0.315618
167.8		0.315618
167.9		0.315618
168		0.315618
168.1		0.317767
168.2		0.317767
168.3		0.317767
168.4		0.317767
168.5		0.317767
168.6		0.317767
168.7		0.317767
168.8		0.317767
168.9		0.317767
169		0.317767
169.1		0.32085
169.2		0.32085
169.3		0.32085
169.4		0.32085
169.5		0.32085
169.6		0.32085
169.7		0.32085
169.8		0.32085
169.9		0.32085
170		0.32085
170.1		0.322131
170.2		0.322131
170.3		0.322131
170.4		0.322131
170.5		0.322131
170.6		0.322131
170.7		0.322131
170.8		0.322131
170.9		0.322131
171		0.322131
171.1		0.324063
171.2		0.324063
171.3		0.324063
171.4		0.324063
171.5		0.324063
171.6		0.324063
171.7		0.324063
171.8		0.324063
171.9		0.324063
172		0.324063
172.1		0.32517
172.2		0.32517
172.3		0.32517
172.4		0.32517
172.5		0.32517
172.6		0.32517
172.7		0.32517
172.8		0.32517
172.9		0.32517
173		0.32517
173.1		0.326147
173.2		0.326147
173.3		0.326147
173.4		0.326147
173.5		0.326147
173.6		0.326147
173.7		0.326147
173.8		0.326147
173.9		0.326147
174		0.326147
174.1		0.329643
174.2		0.329643
174.3		0.329643
174.4		0.329643
174.5		0.329643
174.6		0.329643
174.7		0.329643
174.8		0.329643
174.9		0.329643
175		0.329643
175.1		0.33329
175.2		0.33329
175.3		0.33329
175.4		0.33329
175.5		0.33329
175.6		0.33329
175.7		0.33329
175.8		0.33329
175.9		0.33329
176		0.33329
176.1		0.335331
176.2		0.335331
176.3		0.335331
176.4		0.335331
176.5		0.335331
176.6		0.335331
176.7		0.335331
176.8		0.335331
176.9		0.335331
177		0.335331
177.1		0.336959
177.2		0.336959
177.3		0.336959
177.4		0.336959
177.5		0.336959
177.6		0.336959
177.7		0.336959
177.8		0.336959
177.9		0.336959
178		0.336959
178.1		0.337849
178.2		0.337849
178.3		0.337849
178.4		0.337849
178.5		0.337849
178.6		0.337849
178.7		0.337849
178.8		0.337849
178.9		0.337849
179		0.337849
179.1		0.338804
179.2		0.338804
179.3		0.338804
179.4		0.338804
179.5		0.338804
179.6		0.338804
179.7		0.338804
179.8		0.338804
179.9		0.338804
180		0.338804
180.1		0.342842
180.2		0.342842
180.3		0.342842
180.4		0.342842
180.5		0.342842
180.6		0.342842
180.7		0.342842
180.8		0.342842
180.9		0.342842
181		0.342842
181.1		0.343537
181.2		0.343537
181.3		0.343537
181.4		0.343537
181.5		0.343537
181.6		0.343537
181.7		0.343537
181.8		0.343537
181.9		0.343537
182		0.343537
182.1		0.343993
182.2		0.343993
182.3		0.343993
182.4		0.343993
182.5		0.343993
182.6		0.343993
182.7		0.343993
182.8		0.343993
182.9		0.343993
183		0.343993
183.1		0.348183
183.2		0.348183
183.3		0.348183
183.4		0.348183
183.5		0.348183
183.6		0.348183
183.7		0.348183
183.8		0.348183
183.9		0.348183
184		0.348183
184.1		0.35107
184.2		0.35107
184.3		0.35107
184.4		0.35107
184.5		0.35107
184.6		0.35107
184.7		0.35107
184.8		0.35107
184.9		0.35107
185		0.35107
185.1		0.351396
185.2		0.351396
185.3		0.351396
185.4		0.351396
185.5		0.351396
185.6		0.351396
185.7		0.351396
185.8		0.351396
185.9		0.351396
186		0.351396
186.1		0.351656
186.2		0.351656
186.3		0.351656
186.4		0.351656
186.5		0.351656
186.6		0.351656
186.7		0.351656
186.8		0.351656
186.9		0.351656
187		0.351656
187.1		0.354327
187.2		0.354327
187.3		0.354327
187.4		0.354327
187.5		0.354327
187.6		0.354327
187.7		0.354327
187.8		0.354327
187.9		0.354327
188		0.354327
188.1		0.360709
188.2		0.360709
188.3		0.360709
188.4		0.360709
188.5		0.360709
188.6		0.360709
188.7		0.360709
188.8		0.360709
188.9		0.360709
189		0.360709
189.1		0.361404
189.2		0.361404
189.3		0.361404
189.4		0.361404
189.5		0.361404
189.6		0.361404
189.7		0.361404
189.8		0.361404
189.9		0.361404
190		0.361404
190.1		0.361556
190.2		0.361556
190.3		0.361556
190.4		0.361556
190.5		0.361556
190.6		0.361556
190.7		0.361556
190.8		0.361556
190.9		0.361556
191		0.361556
191.1		0.36173
191.2		0.36173
191.3		0.36173
191.4		0.36173
191.5		0.36173
191.6		0.36173
191.7		0.36173
191.8		0.36173
191.9		0.36173
192		0.36173
192.1		0.368308
192.2		0.368308
192.3		0.368308
192.4		0.368308
192.5		0.368308
192.6		0.368308
192.7		0.368308
192.8		0.368308
192.9		0.368308
193		0.368308
193.1		0.369393
193.2		0.369393
193.3		0.369393
193.4		0.369393
193.5		0.369393
193.6		0.369393
193.7		0.369393
193.8		0.369393
193.9		0.369393
194		0.369393
194.1		0.370761
194.2		0.370761
194.3		0.370761
194.4		0.370761
194.5		0.370761
194.6		0.370761
194.7		0.370761
194.8		0.370761
194.9		0.370761
195		0.370761
195.1		0.372346
195.2		0.372346
195.3		0.372346
195.4		0.372346
195.5		0.372346
195.6		0.372346
195.7		0.372346
195.8		0.372346
195.9		0.372346
196		0.372346
196.1		0.376167
196.2		0.376167
196.3		0.376167
196.4		0.376167
196.5		0.376167
196.6		0.376167
196.7		0.376167
196.8		0.376167
196.9		0.376167
197		0.376167
197.1		0.378121
197.2		0.378121
197.3		0.378121
197.4		0.378121
197.5		0.378121
197.6		0.378121
197.7		0.378121
197.8		0.378121
197.9		0.378121
198		0.378121
198.1		0.378664
198.2		0.378664
198.3		0.378664
198.4		0.378664
198.5		0.378664
198.6		0.378664
198.7		0.378664
198.8		0.378664
198.9		0.378664
199		0.378664
199.1		0.379445
199.2		0.379445
199.3		0.379445
199.4		0.379445
199.5		0.379445
199.6		0.379445
199.7		0.379445
199.8		0.379445
199.9		0.379445
200		0.379445
200.1		0.384178
200.2		0.384178
200.3		0.384178
200.4		0.384178
200.5		0.384178
200.6		0.384178
200.7		0.384178
200.8		0.384178
200.9		0.384178
201		0.384178
201.1		0.387413
201.2		0.387413
201.3		0.387413
201.4		0.387413
201.5		0.387413
201.6		0.387413
201.7		0.387413
201.8		0.387413
201.9		0.387413
202		0.387413
202.1		0.387869
202.2		0.387869
202.3		0.387869
202.4		0.387869
202.5		0.387869
202.6		0.387869
202.7		0.387869
202.8		0.387869
202.9		0.387869
203		0.387869
203.1		0.390343
203.2		0.390343
203.3		0.390343
203.4		0.390343
203.5		0.390343
203.6		0.390343
203.7		0.390343
203.8		0.390343
203.9		0.390343
204		0.390343
204.1		0.393687
204.2		0.393687
204.3		0.393687
204.4		0.393687
204.5		0.393687
204.6		0.393687
204.7		0.393687
204.8		0.393687
204.9		0.393687
205		0.393687
205.1		0.394816
205.2		0.394816
205.3		0.394816
205.4		0.394816
205.5		0.394816
205.6		0.394816
205.7		0.394816
205.8		0.394816
205.9		0.394816
206		0.394816
206.1		0.396422
206.2		0.396422
206.3		0.396422
206.4		0.396422
206.5		0.396422
206.6		0.396422
206.7		0.396422
206.8		0.396422
206.9		0.396422
207		0.396422
207.1		0.397443
207.2		0.397443
207.3		0.397443
207.4		0.397443
207.5		0.397443
207.6		0.397443
207.7		0.397443
207.8		0.397443
207.9		0.397443
208		0.397443
208.1		0.400938
208.2		0.400938
208.3		0.400938
208.4		0.400938
208.5		0.400938
208.6		0.400938
208.7		0.400938
208.8		0.400938
208.9		0.400938
209		0.400938
209.1		0.403435
209.2		0.403435
209.3		0.403435
209.4		0.403435
209.5		0.403435
209.6		0.403435
209.7		0.403435
209.8		0.403435
209.9		0.403435
210		0.403435
210.1		0.405041
210.2		0.405041
210.3		0.405041
210.4		0.405041
210.5		0.405041
210.6		0.405041
210.7		0.405041
210.8		0.405041
210.9		0.405041
211		0.405041
211.1		0.406821
211.2		0.406821
211.3		0.406821
211.4		0.406821
211.5		0.406821
211.6		0.406821
211.7		0.406821
211.8		0.406821
211.9		0.406821
212		0.406821
212.1		0.410447
212.2		0.410447
212.3		0.410447
212.4		0.410447
212.5		0.410447
212.6		0.410447
212.7		0.410447
212.8		0.410447
212.9		0.410447
213		0.410447
213.1		0.412401
213.2		0.412401
213.3		0.412401
213.4		0.412401
213.5		0.412401
213.6		0.412401
213.7		0.412401
213.8		0.412401
213.9		0.412401
214		0.412401
214.1		0.41366
214.2		0.41366
214.3		0.41366
214.4		0.41366
214.5		0.41366
214.6		0.41366
214.7		0.41366
214.8		0.41366
214.9		0.41366
215		0.41366
215.1		0.416048
215.2		0.416048
215.3		0.416048
215.4		0.416048
215.5		0.416048
215.6		0.416048
215.7		0.416048
215.8		0.416048
215.9		0.416048
216		0.416048
216.1		0.417654
216.2		0.417654
216.3		0.417654
216.4		0.417654
216.5		0.417654
216.6		0.417654
216.7		0.417654
216.8		0.417654
216.9		0.417654
217		0.417654
217.1		0.419652
217.2		0.419652
217.3		0.419652
217.4		0.419652
217.5		0.419652
217.6		0.419652
217.7		0.419652
217.8		0.419652
217.9		0.419652
218		0.419652
218.1		0.422517
218.2		0.422517
218.3		0.422517
218.4		0.422517
218.5		0.422517
218.6		0.422517
218.7		0.422517
218.8		0.422517
218.9		0.422517
219		0.422517
219.1		0.42356
219.2		0.42356
219.3		0.42356
219.4		0.42356
219.5		0.42356
219.6		0.42356
219.7		0.42356
219.8		0.42356
219.9		0.42356
220		0.42356
220.1		0.423863
220.2		0.423863
220.3		0.423863
220.4		0.423863
220.5		0.423863
220.6		0.423863
220.7		0.423863
220.8		0.423863
220.9		0.423863
221		0.423863
221.1		0.426903
221.2		0.426903
221.3		0.426903
221.4		0.426903
221.5		0.426903
221.6		0.426903
221.7		0.426903
221.8		0.426903
221.9		0.426903
222		0.426903
222.1		0.430702
222.2		0.430702
222.3		0.430702
222.4		0.430702
222.5		0.430702
222.6		0.430702
222.7		0.430702
222.8		0.430702
222.9		0.430702
223		0.430702
223.1		0.431484
223.2		0.431484
223.3		0.431484
223.4		0.431484
223.5		0.431484
223.6		0.431484
223.7		0.431484
223.8		0.431484
223.9		0.431484
224		0.431484
224.1		0.434979
224.2		0.434979
224.3		0.434979
224.4		0.434979
224.5		0.434979
224.6		0.434979
224.7		0.434979
224.8		0.434979
224.9		0.434979
225		0.434979
225.1		0.435283
225.2		0.435283
225.3		0.435283
225.4		0.435283
225.5		0.435283
225.6		0.435283
225.7		0.435283
225.8		0.435283
225.9		0.435283
226		0.435283
226.1		0.437758
226.2		0.437758
226.3		0.437758
226.4		0.437758
226.5		0.437758
226.6		0.437758
226.7		0.437758
226.8		0.437758
226.9		0.437758
227		0.437758
227.1		0.440081
227.2		0.440081
227.3		0.440081
227.4		0.440081
227.5		0.440081
227.6		0.440081
227.7		0.440081
227.8		0.440081
227.9		0.440081
228		0.440081
228.1		0.440949
228.2		0.440949
228.3		0.440949
228.4		0.440949
228.5		0.440949
228.6		0.440949
228.7		0.440949
228.8		0.440949
228.9		0.440949
229		0.440949
229.1		0.44286
229.2		0.44286
229.3		0.44286
229.4		0.44286
229.5		0.44286
229.6		0.44286
229.7		0.44286
229.8		0.44286
229.9		0.44286
230		0.44286
230.1		0.446637
230.2		0.446637
230.3		0.446637
230.4		0.446637
230.5		0.446637
230.6		0.446637
230.7		0.446637
230.8		0.446637
230.9		0.446637
231		0.446637
231.1		0.447918
231.2		0.447918
231.3		0.447918
231.4		0.447918
231.5		0.447918
231.6		0.447918
231.7		0.447918
231.8		0.447918
231.9		0.447918
232		0.447918
232.1		0.449221
232.2		0.449221
232.3		0.449221
232.4		0.449221
232.5		0.449221
232.6		0.449221
232.7		0.449221
232.8		0.449221
232.9		0.449221
233		0.449221
233.1		0.450458
233.2		0.450458
233.3		0.450458
233.4		0.450458
233.5		0.450458
233.6		0.450458
233.7		0.450458
233.8		0.450458
233.9		0.450458
234		0.450458
234.1		0.454366
234.2		0.454366
234.3		0.454366
234.4		0.454366
234.5		0.454366
234.6		0.454366
234.7		0.454366
234.8		0.454366
234.9		0.454366
235		0.454366
235.1		0.455451
235.2		0.455451
235.3		0.455451
235.4		0.455451
235.5		0.455451
235.6		0.455451
235.7		0.455451
235.8		0.455451
235.9		0.455451
236		0.455451
236.1		0.459142
236.2		0.459142
236.3		0.459142
236.4		0.459142
236.5		0.459142
236.6		0.459142
236.7		0.459142
236.8		0.459142
236.9		0.459142
237		0.459142
237.1		0.459251
237.2		0.459251
237.3		0.459251
237.4		0.459251
237.5		0.459251
237.6		0.459251
237.7		0.459251
237.8		0.459251
237.9		0.459251
238		0.459251
238.1		0.463571
238.2		0.463571
238.3		0.463571
238.4		0.463571
238.5		0.463571
238.6		0.463571
238.7		0.463571
238.8		0.463571
238.9		0.463571
239		0.463571
239.1		0.464982
239.2		0.464982
239.3		0.464982
239.4		0.464982
239.5		0.464982
239.6		0.464982
239.7		0.464982
239.8		0.464982
239.9		0.464982
240		0.464982
240.1		0.468933
240.2		0.468933
240.3		0.468933
240.4		0.468933
240.5		0.468933
240.6		0.468933
240.7		0.468933
240.8		0.468933
240.9		0.468933
241		0.468933
241.1		0.469259
241.2		0.469259
241.3		0.469259
241.4		0.469259
241.5		0.469259
241.6		0.469259
241.7		0.469259
241.8		0.469259
241.9		0.469259
242		0.469259
242.1		0.470475
242.2		0.470475
242.3		0.470475
242.4		0.470475
242.5		0.470475
242.6		0.470475
242.7		0.470475
242.8		0.470475
242.9		0.470475
243		0.470475
243.1		0.47397
243.2		0.47397
243.3		0.47397
243.4		0.47397
243.5		0.47397
243.6		0.47397
243.7		0.47397
243.8		0.47397
243.9		0.47397
244		0.47397
244.1		0.476358
244.2		0.476358
244.3		0.476358
244.4		0.476358
244.5		0.476358
244.6		0.476358
244.7		0.476358
244.8		0.476358
244.9		0.476358
245		0.476358
245.1		0.477552
245.2		0.477552
245.3		0.477552
245.4		0.477552
245.5		0.477552
245.6		0.477552
245.7		0.477552
245.8		0.477552
245.9		0.477552
246		0.477552
246.1		0.480396
246.2		0.480396
246.3		0.480396
246.4		0.480396
246.5		0.480396
246.6		0.480396
246.7		0.480396
246.8		0.480396
246.9		0.480396
247		0.480396
247.1		0.480678
247.2		0.480678
247.3		0.480678
247.4		0.480678
247.5		0.480678
247.6		0.480678
247.7		0.480678
247.8		0.480678
247.9		0.480678
248		0.480678
248.1		0.484608
248.2		0.484608
248.3		0.484608
248.4		0.484608
248.5		0.484608
248.6		0.484608
248.7		0.484608
248.8		0.484608
248.9		0.484608
249		0.484608
249.1		0.485628
249.2		0.485628
249.3		0.485628
249.4		0.485628
249.5		0.485628
249.6		0.485628
249.7		0.485628
249.8		0.485628
249.9		0.485628
250		0.485628
250.1		0.487951
250.2		0.487951
250.3		0.487951
250.4		0.487951
250.5		0.487951
250.6		0.487951
250.7		0.487951
250.8		0.487951
250.9		0.487951
251		0.487951
251.1		0.488667
251.2		0.488667
251.3		0.488667
251.4		0.488667
251.5		0.488667
251.6		0.488667
251.7		0.488667
251.8		0.488667
251.9		0.488667
252		0.488667
252.1		0.493509
252.2		0.493509
252.3		0.493509
252.4		0.493509
252.5		0.493509
252.6		0.493509
252.7		0.493509
252.8		0.493509
252.9		0.493509
253		0.493509
253.1		0.494594
253.2		0.494594
253.3		0.494594
253.4		0.494594
253.5		0.494594
253.6		0.494594
253.7		0.494594
253.8		0.494594
253.9		0.494594
254		0.494594
254.1		0.496201
254.2		0.496201
254.3		0.496201
254.4		0.496201
254.5		0.496201
254.6		0.496201
254.7		0.496201
254.8		0.496201
254.9		0.496201
255		0.496201
255.1		0.497634
255.2		0.497634
255.3		0.497634
255.4		0.497634
255.5		0.497634
255.6		0.497634
255.7		0.497634
255.8		0.497634
255.9		0.497634
256		0.497634
256.1		0.501172
256.2		0.501172
256.3		0.501172
256.4		0.501172
256.5		0.501172
256.6		0.501172
256.7		0.501172
256.8		0.501172
256.9		0.501172
257		0.501172
257.1		0.50317
257.2		0.50317
257.3		0.50317
257.4		0.50317
257.5		0.50317
257.6		0.50317
257.7		0.50317
257.8		0.50317
257.9		0.50317
258		0.50317
258.1		0.506122
258.2		0.506122
258.3		0.506122
258.4		0.506122
258.5		0.506122
258.6		0.506122
258.7		0.506122
258.8		0.506122
258.9		0.506122
259		0.506122
259.1		0.506622
259.2		0.506622
259.3		0.506622
259.4		0.506622
259.5		0.506622
259.6		0.506622
259.7		0.506622
259.8		0.506622
259.9		0.506622
260		0.506622
260.1		0.507685
260.2		0.507685
260.3		0.507685
260.4		0.507685
260.5		0.507685
260.6		0.507685
260.7		0.507685
260.8		0.507685
260.9		0.507685
261		0.507685
261.1		0.512592
261.2		0.512592
261.3		0.512592
261.4		0.512592
261.5		0.512592
261.6		0.512592
261.7		0.512592
261.8		0.512592
261.9		0.512592
262		0.512592
262.1		0.514307
262.2		0.514307
262.3		0.514307
262.4		0.514307
262.5		0.514307
262.6		0.514307
262.7		0.514307
262.8		0.514307
262.9		0.514307
263		0.514307
263.1		0.515609
263.2		0.515609
263.3		0.515609
263.4		0.515609
263.5		0.515609
263.6		0.515609
263.7		0.515609
263.8		0.515609
263.9		0.515609
264		0.515609
264.1		0.517238
264.2		0.517238
264.3		0.517238
264.4		0.517238
264.5		0.517238
264.6		0.517238
264.7		0.517238
264.8		0.517238
264.9		0.517238
265		0.517238
265.1		0.517628
265.2		0.517628
265.3		0.517628
265.4		0.517628
265.5		0.517628
265.6		0.517628
265.7		0.517628
265.8		0.517628
265.9		0.517628
266		0.517628
266.1		0.522339
266.2		0.522339
266.3		0.522339
266.4		0.522339
266.5		0.522339
266.6		0.522339
266.7		0.522339
266.8		0.522339
266.9		0.522339
267		0.522339
267.1		0.523989
267.2		0.523989
267.3		0.523989
267.4		0.523989
267.5		0.523989
267.6		0.523989
267.7		0.523989
267.8		0.523989
267.9		0.523989
268		0.523989
268.1		0.525835
268.2		0.525835
268.3		0.525835
268.4		0.525835
268.5		0.525835
268.6		0.525835
268.7		0.525835
268.8		0.525835
268.9		0.525835
269		0.525835
269.1		0.526942
269.2		0.526942
269.3		0.526942
269.4		0.526942
269.5		0.526942
269.6		0.526942
269.7		0.526942
269.8		0.526942
269.9		0.526942
270		0.526942
270.1		0.531479
270.2		0.531479
270.3		0.531479
270.4		0.531479
270.5		0.531479
270.6		0.531479
270.7		0.531479
270.8		0.531479
270.9		0.531479
271		0.531479
271.1		0.533194
271.2		0.533194
271.3		0.533194
271.4		0.533194
271.5		0.533194
271.6		0.533194
271.7		0.533194
271.8		0.533194
271.9		0.533194
272		0.533194
272.1		0.534019
272.2		0.534019
272.3		0.534019
272.4		0.534019
272.5		0.534019
272.6		0.534019
272.7		0.534019
272.8		0.534019
272.9		0.534019
273		0.534019
273.1		0.534302
273.2		0.534302
273.3		0.534302
273.4		0.534302
273.5		0.534302
273.6		0.534302
273.7		0.534302
273.8		0.534302
273.9		0.534302
274		0.534302
274.1		0.537905
274.2		0.537905
274.3		0.537905
274.4		0.537905
274.5		0.537905
274.6		0.537905
274.7		0.537905
274.8		0.537905
274.9		0.537905
275		0.537905
275.1		0.538861
275.2		0.538861
275.3		0.538861
275.4		0.538861
275.5		0.538861
275.6		0.538861
275.7		0.538861
275.8		0.538861
275.9		0.538861
276		0.538861
276.1		0.542095
276.2		0.542095
276.3		0.542095
276.4		0.542095
276.5		0.542095
276.6		0.542095
276.7		0.542095
276.8		0.542095
276.9		0.542095
277		0.542095
277.1		0.543398
277.2		0.543398
277.3		0.543398
277.4		0.543398
277.5		0.543398
277.6		0.543398
277.7		0.543398
277.8		0.543398
277.9		0.543398
278		0.543398
278.1		0.544918
278.2		0.544918
278.3		0.544918
278.4		0.544918
278.5		0.544918
278.6		0.544918
278.7		0.544918
278.8		0.544918
278.9		0.544918
279		0.544918
279.1		0.545656
279.2		0.545656
279.3		0.545656
279.4		0.545656
279.5		0.545656
279.6		0.545656
279.7		0.545656
279.8		0.545656
279.9		0.545656
280		0.545656
280.1		0.548782
280.2		0.548782
280.3		0.548782
280.4		0.548782
280.5		0.548782
280.6		0.548782
280.7		0.548782
280.8		0.548782
280.9		0.548782
281		0.548782
281.1		0.550432
281.2		0.550432
281.3		0.550432
281.4		0.550432
281.5		0.550432
281.6		0.550432
281.7		0.550432
281.8		0.550432
281.9		0.550432
282		0.550432
282.1		0.554622
282.2		0.554622
282.3		0.554622
282.4		0.554622
282.5		0.554622
282.6		0.554622
282.7		0.554622
282.8		0.554622
282.9		0.554622
283		0.554622
283.1		0.557357
283.2		0.557357
283.3		0.557357
283.4		0.557357
283.5		0.557357
283.6		0.557357
283.7		0.557357
283.8		0.557357
283.9		0.557357
284		0.557357
284.1		0.559311
284.2		0.559311
284.3		0.559311
284.4		0.559311
284.5		0.559311
284.6		0.559311
284.7		0.559311
284.8		0.559311
284.9		0.559311
285		0.559311
285.1		0.564739
285.2		0.564739
285.3		0.564739
285.4		0.564739
285.5		0.564739
285.6		0.564739
285.7		0.564739
285.8		0.564739
285.9		0.564739
286		0.564739
286.1		0.564847
286.2		0.564847
286.3		0.564847
286.4		0.564847
286.5		0.564847
286.6		0.564847
286.7		0.564847
286.8		0.564847
286.9		0.564847
287		0.564847
287.1		0.56602
287.2		0.56602
287.3		0.56602
287.4		0.56602
287.5		0.56602
287.6		0.56602
287.7		0.56602
287.8		0.56602
287.9		0.56602
288		0.56602
288.1		0.569406
288.2		0.569406
288.3		0.569406
288.4		0.569406
288.5		0.569406
288.6		0.569406
288.7		0.569406
288.8		0.569406
288.9		0.569406
289		0.569406
289.1		0.57479
289.2		0.57479
289.3		0.57479
289.4		0.57479
289.5		0.57479
289.6		0.57479
289.7		0.57479
289.8		0.57479
289.9		0.57479
290		0.57479
290.1		0.575963
290.2		0.575963
290.3		0.575963
290.4		0.575963
290.5		0.575963
290.6		0.575963
290.7		0.575963
290.8		0.575963
290.9		0.575963
291		0.575963
291.1		0.57631
291.2		0.57631
291.3		0.57631
291.4		0.57631
291.5		0.57631
291.6		0.57631
291.7		0.57631
291.8		0.57631
291.9		0.57631
292		0.57631
292.1		0.577461
292.2		0.577461
292.3		0.577461
292.4		0.577461
292.5		0.577461
292.6		0.577461
292.7		0.577461
292.8		0.577461
292.9		0.577461
293		0.577461
293.1		0.580327
293.2		0.580327
293.3		0.580327
293.4		0.580327
293.5		0.580327
293.6		0.580327
293.7		0.580327
293.8		0.580327
293.9		0.580327
294		0.580327
294.1		0.583149
294.2		0.583149
294.3		0.583149
294.4		0.583149
294.5		0.583149
294.6		0.583149
294.7		0.583149
294.8		0.583149
294.9		0.583149
295		0.583149
295.1		0.586123
295.2		0.586123
295.3		0.586123
295.4		0.586123
295.5		0.586123
295.6		0.586123
295.7		0.586123
295.8		0.586123
295.9		0.586123
296		0.586123
296.1		0.587491
296.2		0.587491
296.3		0.587491
296.4		0.587491
296.5		0.587491
296.6		0.587491
296.7		0.587491
296.8		0.587491
296.9		0.587491
297		0.587491
297.1		0.59066
297.2		0.59066
297.3		0.59066
297.4		0.59066
297.5		0.59066
297.6		0.59066
297.7		0.59066
297.8		0.59066
297.9		0.59066
298		0.59066
298.1		0.594351
298.2		0.594351
298.3		0.594351
298.4		0.594351
298.5		0.594351
298.6		0.594351
298.7		0.594351
298.8		0.594351
298.9		0.594351
299		0.594351
299.1		0.600408
299.2		0.600408
299.3		0.600408
299.4		0.600408
299.5		0.600408
299.6		0.600408
299.7		0.600408
299.8		0.600408
299.9		0.600408
300		0.600408
300.1		0.601103
300.2		0.601103
300.3		0.601103
300.4		0.601103
300.5		0.601103
300.6		0.601103
300.7		0.601103
300.8		0.601103
300.9		0.601103
301		0.601103
301.1		0.603382
301.2		0.603382
301.3		0.603382
301.4		0.603382
301.5		0.603382
301.6		0.603382
301.7		0.603382
301.8		0.603382
301.9		0.603382
302		0.603382
302.1		0.605011
302.2		0.605011
302.3		0.605011
302.4		0.605011
302.5		0.605011
302.6		0.605011
302.7		0.605011
302.8		0.605011
302.9		0.605011
303		0.605011
303.1		0.610069
303.2		0.610069
303.3		0.610069
303.4		0.610069
303.5		0.610069
303.6		0.610069
303.7		0.610069
303.8		0.610069
303.9		0.610069
304		0.610069
304.1		0.612197
304.2		0.612197
304.3		0.612197
304.4		0.612197
304.5		0.612197
304.6		0.612197
304.7		0.612197
304.8		0.612197
304.9		0.612197
305		0.612197
305.1		0.612566
305.2		0.612566
305.3		0.612566
305.4		0.612566
305.5		0.612566
305.6		0.612566
305.7		0.612566
305.8		0.612566
305.9		0.612566
306		0.612566
306.1		0.613868
306.2		0.613868
306.3		0.613868
306.4		0.613868
306.5		0.613868
306.6		0.613868
306.7		0.613868
306.8		0.613868
306.9		0.613868
307		0.613868
307.1		0.613912
307.2		0.613912
307.3		0.613912
307.4		0.613912
307.5		0.613912
307.6		0.613912
307.7		0.613912
307.8		0.613912
307.9		0.613912
308		0.613912
308.1		0.617798
308.2		0.617798
308.3		0.617798
308.4		0.617798
308.5		0.617798
308.6		0.617798
308.7		0.617798
308.8		0.617798
308.9		0.617798
309		0.617798
309.1		0.619491
309.2		0.619491
309.3		0.619491
309.4		0.619491
309.5		0.619491
309.6		0.619491
309.7		0.619491
309.8		0.619491
309.9		0.619491
310		0.619491
310.1		0.623855
310.2		0.623855
310.3		0.623855
310.4		0.623855
310.5		0.623855
310.6		0.623855
310.7		0.623855
310.8		0.623855
310.9		0.623855
311		0.623855
311.1		0.624376
311.2		0.624376
311.3		0.624376
311.4		0.624376
311.5		0.624376
311.6		0.624376
311.7		0.624376
311.8		0.624376
311.9		0.624376
312		0.624376
312.1		0.6257
312.2		0.6257
312.3		0.6257
312.4		0.6257
312.5		0.6257
312.6		0.6257
312.7		0.6257
312.8		0.6257
312.9		0.6257
313		0.6257
313.1		0.630107
313.2		0.630107
313.3		0.630107
313.4		0.630107
313.5		0.630107
313.6		0.630107
313.7		0.630107
313.8		0.630107
313.9		0.630107
314		0.630107
314.1		0.63141
314.2		0.63141
314.3		0.63141
314.4		0.63141
314.5		0.63141
314.6		0.63141
314.7		0.63141
314.8		0.63141
314.9		0.63141
315		0.63141
315.1		0.633798
315.2		0.633798
315.3		0.633798
315.4		0.633798
315.5		0.633798
315.6		0.633798
315.7		0.633798
315.8		0.633798
315.9		0.633798
316		0.633798
316.1		0.635339
316.2		0.635339
316.3		0.635339
316.4		0.635339
316.5		0.635339
316.6		0.635339
316.7		0.635339
316.8		0.635339
316.9		0.635339
317		0.635339
317.1		0.635535
317.2		0.635535
317.3		0.635535
317.4		0.635535
317.5		0.635535
317.6		0.635535
317.7		0.635535
317.8		0.635535
317.9		0.635535
318		0.635535
318.1		0.639225
318.2		0.639225
318.3		0.639225
318.4		0.639225
318.5		0.639225
318.6		0.639225
318.7		0.639225
318.8		0.639225
318.9		0.639225
319		0.639225
319.1		0.64055
319.2		0.64055
319.3		0.64055
319.4		0.64055
319.5		0.64055
319.6		0.64055
319.7		0.64055
319.8		0.64055
319.9		0.64055
320		0.64055
320.1		0.645695
320.2		0.645695
320.3		0.645695
320.4		0.645695
320.5		0.645695
320.6		0.645695
320.7		0.645695
320.8		0.645695
320.9		0.645695
321		0.645695
321.1		0.646259
321.2		0.646259
321.3		0.646259
321.4		0.646259
321.5		0.646259
321.6		0.646259
321.7		0.646259
321.8		0.646259
321.9		0.646259
322		0.646259
322.1		0.64678
322.2		0.64678
322.3		0.64678
322.4		0.64678
322.5		0.64678
322.6		0.64678
322.7		0.64678
322.8		0.64678
322.9		0.64678
323		0.64678
323.1		0.648908
323.2		0.648908
323.3		0.648908
323.4		0.648908
323.5		0.648908
323.6		0.648908
323.7		0.648908
323.8		0.648908
323.9		0.648908
324		0.648908
324.1		0.654183
324.2		0.654183
324.3		0.654183
324.4		0.654183
324.5		0.654183
324.6		0.654183
324.7		0.654183
324.8		0.654183
324.9		0.654183
325		0.654183
325.1		0.655768
325.2		0.655768
325.3		0.655768
325.4		0.655768
325.5		0.655768
325.6		0.655768
325.7		0.655768
325.8		0.655768
325.9		0.655768
326		0.655768
326.1		0.656007
326.2		0.656007
326.3		0.656007
326.4		0.656007
326.5		0.656007
326.6		0.656007
326.7		0.656007
326.8		0.656007
326.9		0.656007
327		0.656007
327.1		0.657179
327.2		0.657179
327.3		0.657179
327.4		0.657179
327.5		0.657179
327.6		0.657179
327.7		0.657179
327.8		0.657179
327.9		0.657179
328		0.657179
328.1		0.660805
328.2		0.660805
328.3		0.660805
328.4		0.660805
328.5		0.660805
328.6		0.660805
328.7		0.660805
328.8		0.660805
328.9		0.660805
329		0.660805
329.1		0.660957
329.2		0.660957
329.3		0.660957
329.4		0.660957
329.5		0.660957
329.6		0.660957
329.7		0.660957
329.8		0.660957
329.9		0.660957
330		0.660957
330.1		0.665538
330.2		0.665538
330.3		0.665538
330.4		0.665538
330.5		0.665538
330.6		0.665538
330.7		0.665538
330.8		0.665538
330.9		0.665538
331		0.665538
331.1		0.666319
331.2		0.666319
331.3		0.666319
331.4		0.666319
331.5		0.666319
331.6		0.666319
331.7		0.666319
331.8		0.666319
331.9		0.666319
332		0.666319
332.1		0.670032
332.2		0.670032
332.3		0.670032
332.4		0.670032
332.5		0.670032
332.6		0.670032
332.7		0.670032
332.8		0.670032
332.9		0.670032
333		0.670032
333.1		0.67064
333.2		0.67064
333.3		0.67064
333.4		0.67064
333.5		0.67064
333.6		0.67064
333.7		0.67064
333.8		0.67064
333.9		0.67064
334		0.67064
334.1		0.671226
334.2		0.671226
334.3		0.671226
334.4		0.671226
334.5		0.671226
334.6		0.671226
334.7		0.671226
334.8		0.671226
334.9		0.671226
335		0.671226
335.1		0.671443
335.2		0.671443
335.3		0.671443
335.4		0.671443
335.5		0.671443
335.6		0.671443
335.7		0.671443
335.8		0.671443
335.9		0.671443
336		0.671443
336.1		0.67572
336.2		0.67572
336.3		0.67572
336.4		0.67572
336.5		0.67572
336.6		0.67572
336.7		0.67572
336.8		0.67572
336.9		0.67572
337		0.67572
337.1		0.6775
337.2		0.6775
337.3		0.6775
337.4		0.6775
337.5		0.6775
337.6		0.6775
337.7		0.6775
337.8		0.6775
337.9		0.6775
338		0.6775
338.1		0.680366
338.2		0.680366
338.3		0.680366
338.4		0.680366
338.5		0.680366
338.6		0.680366
338.7		0.680366
338.8		0.680366
338.9		0.680366
339		0.680366
339.1		0.684621
339.2		0.684621
339.3		0.684621
339.4		0.684621
339.5		0.684621
339.6		0.684621
339.7		0.684621
339.8		0.684621
339.9		0.684621
340		0.684621
340.1		0.686857
340.2		0.686857
340.3		0.686857
340.4		0.686857
340.5		0.686857
340.6		0.686857
340.7		0.686857
340.8		0.686857
340.9		0.686857
341		0.686857
341.1		0.691763
341.2		0.691763
341.3		0.691763
341.4		0.691763
341.5		0.691763
341.6		0.691763
341.7		0.691763
341.8		0.691763
341.9		0.691763
342		0.691763
342.1		0.692827
342.2		0.692827
342.3		0.692827
342.4		0.692827
342.5		0.692827
342.6		0.692827
342.7		0.692827
342.8		0.692827
342.9		0.692827
343		0.692827
343.1		0.694955
343.2		0.694955
343.3		0.694955
343.4		0.694955
343.5		0.694955
343.6		0.694955
343.7		0.694955
343.8		0.694955
343.9		0.694955
344		0.694955
344.1		0.695476
344.2		0.695476
344.3		0.695476
344.4		0.695476
344.5		0.695476
344.6		0.695476
344.7		0.695476
344.8		0.695476
344.9		0.695476
345		0.695476
345.1		0.697082
345.2		0.697082
345.3		0.697082
345.4		0.697082
345.5		0.697082
345.6		0.697082
345.7		0.697082
345.8		0.697082
345.9		0.697082
346		0.697082
346.1		0.701402
346.2		0.701402
346.3		0.701402
346.4		0.701402
346.5		0.701402
346.6		0.701402
346.7		0.701402
346.8		0.701402
346.9		0.701402
347		0.701402
347.1		0.704312
347.2		0.704312
347.3		0.704312
347.4		0.704312
347.5		0.704312
347.6		0.704312
347.7		0.704312
347.8		0.704312
347.9		0.704312
348		0.704312
348.1		0.704616
348.2		0.704616
348.3		0.704616
348.4		0.704616
348.5		0.704616
348.6		0.704616
348.7		0.704616
348.8		0.704616
348.9		0.704616
349		0.704616
349.1		0.704637
349.2		0.704637
349.3		0.704637
349.4		0.704637
349.5		0.704637
349.6		0.704637
349.7		0.704637
349.8		0.704637
349.9		0.704637
350		0.704637
350.1		0.705571
350.2		0.705571
350.3		0.705571
350.4		0.705571
350.5		0.705571
350.6		0.705571
350.7		0.705571
350.8		0.705571
350.9		0.705571
351		0.705571
351.1		0.708393
351.2		0.708393
351.3		0.708393
351.4		0.708393
351.5		0.708393
351.6		0.708393
351.7		0.708393
351.8		0.708393
351.9		0.708393
352		0.708393
352.1		0.714711
352.2		0.714711
352.3		0.714711
352.4		0.714711
352.5		0.714711
352.6		0.714711
352.7		0.714711
352.8		0.714711
352.9		0.714711
353		0.714711
353.1		0.715948
353.2		0.715948
353.3		0.715948
353.4		0.715948
353.5		0.715948
353.6		0.715948
353.7		0.715948
353.8		0.715948
353.9		0.715948
354		0.715948
354.1		0.716274
354.2		0.716274
354.3		0.716274
354.4		0.716274
354.5		0.716274
354.6		0.716274
354.7		0.716274
354.8		0.716274
354.9		0.716274
355		0.716274
355.1		0.720138
355.2		0.720138
355.3		0.720138
355.4		0.720138
355.5		0.720138
355.6		0.720138
355.7		0.720138
355.8		0.720138
355.9		0.720138
356		0.720138
356.1		0.726586
356.2		0.726586
356.3		0.726586
356.4		0.726586
356.5		0.726586
356.6		0.726586
356.7		0.726586
356.8		0.726586
356.9		0.726586
357		0.726586
357.1		0.728692
357.2		0.728692
357.3		0.728692
357.4		0.728692
357.5		0.728692
357.6		0.728692
357.7		0.728692
357.8		0.728692
357.9		0.728692
358		0.728692
358.1		0.730298
358.2		0.730298
358.3		0.730298
358.4		0.730298
358.5		0.730298
358.6		0.730298
358.7		0.730298
358.8		0.730298
358.9		0.730298
359		0.730298
359.1		0.731927
359.2		0.731927
359.3		0.731927
359.4		0.731927
359.5		0.731927
359.6		0.731927
359.7		0.731927
359.8		0.731927
359.9		0.731927
360		0.731927
360.1		0.734597
360.2		0.734597
360.3		0.734597
360.4		0.734597
360.5		0.734597
360.6		0.734597
360.7		0.734597
360.8		0.734597
360.9		0.734597
361		0.734597
361.1		0.737007
361.2		0.737007
361.3		0.737007
361.4		0.737007
361.5		0.737007
361.6		0.737007
361.7		0.737007
361.8		0.737007
361.9		0.737007
362		0.737007
362.1		0.737376
362.2		0.737376
362.3		0.737376
362.4		0.737376
362.5		0.737376
362.6		0.737376
362.7		0.737376
362.8		0.737376
362.9		0.737376
363		0.737376
363.1		0.741653
363.2		0.741653
363.3		0.741653
363.4		0.741653
363.5		0.741653
363.6		0.741653
363.7		0.741653
363.8		0.741653
363.9		0.741653
364		0.741653
364.1		0.743303
364.2		0.743303
364.3		0.743303
364.4		0.743303
364.5		0.743303
364.6		0.743303
364.7		0.743303
364.8		0.743303
364.9		0.743303
365		0.743303
365.1		0.744041
365.2		0.744041
365.3		0.744041
365.4		0.744041
365.5		0.744041
365.6		0.744041
365.7		0.744041
365.8		0.744041
365.9		0.744041
366		0.744041
366.1		0.746689
366.2		0.746689
366.3		0.746689
366.4		0.746689
366.5		0.746689
366.6		0.746689
366.7		0.746689
366.8		0.746689
366.9		0.746689
367		0.746689
367.1		0.748166
367.2		0.748166
367.3		0.748166
367.4		0.748166
367.5		0.748166
367.6		0.748166
367.7		0.748166
367.8		0.748166
367.9		0.748166
368		0.748166
368.1		0.752659
368.2		0.752659
368.3		0.752659
368.4		0.752659
368.5		0.752659
368.6		0.752659
368.7		0.752659
368.8		0.752659
368.9		0.752659
369		0.752659
369.1		0.754049
369.2		0.754049
369.3		0.754049
369.4		0.754049
369.5		0.754049
369.6		0.754049
369.7		0.754049
369.8		0.754049
369.9		0.754049
370		0.754049
370.1		0.754527
370.2		0.754527
370.3		0.754527
370.4		0.754527
370.5		0.754527
370.6		0.754527
370.7		0.754527
370.8		0.754527
370.9		0.754527
371		0.754527
371.1		0.755417
371.2		0.755417
371.3		0.755417
371.4		0.755417
371.5		0.755417
371.6		0.755417
371.7		0.755417
371.8		0.755417
371.9		0.755417
372		0.755417
372.1		0.757305
372.2		0.757305
372.3		0.757305
372.4		0.757305
372.5		0.757305
372.6		0.757305
372.7		0.757305
372.8		0.757305
372.9		0.757305
373		0.757305
373.1		0.761561
373.2		0.761561
373.3		0.761561
373.4		0.761561
373.5		0.761561
373.6		0.761561
373.7		0.761561
373.8		0.761561
373.9		0.761561
374		0.761561
374.1		0.762798
374.2		0.762798
374.3		0.762798
374.4		0.762798
374.5		0.762798
374.6		0.762798
374.7		0.762798
374.8		0.762798
374.9		0.762798
375		0.762798
375.1		0.764991
375.2		0.764991
375.3		0.764991
375.4		0.764991
375.5		0.764991
375.6		0.764991
375.7		0.764991
375.8		0.764991
375.9		0.764991
376		0.764991
376.1		0.766076
376.2		0.766076
376.3		0.766076
376.4		0.766076
376.5		0.766076
376.6		0.766076
376.7		0.766076
376.8		0.766076
376.9		0.766076
377		0.766076
377.1		0.770027
377.2		0.770027
377.3		0.770027
377.4		0.770027
377.5		0.770027
377.6		0.770027
377.7		0.770027
377.8		0.770027
377.9		0.770027
378		0.770027
378.1		0.772046
378.2		0.772046
378.3		0.772046
378.4		0.772046
378.5		0.772046
378.6		0.772046
378.7		0.772046
378.8		0.772046
378.9		0.772046
379		0.772046
379.1		0.774348
379.2		0.774348
379.3		0.774348
379.4		0.774348
379.5		0.774348
379.6		0.774348
379.7		0.774348
379.8		0.774348
379.9		0.774348
380		0.774348
380.1		0.775498
380.2		0.775498
380.3		0.775498
380.4		0.775498
380.5		0.775498
380.6		0.775498
380.7		0.775498
380.8		0.775498
380.9		0.775498
381		0.775498
381.1		0.775607
381.2		0.775607
381.3		0.775607
381.4		0.775607
381.5		0.775607
381.6		0.775607
381.7		0.775607
381.8		0.775607
381.9		0.775607
382		0.775607
382.1		0.78034
382.2		0.78034
382.3		0.78034
382.4		0.78034
382.5		0.78034
382.6		0.78034
382.7		0.78034
382.8		0.78034
382.9		0.78034
383		0.78034
383.1		0.782076
383.2		0.782076
383.3		0.782076
383.4		0.782076
383.5		0.782076
383.6		0.782076
383.7		0.782076
383.8		0.782076
383.9		0.782076
384		0.782076
384.1		0.782945
384.2		0.782945
384.3		0.782945
384.4		0.782945
384.5		0.782945
384.6		0.782945
384.7		0.782945
384.8		0.782945
384.9		0.782945
385		0.782945
385.1		0.785246
385.2		0.785246
385.3		0.785246
385.4		0.785246
385.5		0.785246
385.6		0.785246
385.7		0.785246
385.8		0.785246
385.9		0.785246
386		0.785246
386.1		0.78872
386.2		0.78872
386.3		0.78872
386.4		0.78872
386.5		0.78872
386.6		0.78872
386.7		0.78872
386.8		0.78872
386.9		0.78872
387		0.78872
387.1		0.79
387.2		0.79
387.3		0.79
387.4		0.79
387.5		0.79
387.6		0.79
387.7		0.79
387.8		0.79
387.9		0.79
388		0.79
388.1		0.792041
388.2		0.792041
388.3		0.792041
388.4		0.792041
388.5		0.792041
388.6		0.792041
388.7		0.792041
388.8		0.792041
388.9		0.792041
389		0.792041
389.1		0.794798
389.2		0.794798
389.3		0.794798
389.4		0.794798
389.5		0.794798
389.6		0.794798
389.7		0.794798
389.8		0.794798
389.9		0.794798
390		0.794798
390.1		0.797403
390.2		0.797403
390.3		0.797403
390.4		0.797403
390.5		0.797403
390.6		0.797403
390.7		0.797403
390.8		0.797403
390.9		0.797403
391		0.797403
391.1		0.799097
391.2		0.799097
391.3		0.799097
391.4		0.799097
391.5		0.799097
391.6		0.799097
391.7		0.799097
391.8		0.799097
391.9		0.799097
392		0.799097
392.1		0.799618
392.2		0.799618
392.3		0.799618
392.4		0.799618
392.5		0.799618
392.6		0.799618
392.7		0.799618
392.8		0.799618
392.9		0.799618
393		0.799618
393.1		0.801572
393.2		0.801572
393.3		0.801572
393.4		0.801572
393.5		0.801572
393.6		0.801572
393.7		0.801572
393.8		0.801572
393.9		0.801572
394		0.801572
394.1		0.804568
394.2		0.804568
394.3		0.804568
394.4		0.804568
394.5		0.804568
394.6		0.804568
394.7		0.804568
394.8		0.804568
394.9		0.804568
395		0.804568
395.1		0.808085
395.2		0.808085
395.3		0.808085
395.4		0.808085
395.5		0.808085
395.6		0.808085
395.7		0.808085
395.8		0.808085
395.9		0.808085
396		0.808085
396.1		0.809756
396.2		0.809756
396.3		0.809756
396.4		0.809756
396.5		0.809756
396.6		0.809756
396.7		0.809756
396.8		0.809756
396.9		0.809756
397		0.809756
397.1		0.811081
397.2		0.811081
397.3		0.811081
397.4		0.811081
397.5		0.811081
397.6		0.811081
397.7		0.811081
397.8		0.811081
397.9		0.811081
398		0.811081
398.1		0.811276
398.2		0.811276
398.3		0.811276
398.4		0.811276
398.5		0.811276
398.6		0.811276
398.7		0.811276
398.8		0.811276
398.9		0.811276
399		0.811276
399.1		0.815748
399.2		0.815748
399.3		0.815748
399.4		0.815748
399.5		0.815748
399.6		0.815748
399.7		0.815748
399.8		0.815748
399.9		0.815748
400		0.815748
400.1		0.816161
400.2		0.816161
400.3		0.816161
400.4		0.816161
400.5		0.816161
400.6		0.816161
400.7		0.816161
400.8		0.816161
400.9		0.816161
401		0.816161
401.1		0.81983
401.2		0.81983
401.3		0.81983
401.4		0.81983
401.5		0.81983
401.6		0.81983
401.7		0.81983
401.8		0.81983
401.9		0.81983
402		0.81983
402.1		0.820264
402.2		0.820264
402.3		0.820264
402.4		0.820264
402.5		0.820264
402.6		0.820264
402.7		0.820264
402.8		0.820264
402.9		0.820264
403		0.820264
403.1		0.822934
403.2		0.822934
403.3		0.822934
403.4		0.822934
403.5		0.822934
403.6		0.822934
403.7		0.822934
403.8		0.822934
403.9		0.822934
404		0.822934
404.1		0.826972
404.2		0.826972
404.3		0.826972
404.4		0.826972
404.5		0.826972
404.6		0.826972
404.7		0.826972
404.8		0.826972
404.9		0.826972
405		0.826972
405.1		0.828687
405.2		0.828687
405.3		0.828687
405.4		0.828687
405.5		0.828687
405.6		0.828687
405.7		0.828687
405.8		0.828687
405.9		0.828687
406		0.828687
406.1		0.829686
406.2		0.829686
406.3		0.829686
406.4		0.829686
406.5		0.829686
406.6		0.829686
406.7		0.829686
406.8		0.829686
406.9		0.829686
407		0.829686
407.1		0.831727
407.2		0.831727
407.3		0.831727
407.4		0.831727
407.5		0.831727
407.6		0.831727
407.7		0.831727
407.8		0.831727
407.9		0.831727
408		0.831727
408.1		0.833637
408.2		0.833637
408.3		0.833637
408.4		0.833637
408.5		0.833637
408.6		0.833637
408.7		0.833637
408.8		0.833637
408.9		0.833637
409		0.833637
409.1		0.833746
409.2		0.833746
409.3		0.833746
409.4		0.833746
409.5		0.833746
409.6		0.833746
409.7		0.833746
409.8		0.833746
409.9		0.833746
410		0.833746
410.1		0.837285
410.2		0.837285
410.3		0.837285
410.4		0.837285
410.5		0.837285
410.6		0.837285
410.7		0.837285
410.8		0.837285
410.9		0.837285
411		0.837285
411.1		0.8418
411.2		0.8418
411.3		0.8418
411.4		0.8418
411.5		0.8418
411.6		0.8418
411.7		0.8418
411.8		0.8418
411.9		0.8418
412		0.8418
412.1		0.842213
412.2		0.842213
412.3		0.842213
412.4		0.842213
412.5		0.842213
412.6		0.842213
412.7		0.842213
412.8		0.842213
412.9		0.842213
413		0.842213
413.1		0.843016
413.2		0.843016
413.3		0.843016
413.4		0.843016
413.5		0.843016
413.6		0.843016
413.7		0.843016
413.8		0.843016
413.9		0.843016
414		0.843016
414.1		0.844992
414.2		0.844992
414.3		0.844992
414.4		0.844992
414.5		0.844992
414.6		0.844992
414.7		0.844992
414.8		0.844992
414.9		0.844992
415		0.844992
415.1		0.845339
415.2		0.845339
415.3		0.845339
415.4		0.845339
415.5		0.845339
415.6		0.845339
415.7		0.845339
415.8		0.845339
415.9		0.845339
416		0.845339
416.1		0.851266
416.2		0.851266
416.3		0.851266
416.4		0.851266
416.5		0.851266
416.6		0.851266
416.7		0.851266
416.8		0.851266
416.9		0.851266
417		0.851266
417.1		0.852308
417.2		0.852308
417.3		0.852308
417.4		0.852308
417.5		0.852308
417.6		0.852308
417.7		0.852308
417.8		0.852308
417.9		0.852308
418		0.852308
418.1		0.85259
418.2		0.85259
418.3		0.85259
418.4		0.85259
418.5		0.85259
418.6		0.85259
418.7		0.85259
418.8		0.85259
418.9		0.85259
419		0.85259
419.1		0.854956
419.2		0.854956
419.3		0.854956
419.4		0.854956
419.5		0.854956
419.6		0.854956
419.7		0.854956
419.8		0.854956
419.9		0.854956
420		0.854956
420.1		0.860449
420.2		0.860449
420.3		0.860449
420.4		0.860449
420.5		0.860449
420.6		0.860449
420.7		0.860449
420.8		0.860449
420.9		0.860449
421		0.860449
421.1		0.861838
421.2		0.861838
421.3		0.861838
421.4		0.861838
421.5		0.861838
421.6		0.861838
421.7		0.861838
421.8		0.861838
421.9		0.861838
422		0.861838
422.1		0.862229
422.2		0.862229
422.3		0.862229
422.4		0.862229
422.5		0.862229
422.6		0.862229
422.7		0.862229
422.8		0.862229
422.9		0.862229
423		0.862229
423.1		0.862924
423.2		0.862924
423.3		0.862924
423.4		0.862924
423.5		0.862924
423.6		0.862924
423.7		0.862924
423.8		0.862924
423.9		0.862924
424		0.862924
424.1		0.864921
424.2		0.864921
424.3		0.864921
424.4		0.864921
424.5		0.864921
424.6		0.864921
424.7		0.864921
424.8		0.864921
424.9		0.864921
425		0.864921
425.1		0.8677
425.2		0.8677
425.3		0.8677
425.4		0.8677
425.5		0.8677
425.6		0.8677
425.7		0.8677
425.8		0.8677
425.9		0.8677
426		0.8677
426.1		0.868004
426.2		0.868004
426.3		0.868004
426.4		0.868004
426.5		0.868004
426.6		0.868004
426.7		0.868004
426.8		0.868004
426.9		0.868004
427		0.868004
427.1		0.87163
427.2		0.87163
427.3		0.87163
427.4		0.87163
427.5		0.87163
427.6		0.87163
427.7		0.87163
427.8		0.87163
427.9		0.87163
428		0.87163
428.1		0.872411
428.2		0.872411
428.3		0.872411
428.4		0.872411
428.5		0.872411
428.6		0.872411
428.7		0.872411
428.8		0.872411
428.9		0.872411
429		0.872411
429.1		0.876037
429.2		0.876037
429.3		0.876037
429.4		0.876037
429.5		0.876037
429.6		0.876037
429.7		0.876037
429.8		0.876037
429.9		0.876037
430		0.876037
430.1		0.876384
430.2		0.876384
430.3		0.876384
430.4		0.876384
430.5		0.876384
430.6		0.876384
430.7		0.876384
430.8		0.876384
430.9		0.876384
431		0.876384
431.1		0.879988
431.2		0.879988
431.3		0.879988
431.4		0.879988
431.5		0.879988
431.6		0.879988
431.7		0.879988
431.8		0.879988
431.9		0.879988
432		0.879988
432.1		0.880227
432.2		0.880227
432.3		0.880227
432.4		0.880227
432.5		0.880227
432.6		0.880227
432.7		0.880227
432.8		0.880227
432.9		0.880227
433		0.880227
433.1		0.880357
433.2		0.880357
433.3		0.880357
433.4		0.880357
433.5		0.880357
433.6		0.880357
433.7		0.880357
433.8		0.880357
433.9		0.880357
434		0.880357
434.1		0.885285
434.2		0.885285
434.3		0.885285
434.4		0.885285
434.5		0.885285
434.6		0.885285
434.7		0.885285
434.8		0.885285
434.9		0.885285
435		0.885285
435.1		0.88713
435.2		0.88713
435.3		0.88713
435.4		0.88713
435.5		0.88713
435.6		0.88713
435.7		0.88713
435.8		0.88713
435.9		0.88713
436		0.88713
436.1		0.888172
436.2		0.888172
436.3		0.888172
436.4		0.888172
436.5		0.888172
436.6		0.888172
436.7		0.888172
436.8		0.888172
436.9		0.888172
437		0.888172
437.1		0.888542
437.2		0.888542
437.3		0.888542
437.4		0.888542
437.5		0.888542
437.6		0.888542
437.7		0.888542
437.8		0.888542
437.9		0.888542
438		0.888542
438.1		0.894772
438.2		0.894772
438.3		0.894772
438.4		0.894772
438.5		0.894772
438.6		0.894772
438.7		0.894772
438.8		0.894772
438.9		0.894772
439		0.894772
439.1		0.895337
439.2		0.895337
439.3		0.895337
439.4		0.895337
439.5		0.895337
439.6		0.895337
439.7		0.895337
439.8		0.895337
439.9		0.895337
440		0.895337
440.1		0.8969
440.2		0.8969
440.3		0.8969
440.4		0.8969
440.5		0.8969
440.6		0.8969
440.7		0.8969
440.8		0.8969
440.9		0.8969
441		0.8969
441.1		0.898441
441.2		0.898441
441.3		0.898441
441.4		0.898441
441.5		0.898441
441.6		0.898441
441.7		0.898441
441.8		0.898441
441.9		0.898441
442		0.898441
442.1		0.903044
442.2		0.903044
442.3		0.903044
442.4		0.903044
442.5		0.903044
442.6		0.903044
442.7		0.903044
442.8		0.903044
442.9		0.903044
443		0.903044
443.1		0.903261
443.2		0.903261
443.3		0.903261
443.4		0.903261
443.5		0.903261
443.6		0.903261
443.7		0.903261
443.8		0.903261
443.9		0.903261
444		0.903261
444.1		0.904303
444.2		0.904303
444.3		0.904303
444.4		0.904303
444.5		0.904303
444.6		0.904303
444.7		0.904303
444.8		0.904303
444.9		0.904303
445		0.904303
445.1		0.905605
445.2		0.905605
445.3		0.905605
445.4		0.905605
445.5		0.905605
445.6		0.905605
445.7		0.905605
445.8		0.905605
445.9		0.905605
446		0.905605
446.1		0.909535
446.2		0.909535
446.3		0.909535
446.4		0.909535
446.5		0.909535
446.6		0.909535
446.7		0.909535
446.8		0.909535
446.9		0.909535
447		0.909535
447.1		0.911858
447.2		0.911858
447.3		0.911858
447.4		0.911858
447.5		0.911858
447.6		0.911858
447.7		0.911858
447.8		0.911858
447.9		0.911858
448		0.911858
448.1		0.915049
448.2		0.915049
448.3		0.915049
448.4		0.915049
448.5		0.915049
448.6		0.915049
448.7		0.915049
448.8		0.915049
448.9		0.915049
449		0.915049
449.1		0.91544
449.2		0.91544
449.3		0.91544
449.4		0.91544
449.5		0.91544
449.6		0.91544
449.7		0.91544
449.8		0.91544
449.9		0.91544
450		0.91544
450.1		0.919022
450.2		0.919022
450.3		0.919022
450.4		0.919022
450.5		0.919022
450.6		0.919022
450.7		0.919022
450.8		0.919022
450.9		0.919022
451		0.919022
451.1		0.9195
451.2		0.9195
451.3		0.9195
451.4		0.9195
451.5		0.9195
451.6		0.9195
451.7		0.9195
451.8		0.9195
451.9		0.9195
452		0.9195
452.1		0.920173
452.2		0.920173
452.3		0.920173
452.4		0.920173
452.5		0.920173
452.6		0.920173
452.7		0.920173
452.8		0.920173
452.9		0.920173
453		0.920173
453.1		0.923581
453.2		0.923581
453.3		0.923581
453.4		0.923581
453.5		0.923581
453.6		0.923581
453.7		0.923581
453.8		0.923581
453.9		0.923581
454		0.923581
454.1		0.92484
454.2		0.92484
454.3		0.92484
454.4		0.92484
454.5		0.92484
454.6		0.92484
454.7		0.92484
454.8		0.92484
454.9		0.92484
455		0.92484
455.1		0.928466
455.2		0.928466
455.3		0.928466
455.4		0.928466
455.5		0.928466
455.6		0.928466
455.7		0.928466
455.8		0.928466
455.9		0.928466
456		0.928466
456.1		0.930463
456.2		0.930463
456.3		0.930463
456.4		0.930463
456.5		0.930463
456.6		0.930463
456.7		0.930463
456.8		0.930463
456.9		0.930463
457		0.930463
457.1		0.930637
457.2		0.930637
457.3		0.930637
457.4		0.930637
457.5		0.930637
457.6		0.930637
457.7		0.930637
457.8		0.930637
457.9		0.930637
458		0.930637
458.1		0.935999
458.2		0.935999
458.3		0.935999
458.4		0.935999
458.5		0.935999
458.6		0.935999
458.7		0.935999
458.8		0.935999
458.9		0.935999
459		0.935999
459.1		0.936824
459.2		0.936824
459.3		0.936824
459.4		0.936824
459.5		0.936824
459.6		0.936824
459.7		0.936824
459.8		0.936824
459.9		0.936824
460		0.936824
460.1		0.937454
460.2		0.937454
460.3		0.937454
460.4		0.937454
460.5		0.937454
460.6		0.937454
460.7		0.937454
460.8		0.937454
460.9		0.937454
461		0.937454
461.1		0.941731
461.2		0.941731
461.3		0.941731
461.4		0.941731
461.5		0.941731
461.6		0.941731
461.7		0.941731
461.8		0.941731
461.9		0.941731
462		0.941731
462.1		0.941948
462.2		0.941948
462.3		0.941948
462.4		0.941948
462.5		0.941948
462.6		0.941948
462.7		0.941948
462.8		0.941948
462.9		0.941948
463		0.941948
463.1		0.945031
463.2		0.945031
463.3		0.945031
463.4		0.945031
463.5		0.945031
463.6		0.945031
463.7		0.945031
463.8		0.945031
463.9		0.945031
464		0.945031
464.1		0.948374
464.2		0.948374
464.3		0.948374
464.4		0.948374
464.5		0.948374
464.6		0.948374
464.7		0.948374
464.8		0.948374
464.9		0.948374
465		0.948374
465.1		0.948873
465.2		0.948873
465.3		0.948873
465.4		0.948873
465.5		0.948873
465.6		0.948873
465.7		0.948873
465.8		0.948873
465.9		0.948873
466		0.948873
466.1		0.949742
466.2		0.949742
466.3		0.949742
466.4		0.949742
466.5		0.949742
466.6		0.949742
466.7		0.949742
466.8		0.949742
466.9		0.949742
467		0.949742
467.1		0.95378
467.2		0.95378
467.3		0.95378
467.4		0.95378
467.5		0.95378
467.6		0.95378
467.7		0.95378
467.8		0.95378
467.9		0.95378
468		0.95378
468.1		0.956819
468.2		0.956819
468.3		0.956819
468.4		0.956819
468.5		0.956819
468.6		0.956819
468.7		0.956819
468.8		0.956819
468.9		0.956819
469		0.956819
469.1		0.957014
469.2		0.957014
469.3		0.957014
469.4		0.957014
469.5		0.957014
469.6		0.957014
469.7		0.957014
469.8		0.957014
469.9		0.957014
470		0.957014
470.1		0.957666
470.2		0.957666
470.3		0.957666
470.4		0.957666
470.5		0.957666
470.6		0.957666
470.7		0.957666
470.8		0.957666
470.9		0.957666
471		0.957666
471.1		0.959685
471.2		0.959685
471.3		0.959685
471.4		0.959685
471.5		0.959685
471.6		0.959685
471.7		0.959685
471.8		0.959685
471.9		0.959685
472		0.959685
472.1		0.965091
472.2		0.965091
472.3		0.965091
472.4		0.965091
472.5		0.965091
472.6		0.965091
472.7		0.965091
472.8		0.965091
472.9		0.965091
473		0.965091
473.1		0.966111
473.2		0.966111
473.3		0.966111
473.4		0.966111
473.5		0.966111
473.6		0.966111
473.7		0.966111
473.8		0.966111
473.9		0.966111
474		0.966111
474.1		0.968065
474.2		0.968065
474.3		0.968065
474.4		0.968065
474.5		0.968065
474.6		0.968065
474.7		0.968065
474.8		0.968065
474.9		0.968065
475		0.968065
475.1		0.968868
475.2		0.968868
475.3		0.968868
475.4		0.968868
475.5		0.968868
475.6		0.968868
475.7		0.968868
475.8		0.968868
475.9		0.968868
476		0.968868
476.1		0.973362
476.2		0.973362
476.3		0.973362
476.4		0.973362
476.5		0.973362
476.6		0.973362
476.7		0.973362
476.8		0.973362
476.9		0.973362
477		0.973362
477.1		0.973818
477.2		0.973818
477.3		0.973818
477.4		0.973818
477.5		0.973818
477.6		0.973818
477.7		0.973818
477.8		0.973818
477.9		0.973818
478		0.973818
478.1		0.976271
478.2		0.976271
478.3		0.976271
478.4		0.976271
478.5		0.976271
478.6		0.976271
478.7		0.976271
478.8		0.976271
478.9		0.976271
479		0.976271
479.1		0.977443
479.2		0.977443
479.3		0.977443
479.4		0.977443
479.5		0.977443
479.6		0.977443
479.7		0.977443
479.8		0.977443
479.9		0.977443
480		0.977443
480.1		0.980157
480.2		0.980157
480.3		0.980157
480.4		0.980157
480.5		0.980157
480.6		0.980157
480.7		0.980157
480.8		0.980157
480.9		0.980157
481		0.980157
481.1		0.984282
481.2		0.984282
481.3		0.984282
481.4		0.984282
481.5		0.984282
481.6		0.984282
481.7		0.984282
481.8		0.984282
481.9		0.984282
482		0.984282
482.1		0.98515
482.2		0.98515
482.3		0.98515
482.4		0.98515
482.5		0.98515
482.6		0.98515
482.7		0.98515
482.8		0.98515
482.9		0.98515
483		0.98515
483.1		0.985541
483.2		0.985541
483.3		0.985541
483.4		0.985541
483.5		0.985541
483.6		0.985541
483.7		0.985541
483.8		0.985541
483.9		0.985541
484		0.985541
484.1		0.988646
484.2		0.988646
484.3		0.988646
484.4		0.988646
484.5		0.988646
484.6		0.988646
484.7		0.988646
484.8		0.988646
484.9		0.988646
485		0.988646
485.1		0.990686
485.2		0.990686
485.3		0.990686
485.4		0.990686
485.5		0.990686
485.6		0.990686
485.7		0.990686
485.8		0.990686
485.9		0.990686
486		0.990686
486.1		0.995984
486.2		0.995984
486.3		0.995984
486.4		0.995984
486.5		0.995984
486.6		0.995984
486.7		0.995984
486.8		0.995984
486.9		0.995984
487		0.995984
487.1		0.9967
487.2		0.9967
487.3		0.9967
487.4		0.9967
487.5		0.9967
487.6		0.9967
487.7		0.9967
487.8		0.9967
487.9		0.9967
488		0.9967
488.1		0.997373
488.2		0.997373
488.3		0.997373
488.4		0.997373
488.5		0.997373
488.6		0.997373
488.7		0.997373
488.8		0.997373
488.9		0.997373
489		0.997373
489.1		0.999327
489.2		0.999327
489.3		0.999327
489.4		0.999327
489.5		0.999327
489.6		0.999327
489.7		0.999327
489.8		0.999327
489.9		0.999327
490		0.999327
490.1		0.999891
490.2		0.999891
490.3		0.999891
490.4		0.999891
490.5		0.999891
490.6		0.999891
490.7		0.999891
490.8		0.999891
490.9		0.999891
491		0.999891
491.1		1
491.2		1
491.3		1
491.4		1
491.5		1
491.6		1
491.7		1
491.8		1
491.9		1
492		1
492.1		1
492.2		1
492.3		1
492.4		1
492.5		1
492.6		1
492.7		1
492.8		1
492.9		1
493		1
493.1		1
493.2		1
493.3		1
493.4		1
493.5		1
493.6		1
493.7		1
493.8		1
493.9		1
494		1
494.1		1
494.2		1
494.3		1
494.4		1
494.5		1
494.6		1
494.7		1
494.8		1
494.9		1
495		1
495.1		1
495.2		1
495.3		1
495.4		1
495.5		1
495.6		1
495.7		1
495.8		1
495.9		1
496		1
496.1		1
496.2		1
496.3		1
496.4		1
496.5		1
496.6		1
496.7		1
496.8		1
496.9		1
497		1
497.1		1
497.2		1
497.3		1
497.4		1
497.5		1
497.6		1
497.7		1
497.8		1
497.9		1
498		1
498.1		1
498.2		1
498.3		1
498.4		1
498.5		1
498.6		1
498.7		1
498.8		1
498.9		1
499		1
499.1		1
499.2		1
499.3		1
499.4		1
499.5		1
499.6		1
499.7		1
499.8		1
499.9		1
500		1
500.1		1
500.2		1
500.3		1
500.4		1
500.5		1
500.6		1
500.7		1
500.8		1
500.9		1
501		1
501.1		1
501.2		1
501.3		1
501.4		1
501.5		1
501.6		1
501.7		1
501.8		1
501.9		1
502		1
502.1		1
502.2		1
502.3		1
502.4		1
502.5		1
502.6		1
502.7		1
502.8		1
502.9		1
503		1
503.1		1
503.2		1
503.3		1
503.4		1
503.5		1
503.6		1
503.7		1
503.8		1
503.9		1
504		1
504.1		1
504.2		1
504.3		1
504.4		1
504.5		1
504.6		1
504.7		1
504.8		1
504.9		1
505		1
505.1		1
505.2		1
505.3		1
505.4		1
505.5		1
505.6		1
505.7		1
505.8		1
505.9		1
506		1
506.1		1
506.2		1
506.3		1
506.4		1
506.5		1
506.6		1
506.7		1
506.8		1
506.9		1
507		1
507.1		1
507.2		1
507.3		1
507.4		1
507.5		1
507.6		1
507.7		1
507.8		1
507.9		1
508		1
508.1		1
508.2		1
508.3		1
508.4		1
508.5		1
508.6		1
508.7		1
508.8		1
508.9		1
509		1
509.1		1
509.2		1
509.3		1
509.4		1
509.5		1
509.6		1
509.7		1
509.8		1
509.9		1
510		1
510.1		1
510.2		1
510.3		1
510.4		1
510.5		1
510.6		1
510.7		1
510.8		1
510.9		1
511		1
511.1		1
511.2		1
511.3		1
511.4		1
511.5		1
511.6		1
511.7		1
511.8		1
511.9		1
512		1
512.1		1
512.2		1
512.3		1
512.4		1
512.5		1
512.6		1
512.7		1
512.8		1
512.9		1
513		1
513.1		1
513.2		1
513.3		1
513.4		1
513.5		1
513.6		1
513.7		1
513.8		1
513.9		1
514		1
514.1		1
514.2		1
514.3		1
514.4		1
514.5		1
514.6		1
514.7		1
514.8		1
514.9		1
515		1
515.1		1
515.2		1
515.3		1
515.4		1
515.5		1
515.6		1
515.7		1
515.8		1
515.9		1
516		1
516.1		1
516.2		1
516.3		1
516.4		1
516.5		1
516.6		1
516.7		1
516.8		1
516.9		1
517		1
517.1		1
517.2		1
517.3		1
517.4		1
517.5		1
517.6		1
517.7		1
517.8		1
517.9		1
518		1
518.1		1
518.2		1
518.3		1
518.4		1
518.5		1
518.6		1
518.7		1
518.8		1
518.9		1
519		1
519.1		1
519.2		1
519.3		1
519.4		1
519.5		1
519.6		1
519.7		1
519.8		1
519.9		1
520		1
520.1		1
520.2		1
520.3		1
520.4		1
520.5		1
520.6		1
520.7		1
520.8		1
520.9		1
521		1
521.1		1
521.2		1
521.3		1
521.4		1
521.5		1
521.6		1
521.7		1
521.8		1
521.9		1
522		1
522.1		1
522.2		1
522.3		1
522.4		1
522.5		1
522.6		1
522.7		1
522.8		1
522.9		1
523		1
523.1		1
523.2		1
523.3		1
523.4		1
523.5		1
523.6		1
523.7		1
523.8		1
523.9		1
524		1
524.1		1
524.2		1
524.3		1
524.4		1
524.5		1
524.6		1
524.7		1
524.8		1
524.9		1
525		1
525.1		1
525.2		1
525.3		1
525.4		1
525.5		1
525.6		1
525.7		1
525.8		1
525.9		1
526		1
526.1		1
526.2		1
526.3		1
526.4		1
526.5		1
526.6		1
526.7		1
526.8		1
526.9		1
527		1
527.1		1
527.2		1
527.3		1
527.4		1
527.5		1
527.6		1
527.7		1
527.8		1
527.9		1
528		1
528.1		1
528.2		1
528.3		1
528.4		1
528.5		1
528.6		1
528.7		1
528.8		1
528.9		1
529		1
529.1		1
529.2		1
529.3		1
529.4		1
529.5		1
529.6		1
529.7		1
529.8		1
529.9		1
530		1
530.1		1
530.2		1
530.3		1
530.4		1
530.5		1
530.6		1
530.7		1
530.8		1
530.9		1
531		1
531.1		1
531.2		1
531.3		1
531.4		1
531.5		1
531.6		1
531.7		1
531.8		1
531.9		1
532		1
532.1		1
532.2		1
532.3		1
532.4		1
532.5		1
532.6		1
532.7		1
532.8		1
532.9		1
533		1
533.1		1
533.2		1
533.3		1
533.4		1
533.5		1
533.6		1
533.7		1
533.8		1
533.9		1
534		1
534.1		1
534.2		1
534.3		1
534.4		1
534.5		1
534.6		1
534.7		1
534.8		1
534.9		1
535		1
535.1		1
535.2		1
535.3		1
535.4		1
535.5		1
535.6		1
535.7		1
535.8		1
535.9		1
536		1
536.1		1
536.2		1
536.3		1
536.4		1
536.5		1
536.6		1
536.7		1
536.8		1
536.9		1
537		1
537.1		1
537.2		1
537.3		1
537.4		1
537.5		1
537.6		1
537.7		1
537.8		1
537.9		1
538		1
538.1		1
538.2		1
538.3		1
538.4		1
538.5		1
538.6		1
538.7		1
538.8		1
538.9		1
539		1
539.1		1
539.2		1
539.3		1
539.4		1
539.5		1
539.6		1
539.7		1
539.8		1
539.9		1
540		1
540.1		1
540.2		1
540.3		1
540.4		1
540.5		1
540.6		1
540.7		1
540.8		1
540.9		1
541		1
541.1		1
541.2		1
541.3		1
541.4		1
541.5		1
541.6		1
541.7		1
541.8		1
541.9		1
542		1
542.1		1
542.2		1
542.3		1
542.4		1
542.5		1
542.6		1
542.7		1
542.8		1
542.9		1
543		1
543.1		1
543.2		1
543.3		1
543.4		1
543.5		1
543.6		1
543.7		1
543.8		1
543.9		1
544		1
544.1		1
544.2		1
544.3		1
544.4		1
544.5		1
544.6		1
544.7		1
544.8		1
544.9		1
545		1
545.1		1
545.2		1
545.3		1
545.4		1
545.5		1
545.6		1
545.7		1
545.8		1
545.9		1
546		1
546.1		1
546.2		1
546.3		1
546.4		1
546.5		1
546.6		1
546.7		1
546.8		1
546.9		1
547		1
547.1		1
547.2		1
547.3		1
547.4		1
547.5		1
547.6		1
547.7		1
547.8		1
547.9		1
548		1
548.1		1
548.2		1
548.3		1
548.4		1
548.5		1
548.6		1
548.7		1
548.8		1
548.9		1
549		1
549.1		1
549.2		1
549.3		1
549.4		1
549.5		1
549.6		1
549.7		1
549.8		1
549.9		1
550		1
550.1		1
550.2		1
550.3		1
550.4		1
550.5		1
550.6		1
550.7		1
550.8		1
550.9		1
551		1
551.1		1
551.2		1
551.3		1
551.4		1
551.5		1
551.6		1
551.7		1
551.8		1
551.9		1
552		1
552.1		1
552.2		1
552.3		1
552.4		1
552.5		1
552.6		1
552.7		1
552.8		1
552.9		1
553		1
553.1		1
553.2		1
553.3		1
553.4		1
553.5		1
553.6		1
553.7		1
553.8		1
553.9		1
554		1
554.1		1
554.2		1
554.3		1
554.4		1
554.5		1
554.6		1
554.7		1
554.8		1
554.9		1
555		1
555.1		1
555.2		1
555.3		1
555.4		1
555.5		1
555.6		1
555.7		1
555.8		1
555.9		1
556		1
556.1		1
556.2		1
556.3		1
556.4		1
556.5		1
556.6		1
556.7		1
556.8		1
556.9		1
557		1
557.1		1
557.2		1
557.3		1
557.4		1
557.5		1
557.6		1
557.7		1
557.8		1
557.9		1
558		1
558.1		1
558.2		1
558.3		1
558.4		1
558.5		1
558.6		1
558.7		1
558.8		1
558.9		1
559		1
559.1		1
559.2		1
559.3		1
559.4		1
559.5		1
559.6		1
559.7		1
559.8		1
559.9		1
560		1
560.1		1
560.2		1
560.3		1
560.4		1
560.5		1
560.6		1
560.7		1
560.8		1
560.9		1
561		1
561.1		1
561.2		1
561.3		1
561.4		1
561.5		1
561.6		1
561.7		1
561.8		1
561.9		1
562		1
562.1		1
562.2		1
562.3		1
562.4		1
562.5		1
562.6		1
562.7		1
562.8		1
562.9		1
563		1
563.1		1
563.2		1
563.3		1
563.4		1
563.5		1
563.6		1
563.7		1
563.8		1
563.9		1
564		1
564.1		1
564.2		1
564.3		1
564.4		1
564.5		1
564.6		1
564.7		1
564.8		1
564.9		1
565		1
565.1		1
565.2		1
565.3		1
565.4		1
565.5		1
565.6		1
565.7		1
565.8		1
565.9		1
566		1
566.1		1
566.2		1
566.3		1
566.4		1
566.5		1
566.6		1
566.7		1
566.8		1
566.9		1
567		1
567.1		1
567.2		1
567.3		1
567.4		1
567.5		1
567.6		1
567.7		1
567.8		1
567.9		1
568		1
568.1		1
568.2		1
568.3		1
568.4		1
568.5		1
568.6		1
568.7		1
568.8		1
568.9		1
569		1
569.1		1
569.2		1
569.3		1
569.4		1
569.5		1
569.6		1
569.7		1
569.8		1
569.9		1
570		1
570.1		1
570.2		1
570.3		1
570.4		1
570.5		1
570.6		1
570.7		1
570.8		1
570.9		1
571		1
571.1		1
571.2		1
571.3		1
571.4		1
571.5		1
571.6		1
571.7		1
571.8		1
571.9		1
572		1
572.1		1
572.2		1
572.3		1
572.4		1
572.5		1
572.6		1
572.7		1
572.8		1
572.9		1
573		1
573.1		1
573.2		1
573.3		1
573.4		1
573.5		1
573.6		1
573.7		1
573.8		1
573.9		1
574		1
574.1		1
574.2		1
574.3		1
574.4		1
574.5		1
574.6		1
574.7		1
574.8		1
574.9		1
575		1
575.1		1
575.2		1
575.3		1
575.4		1
575.5		1
575.6		1
575.7		1
575.8		1
575.9		1
576		1
576.1		1
576.2		1
576.3		1
576.4		1
576.5		1
576.6		1
576.7		1
576.8		1
576.9		1
577		1
577.1		1
577.2		1
577.3		1
577.4		1
577.5		1
577.6		1
577.7		1
577.8		1
577.9		1
578		1
578.1		1
578.2		1
578.3		1
578.4		1
578.5		1
578.6		1
578.7		1
578.8		1
578.9		1
579		1
579.1		1
579.2		1
579.3		1
579.4		1
579.5		1
579.6		1
579.7		1
579.8		1
579.9		1
580		1
580.1		1
580.2		1
580.3		1
580.4		1
580.5		1
580.6		1
580.7		1
580.8		1
580.9		1
581		1
581.1		1
581.2		1
581.3		1
581.4		1
581.5		1
581.6		1
581.7		1
581.8		1
581.9		1
582		1
582.1		1
582.2		1
582.3		1
582.4		1
582.5		1
582.6		1
582.7		1
582.8		1
582.9		1
583		1
583.1		1
583.2		1
583.3		1
583.4		1
583.5		1
583.6		1
583.7		1
583.8		1
583.9		1
584		1
584.1		1
584.2		1
584.3		1
584.4		1
584.5		1
584.6		1
584.7		1
584.8		1
584.9		1
585		1
585.1		1
585.2		1
585.3		1
585.4		1
585.5		1
585.6		1
585.7		1
585.8		1
585.9		1
586		1
586.1		1
586.2		1
586.3		1
586.4		1
586.5		1
586.6		1
586.7		1
586.8		1
586.9		1
587		1
587.1		1
587.2		1
587.3		1
587.4		1
587.5		1
587.6		1
587.7		1
587.8		1
587.9		1
588		1
588.1		1
588.2		1
588.3		1
588.4		1
588.5		1
588.6		1
588.7		1
588.8		1
588.9		1
589		1
589.1		1
589.2		1
589.3		1
589.4		1
589.5		1
589.6		1
589.7		1
589.8		1
589.9		1
590		1
590.1		1
590.2		1
590.3		1
590.4		1
590.5		1
590.6		1
590.7		1
590.8		1
590.9		1
591		1
591.1		1
591.2		1
591.3		1
591.4		1
591.5		1
591.6		1
591.7		1
591.8		1
591.9		1
592		1
592.1		1
592.2		1
592.3		1
592.4		1
592.5		1
592.6		1
592.7		1
592.8		1
592.9		1
593		1
593.1		1
593.2		1
593.3		1
593.4		1
593.5		1
593.6		1
593.7		1
593.8		1
593.9		1
594		1
594.1		1
594.2		1
594.3		1
594.4		1
594.5		1
594.6		1
594.7		1
594.8		1
594.9		1
595		1
595.1		1
595.2		1
595.3		1
595.4		1
595.5		1
595.6		1
595.7		1
595.8		1
595.9		1
596		1
596.1		1
596.2		1
596.3		1
596.4		1
596.5		1
596.6		1
596.7		1
596.8		1
596.9		1
597		1
597.1		1
597.2		1
597.3		1
597.4		1
597.5		1
597.6		1
597.7		1
597.8		1
597.9		1
598		1
598.1		1
598.2		1
598.3		1
598.4		1
598.5		1
598.6		1
598.7		1
598.8		1
598.9		1
599		1
599.1		1
599.2		1
599.3		1
599.4		1
599.5		1
599.6		1
599.7		1
599.8		1
599.9		1
600		1
