# Calibration file of tamex_id 1 @ channel 46
# fine_T bin		 Calibration value
0.1		0
0.2		0
0.3		0
0.4		0
0.5		0
0.6		0
0.7		0
0.8		0
0.9		0
1		0
1.1		0
1.2		0
1.3		0
1.4		0
1.5		0
1.6		0
1.7		0
1.8		0
1.9		0
2		0
2.1		0
2.2		0
2.3		0
2.4		0
2.5		0
2.6		0
2.7		0
2.8		0
2.9		0
3		0
3.1		0
3.2		0
3.3		0
3.4		0
3.5		0
3.6		0
3.7		0
3.8		0
3.9		0
4		0
4.1		0
4.2		0
4.3		0
4.4		0
4.5		0
4.6		0
4.7		0
4.8		0
4.9		0
5		0
5.1		0
5.2		0
5.3		0
5.4		0
5.5		0
5.6		0
5.7		0
5.8		0
5.9		0
6		0
6.1		0
6.2		0
6.3		0
6.4		0
6.5		0
6.6		0
6.7		0
6.8		0
6.9		0
7		0
7.1		0
7.2		0
7.3		0
7.4		0
7.5		0
7.6		0
7.7		0
7.8		0
7.9		0
8		0
8.1		0
8.2		0
8.3		0
8.4		0
8.5		0
8.6		0
8.7		0
8.8		0
8.9		0
9		0
9.1		0
9.2		0
9.3		0
9.4		0
9.5		0
9.6		0
9.7		0
9.8		0
9.9		0
10		0
10.1		0
10.2		0
10.3		0
10.4		0
10.5		0
10.6		0
10.7		0
10.8		0
10.9		0
11		0
11.1		0
11.2		0
11.3		0
11.4		0
11.5		0
11.6		0
11.7		0
11.8		0
11.9		0
12		0
12.1		0
12.2		0
12.3		0
12.4		0
12.5		0
12.6		0
12.7		0
12.8		0
12.9		0
13		0
13.1		0
13.2		0
13.3		0
13.4		0
13.5		0
13.6		0
13.7		0
13.8		0
13.9		0
14		0
14.1		0
14.2		0
14.3		0
14.4		0
14.5		0
14.6		0
14.7		0
14.8		0
14.9		0
15		0
15.1		0
15.2		0
15.3		0
15.4		0
15.5		0
15.6		0
15.7		0
15.8		0
15.9		0
16		0
16.1		0.000203855
16.2		0.000203855
16.3		0.000203855
16.4		0.000203855
16.5		0.000203855
16.6		0.000203855
16.7		0.000203855
16.8		0.000203855
16.9		0.000203855
17		0.000203855
17.1		0.00697638
17.2		0.00697638
17.3		0.00697638
17.4		0.00697638
17.5		0.00697638
17.6		0.00697638
17.7		0.00697638
17.8		0.00697638
17.9		0.00697638
18		0.00697638
18.1		0.00813155
18.2		0.00813155
18.3		0.00813155
18.4		0.00813155
18.5		0.00813155
18.6		0.00813155
18.7		0.00813155
18.8		0.00813155
18.9		0.00813155
19		0.00813155
19.1		0.00874312
19.2		0.00874312
19.3		0.00874312
19.4		0.00874312
19.5		0.00874312
19.6		0.00874312
19.7		0.00874312
19.8		0.00874312
19.9		0.00874312
20		0.00874312
20.1		0.0139528
20.2		0.0139528
20.3		0.0139528
20.4		0.0139528
20.5		0.0139528
20.6		0.0139528
20.7		0.0139528
20.8		0.0139528
20.9		0.0139528
21		0.0139528
21.1		0.0181658
21.2		0.0181658
21.3		0.0181658
21.4		0.0181658
21.5		0.0181658
21.6		0.0181658
21.7		0.0181658
21.8		0.0181658
21.9		0.0181658
22		0.0181658
22.1		0.018279
22.2		0.018279
22.3		0.018279
22.4		0.018279
22.5		0.018279
22.6		0.018279
22.7		0.018279
22.8		0.018279
22.9		0.018279
23		0.018279
23.1		0.0192077
23.2		0.0192077
23.3		0.0192077
23.4		0.0192077
23.5		0.0192077
23.6		0.0192077
23.7		0.0192077
23.8		0.0192077
23.9		0.0192077
24		0.0192077
24.1		0.0209971
24.2		0.0209971
24.3		0.0209971
24.4		0.0209971
24.5		0.0209971
24.6		0.0209971
24.7		0.0209971
24.8		0.0209971
24.9		0.0209971
25		0.0209971
25.1		0.0251421
25.2		0.0251421
25.3		0.0251421
25.4		0.0251421
25.5		0.0251421
25.6		0.0251421
25.7		0.0251421
25.8		0.0251421
25.9		0.0251421
26		0.0251421
26.1		0.0270674
26.2		0.0270674
26.3		0.0270674
26.4		0.0270674
26.5		0.0270674
26.6		0.0270674
26.7		0.0270674
26.8		0.0270674
26.9		0.0270674
27		0.0270674
27.1		0.0271354
27.2		0.0271354
27.3		0.0271354
27.4		0.0271354
27.5		0.0271354
27.6		0.0271354
27.7		0.0271354
27.8		0.0271354
27.9		0.0271354
28		0.0271354
28.1		0.0298081
28.2		0.0298081
28.3		0.0298081
28.4		0.0298081
28.5		0.0298081
28.6		0.0298081
28.7		0.0298081
28.8		0.0298081
28.9		0.0298081
29		0.0298081
29.1		0.0308727
29.2		0.0308727
29.3		0.0308727
29.4		0.0308727
29.5		0.0308727
29.6		0.0308727
29.7		0.0308727
29.8		0.0308727
29.9		0.0308727
30		0.0308727
30.1		0.0326395
30.2		0.0326395
30.3		0.0326395
30.4		0.0326395
30.5		0.0326395
30.6		0.0326395
30.7		0.0326395
30.8		0.0326395
30.9		0.0326395
31		0.0326395
31.1		0.0346327
31.2		0.0346327
31.3		0.0346327
31.4		0.0346327
31.5		0.0346327
31.6		0.0346327
31.7		0.0346327
31.8		0.0346327
31.9		0.0346327
32		0.0346327
32.1		0.0353802
32.2		0.0353802
32.3		0.0353802
32.4		0.0353802
32.5		0.0353802
32.6		0.0353802
32.7		0.0353802
32.8		0.0353802
32.9		0.0353802
33		0.0353802
33.1		0.0366713
33.2		0.0366713
33.3		0.0366713
33.4		0.0366713
33.5		0.0366713
33.6		0.0366713
33.7		0.0366713
33.8		0.0366713
33.9		0.0366713
34		0.0366713
34.1		0.0405445
34.2		0.0405445
34.3		0.0405445
34.4		0.0405445
34.5		0.0405445
34.6		0.0405445
34.7		0.0405445
34.8		0.0405445
34.9		0.0405445
35		0.0405445
35.1		0.0423566
35.2		0.0423566
35.3		0.0423566
35.4		0.0423566
35.5		0.0423566
35.6		0.0423566
35.7		0.0423566
35.8		0.0423566
35.9		0.0423566
36		0.0423566
36.1		0.0452332
36.2		0.0452332
36.3		0.0452332
36.4		0.0452332
36.5		0.0452332
36.6		0.0452332
36.7		0.0452332
36.8		0.0452332
36.9		0.0452332
37		0.0452332
37.1		0.0465469
37.2		0.0465469
37.3		0.0465469
37.4		0.0465469
37.5		0.0465469
37.6		0.0465469
37.7		0.0465469
37.8		0.0465469
37.9		0.0465469
38		0.0465469
38.1		0.0477474
38.2		0.0477474
38.3		0.0477474
38.4		0.0477474
38.5		0.0477474
38.6		0.0477474
38.7		0.0477474
38.8		0.0477474
38.9		0.0477474
39		0.0477474
39.1		0.050692
39.2		0.050692
39.3		0.050692
39.4		0.050692
39.5		0.050692
39.6		0.050692
39.7		0.050692
39.8		0.050692
39.9		0.050692
40		0.050692
40.1		0.0530023
40.2		0.0530023
40.3		0.0530023
40.4		0.0530023
40.5		0.0530023
40.6		0.0530023
40.7		0.0530023
40.8		0.0530023
40.9		0.0530023
41		0.0530023
41.1		0.0546558
41.2		0.0546558
41.3		0.0546558
41.4		0.0546558
41.5		0.0546558
41.6		0.0546558
41.7		0.0546558
41.8		0.0546558
41.9		0.0546558
42		0.0546558
42.1		0.0581667
42.2		0.0581667
42.3		0.0581667
42.4		0.0581667
42.5		0.0581667
42.6		0.0581667
42.7		0.0581667
42.8		0.0581667
42.9		0.0581667
43		0.0581667
43.1		0.0592992
43.2		0.0592992
43.3		0.0592992
43.4		0.0592992
43.5		0.0592992
43.6		0.0592992
43.7		0.0592992
43.8		0.0592992
43.9		0.0592992
44		0.0592992
44.1		0.0599108
44.2		0.0599108
44.3		0.0599108
44.4		0.0599108
44.5		0.0599108
44.6		0.0599108
44.7		0.0599108
44.8		0.0599108
44.9		0.0599108
45		0.0599108
45.1		0.0618587
45.2		0.0618587
45.3		0.0618587
45.4		0.0618587
45.5		0.0618587
45.6		0.0618587
45.7		0.0618587
45.8		0.0618587
45.9		0.0618587
46		0.0618587
46.1		0.0681329
46.2		0.0681329
46.3		0.0681329
46.4		0.0681329
46.5		0.0681329
46.6		0.0681329
46.7		0.0681329
46.8		0.0681329
46.9		0.0681329
47		0.0681329
47.1		0.0684274
47.2		0.0684274
47.3		0.0684274
47.4		0.0684274
47.5		0.0684274
47.6		0.0684274
47.7		0.0684274
47.8		0.0684274
47.9		0.0684274
48		0.0684274
48.1		0.069945
48.2		0.069945
48.3		0.069945
48.4		0.069945
48.5		0.069945
48.6		0.069945
48.7		0.069945
48.8		0.069945
48.9		0.069945
49		0.069945
49.1		0.0720968
49.2		0.0720968
49.3		0.0720968
49.4		0.0720968
49.5		0.0720968
49.6		0.0720968
49.7		0.0720968
49.8		0.0720968
49.9		0.0720968
50		0.0720968
50.1		0.0734784
50.2		0.0734784
50.3		0.0734784
50.4		0.0734784
50.5		0.0734784
50.6		0.0734784
50.7		0.0734784
50.8		0.0734784
50.9		0.0734784
51		0.0734784
51.1		0.0746563
51.2		0.0746563
51.3		0.0746563
51.4		0.0746563
51.5		0.0746563
51.6		0.0746563
51.7		0.0746563
51.8		0.0746563
51.9		0.0746563
52		0.0746563
52.1		0.078824
52.2		0.078824
52.3		0.078824
52.4		0.078824
52.5		0.078824
52.6		0.078824
52.7		0.078824
52.8		0.078824
52.9		0.078824
53		0.078824
53.1		0.0796621
53.2		0.0796621
53.3		0.0796621
53.4		0.0796621
53.5		0.0796621
53.6		0.0796621
53.7		0.0796621
53.8		0.0796621
53.9		0.0796621
54		0.0796621
54.1		0.0819498
54.2		0.0819498
54.3		0.0819498
54.4		0.0819498
54.5		0.0819498
54.6		0.0819498
54.7		0.0819498
54.8		0.0819498
54.9		0.0819498
55		0.0819498
55.1		0.0848717
55.2		0.0848717
55.3		0.0848717
55.4		0.0848717
55.5		0.0848717
55.6		0.0848717
55.7		0.0848717
55.8		0.0848717
55.9		0.0848717
56		0.0848717
56.1		0.0849849
56.2		0.0849849
56.3		0.0849849
56.4		0.0849849
56.5		0.0849849
56.6		0.0849849
56.7		0.0849849
56.8		0.0849849
56.9		0.0849849
57		0.0849849
57.1		0.0871367
57.2		0.0871367
57.3		0.0871367
57.4		0.0871367
57.5		0.0871367
57.6		0.0871367
57.7		0.0871367
57.8		0.0871367
57.9		0.0871367
58		0.0871367
58.1		0.0913044
58.2		0.0913044
58.3		0.0913044
58.4		0.0913044
58.5		0.0913044
58.6		0.0913044
58.7		0.0913044
58.8		0.0913044
58.9		0.0913044
59		0.0913044
59.1		0.0930485
59.2		0.0930485
59.3		0.0930485
59.4		0.0930485
59.5		0.0930485
59.6		0.0930485
59.7		0.0930485
59.8		0.0930485
59.9		0.0930485
60		0.0930485
60.1		0.0944982
60.2		0.0944982
60.3		0.0944982
60.4		0.0944982
60.5		0.0944982
60.6		0.0944982
60.7		0.0944982
60.8		0.0944982
60.9		0.0944982
61		0.0944982
61.1		0.0964688
61.2		0.0964688
61.3		0.0964688
61.4		0.0964688
61.5		0.0964688
61.6		0.0964688
61.7		0.0964688
61.8		0.0964688
61.9		0.0964688
62		0.0964688
62.1		0.0993907
62.2		0.0993907
62.3		0.0993907
62.4		0.0993907
62.5		0.0993907
62.6		0.0993907
62.7		0.0993907
62.8		0.0993907
62.9		0.0993907
63		0.0993907
63.1		0.101475
63.2		0.101475
63.3		0.101475
63.4		0.101475
63.5		0.101475
63.6		0.101475
63.7		0.101475
63.8		0.101475
63.9		0.101475
64		0.101475
64.1		0.102562
64.2		0.102562
64.3		0.102562
64.4		0.102562
64.5		0.102562
64.6		0.102562
64.7		0.102562
64.8		0.102562
64.9		0.102562
65		0.102562
65.1		0.105167
65.2		0.105167
65.3		0.105167
65.4		0.105167
65.5		0.105167
65.6		0.105167
65.7		0.105167
65.8		0.105167
65.9		0.105167
66		0.105167
66.1		0.105982
66.2		0.105982
66.3		0.105982
66.4		0.105982
66.5		0.105982
66.6		0.105982
66.7		0.105982
66.8		0.105982
66.9		0.105982
67		0.105982
67.1		0.107839
67.2		0.107839
67.3		0.107839
67.4		0.107839
67.5		0.107839
67.6		0.107839
67.7		0.107839
67.8		0.107839
67.9		0.107839
68		0.107839
68.1		0.109561
68.2		0.109561
68.3		0.109561
68.4		0.109561
68.5		0.109561
68.6		0.109561
68.7		0.109561
68.8		0.109561
68.9		0.109561
69		0.109561
69.1		0.111078
69.2		0.111078
69.3		0.111078
69.4		0.111078
69.5		0.111078
69.6		0.111078
69.7		0.111078
69.8		0.111078
69.9		0.111078
70		0.111078
70.1		0.111758
70.2		0.111758
70.3		0.111758
70.4		0.111758
70.5		0.111758
70.6		0.111758
70.7		0.111758
70.8		0.111758
70.9		0.111758
71		0.111758
71.1		0.113117
71.2		0.113117
71.3		0.113117
71.4		0.113117
71.5		0.113117
71.6		0.113117
71.7		0.113117
71.8		0.113117
71.9		0.113117
72		0.113117
72.1		0.11767
72.2		0.11767
72.3		0.11767
72.4		0.11767
72.5		0.11767
72.6		0.11767
72.7		0.11767
72.8		0.11767
72.9		0.11767
73		0.11767
73.1		0.120728
73.2		0.120728
73.3		0.120728
73.4		0.120728
73.5		0.120728
73.6		0.120728
73.7		0.120728
73.8		0.120728
73.9		0.120728
74		0.120728
74.1		0.121339
74.2		0.121339
74.3		0.121339
74.4		0.121339
74.5		0.121339
74.6		0.121339
74.7		0.121339
74.8		0.121339
74.9		0.121339
75		0.121339
75.1		0.122404
75.2		0.122404
75.3		0.122404
75.4		0.122404
75.5		0.122404
75.6		0.122404
75.7		0.122404
75.8		0.122404
75.9		0.122404
76		0.122404
76.1		0.125484
76.2		0.125484
76.3		0.125484
76.4		0.125484
76.5		0.125484
76.6		0.125484
76.7		0.125484
76.8		0.125484
76.9		0.125484
77		0.125484
77.1		0.127274
77.2		0.127274
77.3		0.127274
77.4		0.127274
77.5		0.127274
77.6		0.127274
77.7		0.127274
77.8		0.127274
77.9		0.127274
78		0.127274
78.1		0.128134
78.2		0.128134
78.3		0.128134
78.4		0.128134
78.5		0.128134
78.6		0.128134
78.7		0.128134
78.8		0.128134
78.9		0.128134
79		0.128134
79.1		0.131645
79.2		0.131645
79.3		0.131645
79.4		0.131645
79.5		0.131645
79.6		0.131645
79.7		0.131645
79.8		0.131645
79.9		0.131645
80		0.131645
80.1		0.135292
80.2		0.135292
80.3		0.135292
80.4		0.135292
80.5		0.135292
80.6		0.135292
80.7		0.135292
80.8		0.135292
80.9		0.135292
81		0.135292
81.1		0.135315
81.2		0.135315
81.3		0.135315
81.4		0.135315
81.5		0.135315
81.6		0.135315
81.7		0.135315
81.8		0.135315
81.9		0.135315
82		0.135315
82.1		0.135382
82.2		0.135382
82.3		0.135382
82.4		0.135382
82.5		0.135382
82.6		0.135382
82.7		0.135382
82.8		0.135382
82.9		0.135382
83		0.135382
83.1		0.138214
83.2		0.138214
83.3		0.138214
83.4		0.138214
83.5		0.138214
83.6		0.138214
83.7		0.138214
83.8		0.138214
83.9		0.138214
84		0.138214
84.1		0.141022
84.2		0.141022
84.3		0.141022
84.4		0.141022
84.5		0.141022
84.6		0.141022
84.7		0.141022
84.8		0.141022
84.9		0.141022
85		0.141022
85.1		0.142902
85.2		0.142902
85.3		0.142902
85.4		0.142902
85.5		0.142902
85.6		0.142902
85.7		0.142902
85.8		0.142902
85.9		0.142902
86		0.142902
86.1		0.146957
86.2		0.146957
86.3		0.146957
86.4		0.146957
86.5		0.146957
86.6		0.146957
86.7		0.146957
86.8		0.146957
86.9		0.146957
87		0.146957
87.1		0.147274
87.2		0.147274
87.3		0.147274
87.4		0.147274
87.5		0.147274
87.6		0.147274
87.7		0.147274
87.8		0.147274
87.9		0.147274
88		0.147274
88.1		0.147501
88.2		0.147501
88.3		0.147501
88.4		0.147501
88.5		0.147501
88.6		0.147501
88.7		0.147501
88.8		0.147501
88.9		0.147501
89		0.147501
89.1		0.151872
89.2		0.151872
89.3		0.151872
89.4		0.151872
89.5		0.151872
89.6		0.151872
89.7		0.151872
89.8		0.151872
89.9		0.151872
90		0.151872
90.1		0.154296
90.2		0.154296
90.3		0.154296
90.4		0.154296
90.5		0.154296
90.6		0.154296
90.7		0.154296
90.8		0.154296
90.9		0.154296
91		0.154296
91.1		0.155247
91.2		0.155247
91.3		0.155247
91.4		0.155247
91.5		0.155247
91.6		0.155247
91.7		0.155247
91.8		0.155247
91.9		0.155247
92		0.155247
92.1		0.158713
92.2		0.158713
92.3		0.158713
92.4		0.158713
92.5		0.158713
92.6		0.158713
92.7		0.158713
92.8		0.158713
92.9		0.158713
93		0.158713
93.1		0.159868
93.2		0.159868
93.3		0.159868
93.4		0.159868
93.5		0.159868
93.6		0.159868
93.7		0.159868
93.8		0.159868
93.9		0.159868
94		0.159868
94.1		0.162563
94.2		0.162563
94.3		0.162563
94.4		0.162563
94.5		0.162563
94.6		0.162563
94.7		0.162563
94.8		0.162563
94.9		0.162563
95		0.162563
95.1		0.16442
95.2		0.16442
95.3		0.16442
95.4		0.16442
95.5		0.16442
95.6		0.16442
95.7		0.16442
95.8		0.16442
95.9		0.16442
96		0.16442
96.1		0.165281
96.2		0.165281
96.3		0.165281
96.4		0.165281
96.5		0.165281
96.6		0.165281
96.7		0.165281
96.8		0.165281
96.9		0.165281
97		0.165281
97.1		0.165961
97.2		0.165961
97.3		0.165961
97.4		0.165961
97.5		0.165961
97.6		0.165961
97.7		0.165961
97.8		0.165961
97.9		0.165961
98		0.165961
98.1		0.17194
98.2		0.17194
98.3		0.17194
98.4		0.17194
98.5		0.17194
98.6		0.17194
98.7		0.17194
98.8		0.17194
98.9		0.17194
99		0.17194
99.1		0.172212
99.2		0.172212
99.3		0.172212
99.4		0.172212
99.5		0.172212
99.6		0.172212
99.7		0.172212
99.8		0.172212
99.9		0.172212
100		0.172212
100.1		0.173639
100.2		0.173639
100.3		0.173639
100.4		0.173639
100.5		0.173639
100.6		0.173639
100.7		0.173639
100.8		0.173639
100.9		0.173639
101		0.173639
101.1		0.175066
101.2		0.175066
101.3		0.175066
101.4		0.175066
101.5		0.175066
101.6		0.175066
101.7		0.175066
101.8		0.175066
101.9		0.175066
102		0.175066
102.1		0.179075
102.2		0.179075
102.3		0.179075
102.4		0.179075
102.5		0.179075
102.6		0.179075
102.7		0.179075
102.8		0.179075
102.9		0.179075
103		0.179075
103.1		0.179778
103.2		0.179778
103.3		0.179778
103.4		0.179778
103.5		0.179778
103.6		0.179778
103.7		0.179778
103.8		0.179778
103.9		0.179778
104		0.179778
104.1		0.18236
104.2		0.18236
104.3		0.18236
104.4		0.18236
104.5		0.18236
104.6		0.18236
104.7		0.18236
104.8		0.18236
104.9		0.18236
105		0.18236
105.1		0.184647
105.2		0.184647
105.3		0.184647
105.4		0.184647
105.5		0.184647
105.6		0.184647
105.7		0.184647
105.8		0.184647
105.9		0.184647
106		0.184647
106.1		0.18621
106.2		0.18621
106.3		0.18621
106.4		0.18621
106.5		0.18621
106.6		0.18621
106.7		0.18621
106.8		0.18621
106.9		0.18621
107		0.18621
107.1		0.186822
107.2		0.186822
107.3		0.186822
107.4		0.186822
107.5		0.186822
107.6		0.186822
107.7		0.186822
107.8		0.186822
107.9		0.186822
108		0.186822
108.1		0.189699
108.2		0.189699
108.3		0.189699
108.4		0.189699
108.5		0.189699
108.6		0.189699
108.7		0.189699
108.8		0.189699
108.9		0.189699
109		0.189699
109.1		0.19065
109.2		0.19065
109.3		0.19065
109.4		0.19065
109.5		0.19065
109.6		0.19065
109.7		0.19065
109.8		0.19065
109.9		0.19065
110		0.19065
110.1		0.196494
110.2		0.196494
110.3		0.196494
110.4		0.196494
110.5		0.196494
110.6		0.196494
110.7		0.196494
110.8		0.196494
110.9		0.196494
111		0.196494
111.1		0.196947
111.2		0.196947
111.3		0.196947
111.4		0.196947
111.5		0.196947
111.6		0.196947
111.7		0.196947
111.8		0.196947
111.9		0.196947
112		0.196947
112.1		0.197422
112.2		0.197422
112.3		0.197422
112.4		0.197422
112.5		0.197422
112.6		0.197422
112.7		0.197422
112.8		0.197422
112.9		0.197422
113		0.197422
113.1		0.198011
113.2		0.198011
113.3		0.198011
113.4		0.198011
113.5		0.198011
113.6		0.198011
113.7		0.198011
113.8		0.198011
113.9		0.198011
114		0.198011
114.1		0.200435
114.2		0.200435
114.3		0.200435
114.4		0.200435
114.5		0.200435
114.6		0.200435
114.7		0.200435
114.8		0.200435
114.9		0.200435
115		0.200435
115.1		0.205803
115.2		0.205803
115.3		0.205803
115.4		0.205803
115.5		0.205803
115.6		0.205803
115.7		0.205803
115.8		0.205803
115.9		0.205803
116		0.205803
116.1		0.207479
116.2		0.207479
116.3		0.207479
116.4		0.207479
116.5		0.207479
116.6		0.207479
116.7		0.207479
116.8		0.207479
116.9		0.207479
117		0.207479
117.1		0.208136
117.2		0.208136
117.3		0.208136
117.4		0.208136
117.5		0.208136
117.6		0.208136
117.7		0.208136
117.8		0.208136
117.9		0.208136
118		0.208136
118.1		0.211443
118.2		0.211443
118.3		0.211443
118.4		0.211443
118.5		0.211443
118.6		0.211443
118.7		0.211443
118.8		0.211443
118.9		0.211443
119		0.211443
119.1		0.212077
119.2		0.212077
119.3		0.212077
119.4		0.212077
119.5		0.212077
119.6		0.212077
119.7		0.212077
119.8		0.212077
119.9		0.212077
120		0.212077
120.1		0.212847
120.2		0.212847
120.3		0.212847
120.4		0.212847
120.5		0.212847
120.6		0.212847
120.7		0.212847
120.8		0.212847
120.9		0.212847
121		0.212847
121.1		0.215226
121.2		0.215226
121.3		0.215226
121.4		0.215226
121.5		0.215226
121.6		0.215226
121.7		0.215226
121.8		0.215226
121.9		0.215226
122		0.215226
122.1		0.217242
122.2		0.217242
122.3		0.217242
122.4		0.217242
122.5		0.217242
122.6		0.217242
122.7		0.217242
122.8		0.217242
122.9		0.217242
123		0.217242
123.1		0.221636
123.2		0.221636
123.3		0.221636
123.4		0.221636
123.5		0.221636
123.6		0.221636
123.7		0.221636
123.8		0.221636
123.9		0.221636
124		0.221636
124.1		0.221862
124.2		0.221862
124.3		0.221862
124.4		0.221862
124.5		0.221862
124.6		0.221862
124.7		0.221862
124.8		0.221862
124.9		0.221862
125		0.221862
125.1		0.224286
125.2		0.224286
125.3		0.224286
125.4		0.224286
125.5		0.224286
125.6		0.224286
125.7		0.224286
125.8		0.224286
125.9		0.224286
126		0.224286
126.1		0.228431
126.2		0.228431
126.3		0.228431
126.4		0.228431
126.5		0.228431
126.6		0.228431
126.7		0.228431
126.8		0.228431
126.9		0.228431
127		0.228431
127.1		0.228612
127.2		0.228612
127.3		0.228612
127.4		0.228612
127.5		0.228612
127.6		0.228612
127.7		0.228612
127.8		0.228612
127.9		0.228612
128		0.228612
128.1		0.230877
128.2		0.230877
128.3		0.230877
128.4		0.230877
128.5		0.230877
128.6		0.230877
128.7		0.230877
128.8		0.230877
128.9		0.230877
129		0.230877
129.1		0.232485
129.2		0.232485
129.3		0.232485
129.4		0.232485
129.5		0.232485
129.6		0.232485
129.7		0.232485
129.8		0.232485
129.9		0.232485
130		0.232485
130.1		0.233754
130.2		0.233754
130.3		0.233754
130.4		0.233754
130.5		0.233754
130.6		0.233754
130.7		0.233754
130.8		0.233754
130.9		0.233754
131		0.233754
131.1		0.237333
131.2		0.237333
131.3		0.237333
131.4		0.237333
131.5		0.237333
131.6		0.237333
131.7		0.237333
131.8		0.237333
131.9		0.237333
132		0.237333
132.1		0.23885
132.2		0.23885
132.3		0.23885
132.4		0.23885
132.5		0.23885
132.6		0.23885
132.7		0.23885
132.8		0.23885
132.9		0.23885
133		0.23885
133.1		0.239031
133.2		0.239031
133.3		0.239031
133.4		0.239031
133.5		0.239031
133.6		0.239031
133.7		0.239031
133.8		0.239031
133.9		0.239031
134		0.239031
134.1		0.241478
134.2		0.241478
134.3		0.241478
134.4		0.241478
134.5		0.241478
134.6		0.241478
134.7		0.241478
134.8		0.241478
134.9		0.241478
135		0.241478
135.1		0.242995
135.2		0.242995
135.3		0.242995
135.4		0.242995
135.5		0.242995
135.6		0.242995
135.7		0.242995
135.8		0.242995
135.9		0.242995
136		0.242995
136.1		0.248522
136.2		0.248522
136.3		0.248522
136.4		0.248522
136.5		0.248522
136.6		0.248522
136.7		0.248522
136.8		0.248522
136.9		0.248522
137		0.248522
137.1		0.249541
137.2		0.249541
137.3		0.249541
137.4		0.249541
137.5		0.249541
137.6		0.249541
137.7		0.249541
137.8		0.249541
137.9		0.249541
138		0.249541
138.1		0.250311
138.2		0.250311
138.3		0.250311
138.4		0.250311
138.5		0.250311
138.6		0.250311
138.7		0.250311
138.8		0.250311
138.9		0.250311
139		0.250311
139.1		0.251467
139.2		0.251467
139.3		0.251467
139.4		0.251467
139.5		0.251467
139.6		0.251467
139.7		0.251467
139.8		0.251467
139.9		0.251467
140		0.251467
140.1		0.256155
140.2		0.256155
140.3		0.256155
140.4		0.256155
140.5		0.256155
140.6		0.256155
140.7		0.256155
140.8		0.256155
140.9		0.256155
141		0.256155
141.1		0.256744
141.2		0.256744
141.3		0.256744
141.4		0.256744
141.5		0.256744
141.6		0.256744
141.7		0.256744
141.8		0.256744
141.9		0.256744
142		0.256744
142.1		0.260232
142.2		0.260232
142.3		0.260232
142.4		0.260232
142.5		0.260232
142.6		0.260232
142.7		0.260232
142.8		0.260232
142.9		0.260232
143		0.260232
143.1		0.261931
143.2		0.261931
143.3		0.261931
143.4		0.261931
143.5		0.261931
143.6		0.261931
143.7		0.261931
143.8		0.261931
143.9		0.261931
144		0.261931
144.1		0.262724
144.2		0.262724
144.3		0.262724
144.4		0.262724
144.5		0.262724
144.6		0.262724
144.7		0.262724
144.8		0.262724
144.9		0.262724
145		0.262724
145.1		0.266099
145.2		0.266099
145.3		0.266099
145.4		0.266099
145.5		0.266099
145.6		0.266099
145.7		0.266099
145.8		0.266099
145.9		0.266099
146		0.266099
146.1		0.266982
146.2		0.266982
146.3		0.266982
146.4		0.266982
146.5		0.266982
146.6		0.266982
146.7		0.266982
146.8		0.266982
146.9		0.266982
147		0.266982
147.1		0.267118
147.2		0.267118
147.3		0.267118
147.4		0.267118
147.5		0.267118
147.6		0.267118
147.7		0.267118
147.8		0.267118
147.9		0.267118
148		0.267118
148.1		0.27346
148.2		0.27346
148.3		0.27346
148.4		0.27346
148.5		0.27346
148.6		0.27346
148.7		0.27346
148.8		0.27346
148.9		0.27346
149		0.27346
149.1		0.273687
149.2		0.273687
149.3		0.273687
149.4		0.273687
149.5		0.273687
149.6		0.273687
149.7		0.273687
149.8		0.273687
149.9		0.273687
150		0.273687
150.1		0.2738
150.2		0.2738
150.3		0.2738
150.4		0.2738
150.5		0.2738
150.6		0.2738
150.7		0.2738
150.8		0.2738
150.9		0.2738
151		0.2738
151.1		0.278783
151.2		0.278783
151.3		0.278783
151.4		0.278783
151.5		0.278783
151.6		0.278783
151.7		0.278783
151.8		0.278783
151.9		0.278783
152		0.278783
152.1		0.280844
152.2		0.280844
152.3		0.280844
152.4		0.280844
152.5		0.280844
152.6		0.280844
152.7		0.280844
152.8		0.280844
152.9		0.280844
153		0.280844
153.1		0.284786
153.2		0.284786
153.3		0.284786
153.4		0.284786
153.5		0.284786
153.6		0.284786
153.7		0.284786
153.8		0.284786
153.9		0.284786
154		0.284786
154.1		0.285307
154.2		0.285307
154.3		0.285307
154.4		0.285307
154.5		0.285307
154.6		0.285307
154.7		0.285307
154.8		0.285307
154.9		0.285307
155		0.285307
155.1		0.285397
155.2		0.285397
155.3		0.285397
155.4		0.285397
155.5		0.285397
155.6		0.285397
155.7		0.285397
155.8		0.285397
155.9		0.285397
156		0.285397
156.1		0.289633
156.2		0.289633
156.3		0.289633
156.4		0.289633
156.5		0.289633
156.6		0.289633
156.7		0.289633
156.8		0.289633
156.9		0.289633
157		0.289633
157.1		0.290018
157.2		0.290018
157.3		0.290018
157.4		0.290018
157.5		0.290018
157.6		0.290018
157.7		0.290018
157.8		0.290018
157.9		0.290018
158		0.290018
158.1		0.290358
158.2		0.290358
158.3		0.290358
158.4		0.290358
158.5		0.290358
158.6		0.290358
158.7		0.290358
158.8		0.290358
158.9		0.290358
159		0.290358
159.1		0.295635
159.2		0.295635
159.3		0.295635
159.4		0.295635
159.5		0.295635
159.6		0.295635
159.7		0.295635
159.8		0.295635
159.9		0.295635
160		0.295635
160.1		0.298127
160.2		0.298127
160.3		0.298127
160.4		0.298127
160.5		0.298127
160.6		0.298127
160.7		0.298127
160.8		0.298127
160.9		0.298127
161		0.298127
161.1		0.298195
161.2		0.298195
161.3		0.298195
161.4		0.298195
161.5		0.298195
161.6		0.298195
161.7		0.298195
161.8		0.298195
161.9		0.298195
162		0.298195
162.1		0.30311
162.2		0.30311
162.3		0.30311
162.4		0.30311
162.5		0.30311
162.6		0.30311
162.7		0.30311
162.8		0.30311
162.9		0.30311
163		0.30311
163.1		0.30354
163.2		0.30354
163.3		0.30354
163.4		0.30354
163.5		0.30354
163.6		0.30354
163.7		0.30354
163.8		0.30354
163.9		0.30354
164		0.30354
164.1		0.304265
164.2		0.304265
164.3		0.304265
164.4		0.304265
164.5		0.304265
164.6		0.304265
164.7		0.304265
164.8		0.304265
164.9		0.304265
165		0.304265
165.1		0.308773
165.2		0.308773
165.3		0.308773
165.4		0.308773
165.5		0.308773
165.6		0.308773
165.7		0.308773
165.8		0.308773
165.9		0.308773
166		0.308773
166.1		0.309656
166.2		0.309656
166.3		0.309656
166.4		0.309656
166.5		0.309656
166.6		0.309656
166.7		0.309656
166.8		0.309656
166.9		0.309656
167		0.309656
167.1		0.309814
167.2		0.309814
167.3		0.309814
167.4		0.309814
167.5		0.309814
167.6		0.309814
167.7		0.309814
167.8		0.309814
167.9		0.309814
168		0.309814
168.1		0.311898
168.2		0.311898
168.3		0.311898
168.4		0.311898
168.5		0.311898
168.6		0.311898
168.7		0.311898
168.8		0.311898
168.9		0.311898
169		0.311898
169.1		0.314141
169.2		0.314141
169.3		0.314141
169.4		0.314141
169.5		0.314141
169.6		0.314141
169.7		0.314141
169.8		0.314141
169.9		0.314141
170		0.314141
170.1		0.315522
170.2		0.315522
170.3		0.315522
170.4		0.315522
170.5		0.315522
170.6		0.315522
170.7		0.315522
170.8		0.315522
170.9		0.315522
171		0.315522
171.1		0.318784
171.2		0.318784
171.3		0.318784
171.4		0.318784
171.5		0.318784
171.6		0.318784
171.7		0.318784
171.8		0.318784
171.9		0.318784
172		0.318784
172.1		0.319554
172.2		0.319554
172.3		0.319554
172.4		0.319554
172.5		0.319554
172.6		0.319554
172.7		0.319554
172.8		0.319554
172.9		0.319554
173		0.319554
173.1		0.321774
173.2		0.321774
173.3		0.321774
173.4		0.321774
173.5		0.321774
173.6		0.321774
173.7		0.321774
173.8		0.321774
173.9		0.321774
174		0.321774
174.1		0.322974
174.2		0.322974
174.3		0.322974
174.4		0.322974
174.5		0.322974
174.6		0.322974
174.7		0.322974
174.8		0.322974
174.9		0.322974
175		0.322974
175.1		0.325489
175.2		0.325489
175.3		0.325489
175.4		0.325489
175.5		0.325489
175.6		0.325489
175.7		0.325489
175.8		0.325489
175.9		0.325489
176		0.325489
176.1		0.328547
176.2		0.328547
176.3		0.328547
176.4		0.328547
176.5		0.328547
176.6		0.328547
176.7		0.328547
176.8		0.328547
176.9		0.328547
177		0.328547
177.1		0.329226
177.2		0.329226
177.3		0.329226
177.4		0.329226
177.5		0.329226
177.6		0.329226
177.7		0.329226
177.8		0.329226
177.9		0.329226
178		0.329226
178.1		0.332397
178.2		0.332397
178.3		0.332397
178.4		0.332397
178.5		0.332397
178.6		0.332397
178.7		0.332397
178.8		0.332397
178.9		0.332397
179		0.332397
179.1		0.333235
179.2		0.333235
179.3		0.333235
179.4		0.333235
179.5		0.333235
179.6		0.333235
179.7		0.333235
179.8		0.333235
179.9		0.333235
180		0.333235
180.1		0.33439
180.2		0.33439
180.3		0.33439
180.4		0.33439
180.5		0.33439
180.6		0.33439
180.7		0.33439
180.8		0.33439
180.9		0.33439
181		0.33439
181.1		0.338354
181.2		0.338354
181.3		0.338354
181.4		0.338354
181.5		0.338354
181.6		0.338354
181.7		0.338354
181.8		0.338354
181.9		0.338354
182		0.338354
182.1		0.340778
182.2		0.340778
182.3		0.340778
182.4		0.340778
182.5		0.340778
182.6		0.340778
182.7		0.340778
182.8		0.340778
182.9		0.340778
183		0.340778
183.1		0.34302
183.2		0.34302
183.3		0.34302
183.4		0.34302
183.5		0.34302
183.6		0.34302
183.7		0.34302
183.8		0.34302
183.9		0.34302
184		0.34302
184.1		0.343564
184.2		0.343564
184.3		0.343564
184.4		0.343564
184.5		0.343564
184.6		0.343564
184.7		0.343564
184.8		0.343564
184.9		0.343564
185		0.343564
185.1		0.343972
185.2		0.343972
185.3		0.343972
185.4		0.343972
185.5		0.343972
185.6		0.343972
185.7		0.343972
185.8		0.343972
185.9		0.343972
186		0.343972
186.1		0.34678
186.2		0.34678
186.3		0.34678
186.4		0.34678
186.5		0.34678
186.6		0.34678
186.7		0.34678
186.8		0.34678
186.9		0.34678
187		0.34678
187.1		0.351333
187.2		0.351333
187.3		0.351333
187.4		0.351333
187.5		0.351333
187.6		0.351333
187.7		0.351333
187.8		0.351333
187.9		0.351333
188		0.351333
188.1		0.354912
188.2		0.354912
188.3		0.354912
188.4		0.354912
188.5		0.354912
188.6		0.354912
188.7		0.354912
188.8		0.354912
188.9		0.354912
189		0.354912
189.1		0.35498
189.2		0.35498
189.3		0.35498
189.4		0.35498
189.5		0.35498
189.6		0.35498
189.7		0.35498
189.8		0.35498
189.9		0.35498
190		0.35498
190.1		0.355025
190.2		0.355025
190.3		0.355025
190.4		0.355025
190.5		0.355025
190.6		0.355025
190.7		0.355025
190.8		0.355025
190.9		0.355025
191		0.355025
191.1		0.35609
191.2		0.35609
191.3		0.35609
191.4		0.35609
191.5		0.35609
191.6		0.35609
191.7		0.35609
191.8		0.35609
191.9		0.35609
192		0.35609
192.1		0.360257
192.2		0.360257
192.3		0.360257
192.4		0.360257
192.5		0.360257
192.6		0.360257
192.7		0.360257
192.8		0.360257
192.9		0.360257
193		0.360257
193.1		0.36293
193.2		0.36293
193.3		0.36293
193.4		0.36293
193.5		0.36293
193.6		0.36293
193.7		0.36293
193.8		0.36293
193.9		0.36293
194		0.36293
194.1		0.364448
194.2		0.364448
194.3		0.364448
194.4		0.364448
194.5		0.364448
194.6		0.364448
194.7		0.364448
194.8		0.364448
194.9		0.364448
195		0.364448
195.1		0.365512
195.2		0.365512
195.3		0.365512
195.4		0.365512
195.5		0.365512
195.6		0.365512
195.7		0.365512
195.8		0.365512
195.9		0.365512
196		0.365512
196.1		0.37011
196.2		0.37011
196.3		0.37011
196.4		0.37011
196.5		0.37011
196.6		0.37011
196.7		0.37011
196.8		0.37011
196.9		0.37011
197		0.37011
197.1		0.370246
197.2		0.370246
197.3		0.370246
197.4		0.370246
197.5		0.370246
197.6		0.370246
197.7		0.370246
197.8		0.370246
197.9		0.370246
198		0.370246
198.1		0.370337
198.2		0.370337
198.3		0.370337
198.4		0.370337
198.5		0.370337
198.6		0.370337
198.7		0.370337
198.8		0.370337
198.9		0.370337
199		0.370337
199.1		0.374731
199.2		0.374731
199.3		0.374731
199.4		0.374731
199.5		0.374731
199.6		0.374731
199.7		0.374731
199.8		0.374731
199.9		0.374731
200		0.374731
200.1		0.376973
200.2		0.376973
200.3		0.376973
200.4		0.376973
200.5		0.376973
200.6		0.376973
200.7		0.376973
200.8		0.376973
200.9		0.376973
201		0.376973
201.1		0.380552
201.2		0.380552
201.3		0.380552
201.4		0.380552
201.5		0.380552
201.6		0.380552
201.7		0.380552
201.8		0.380552
201.9		0.380552
202		0.380552
202.1		0.380801
202.2		0.380801
202.3		0.380801
202.4		0.380801
202.5		0.380801
202.6		0.380801
202.7		0.380801
202.8		0.380801
202.9		0.380801
203		0.380801
203.1		0.380937
203.2		0.380937
203.3		0.380937
203.4		0.380937
203.5		0.380937
203.6		0.380937
203.7		0.380937
203.8		0.380937
203.9		0.380937
204		0.380937
204.1		0.38549
204.2		0.38549
204.3		0.38549
204.4		0.38549
204.5		0.38549
204.6		0.38549
204.7		0.38549
204.8		0.38549
204.9		0.38549
205		0.38549
205.1		0.388095
205.2		0.388095
205.3		0.388095
205.4		0.388095
205.5		0.388095
205.6		0.388095
205.7		0.388095
205.8		0.388095
205.9		0.388095
206		0.388095
206.1		0.388706
206.2		0.388706
206.3		0.388706
206.4		0.388706
206.5		0.388706
206.6		0.388706
206.7		0.388706
206.8		0.388706
206.9		0.388706
207		0.388706
207.1		0.389771
207.2		0.389771
207.3		0.389771
207.4		0.389771
207.5		0.389771
207.6		0.389771
207.7		0.389771
207.8		0.389771
207.9		0.389771
208		0.389771
208.1		0.3919
208.2		0.3919
208.3		0.3919
208.4		0.3919
208.5		0.3919
208.6		0.3919
208.7		0.3919
208.8		0.3919
208.9		0.3919
209		0.3919
209.1		0.39446
209.2		0.39446
209.3		0.39446
209.4		0.39446
209.5		0.39446
209.6		0.39446
209.7		0.39446
209.8		0.39446
209.9		0.39446
210		0.39446
210.1		0.396294
210.2		0.396294
210.3		0.396294
210.4		0.396294
210.5		0.396294
210.6		0.396294
210.7		0.396294
210.8		0.396294
210.9		0.396294
211		0.396294
211.1		0.39754
211.2		0.39754
211.3		0.39754
211.4		0.39754
211.5		0.39754
211.6		0.39754
211.7		0.39754
211.8		0.39754
211.9		0.39754
212		0.39754
212.1		0.401595
212.2		0.401595
212.3		0.401595
212.4		0.401595
212.5		0.401595
212.6		0.401595
212.7		0.401595
212.8		0.401595
212.9		0.401595
213		0.401595
213.1		0.403316
213.2		0.403316
213.3		0.403316
213.4		0.403316
213.5		0.403316
213.6		0.403316
213.7		0.403316
213.8		0.403316
213.9		0.403316
214		0.403316
214.1		0.405287
214.2		0.405287
214.3		0.405287
214.4		0.405287
214.5		0.405287
214.6		0.405287
214.7		0.405287
214.8		0.405287
214.9		0.405287
215		0.405287
215.1		0.405332
215.2		0.405332
215.3		0.405332
215.4		0.405332
215.5		0.405332
215.6		0.405332
215.7		0.405332
215.8		0.405332
215.9		0.405332
216		0.405332
216.1		0.408322
216.2		0.408322
216.3		0.408322
216.4		0.408322
216.5		0.408322
216.6		0.408322
216.7		0.408322
216.8		0.408322
216.9		0.408322
217		0.408322
217.1		0.410995
217.2		0.410995
217.3		0.410995
217.4		0.410995
217.5		0.410995
217.6		0.410995
217.7		0.410995
217.8		0.410995
217.9		0.410995
218		0.410995
218.1		0.411969
218.2		0.411969
218.3		0.411969
218.4		0.411969
218.5		0.411969
218.6		0.411969
218.7		0.411969
218.8		0.411969
218.9		0.411969
219		0.411969
219.1		0.414823
219.2		0.414823
219.3		0.414823
219.4		0.414823
219.5		0.414823
219.6		0.414823
219.7		0.414823
219.8		0.414823
219.9		0.414823
220		0.414823
220.1		0.418062
220.2		0.418062
220.3		0.418062
220.4		0.418062
220.5		0.418062
220.6		0.418062
220.7		0.418062
220.8		0.418062
220.9		0.418062
221		0.418062
221.1		0.418832
221.2		0.418832
221.3		0.418832
221.4		0.418832
221.5		0.418832
221.6		0.418832
221.7		0.418832
221.8		0.418832
221.9		0.418832
222		0.418832
222.1		0.420417
222.2		0.420417
222.3		0.420417
222.4		0.420417
222.5		0.420417
222.6		0.420417
222.7		0.420417
222.8		0.420417
222.9		0.420417
223		0.420417
223.1		0.422297
223.2		0.422297
223.3		0.422297
223.4		0.422297
223.5		0.422297
223.6		0.422297
223.7		0.422297
223.8		0.422297
223.9		0.422297
224		0.422297
224.1		0.423566
224.2		0.423566
224.3		0.423566
224.4		0.423566
224.5		0.423566
224.6		0.423566
224.7		0.423566
224.8		0.423566
224.9		0.423566
225		0.423566
225.1		0.426035
225.2		0.426035
225.3		0.426035
225.4		0.426035
225.5		0.426035
225.6		0.426035
225.7		0.426035
225.8		0.426035
225.9		0.426035
226		0.426035
226.1		0.431584
226.2		0.431584
226.3		0.431584
226.4		0.431584
226.5		0.431584
226.6		0.431584
226.7		0.431584
226.8		0.431584
226.9		0.431584
227		0.431584
227.1		0.431833
227.2		0.431833
227.3		0.431833
227.4		0.431833
227.5		0.431833
227.6		0.431833
227.7		0.431833
227.8		0.431833
227.9		0.431833
228		0.431833
228.1		0.432716
228.2		0.432716
228.3		0.432716
228.4		0.432716
228.5		0.432716
228.6		0.432716
228.7		0.432716
228.8		0.432716
228.9		0.432716
229		0.432716
229.1		0.435049
229.2		0.435049
229.3		0.435049
229.4		0.435049
229.5		0.435049
229.6		0.435049
229.7		0.435049
229.8		0.435049
229.9		0.435049
230		0.435049
230.1		0.438424
230.2		0.438424
230.3		0.438424
230.4		0.438424
230.5		0.438424
230.6		0.438424
230.7		0.438424
230.8		0.438424
230.9		0.438424
231		0.438424
231.1		0.440531
231.2		0.440531
231.3		0.440531
231.4		0.440531
231.5		0.440531
231.6		0.440531
231.7		0.440531
231.8		0.440531
231.9		0.440531
232		0.440531
232.1		0.443249
232.2		0.443249
232.3		0.443249
232.4		0.443249
232.5		0.443249
232.6		0.443249
232.7		0.443249
232.8		0.443249
232.9		0.443249
233		0.443249
233.1		0.443634
233.2		0.443634
233.3		0.443634
233.4		0.443634
233.5		0.443634
233.6		0.443634
233.7		0.443634
233.8		0.443634
233.9		0.443634
234		0.443634
234.1		0.446126
234.2		0.446126
234.3		0.446126
234.4		0.446126
234.5		0.446126
234.6		0.446126
234.7		0.446126
234.8		0.446126
234.9		0.446126
235		0.446126
235.1		0.44642
235.2		0.44642
235.3		0.44642
235.4		0.44642
235.5		0.44642
235.6		0.44642
235.7		0.44642
235.8		0.44642
235.9		0.44642
236		0.44642
236.1		0.44898
236.2		0.44898
236.3		0.44898
236.4		0.44898
236.5		0.44898
236.6		0.44898
236.7		0.44898
236.8		0.44898
236.9		0.44898
237		0.44898
237.1		0.450248
237.2		0.450248
237.3		0.450248
237.4		0.450248
237.5		0.450248
237.6		0.450248
237.7		0.450248
237.8		0.450248
237.9		0.450248
238		0.450248
238.1		0.455163
238.2		0.455163
238.3		0.455163
238.4		0.455163
238.5		0.455163
238.6		0.455163
238.7		0.455163
238.8		0.455163
238.9		0.455163
239		0.455163
239.1		0.457474
239.2		0.457474
239.3		0.457474
239.4		0.457474
239.5		0.457474
239.6		0.457474
239.7		0.457474
239.8		0.457474
239.9		0.457474
240		0.457474
240.1		0.458198
240.2		0.458198
240.3		0.458198
240.4		0.458198
240.5		0.458198
240.6		0.458198
240.7		0.458198
240.8		0.458198
240.9		0.458198
241		0.458198
241.1		0.458334
241.2		0.458334
241.3		0.458334
241.4		0.458334
241.5		0.458334
241.6		0.458334
241.7		0.458334
241.8		0.458334
241.9		0.458334
242		0.458334
242.1		0.463499
242.2		0.463499
242.3		0.463499
242.4		0.463499
242.5		0.463499
242.6		0.463499
242.7		0.463499
242.8		0.463499
242.9		0.463499
243		0.463499
243.1		0.463861
243.2		0.463861
243.3		0.463861
243.4		0.463861
243.5		0.463861
243.6		0.463861
243.7		0.463861
243.8		0.463861
243.9		0.463861
244		0.463861
244.1		0.463997
244.2		0.463997
244.3		0.463997
244.4		0.463997
244.5		0.463997
244.6		0.463997
244.7		0.463997
244.8		0.463997
244.9		0.463997
245		0.463997
245.1		0.469954
245.2		0.469954
245.3		0.469954
245.4		0.469954
245.5		0.469954
245.6		0.469954
245.7		0.469954
245.8		0.469954
245.9		0.469954
246		0.469954
246.1		0.470271
246.2		0.470271
246.3		0.470271
246.4		0.470271
246.5		0.470271
246.6		0.470271
246.7		0.470271
246.8		0.470271
246.9		0.470271
247		0.470271
247.1		0.471585
247.2		0.471585
247.3		0.471585
247.4		0.471585
247.5		0.471585
247.6		0.471585
247.7		0.471585
247.8		0.471585
247.9		0.471585
248		0.471585
248.1		0.473374
248.2		0.473374
248.3		0.473374
248.4		0.473374
248.5		0.473374
248.6		0.473374
248.7		0.473374
248.8		0.473374
248.9		0.473374
249		0.473374
249.1		0.47607
249.2		0.47607
249.3		0.47607
249.4		0.47607
249.5		0.47607
249.6		0.47607
249.7		0.47607
249.8		0.47607
249.9		0.47607
250		0.47607
250.1		0.476659
250.2		0.476659
250.3		0.476659
250.4		0.476659
250.5		0.476659
250.6		0.476659
250.7		0.476659
250.8		0.476659
250.9		0.476659
251		0.476659
251.1		0.481528
251.2		0.481528
251.3		0.481528
251.4		0.481528
251.5		0.481528
251.6		0.481528
251.7		0.481528
251.8		0.481528
251.9		0.481528
252		0.481528
252.1		0.482163
252.2		0.482163
252.3		0.482163
252.4		0.482163
252.5		0.482163
252.6		0.482163
252.7		0.482163
252.8		0.482163
252.9		0.482163
253		0.482163
253.1		0.482706
253.2		0.482706
253.3		0.482706
253.4		0.482706
253.5		0.482706
253.6		0.482706
253.7		0.482706
253.8		0.482706
253.9		0.482706
254		0.482706
254.1		0.484586
254.2		0.484586
254.3		0.484586
254.4		0.484586
254.5		0.484586
254.6		0.484586
254.7		0.484586
254.8		0.484586
254.9		0.484586
255		0.484586
255.1		0.487916
255.2		0.487916
255.3		0.487916
255.4		0.487916
255.5		0.487916
255.6		0.487916
255.7		0.487916
255.8		0.487916
255.9		0.487916
256		0.487916
256.1		0.490906
256.2		0.490906
256.3		0.490906
256.4		0.490906
256.5		0.490906
256.6		0.490906
256.7		0.490906
256.8		0.490906
256.9		0.490906
257		0.490906
257.1		0.492605
257.2		0.492605
257.3		0.492605
257.4		0.492605
257.5		0.492605
257.6		0.492605
257.7		0.492605
257.8		0.492605
257.9		0.492605
258		0.492605
258.1		0.494326
258.2		0.494326
258.3		0.494326
258.4		0.494326
258.5		0.494326
258.6		0.494326
258.7		0.494326
258.8		0.494326
258.9		0.494326
259		0.494326
259.1		0.494824
259.2		0.494824
259.3		0.494824
259.4		0.494824
259.5		0.494824
259.6		0.494824
259.7		0.494824
259.8		0.494824
259.9		0.494824
260		0.494824
260.1		0.49795
260.2		0.49795
260.3		0.49795
260.4		0.49795
260.5		0.49795
260.6		0.49795
260.7		0.49795
260.8		0.49795
260.9		0.49795
261		0.49795
261.1		0.499377
261.2		0.499377
261.3		0.499377
261.4		0.499377
261.5		0.499377
261.6		0.499377
261.7		0.499377
261.8		0.499377
261.9		0.499377
262		0.499377
262.1		0.499989
262.2		0.499989
262.3		0.499989
262.4		0.499989
262.5		0.499989
262.6		0.499989
262.7		0.499989
262.8		0.499989
262.9		0.499989
263		0.499989
263.1		0.502412
263.2		0.502412
263.3		0.502412
263.4		0.502412
263.5		0.502412
263.6		0.502412
263.7		0.502412
263.8		0.502412
263.9		0.502412
264		0.502412
264.1		0.508211
264.2		0.508211
264.3		0.508211
264.4		0.508211
264.5		0.508211
264.6		0.508211
264.7		0.508211
264.8		0.508211
264.9		0.508211
265		0.508211
265.1		0.509955
265.2		0.509955
265.3		0.509955
265.4		0.509955
265.5		0.509955
265.6		0.509955
265.7		0.509955
265.8		0.509955
265.9		0.509955
266		0.509955
266.1		0.510159
266.2		0.510159
266.3		0.510159
266.4		0.510159
266.5		0.510159
266.6		0.510159
266.7		0.510159
266.8		0.510159
266.9		0.510159
267		0.510159
267.1		0.51034
267.2		0.51034
267.3		0.51034
267.4		0.51034
267.5		0.51034
267.6		0.51034
267.7		0.51034
267.8		0.51034
267.9		0.51034
268		0.51034
268.1		0.516456
268.2		0.516456
268.3		0.516456
268.4		0.516456
268.5		0.516456
268.6		0.516456
268.7		0.516456
268.8		0.516456
268.9		0.516456
269		0.516456
269.1		0.518721
269.2		0.518721
269.3		0.518721
269.4		0.518721
269.5		0.518721
269.6		0.518721
269.7		0.518721
269.8		0.518721
269.9		0.518721
270		0.518721
270.1		0.519174
270.2		0.519174
270.3		0.519174
270.4		0.519174
270.5		0.519174
270.6		0.519174
270.7		0.519174
270.8		0.519174
270.9		0.519174
271		0.519174
271.1		0.521076
271.2		0.521076
271.3		0.521076
271.4		0.521076
271.5		0.521076
271.6		0.521076
271.7		0.521076
271.8		0.521076
271.9		0.521076
272		0.521076
272.1		0.526127
272.2		0.526127
272.3		0.526127
272.4		0.526127
272.5		0.526127
272.6		0.526127
272.7		0.526127
272.8		0.526127
272.9		0.526127
273		0.526127
273.1		0.528438
273.2		0.528438
273.3		0.528438
273.4		0.528438
273.5		0.528438
273.6		0.528438
273.7		0.528438
273.8		0.528438
273.9		0.528438
274		0.528438
274.1		0.528596
274.2		0.528596
274.3		0.528596
274.4		0.528596
274.5		0.528596
274.6		0.528596
274.7		0.528596
274.8		0.528596
274.9		0.528596
275		0.528596
275.1		0.52991
275.2		0.52991
275.3		0.52991
275.4		0.52991
275.5		0.52991
275.6		0.52991
275.7		0.52991
275.8		0.52991
275.9		0.52991
276		0.52991
276.1		0.532085
276.2		0.532085
276.3		0.532085
276.4		0.532085
276.5		0.532085
276.6		0.532085
276.7		0.532085
276.8		0.532085
276.9		0.532085
277		0.532085
277.1		0.535935
277.2		0.535935
277.3		0.535935
277.4		0.535935
277.5		0.535935
277.6		0.535935
277.7		0.535935
277.8		0.535935
277.9		0.535935
278		0.535935
278.1		0.538291
278.2		0.538291
278.3		0.538291
278.4		0.538291
278.5		0.538291
278.6		0.538291
278.7		0.538291
278.8		0.538291
278.9		0.538291
279		0.538291
279.1		0.538698
279.2		0.538698
279.3		0.538698
279.4		0.538698
279.5		0.538698
279.6		0.538698
279.7		0.538698
279.8		0.538698
279.9		0.538698
280		0.538698
280.1		0.539355
280.2		0.539355
280.3		0.539355
280.4		0.539355
280.5		0.539355
280.6		0.539355
280.7		0.539355
280.8		0.539355
280.9		0.539355
281		0.539355
281.1		0.541054
281.2		0.541054
281.3		0.541054
281.4		0.541054
281.5		0.541054
281.6		0.541054
281.7		0.541054
281.8		0.541054
281.9		0.541054
282		0.541054
282.1		0.547147
282.2		0.547147
282.3		0.547147
282.4		0.547147
282.5		0.547147
282.6		0.547147
282.7		0.547147
282.8		0.547147
282.9		0.547147
283		0.547147
283.1		0.548257
283.2		0.548257
283.3		0.548257
283.4		0.548257
283.5		0.548257
283.6		0.548257
283.7		0.548257
283.8		0.548257
283.9		0.548257
284		0.548257
284.1		0.550046
284.2		0.550046
284.3		0.550046
284.4		0.550046
284.5		0.550046
284.6		0.550046
284.7		0.550046
284.8		0.550046
284.9		0.550046
285		0.550046
285.1		0.554056
285.2		0.554056
285.3		0.554056
285.4		0.554056
285.5		0.554056
285.6		0.554056
285.7		0.554056
285.8		0.554056
285.9		0.554056
286		0.554056
286.1		0.556774
286.2		0.556774
286.3		0.556774
286.4		0.556774
286.5		0.556774
286.6		0.556774
286.7		0.556774
286.8		0.556774
286.9		0.556774
287		0.556774
287.1		0.559333
287.2		0.559333
287.3		0.559333
287.4		0.559333
287.5		0.559333
287.6		0.559333
287.7		0.559333
287.8		0.559333
287.9		0.559333
288		0.559333
288.1		0.562255
288.2		0.562255
288.3		0.562255
288.4		0.562255
288.5		0.562255
288.6		0.562255
288.7		0.562255
288.8		0.562255
288.9		0.562255
289		0.562255
289.1		0.563931
289.2		0.563931
289.3		0.563931
289.4		0.563931
289.5		0.563931
289.6		0.563931
289.7		0.563931
289.8		0.563931
289.9		0.563931
290		0.563931
290.1		0.56674
290.2		0.56674
290.3		0.56674
290.4		0.56674
290.5		0.56674
290.6		0.56674
290.7		0.56674
290.8		0.56674
290.9		0.56674
291		0.56674
291.1		0.57007
291.2		0.57007
291.3		0.57007
291.4		0.57007
291.5		0.57007
291.6		0.57007
291.7		0.57007
291.8		0.57007
291.9		0.57007
292		0.57007
292.1		0.57007
292.2		0.57007
292.3		0.57007
292.4		0.57007
292.5		0.57007
292.6		0.57007
292.7		0.57007
292.8		0.57007
292.9		0.57007
293		0.57007
293.1		0.571995
293.2		0.571995
293.3		0.571995
293.4		0.571995
293.5		0.571995
293.6		0.571995
293.7		0.571995
293.8		0.571995
293.9		0.571995
294		0.571995
294.1		0.57272
294.2		0.57272
294.3		0.57272
294.4		0.57272
294.5		0.57272
294.6		0.57272
294.7		0.57272
294.8		0.57272
294.9		0.57272
295		0.57272
295.1		0.575257
295.2		0.575257
295.3		0.575257
295.4		0.575257
295.5		0.575257
295.6		0.575257
295.7		0.575257
295.8		0.575257
295.9		0.575257
296		0.575257
296.1		0.580149
296.2		0.580149
296.3		0.580149
296.4		0.580149
296.5		0.580149
296.6		0.580149
296.7		0.580149
296.8		0.580149
296.9		0.580149
297		0.580149
297.1		0.582686
297.2		0.582686
297.3		0.582686
297.4		0.582686
297.5		0.582686
297.6		0.582686
297.7		0.582686
297.8		0.582686
297.9		0.582686
298		0.582686
298.1		0.583615
298.2		0.583615
298.3		0.583615
298.4		0.583615
298.5		0.583615
298.6		0.583615
298.7		0.583615
298.8		0.583615
298.9		0.583615
299		0.583615
299.1		0.590025
299.2		0.590025
299.3		0.590025
299.4		0.590025
299.5		0.590025
299.6		0.590025
299.7		0.590025
299.8		0.590025
299.9		0.590025
300		0.590025
300.1		0.590296
300.2		0.590296
300.3		0.590296
300.4		0.590296
300.5		0.590296
300.6		0.590296
300.7		0.590296
300.8		0.590296
300.9		0.590296
301		0.590296
301.1		0.593377
301.2		0.593377
301.3		0.593377
301.4		0.593377
301.5		0.593377
301.6		0.593377
301.7		0.593377
301.8		0.593377
301.9		0.593377
302		0.593377
302.1		0.596163
302.2		0.596163
302.3		0.596163
302.4		0.596163
302.5		0.596163
302.6		0.596163
302.7		0.596163
302.8		0.596163
302.9		0.596163
303		0.596163
303.1		0.596412
303.2		0.596412
303.3		0.596412
303.4		0.596412
303.5		0.596412
303.6		0.596412
303.7		0.596412
303.8		0.596412
303.9		0.596412
304		0.596412
304.1		0.597884
304.2		0.597884
304.3		0.597884
304.4		0.597884
304.5		0.597884
304.6		0.597884
304.7		0.597884
304.8		0.597884
304.9		0.597884
305		0.597884
305.1		0.600331
305.2		0.600331
305.3		0.600331
305.4		0.600331
305.5		0.600331
305.6		0.600331
305.7		0.600331
305.8		0.600331
305.9		0.600331
306		0.600331
306.1		0.605925
306.2		0.605925
306.3		0.605925
306.4		0.605925
306.5		0.605925
306.6		0.605925
306.7		0.605925
306.8		0.605925
306.9		0.605925
307		0.605925
307.1		0.606718
307.2		0.606718
307.3		0.606718
307.4		0.606718
307.5		0.606718
307.6		0.606718
307.7		0.606718
307.8		0.606718
307.9		0.606718
308		0.606718
308.1		0.60699
308.2		0.60699
308.3		0.60699
308.4		0.60699
308.5		0.60699
308.6		0.60699
308.7		0.60699
308.8		0.60699
308.9		0.60699
309		0.60699
309.1		0.607149
309.2		0.607149
309.3		0.607149
309.4		0.607149
309.5		0.607149
309.6		0.607149
309.7		0.607149
309.8		0.607149
309.9		0.607149
310		0.607149
310.1		0.612743
310.2		0.612743
310.3		0.612743
310.4		0.612743
310.5		0.612743
310.6		0.612743
310.7		0.612743
310.8		0.612743
310.9		0.612743
311		0.612743
311.1		0.615393
311.2		0.615393
311.3		0.615393
311.4		0.615393
311.5		0.615393
311.6		0.615393
311.7		0.615393
311.8		0.615393
311.9		0.615393
312		0.615393
312.1		0.616911
312.2		0.616911
312.3		0.616911
312.4		0.616911
312.5		0.616911
312.6		0.616911
312.7		0.616911
312.8		0.616911
312.9		0.616911
313		0.616911
313.1		0.617681
313.2		0.617681
313.3		0.617681
313.4		0.617681
313.5		0.617681
313.6		0.617681
313.7		0.617681
313.8		0.617681
313.9		0.617681
314		0.617681
314.1		0.622075
314.2		0.622075
314.3		0.622075
314.4		0.622075
314.5		0.622075
314.6		0.622075
314.7		0.622075
314.8		0.622075
314.9		0.622075
315		0.622075
315.1		0.623253
315.2		0.623253
315.3		0.623253
315.4		0.623253
315.5		0.623253
315.6		0.623253
315.7		0.623253
315.8		0.623253
315.9		0.623253
316		0.623253
316.1		0.625631
316.2		0.625631
316.3		0.625631
316.4		0.625631
316.5		0.625631
316.6		0.625631
316.7		0.625631
316.8		0.625631
316.9		0.625631
317		0.625631
317.1		0.627375
317.2		0.627375
317.3		0.627375
317.4		0.627375
317.5		0.627375
317.6		0.627375
317.7		0.627375
317.8		0.627375
317.9		0.627375
318		0.627375
318.1		0.627625
318.2		0.627625
318.3		0.627625
318.4		0.627625
318.5		0.627625
318.6		0.627625
318.7		0.627625
318.8		0.627625
318.9		0.627625
319		0.627625
319.1		0.631203
319.2		0.631203
319.3		0.631203
319.4		0.631203
319.5		0.631203
319.6		0.631203
319.7		0.631203
319.8		0.631203
319.9		0.631203
320		0.631203
320.1		0.632902
320.2		0.632902
320.3		0.632902
320.4		0.632902
320.5		0.632902
320.6		0.632902
320.7		0.632902
320.8		0.632902
320.9		0.632902
321		0.632902
321.1		0.636232
321.2		0.636232
321.3		0.636232
321.4		0.636232
321.5		0.636232
321.6		0.636232
321.7		0.636232
321.8		0.636232
321.9		0.636232
322		0.636232
322.1		0.637025
322.2		0.637025
322.3		0.637025
322.4		0.637025
322.5		0.637025
322.6		0.637025
322.7		0.637025
322.8		0.637025
322.9		0.637025
323		0.637025
323.1		0.637296
323.2		0.637296
323.3		0.637296
323.4		0.637296
323.5		0.637296
323.6		0.637296
323.7		0.637296
323.8		0.637296
323.9		0.637296
324		0.637296
324.1		0.641781
324.2		0.641781
324.3		0.641781
324.4		0.641781
324.5		0.641781
324.6		0.641781
324.7		0.641781
324.8		0.641781
324.9		0.641781
325		0.641781
325.1		0.642778
325.2		0.642778
325.3		0.642778
325.4		0.642778
325.5		0.642778
325.6		0.642778
325.7		0.642778
325.8		0.642778
325.9		0.642778
326		0.642778
326.1		0.644386
326.2		0.644386
326.3		0.644386
326.4		0.644386
326.5		0.644386
326.6		0.644386
326.7		0.644386
326.8		0.644386
326.9		0.644386
327		0.644386
327.1		0.645179
327.2		0.645179
327.3		0.645179
327.4		0.645179
327.5		0.645179
327.6		0.645179
327.7		0.645179
327.8		0.645179
327.9		0.645179
328		0.645179
328.1		0.648237
328.2		0.648237
328.3		0.648237
328.4		0.648237
328.5		0.648237
328.6		0.648237
328.7		0.648237
328.8		0.648237
328.9		0.648237
329		0.648237
329.1		0.650502
329.2		0.650502
329.3		0.650502
329.4		0.650502
329.5		0.650502
329.6		0.650502
329.7		0.650502
329.8		0.650502
329.9		0.650502
330		0.650502
330.1		0.651136
330.2		0.651136
330.3		0.651136
330.4		0.651136
330.5		0.651136
330.6		0.651136
330.7		0.651136
330.8		0.651136
330.9		0.651136
331		0.651136
331.1		0.65245
331.2		0.65245
331.3		0.65245
331.4		0.65245
331.5		0.65245
331.6		0.65245
331.7		0.65245
331.8		0.65245
331.9		0.65245
332		0.65245
332.1		0.656459
332.2		0.656459
332.3		0.656459
332.4		0.656459
332.5		0.656459
332.6		0.656459
332.7		0.656459
332.8		0.656459
332.9		0.656459
333		0.656459
333.1		0.656685
333.2		0.656685
333.3		0.656685
333.4		0.656685
333.5		0.656685
333.6		0.656685
333.7		0.656685
333.8		0.656685
333.9		0.656685
334		0.656685
334.1		0.657184
334.2		0.657184
334.3		0.657184
334.4		0.657184
334.5		0.657184
334.6		0.657184
334.7		0.657184
334.8		0.657184
334.9		0.657184
335		0.657184
335.1		0.661238
335.2		0.661238
335.3		0.661238
335.4		0.661238
335.5		0.661238
335.6		0.661238
335.7		0.661238
335.8		0.661238
335.9		0.661238
336		0.661238
336.1		0.663186
336.2		0.663186
336.3		0.663186
336.4		0.663186
336.5		0.663186
336.6		0.663186
336.7		0.663186
336.8		0.663186
336.9		0.663186
337		0.663186
337.1		0.667082
337.2		0.667082
337.3		0.667082
337.4		0.667082
337.5		0.667082
337.6		0.667082
337.7		0.667082
337.8		0.667082
337.9		0.667082
338		0.667082
338.1		0.668464
338.2		0.668464
338.3		0.668464
338.4		0.668464
338.5		0.668464
338.6		0.668464
338.7		0.668464
338.8		0.668464
338.9		0.668464
339		0.668464
339.1		0.674806
339.2		0.674806
339.3		0.674806
339.4		0.674806
339.5		0.674806
339.6		0.674806
339.7		0.674806
339.8		0.674806
339.9		0.674806
340		0.674806
340.1		0.675531
340.2		0.675531
340.3		0.675531
340.4		0.675531
340.5		0.675531
340.6		0.675531
340.7		0.675531
340.8		0.675531
340.9		0.675531
341		0.675531
341.1		0.680944
341.2		0.680944
341.3		0.680944
341.4		0.680944
341.5		0.680944
341.6		0.680944
341.7		0.680944
341.8		0.680944
341.9		0.680944
342		0.680944
342.1		0.681193
342.2		0.681193
342.3		0.681193
342.4		0.681193
342.5		0.681193
342.6		0.681193
342.7		0.681193
342.8		0.681193
342.9		0.681193
343		0.681193
343.1		0.683005
343.2		0.683005
343.3		0.683005
343.4		0.683005
343.5		0.683005
343.6		0.683005
343.7		0.683005
343.8		0.683005
343.9		0.683005
344		0.683005
344.1		0.68339
344.2		0.68339
344.3		0.68339
344.4		0.68339
344.5		0.68339
344.6		0.68339
344.7		0.68339
344.8		0.68339
344.9		0.68339
345		0.68339
345.1		0.68518
345.2		0.68518
345.3		0.68518
345.4		0.68518
345.5		0.68518
345.6		0.68518
345.7		0.68518
345.8		0.68518
345.9		0.68518
346		0.68518
346.1		0.690163
346.2		0.690163
346.3		0.690163
346.4		0.690163
346.5		0.690163
346.6		0.690163
346.7		0.690163
346.8		0.690163
346.9		0.690163
347		0.690163
347.1		0.691907
347.2		0.691907
347.3		0.691907
347.4		0.691907
347.5		0.691907
347.6		0.691907
347.7		0.691907
347.8		0.691907
347.9		0.691907
348		0.691907
348.1		0.691907
348.2		0.691907
348.3		0.691907
348.4		0.691907
348.5		0.691907
348.6		0.691907
348.7		0.691907
348.8		0.691907
348.9		0.691907
349		0.691907
349.1		0.694285
349.2		0.694285
349.3		0.694285
349.4		0.694285
349.5		0.694285
349.6		0.694285
349.7		0.694285
349.8		0.694285
349.9		0.694285
350		0.694285
350.1		0.694625
350.2		0.694625
350.3		0.694625
350.4		0.694625
350.5		0.694625
350.6		0.694625
350.7		0.694625
350.8		0.694625
350.9		0.694625
351		0.694625
351.1		0.695259
351.2		0.695259
351.3		0.695259
351.4		0.695259
351.5		0.695259
351.6		0.695259
351.7		0.695259
351.8		0.695259
351.9		0.695259
352		0.695259
352.1		0.702666
352.2		0.702666
352.3		0.702666
352.4		0.702666
352.5		0.702666
352.6		0.702666
352.7		0.702666
352.8		0.702666
352.9		0.702666
353		0.702666
353.1		0.7033
353.2		0.7033
353.3		0.7033
353.4		0.7033
353.5		0.7033
353.6		0.7033
353.7		0.7033
353.8		0.7033
353.9		0.7033
354		0.7033
354.1		0.704002
354.2		0.704002
354.3		0.704002
354.4		0.704002
354.5		0.704002
354.6		0.704002
354.7		0.704002
354.8		0.704002
354.9		0.704002
355		0.704002
355.1		0.710888
355.2		0.710888
355.3		0.710888
355.4		0.710888
355.5		0.710888
355.6		0.710888
355.7		0.710888
355.8		0.710888
355.9		0.710888
356		0.710888
356.1		0.711409
356.2		0.711409
356.3		0.711409
356.4		0.711409
356.5		0.711409
356.6		0.711409
356.7		0.711409
356.8		0.711409
356.9		0.711409
357		0.711409
357.1		0.713538
357.2		0.713538
357.3		0.713538
357.4		0.713538
357.5		0.713538
357.6		0.713538
357.7		0.713538
357.8		0.713538
357.9		0.713538
358		0.713538
358.1		0.715011
358.2		0.715011
358.3		0.715011
358.4		0.715011
358.5		0.715011
358.6		0.715011
358.7		0.715011
358.8		0.715011
358.9		0.715011
359		0.715011
359.1		0.719722
359.2		0.719722
359.3		0.719722
359.4		0.719722
359.5		0.719722
359.6		0.719722
359.7		0.719722
359.8		0.719722
359.9		0.719722
360		0.719722
360.1		0.720583
360.2		0.720583
360.3		0.720583
360.4		0.720583
360.5		0.720583
360.6		0.720583
360.7		0.720583
360.8		0.720583
360.9		0.720583
361		0.720583
361.1		0.724388
361.2		0.724388
361.3		0.724388
361.4		0.724388
361.5		0.724388
361.6		0.724388
361.7		0.724388
361.8		0.724388
361.9		0.724388
362		0.724388
362.1		0.72475
362.2		0.72475
362.3		0.72475
362.4		0.72475
362.5		0.72475
362.6		0.72475
362.7		0.72475
362.8		0.72475
362.9		0.72475
363		0.72475
363.1		0.725611
363.2		0.725611
363.3		0.725611
363.4		0.725611
363.5		0.725611
363.6		0.725611
363.7		0.725611
363.8		0.725611
363.9		0.725611
364		0.725611
364.1		0.729983
364.2		0.729983
364.3		0.729983
364.4		0.729983
364.5		0.729983
364.6		0.729983
364.7		0.729983
364.8		0.729983
364.9		0.729983
365		0.729983
365.1		0.731274
365.2		0.731274
365.3		0.731274
365.4		0.731274
365.5		0.731274
365.6		0.731274
365.7		0.731274
365.8		0.731274
365.9		0.731274
366		0.731274
366.1		0.731681
366.2		0.731681
366.3		0.731681
366.4		0.731681
366.5		0.731681
366.6		0.731681
366.7		0.731681
366.8		0.731681
366.9		0.731681
367		0.731681
367.1		0.732633
367.2		0.732633
367.3		0.732633
367.4		0.732633
367.5		0.732633
367.6		0.732633
367.7		0.732633
367.8		0.732633
367.9		0.732633
368		0.732633
368.1		0.738522
368.2		0.738522
368.3		0.738522
368.4		0.738522
368.5		0.738522
368.6		0.738522
368.7		0.738522
368.8		0.738522
368.9		0.738522
369		0.738522
369.1		0.741149
369.2		0.741149
369.3		0.741149
369.4		0.741149
369.5		0.741149
369.6		0.741149
369.7		0.741149
369.8		0.741149
369.9		0.741149
370		0.741149
370.1		0.741534
370.2		0.741534
370.3		0.741534
370.4		0.741534
370.5		0.741534
370.6		0.741534
370.7		0.741534
370.8		0.741534
370.9		0.741534
371		0.741534
371.1		0.741784
371.2		0.741784
371.3		0.741784
371.4		0.741784
371.5		0.741784
371.6		0.741784
371.7		0.741784
371.8		0.741784
371.9		0.741784
372		0.741784
372.1		0.746336
372.2		0.746336
372.3		0.746336
372.4		0.746336
372.5		0.746336
372.6		0.746336
372.7		0.746336
372.8		0.746336
372.9		0.746336
373		0.746336
373.1		0.747469
373.2		0.747469
373.3		0.747469
373.4		0.747469
373.5		0.747469
373.6		0.747469
373.7		0.747469
373.8		0.747469
373.9		0.747469
374		0.747469
374.1		0.749077
374.2		0.749077
374.3		0.749077
374.4		0.749077
374.5		0.749077
374.6		0.749077
374.7		0.749077
374.8		0.749077
374.9		0.749077
375		0.749077
375.1		0.753177
375.2		0.753177
375.3		0.753177
375.4		0.753177
375.5		0.753177
375.6		0.753177
375.7		0.753177
375.8		0.753177
375.9		0.753177
376		0.753177
376.1		0.754151
376.2		0.754151
376.3		0.754151
376.4		0.754151
376.5		0.754151
376.6		0.754151
376.7		0.754151
376.8		0.754151
376.9		0.754151
377		0.754151
377.1		0.75585
377.2		0.75585
377.3		0.75585
377.4		0.75585
377.5		0.75585
377.6		0.75585
377.7		0.75585
377.8		0.75585
377.9		0.75585
378		0.75585
378.1		0.757797
378.2		0.757797
378.3		0.757797
378.4		0.757797
378.5		0.757797
378.6		0.757797
378.7		0.757797
378.8		0.757797
378.9		0.757797
379		0.757797
379.1		0.757933
379.2		0.757933
379.3		0.757933
379.4		0.757933
379.5		0.757933
379.6		0.757933
379.7		0.757933
379.8		0.757933
379.9		0.757933
380		0.757933
380.1		0.759247
380.2		0.759247
380.3		0.759247
380.4		0.759247
380.5		0.759247
380.6		0.759247
380.7		0.759247
380.8		0.759247
380.9		0.759247
381		0.759247
381.1		0.764366
381.2		0.764366
381.3		0.764366
381.4		0.764366
381.5		0.764366
381.6		0.764366
381.7		0.764366
381.8		0.764366
381.9		0.764366
382		0.764366
382.1		0.765295
382.2		0.765295
382.3		0.765295
382.4		0.765295
382.5		0.765295
382.6		0.765295
382.7		0.765295
382.8		0.765295
382.9		0.765295
383		0.765295
383.1		0.766065
383.2		0.766065
383.3		0.766065
383.4		0.766065
383.5		0.766065
383.6		0.766065
383.7		0.766065
383.8		0.766065
383.9		0.766065
384		0.766065
384.1		0.766835
384.2		0.766835
384.3		0.766835
384.4		0.766835
384.5		0.766835
384.6		0.766835
384.7		0.766835
384.8		0.766835
384.9		0.766835
385		0.766835
385.1		0.770912
385.2		0.770912
385.3		0.770912
385.4		0.770912
385.5		0.770912
385.6		0.770912
385.7		0.770912
385.8		0.770912
385.9		0.770912
386		0.770912
386.1		0.772792
386.2		0.772792
386.3		0.772792
386.4		0.772792
386.5		0.772792
386.6		0.772792
386.7		0.772792
386.8		0.772792
386.9		0.772792
387		0.772792
387.1		0.776099
387.2		0.776099
387.3		0.776099
387.4		0.776099
387.5		0.776099
387.6		0.776099
387.7		0.776099
387.8		0.776099
387.9		0.776099
388		0.776099
388.1		0.776212
388.2		0.776212
388.3		0.776212
388.4		0.776212
388.5		0.776212
388.6		0.776212
388.7		0.776212
388.8		0.776212
388.9		0.776212
389		0.776212
389.1		0.776869
389.2		0.776869
389.3		0.776869
389.4		0.776869
389.5		0.776869
389.6		0.776869
389.7		0.776869
389.8		0.776869
389.9		0.776869
390		0.776869
390.1		0.781807
390.2		0.781807
390.3		0.781807
390.4		0.781807
390.5		0.781807
390.6		0.781807
390.7		0.781807
390.8		0.781807
390.9		0.781807
391		0.781807
391.1		0.782645
391.2		0.782645
391.3		0.782645
391.4		0.782645
391.5		0.782645
391.6		0.782645
391.7		0.782645
391.8		0.782645
391.9		0.782645
392		0.782645
392.1		0.782917
392.2		0.782917
392.3		0.782917
392.4		0.782917
392.5		0.782917
392.6		0.782917
392.7		0.782917
392.8		0.782917
392.9		0.782917
393		0.782917
393.1		0.785499
393.2		0.785499
393.3		0.785499
393.4		0.785499
393.5		0.785499
393.6		0.785499
393.7		0.785499
393.8		0.785499
393.9		0.785499
394		0.785499
394.1		0.79046
394.2		0.79046
394.3		0.79046
394.4		0.79046
394.5		0.79046
394.6		0.79046
394.7		0.79046
394.8		0.79046
394.9		0.79046
395		0.79046
395.1		0.791615
395.2		0.791615
395.3		0.791615
395.4		0.791615
395.5		0.791615
395.6		0.791615
395.7		0.791615
395.8		0.791615
395.9		0.791615
396		0.791615
396.1		0.792136
396.2		0.792136
396.3		0.792136
396.4		0.792136
396.5		0.792136
396.6		0.792136
396.7		0.792136
396.8		0.792136
396.9		0.792136
397		0.792136
397.1		0.793653
397.2		0.793653
397.3		0.793653
397.4		0.793653
397.5		0.793653
397.6		0.793653
397.7		0.793653
397.8		0.793653
397.9		0.793653
398		0.793653
398.1		0.79696
398.2		0.79696
398.3		0.79696
398.4		0.79696
398.5		0.79696
398.6		0.79696
398.7		0.79696
398.8		0.79696
398.9		0.79696
399		0.79696
399.1		0.798002
399.2		0.798002
399.3		0.798002
399.4		0.798002
399.5		0.798002
399.6		0.798002
399.7		0.798002
399.8		0.798002
399.9		0.798002
400		0.798002
400.1		0.801173
400.2		0.801173
400.3		0.801173
400.4		0.801173
400.5		0.801173
400.6		0.801173
400.7		0.801173
400.8		0.801173
400.9		0.801173
401		0.801173
401.1		0.802215
401.2		0.802215
401.3		0.802215
401.4		0.802215
401.5		0.802215
401.6		0.802215
401.7		0.802215
401.8		0.802215
401.9		0.802215
402		0.802215
402.1		0.806813
402.2		0.806813
402.3		0.806813
402.4		0.806813
402.5		0.806813
402.6		0.806813
402.7		0.806813
402.8		0.806813
402.9		0.806813
403		0.806813
403.1		0.807515
403.2		0.807515
403.3		0.807515
403.4		0.807515
403.5		0.807515
403.6		0.807515
403.7		0.807515
403.8		0.807515
403.9		0.807515
404		0.807515
404.1		0.808286
404.2		0.808286
404.3		0.808286
404.4		0.808286
404.5		0.808286
404.6		0.808286
404.7		0.808286
404.8		0.808286
404.9		0.808286
405		0.808286
405.1		0.808965
405.2		0.808965
405.3		0.808965
405.4		0.808965
405.5		0.808965
405.6		0.808965
405.7		0.808965
405.8		0.808965
405.9		0.808965
406		0.808965
406.1		0.812385
406.2		0.812385
406.3		0.812385
406.4		0.812385
406.5		0.812385
406.6		0.812385
406.7		0.812385
406.8		0.812385
406.9		0.812385
407		0.812385
407.1		0.815692
407.2		0.815692
407.3		0.815692
407.4		0.815692
407.5		0.815692
407.6		0.815692
407.7		0.815692
407.8		0.815692
407.9		0.815692
408		0.815692
408.1		0.817006
408.2		0.817006
408.3		0.817006
408.4		0.817006
408.5		0.817006
408.6		0.817006
408.7		0.817006
408.8		0.817006
408.9		0.817006
409		0.817006
409.1		0.817912
409.2		0.817912
409.3		0.817912
409.4		0.817912
409.5		0.817912
409.6		0.817912
409.7		0.817912
409.8		0.817912
409.9		0.817912
410		0.817912
410.1		0.819747
410.2		0.819747
410.3		0.819747
410.4		0.819747
410.5		0.819747
410.6		0.819747
410.7		0.819747
410.8		0.819747
410.9		0.819747
411		0.819747
411.1		0.822193
411.2		0.822193
411.3		0.822193
411.4		0.822193
411.5		0.822193
411.6		0.822193
411.7		0.822193
411.8		0.822193
411.9		0.822193
412		0.822193
412.1		0.824775
412.2		0.824775
412.3		0.824775
412.4		0.824775
412.5		0.824775
412.6		0.824775
412.7		0.824775
412.8		0.824775
412.9		0.824775
413		0.824775
413.1		0.826633
413.2		0.826633
413.3		0.826633
413.4		0.826633
413.5		0.826633
413.6		0.826633
413.7		0.826633
413.8		0.826633
413.9		0.826633
414		0.826633
414.1		0.82772
414.2		0.82772
414.3		0.82772
414.4		0.82772
414.5		0.82772
414.6		0.82772
414.7		0.82772
414.8		0.82772
414.9		0.82772
415		0.82772
415.1		0.833065
415.2		0.833065
415.3		0.833065
415.4		0.833065
415.5		0.833065
415.6		0.833065
415.7		0.833065
415.8		0.833065
415.9		0.833065
416		0.833065
416.1		0.833564
416.2		0.833564
416.3		0.833564
416.4		0.833564
416.5		0.833564
416.6		0.833564
416.7		0.833564
416.8		0.833564
416.9		0.833564
417		0.833564
417.1		0.83533
417.2		0.83533
417.3		0.83533
417.4		0.83533
417.5		0.83533
417.6		0.83533
417.7		0.83533
417.8		0.83533
417.9		0.83533
418		0.83533
418.1		0.836486
418.2		0.836486
418.3		0.836486
418.4		0.836486
418.5		0.836486
418.6		0.836486
418.7		0.836486
418.8		0.836486
418.9		0.836486
419		0.836486
419.1		0.837641
419.2		0.837641
419.3		0.837641
419.4		0.837641
419.5		0.837641
419.6		0.837641
419.7		0.837641
419.8		0.837641
419.9		0.837641
420		0.837641
420.1		0.841808
420.2		0.841808
420.3		0.841808
420.4		0.841808
420.5		0.841808
420.6		0.841808
420.7		0.841808
420.8		0.841808
420.9		0.841808
421		0.841808
421.1		0.842193
421.2		0.842193
421.3		0.842193
421.4		0.842193
421.5		0.842193
421.6		0.842193
421.7		0.842193
421.8		0.842193
421.9		0.842193
422		0.842193
422.1		0.84285
422.2		0.84285
422.3		0.84285
422.4		0.84285
422.5		0.84285
422.6		0.84285
422.7		0.84285
422.8		0.84285
422.9		0.84285
423		0.84285
423.1		0.845546
423.2		0.845546
423.3		0.845546
423.4		0.845546
423.5		0.845546
423.6		0.845546
423.7		0.845546
423.8		0.845546
423.9		0.845546
424		0.845546
424.1		0.849895
424.2		0.849895
424.3		0.849895
424.4		0.849895
424.5		0.849895
424.6		0.849895
424.7		0.849895
424.8		0.849895
424.9		0.849895
425		0.849895
425.1		0.852114
425.2		0.852114
425.3		0.852114
425.4		0.852114
425.5		0.852114
425.6		0.852114
425.7		0.852114
425.8		0.852114
425.9		0.852114
426		0.852114
426.1		0.85336
426.2		0.85336
426.3		0.85336
426.4		0.85336
426.5		0.85336
426.6		0.85336
426.7		0.85336
426.8		0.85336
426.9		0.85336
427		0.85336
427.1		0.853904
427.2		0.853904
427.3		0.853904
427.4		0.853904
427.5		0.853904
427.6		0.853904
427.7		0.853904
427.8		0.853904
427.9		0.853904
428		0.853904
428.1		0.857551
428.2		0.857551
428.3		0.857551
428.4		0.857551
428.5		0.857551
428.6		0.857551
428.7		0.857551
428.8		0.857551
428.9		0.857551
429		0.857551
429.1		0.859249
429.2		0.859249
429.3		0.859249
429.4		0.859249
429.5		0.859249
429.6		0.859249
429.7		0.859249
429.8		0.859249
429.9		0.859249
430		0.859249
430.1		0.859838
430.2		0.859838
430.3		0.859838
430.4		0.859838
430.5		0.859838
430.6		0.859838
430.7		0.859838
430.8		0.859838
430.9		0.859838
431		0.859838
431.1		0.863712
431.2		0.863712
431.3		0.863712
431.4		0.863712
431.5		0.863712
431.6		0.863712
431.7		0.863712
431.8		0.863712
431.9		0.863712
432		0.863712
432.1		0.864006
432.2		0.864006
432.3		0.864006
432.4		0.864006
432.5		0.864006
432.6		0.864006
432.7		0.864006
432.8		0.864006
432.9		0.864006
433		0.864006
433.1		0.867426
433.2		0.867426
433.3		0.867426
433.4		0.867426
433.5		0.867426
433.6		0.867426
433.7		0.867426
433.8		0.867426
433.9		0.867426
434		0.867426
434.1		0.869646
434.2		0.869646
434.3		0.869646
434.4		0.869646
434.5		0.869646
434.6		0.869646
434.7		0.869646
434.8		0.869646
434.9		0.869646
435		0.869646
435.1		0.871843
435.2		0.871843
435.3		0.871843
435.4		0.871843
435.5		0.871843
435.6		0.871843
435.7		0.871843
435.8		0.871843
435.9		0.871843
436		0.871843
436.1		0.87284
436.2		0.87284
436.3		0.87284
436.4		0.87284
436.5		0.87284
436.6		0.87284
436.7		0.87284
436.8		0.87284
436.9		0.87284
437		0.87284
437.1		0.873882
437.2		0.873882
437.3		0.873882
437.4		0.873882
437.5		0.873882
437.6		0.873882
437.7		0.873882
437.8		0.873882
437.9		0.873882
438		0.873882
438.1		0.87959
438.2		0.87959
438.3		0.87959
438.4		0.87959
438.5		0.87959
438.6		0.87959
438.7		0.87959
438.8		0.87959
438.9		0.87959
439		0.87959
439.1		0.880813
439.2		0.880813
439.3		0.880813
439.4		0.880813
439.5		0.880813
439.6		0.880813
439.7		0.880813
439.8		0.880813
439.9		0.880813
440		0.880813
440.1		0.881764
440.2		0.881764
440.3		0.881764
440.4		0.881764
440.5		0.881764
440.6		0.881764
440.7		0.881764
440.8		0.881764
440.9		0.881764
441		0.881764
441.1		0.882897
441.2		0.882897
441.3		0.882897
441.4		0.882897
441.5		0.882897
441.6		0.882897
441.7		0.882897
441.8		0.882897
441.9		0.882897
442		0.882897
442.1		0.88532
442.2		0.88532
442.3		0.88532
442.4		0.88532
442.5		0.88532
442.6		0.88532
442.7		0.88532
442.8		0.88532
442.9		0.88532
443		0.88532
443.1		0.885705
443.2		0.885705
443.3		0.885705
443.4		0.885705
443.5		0.885705
443.6		0.885705
443.7		0.885705
443.8		0.885705
443.9		0.885705
444		0.885705
444.1		0.888967
444.2		0.888967
444.3		0.888967
444.4		0.888967
444.5		0.888967
444.6		0.888967
444.7		0.888967
444.8		0.888967
444.9		0.888967
445		0.888967
445.1		0.892953
445.2		0.892953
445.3		0.892953
445.4		0.892953
445.5		0.892953
445.6		0.892953
445.7		0.892953
445.8		0.892953
445.9		0.892953
446		0.892953
446.1		0.89506
446.2		0.89506
446.3		0.89506
446.4		0.89506
446.5		0.89506
446.6		0.89506
446.7		0.89506
446.8		0.89506
446.9		0.89506
447		0.89506
447.1		0.895898
447.2		0.895898
447.3		0.895898
447.4		0.895898
447.5		0.895898
447.6		0.895898
447.7		0.895898
447.8		0.895898
447.9		0.895898
448		0.895898
448.1		0.896645
448.2		0.896645
448.3		0.896645
448.4		0.896645
448.5		0.896645
448.6		0.896645
448.7		0.896645
448.8		0.896645
448.9		0.896645
449		0.896645
449.1		0.897166
449.2		0.897166
449.3		0.897166
449.4		0.897166
449.5		0.897166
449.6		0.897166
449.7		0.897166
449.8		0.897166
449.9		0.897166
450		0.897166
450.1		0.901991
450.2		0.901991
450.3		0.901991
450.4		0.901991
450.5		0.901991
450.6		0.901991
450.7		0.901991
450.8		0.901991
450.9		0.901991
451		0.901991
451.1		0.90412
451.2		0.90412
451.3		0.90412
451.4		0.90412
451.5		0.90412
451.6		0.90412
451.7		0.90412
451.8		0.90412
451.9		0.90412
452		0.90412
452.1		0.904686
452.2		0.904686
452.3		0.904686
452.4		0.904686
452.5		0.904686
452.6		0.904686
452.7		0.904686
452.8		0.904686
452.9		0.904686
453		0.904686
453.1		0.907857
453.2		0.907857
453.3		0.907857
453.4		0.907857
453.5		0.907857
453.6		0.907857
453.7		0.907857
453.8		0.907857
453.9		0.907857
454		0.907857
454.1		0.90976
454.2		0.90976
454.3		0.90976
454.4		0.90976
454.5		0.90976
454.6		0.90976
454.7		0.90976
454.8		0.90976
454.9		0.90976
455		0.90976
455.1		0.91121
455.2		0.91121
455.3		0.91121
455.4		0.91121
455.5		0.91121
455.6		0.91121
455.7		0.91121
455.8		0.91121
455.9		0.91121
456		0.91121
456.1		0.914947
456.2		0.914947
456.3		0.914947
456.4		0.914947
456.5		0.914947
456.6		0.914947
456.7		0.914947
456.8		0.914947
456.9		0.914947
457		0.914947
457.1		0.915468
457.2		0.915468
457.3		0.915468
457.4		0.915468
457.5		0.915468
457.6		0.915468
457.7		0.915468
457.8		0.915468
457.9		0.915468
458		0.915468
458.1		0.918956
458.2		0.918956
458.3		0.918956
458.4		0.918956
458.5		0.918956
458.6		0.918956
458.7		0.918956
458.8		0.918956
458.9		0.918956
459		0.918956
459.1		0.920179
459.2		0.920179
459.3		0.920179
459.4		0.920179
459.5		0.920179
459.6		0.920179
459.7		0.920179
459.8		0.920179
459.9		0.920179
460		0.920179
460.1		0.920746
460.2		0.920746
460.3		0.920746
460.4		0.920746
460.5		0.920746
460.6		0.920746
460.7		0.920746
460.8		0.920746
460.9		0.920746
461		0.920746
461.1		0.923849
461.2		0.923849
461.3		0.923849
461.4		0.923849
461.5		0.923849
461.6		0.923849
461.7		0.923849
461.8		0.923849
461.9		0.923849
462		0.923849
462.1		0.928016
462.2		0.928016
462.3		0.928016
462.4		0.928016
462.5		0.928016
462.6		0.928016
462.7		0.928016
462.8		0.928016
462.9		0.928016
463		0.928016
463.1		0.92813
463.2		0.92813
463.3		0.92813
463.4		0.92813
463.5		0.92813
463.6		0.92813
463.7		0.92813
463.8		0.92813
463.9		0.92813
464		0.92813
464.1		0.930735
464.2		0.930735
464.3		0.930735
464.4		0.930735
464.5		0.930735
464.6		0.930735
464.7		0.930735
464.8		0.930735
464.9		0.930735
465		0.930735
465.1		0.931912
465.2		0.931912
465.3		0.931912
465.4		0.931912
465.5		0.931912
465.6		0.931912
465.7		0.931912
465.8		0.931912
465.9		0.931912
466		0.931912
466.1		0.93608
466.2		0.93608
466.3		0.93608
466.4		0.93608
466.5		0.93608
466.6		0.93608
466.7		0.93608
466.8		0.93608
466.9		0.93608
467		0.93608
467.1		0.938277
467.2		0.938277
467.3		0.938277
467.4		0.938277
467.5		0.938277
467.6		0.938277
467.7		0.938277
467.8		0.938277
467.9		0.938277
468		0.938277
468.1		0.938957
468.2		0.938957
468.3		0.938957
468.4		0.938957
468.5		0.938957
468.6		0.938957
468.7		0.938957
468.8		0.938957
468.9		0.938957
469		0.938957
469.1		0.941109
469.2		0.941109
469.3		0.941109
469.4		0.941109
469.5		0.941109
469.6		0.941109
469.7		0.941109
469.8		0.941109
469.9		0.941109
470		0.941109
470.1		0.942558
470.2		0.942558
470.3		0.942558
470.4		0.942558
470.5		0.942558
470.6		0.942558
470.7		0.942558
470.8		0.942558
470.9		0.942558
471		0.942558
471.1		0.946499
471.2		0.946499
471.3		0.946499
471.4		0.946499
471.5		0.946499
471.6		0.946499
471.7		0.946499
471.8		0.946499
471.9		0.946499
472		0.946499
472.1		0.948243
472.2		0.948243
472.3		0.948243
472.4		0.948243
472.5		0.948243
472.6		0.948243
472.7		0.948243
472.8		0.948243
472.9		0.948243
473		0.948243
473.1		0.948629
473.2		0.948629
473.3		0.948629
473.4		0.948629
473.5		0.948629
473.6		0.948629
473.7		0.948629
473.8		0.948629
473.9		0.948629
474		0.948629
474.1		0.951233
474.2		0.951233
474.3		0.951233
474.4		0.951233
474.5		0.951233
474.6		0.951233
474.7		0.951233
474.8		0.951233
474.9		0.951233
475		0.951233
475.1		0.954812
475.2		0.954812
475.3		0.954812
475.4		0.954812
475.5		0.954812
475.6		0.954812
475.7		0.954812
475.8		0.954812
475.9		0.954812
476		0.954812
476.1		0.954971
476.2		0.954971
476.3		0.954971
476.4		0.954971
476.5		0.954971
476.6		0.954971
476.7		0.954971
476.8		0.954971
476.9		0.954971
477		0.954971
477.1		0.95633
477.2		0.95633
477.3		0.95633
477.4		0.95633
477.5		0.95633
477.6		0.95633
477.7		0.95633
477.8		0.95633
477.9		0.95633
478		0.95633
478.1		0.961109
478.2		0.961109
478.3		0.961109
478.4		0.961109
478.5		0.961109
478.6		0.961109
478.7		0.961109
478.8		0.961109
478.9		0.961109
479		0.961109
479.1		0.961947
479.2		0.961947
479.3		0.961947
479.4		0.961947
479.5		0.961947
479.6		0.961947
479.7		0.961947
479.8		0.961947
479.9		0.961947
480		0.961947
480.1		0.965186
480.2		0.965186
480.3		0.965186
480.4		0.965186
480.5		0.965186
480.6		0.965186
480.7		0.965186
480.8		0.965186
480.9		0.965186
481		0.965186
481.1		0.965526
481.2		0.965526
481.3		0.965526
481.4		0.965526
481.5		0.965526
481.6		0.965526
481.7		0.965526
481.8		0.965526
481.9		0.965526
482		0.965526
482.1		0.965888
482.2		0.965888
482.3		0.965888
482.4		0.965888
482.5		0.965888
482.6		0.965888
482.7		0.965888
482.8		0.965888
482.9		0.965888
483		0.965888
483.1		0.967361
483.2		0.967361
483.3		0.967361
483.4		0.967361
483.5		0.967361
483.6		0.967361
483.7		0.967361
483.8		0.967361
483.9		0.967361
484		0.967361
484.1		0.972819
484.2		0.972819
484.3		0.972819
484.4		0.972819
484.5		0.972819
484.6		0.972819
484.7		0.972819
484.8		0.972819
484.9		0.972819
485		0.972819
485.1		0.97334
485.2		0.97334
485.3		0.97334
485.4		0.97334
485.5		0.97334
485.6		0.97334
485.7		0.97334
485.8		0.97334
485.9		0.97334
486		0.97334
486.1		0.97436
486.2		0.97436
486.3		0.97436
486.4		0.97436
486.5		0.97436
486.6		0.97436
486.7		0.97436
486.8		0.97436
486.9		0.97436
487		0.97436
487.1		0.975379
487.2		0.975379
487.3		0.975379
487.4		0.975379
487.5		0.975379
487.6		0.975379
487.7		0.975379
487.8		0.975379
487.9		0.975379
488		0.975379
488.1		0.980634
488.2		0.980634
488.3		0.980634
488.4		0.980634
488.5		0.980634
488.6		0.980634
488.7		0.980634
488.8		0.980634
488.9		0.980634
489		0.980634
489.1		0.982446
489.2		0.982446
489.3		0.982446
489.4		0.982446
489.5		0.982446
489.6		0.982446
489.7		0.982446
489.8		0.982446
489.9		0.982446
490		0.982446
490.1		0.984394
490.2		0.984394
490.3		0.984394
490.4		0.984394
490.5		0.984394
490.6		0.984394
490.7		0.984394
490.8		0.984394
490.9		0.984394
491		0.984394
491.1		0.984575
491.2		0.984575
491.3		0.984575
491.4		0.984575
491.5		0.984575
491.6		0.984575
491.7		0.984575
491.8		0.984575
491.9		0.984575
492		0.984575
492.1		0.986953
492.2		0.986953
492.3		0.986953
492.4		0.986953
492.5		0.986953
492.6		0.986953
492.7		0.986953
492.8		0.986953
492.9		0.986953
493		0.986953
493.1		0.989649
493.2		0.989649
493.3		0.989649
493.4		0.989649
493.5		0.989649
493.6		0.989649
493.7		0.989649
493.8		0.989649
493.9		0.989649
494		0.989649
494.1		0.991325
494.2		0.991325
494.3		0.991325
494.4		0.991325
494.5		0.991325
494.6		0.991325
494.7		0.991325
494.8		0.991325
494.9		0.991325
495		0.991325
495.1		0.995742
495.2		0.995742
495.3		0.995742
495.4		0.995742
495.5		0.995742
495.6		0.995742
495.7		0.995742
495.8		0.995742
495.9		0.995742
496		0.995742
496.1		0.99667
496.2		0.99667
496.3		0.99667
496.4		0.99667
496.5		0.99667
496.6		0.99667
496.7		0.99667
496.8		0.99667
496.9		0.99667
497		0.99667
497.1		0.999977
497.2		0.999977
497.3		0.999977
497.4		0.999977
497.5		0.999977
497.6		0.999977
497.7		0.999977
497.8		0.999977
497.9		0.999977
498		0.999977
498.1		1
498.2		1
498.3		1
498.4		1
498.5		1
498.6		1
498.7		1
498.8		1
498.9		1
499		1
499.1		1
499.2		1
499.3		1
499.4		1
499.5		1
499.6		1
499.7		1
499.8		1
499.9		1
500		1
500.1		1
500.2		1
500.3		1
500.4		1
500.5		1
500.6		1
500.7		1
500.8		1
500.9		1
501		1
501.1		1
501.2		1
501.3		1
501.4		1
501.5		1
501.6		1
501.7		1
501.8		1
501.9		1
502		1
502.1		1
502.2		1
502.3		1
502.4		1
502.5		1
502.6		1
502.7		1
502.8		1
502.9		1
503		1
503.1		1
503.2		1
503.3		1
503.4		1
503.5		1
503.6		1
503.7		1
503.8		1
503.9		1
504		1
504.1		1
504.2		1
504.3		1
504.4		1
504.5		1
504.6		1
504.7		1
504.8		1
504.9		1
505		1
505.1		1
505.2		1
505.3		1
505.4		1
505.5		1
505.6		1
505.7		1
505.8		1
505.9		1
506		1
506.1		1
506.2		1
506.3		1
506.4		1
506.5		1
506.6		1
506.7		1
506.8		1
506.9		1
507		1
507.1		1
507.2		1
507.3		1
507.4		1
507.5		1
507.6		1
507.7		1
507.8		1
507.9		1
508		1
508.1		1
508.2		1
508.3		1
508.4		1
508.5		1
508.6		1
508.7		1
508.8		1
508.9		1
509		1
509.1		1
509.2		1
509.3		1
509.4		1
509.5		1
509.6		1
509.7		1
509.8		1
509.9		1
510		1
510.1		1
510.2		1
510.3		1
510.4		1
510.5		1
510.6		1
510.7		1
510.8		1
510.9		1
511		1
511.1		1
511.2		1
511.3		1
511.4		1
511.5		1
511.6		1
511.7		1
511.8		1
511.9		1
512		1
512.1		1
512.2		1
512.3		1
512.4		1
512.5		1
512.6		1
512.7		1
512.8		1
512.9		1
513		1
513.1		1
513.2		1
513.3		1
513.4		1
513.5		1
513.6		1
513.7		1
513.8		1
513.9		1
514		1
514.1		1
514.2		1
514.3		1
514.4		1
514.5		1
514.6		1
514.7		1
514.8		1
514.9		1
515		1
515.1		1
515.2		1
515.3		1
515.4		1
515.5		1
515.6		1
515.7		1
515.8		1
515.9		1
516		1
516.1		1
516.2		1
516.3		1
516.4		1
516.5		1
516.6		1
516.7		1
516.8		1
516.9		1
517		1
517.1		1
517.2		1
517.3		1
517.4		1
517.5		1
517.6		1
517.7		1
517.8		1
517.9		1
518		1
518.1		1
518.2		1
518.3		1
518.4		1
518.5		1
518.6		1
518.7		1
518.8		1
518.9		1
519		1
519.1		1
519.2		1
519.3		1
519.4		1
519.5		1
519.6		1
519.7		1
519.8		1
519.9		1
520		1
520.1		1
520.2		1
520.3		1
520.4		1
520.5		1
520.6		1
520.7		1
520.8		1
520.9		1
521		1
521.1		1
521.2		1
521.3		1
521.4		1
521.5		1
521.6		1
521.7		1
521.8		1
521.9		1
522		1
522.1		1
522.2		1
522.3		1
522.4		1
522.5		1
522.6		1
522.7		1
522.8		1
522.9		1
523		1
523.1		1
523.2		1
523.3		1
523.4		1
523.5		1
523.6		1
523.7		1
523.8		1
523.9		1
524		1
524.1		1
524.2		1
524.3		1
524.4		1
524.5		1
524.6		1
524.7		1
524.8		1
524.9		1
525		1
525.1		1
525.2		1
525.3		1
525.4		1
525.5		1
525.6		1
525.7		1
525.8		1
525.9		1
526		1
526.1		1
526.2		1
526.3		1
526.4		1
526.5		1
526.6		1
526.7		1
526.8		1
526.9		1
527		1
527.1		1
527.2		1
527.3		1
527.4		1
527.5		1
527.6		1
527.7		1
527.8		1
527.9		1
528		1
528.1		1
528.2		1
528.3		1
528.4		1
528.5		1
528.6		1
528.7		1
528.8		1
528.9		1
529		1
529.1		1
529.2		1
529.3		1
529.4		1
529.5		1
529.6		1
529.7		1
529.8		1
529.9		1
530		1
530.1		1
530.2		1
530.3		1
530.4		1
530.5		1
530.6		1
530.7		1
530.8		1
530.9		1
531		1
531.1		1
531.2		1
531.3		1
531.4		1
531.5		1
531.6		1
531.7		1
531.8		1
531.9		1
532		1
532.1		1
532.2		1
532.3		1
532.4		1
532.5		1
532.6		1
532.7		1
532.8		1
532.9		1
533		1
533.1		1
533.2		1
533.3		1
533.4		1
533.5		1
533.6		1
533.7		1
533.8		1
533.9		1
534		1
534.1		1
534.2		1
534.3		1
534.4		1
534.5		1
534.6		1
534.7		1
534.8		1
534.9		1
535		1
535.1		1
535.2		1
535.3		1
535.4		1
535.5		1
535.6		1
535.7		1
535.8		1
535.9		1
536		1
536.1		1
536.2		1
536.3		1
536.4		1
536.5		1
536.6		1
536.7		1
536.8		1
536.9		1
537		1
537.1		1
537.2		1
537.3		1
537.4		1
537.5		1
537.6		1
537.7		1
537.8		1
537.9		1
538		1
538.1		1
538.2		1
538.3		1
538.4		1
538.5		1
538.6		1
538.7		1
538.8		1
538.9		1
539		1
539.1		1
539.2		1
539.3		1
539.4		1
539.5		1
539.6		1
539.7		1
539.8		1
539.9		1
540		1
540.1		1
540.2		1
540.3		1
540.4		1
540.5		1
540.6		1
540.7		1
540.8		1
540.9		1
541		1
541.1		1
541.2		1
541.3		1
541.4		1
541.5		1
541.6		1
541.7		1
541.8		1
541.9		1
542		1
542.1		1
542.2		1
542.3		1
542.4		1
542.5		1
542.6		1
542.7		1
542.8		1
542.9		1
543		1
543.1		1
543.2		1
543.3		1
543.4		1
543.5		1
543.6		1
543.7		1
543.8		1
543.9		1
544		1
544.1		1
544.2		1
544.3		1
544.4		1
544.5		1
544.6		1
544.7		1
544.8		1
544.9		1
545		1
545.1		1
545.2		1
545.3		1
545.4		1
545.5		1
545.6		1
545.7		1
545.8		1
545.9		1
546		1
546.1		1
546.2		1
546.3		1
546.4		1
546.5		1
546.6		1
546.7		1
546.8		1
546.9		1
547		1
547.1		1
547.2		1
547.3		1
547.4		1
547.5		1
547.6		1
547.7		1
547.8		1
547.9		1
548		1
548.1		1
548.2		1
548.3		1
548.4		1
548.5		1
548.6		1
548.7		1
548.8		1
548.9		1
549		1
549.1		1
549.2		1
549.3		1
549.4		1
549.5		1
549.6		1
549.7		1
549.8		1
549.9		1
550		1
550.1		1
550.2		1
550.3		1
550.4		1
550.5		1
550.6		1
550.7		1
550.8		1
550.9		1
551		1
551.1		1
551.2		1
551.3		1
551.4		1
551.5		1
551.6		1
551.7		1
551.8		1
551.9		1
552		1
552.1		1
552.2		1
552.3		1
552.4		1
552.5		1
552.6		1
552.7		1
552.8		1
552.9		1
553		1
553.1		1
553.2		1
553.3		1
553.4		1
553.5		1
553.6		1
553.7		1
553.8		1
553.9		1
554		1
554.1		1
554.2		1
554.3		1
554.4		1
554.5		1
554.6		1
554.7		1
554.8		1
554.9		1
555		1
555.1		1
555.2		1
555.3		1
555.4		1
555.5		1
555.6		1
555.7		1
555.8		1
555.9		1
556		1
556.1		1
556.2		1
556.3		1
556.4		1
556.5		1
556.6		1
556.7		1
556.8		1
556.9		1
557		1
557.1		1
557.2		1
557.3		1
557.4		1
557.5		1
557.6		1
557.7		1
557.8		1
557.9		1
558		1
558.1		1
558.2		1
558.3		1
558.4		1
558.5		1
558.6		1
558.7		1
558.8		1
558.9		1
559		1
559.1		1
559.2		1
559.3		1
559.4		1
559.5		1
559.6		1
559.7		1
559.8		1
559.9		1
560		1
560.1		1
560.2		1
560.3		1
560.4		1
560.5		1
560.6		1
560.7		1
560.8		1
560.9		1
561		1
561.1		1
561.2		1
561.3		1
561.4		1
561.5		1
561.6		1
561.7		1
561.8		1
561.9		1
562		1
562.1		1
562.2		1
562.3		1
562.4		1
562.5		1
562.6		1
562.7		1
562.8		1
562.9		1
563		1
563.1		1
563.2		1
563.3		1
563.4		1
563.5		1
563.6		1
563.7		1
563.8		1
563.9		1
564		1
564.1		1
564.2		1
564.3		1
564.4		1
564.5		1
564.6		1
564.7		1
564.8		1
564.9		1
565		1
565.1		1
565.2		1
565.3		1
565.4		1
565.5		1
565.6		1
565.7		1
565.8		1
565.9		1
566		1
566.1		1
566.2		1
566.3		1
566.4		1
566.5		1
566.6		1
566.7		1
566.8		1
566.9		1
567		1
567.1		1
567.2		1
567.3		1
567.4		1
567.5		1
567.6		1
567.7		1
567.8		1
567.9		1
568		1
568.1		1
568.2		1
568.3		1
568.4		1
568.5		1
568.6		1
568.7		1
568.8		1
568.9		1
569		1
569.1		1
569.2		1
569.3		1
569.4		1
569.5		1
569.6		1
569.7		1
569.8		1
569.9		1
570		1
570.1		1
570.2		1
570.3		1
570.4		1
570.5		1
570.6		1
570.7		1
570.8		1
570.9		1
571		1
571.1		1
571.2		1
571.3		1
571.4		1
571.5		1
571.6		1
571.7		1
571.8		1
571.9		1
572		1
572.1		1
572.2		1
572.3		1
572.4		1
572.5		1
572.6		1
572.7		1
572.8		1
572.9		1
573		1
573.1		1
573.2		1
573.3		1
573.4		1
573.5		1
573.6		1
573.7		1
573.8		1
573.9		1
574		1
574.1		1
574.2		1
574.3		1
574.4		1
574.5		1
574.6		1
574.7		1
574.8		1
574.9		1
575		1
575.1		1
575.2		1
575.3		1
575.4		1
575.5		1
575.6		1
575.7		1
575.8		1
575.9		1
576		1
576.1		1
576.2		1
576.3		1
576.4		1
576.5		1
576.6		1
576.7		1
576.8		1
576.9		1
577		1
577.1		1
577.2		1
577.3		1
577.4		1
577.5		1
577.6		1
577.7		1
577.8		1
577.9		1
578		1
578.1		1
578.2		1
578.3		1
578.4		1
578.5		1
578.6		1
578.7		1
578.8		1
578.9		1
579		1
579.1		1
579.2		1
579.3		1
579.4		1
579.5		1
579.6		1
579.7		1
579.8		1
579.9		1
580		1
580.1		1
580.2		1
580.3		1
580.4		1
580.5		1
580.6		1
580.7		1
580.8		1
580.9		1
581		1
581.1		1
581.2		1
581.3		1
581.4		1
581.5		1
581.6		1
581.7		1
581.8		1
581.9		1
582		1
582.1		1
582.2		1
582.3		1
582.4		1
582.5		1
582.6		1
582.7		1
582.8		1
582.9		1
583		1
583.1		1
583.2		1
583.3		1
583.4		1
583.5		1
583.6		1
583.7		1
583.8		1
583.9		1
584		1
584.1		1
584.2		1
584.3		1
584.4		1
584.5		1
584.6		1
584.7		1
584.8		1
584.9		1
585		1
585.1		1
585.2		1
585.3		1
585.4		1
585.5		1
585.6		1
585.7		1
585.8		1
585.9		1
586		1
586.1		1
586.2		1
586.3		1
586.4		1
586.5		1
586.6		1
586.7		1
586.8		1
586.9		1
587		1
587.1		1
587.2		1
587.3		1
587.4		1
587.5		1
587.6		1
587.7		1
587.8		1
587.9		1
588		1
588.1		1
588.2		1
588.3		1
588.4		1
588.5		1
588.6		1
588.7		1
588.8		1
588.9		1
589		1
589.1		1
589.2		1
589.3		1
589.4		1
589.5		1
589.6		1
589.7		1
589.8		1
589.9		1
590		1
590.1		1
590.2		1
590.3		1
590.4		1
590.5		1
590.6		1
590.7		1
590.8		1
590.9		1
591		1
591.1		1
591.2		1
591.3		1
591.4		1
591.5		1
591.6		1
591.7		1
591.8		1
591.9		1
592		1
592.1		1
592.2		1
592.3		1
592.4		1
592.5		1
592.6		1
592.7		1
592.8		1
592.9		1
593		1
593.1		1
593.2		1
593.3		1
593.4		1
593.5		1
593.6		1
593.7		1
593.8		1
593.9		1
594		1
594.1		1
594.2		1
594.3		1
594.4		1
594.5		1
594.6		1
594.7		1
594.8		1
594.9		1
595		1
595.1		1
595.2		1
595.3		1
595.4		1
595.5		1
595.6		1
595.7		1
595.8		1
595.9		1
596		1
596.1		1
596.2		1
596.3		1
596.4		1
596.5		1
596.6		1
596.7		1
596.8		1
596.9		1
597		1
597.1		1
597.2		1
597.3		1
597.4		1
597.5		1
597.6		1
597.7		1
597.8		1
597.9		1
598		1
598.1		1
598.2		1
598.3		1
598.4		1
598.5		1
598.6		1
598.7		1
598.8		1
598.9		1
599		1
599.1		1
599.2		1
599.3		1
599.4		1
599.5		1
599.6		1
599.7		1
599.8		1
599.9		1
600		1
