# Calibration file of tamex_id 1 @ channel 31
# fine_T bin		 Calibration value
0.1		0
0.2		0
0.3		0
0.4		0
0.5		0
0.6		0
0.7		0
0.8		0
0.9		0
1		0
1.1		0
1.2		0
1.3		0
1.4		0
1.5		0
1.6		0
1.7		0
1.8		0
1.9		0
2		0
2.1		0
2.2		0
2.3		0
2.4		0
2.5		0
2.6		0
2.7		0
2.8		0
2.9		0
3		0
3.1		0
3.2		0
3.3		0
3.4		0
3.5		0
3.6		0
3.7		0
3.8		0
3.9		0
4		0
4.1		0
4.2		0
4.3		0
4.4		0
4.5		0
4.6		0
4.7		0
4.8		0
4.9		0
5		0
5.1		0
5.2		0
5.3		0
5.4		0
5.5		0
5.6		0
5.7		0
5.8		0
5.9		0
6		0
6.1		0
6.2		0
6.3		0
6.4		0
6.5		0
6.6		0
6.7		0
6.8		0
6.9		0
7		0
7.1		0
7.2		0
7.3		0
7.4		0
7.5		0
7.6		0
7.7		0
7.8		0
7.9		0
8		0
8.1		0
8.2		0
8.3		0
8.4		0
8.5		0
8.6		0
8.7		0
8.8		0
8.9		0
9		0
9.1		0
9.2		0
9.3		0
9.4		0
9.5		0
9.6		0
9.7		0
9.8		0
9.9		0
10		0
10.1		0
10.2		0
10.3		0
10.4		0
10.5		0
10.6		0
10.7		0
10.8		0
10.9		0
11		0
11.1		0
11.2		0
11.3		0
11.4		0
11.5		0
11.6		0
11.7		0
11.8		0
11.9		0
12		0
12.1		0
12.2		0
12.3		0
12.4		0
12.5		0
12.6		0
12.7		0
12.8		0
12.9		0
13		0
13.1		0
13.2		0
13.3		0
13.4		0
13.5		0
13.6		0
13.7		0
13.8		0
13.9		0
14		0
14.1		0
14.2		0
14.3		0
14.4		0
14.5		0
14.6		0
14.7		0
14.8		0
14.9		0
15		0
15.1		0
15.2		0
15.3		0
15.4		0
15.5		0
15.6		0
15.7		0
15.8		0
15.9		0
16		0
16.1		0.000438665
16.2		0.000438665
16.3		0.000438665
16.4		0.000438665
16.5		0.000438665
16.6		0.000438665
16.7		0.000438665
16.8		0.000438665
16.9		0.000438665
17		0.000438665
17.1		0.00681498
17.2		0.00681498
17.3		0.00681498
17.4		0.00681498
17.5		0.00681498
17.6		0.00681498
17.7		0.00681498
17.8		0.00681498
17.9		0.00681498
18		0.00681498
18.1		0.00708131
18.2		0.00708131
18.3		0.00708131
18.4		0.00708131
18.5		0.00708131
18.6		0.00708131
18.7		0.00708131
18.8		0.00708131
18.9		0.00708131
19		0.00708131
19.1		0.0099248
19.2		0.0099248
19.3		0.0099248
19.4		0.0099248
19.5		0.0099248
19.6		0.0099248
19.7		0.0099248
19.8		0.0099248
19.9		0.0099248
20		0.0099248
20.1		0.0145856
20.2		0.0145856
20.3		0.0145856
20.4		0.0145856
20.5		0.0145856
20.6		0.0145856
20.7		0.0145856
20.8		0.0145856
20.9		0.0145856
21		0.0145856
21.1		0.0171393
21.2		0.0171393
21.3		0.0171393
21.4		0.0171393
21.5		0.0171393
21.6		0.0171393
21.7		0.0171393
21.8		0.0171393
21.9		0.0171393
22		0.0171393
22.1		0.0172333
22.2		0.0172333
22.3		0.0172333
22.4		0.0172333
22.5		0.0172333
22.6		0.0172333
22.7		0.0172333
22.8		0.0172333
22.9		0.0172333
23		0.0172333
23.1		0.0199358
23.2		0.0199358
23.3		0.0199358
23.4		0.0199358
23.5		0.0199358
23.6		0.0199358
23.7		0.0199358
23.8		0.0199358
23.9		0.0199358
24		0.0199358
24.1		0.0239778
24.2		0.0239778
24.3		0.0239778
24.4		0.0239778
24.5		0.0239778
24.6		0.0239778
24.7		0.0239778
24.8		0.0239778
24.9		0.0239778
25		0.0239778
25.1		0.0250744
25.2		0.0250744
25.3		0.0250744
25.4		0.0250744
25.5		0.0250744
25.6		0.0250744
25.7		0.0250744
25.8		0.0250744
25.9		0.0250744
26		0.0250744
26.1		0.0263356
26.2		0.0263356
26.3		0.0263356
26.4		0.0263356
26.5		0.0263356
26.6		0.0263356
26.7		0.0263356
26.8		0.0263356
26.9		0.0263356
27		0.0263356
27.1		0.0289597
27.2		0.0289597
27.3		0.0289597
27.4		0.0289597
27.5		0.0289597
27.6		0.0289597
27.7		0.0289597
27.8		0.0289597
27.9		0.0289597
28		0.0289597
28.1		0.0298997
28.2		0.0298997
28.3		0.0298997
28.4		0.0298997
28.5		0.0298997
28.6		0.0298997
28.7		0.0298997
28.8		0.0298997
28.9		0.0298997
29		0.0298997
29.1		0.0330644
29.2		0.0330644
29.3		0.0330644
29.4		0.0330644
29.5		0.0330644
29.6		0.0330644
29.7		0.0330644
29.8		0.0330644
29.9		0.0330644
30		0.0330644
30.1		0.0341219
30.2		0.0341219
30.3		0.0341219
30.4		0.0341219
30.5		0.0341219
30.6		0.0341219
30.7		0.0341219
30.8		0.0341219
30.9		0.0341219
31		0.0341219
31.1		0.0342237
31.2		0.0342237
31.3		0.0342237
31.4		0.0342237
31.5		0.0342237
31.6		0.0342237
31.7		0.0342237
31.8		0.0342237
31.9		0.0342237
32		0.0342237
32.1		0.038297
32.2		0.038297
32.3		0.038297
32.4		0.038297
32.5		0.038297
32.6		0.038297
32.7		0.038297
32.8		0.038297
32.9		0.038297
33		0.038297
33.1		0.038908
33.2		0.038908
33.3		0.038908
33.4		0.038908
33.5		0.038908
33.6		0.038908
33.7		0.038908
33.8		0.038908
33.9		0.038908
34		0.038908
34.1		0.04201
34.2		0.04201
34.3		0.04201
34.4		0.04201
34.5		0.04201
34.6		0.04201
34.7		0.04201
34.8		0.04201
34.9		0.04201
35		0.04201
35.1		0.043749
35.2		0.043749
35.3		0.043749
35.4		0.043749
35.5		0.043749
35.6		0.043749
35.7		0.043749
35.8		0.043749
35.9		0.043749
36		0.043749
36.1		0.0465768
36.2		0.0465768
36.3		0.0465768
36.4		0.0465768
36.5		0.0465768
36.6		0.0465768
36.7		0.0465768
36.8		0.0465768
36.9		0.0465768
37		0.0465768
37.1		0.0492323
37.2		0.0492323
37.3		0.0492323
37.4		0.0492323
37.5		0.0492323
37.6		0.0492323
37.7		0.0492323
37.8		0.0492323
37.9		0.0492323
38		0.0492323
38.1		0.0497807
38.2		0.0497807
38.3		0.0497807
38.4		0.0497807
38.5		0.0497807
38.6		0.0497807
38.7		0.0497807
38.8		0.0497807
38.9		0.0497807
39		0.0497807
39.1		0.0538383
39.2		0.0538383
39.3		0.0538383
39.4		0.0538383
39.5		0.0538383
39.6		0.0538383
39.7		0.0538383
39.8		0.0538383
39.9		0.0538383
40		0.0538383
40.1		0.0549663
40.2		0.0549663
40.3		0.0549663
40.4		0.0549663
40.5		0.0549663
40.6		0.0549663
40.7		0.0549663
40.8		0.0549663
40.9		0.0549663
41		0.0549663
41.1		0.0576296
41.2		0.0576296
41.3		0.0576296
41.4		0.0576296
41.5		0.0576296
41.6		0.0576296
41.7		0.0576296
41.8		0.0576296
41.9		0.0576296
42		0.0576296
42.1		0.0603243
42.2		0.0603243
42.3		0.0603243
42.4		0.0603243
42.5		0.0603243
42.6		0.0603243
42.7		0.0603243
42.8		0.0603243
42.9		0.0603243
43		0.0603243
43.1		0.0618361
43.2		0.0618361
43.3		0.0618361
43.4		0.0618361
43.5		0.0618361
43.6		0.0618361
43.7		0.0618361
43.8		0.0618361
43.9		0.0618361
44		0.0618361
44.1		0.0623531
44.2		0.0623531
44.3		0.0623531
44.4		0.0623531
44.5		0.0623531
44.6		0.0623531
44.7		0.0623531
44.8		0.0623531
44.9		0.0623531
45		0.0623531
45.1		0.0663638
45.2		0.0663638
45.3		0.0663638
45.4		0.0663638
45.5		0.0663638
45.6		0.0663638
45.7		0.0663638
45.8		0.0663638
45.9		0.0663638
46		0.0663638
46.1		0.0697243
46.2		0.0697243
46.3		0.0697243
46.4		0.0697243
46.5		0.0697243
46.6		0.0697243
46.7		0.0697243
46.8		0.0697243
46.9		0.0697243
47		0.0697243
47.1		0.0710794
47.2		0.0710794
47.3		0.0710794
47.4		0.0710794
47.5		0.0710794
47.6		0.0710794
47.7		0.0710794
47.8		0.0710794
47.9		0.0710794
48		0.0710794
48.1		0.0712204
48.2		0.0712204
48.3		0.0712204
48.4		0.0712204
48.5		0.0712204
48.6		0.0712204
48.7		0.0712204
48.8		0.0712204
48.9		0.0712204
49		0.0712204
49.1		0.0723719
49.2		0.0723719
49.3		0.0723719
49.4		0.0723719
49.5		0.0723719
49.6		0.0723719
49.7		0.0723719
49.8		0.0723719
49.9		0.0723719
50		0.0723719
50.1		0.0749883
50.2		0.0749883
50.3		0.0749883
50.4		0.0749883
50.5		0.0749883
50.6		0.0749883
50.7		0.0749883
50.8		0.0749883
50.9		0.0749883
51		0.0749883
51.1		0.0798292
51.2		0.0798292
51.3		0.0798292
51.4		0.0798292
51.5		0.0798292
51.6		0.0798292
51.7		0.0798292
51.8		0.0798292
51.9		0.0798292
52		0.0798292
52.1		0.0808554
52.2		0.0808554
52.3		0.0808554
52.4		0.0808554
52.5		0.0808554
52.6		0.0808554
52.7		0.0808554
52.8		0.0808554
52.9		0.0808554
53		0.0808554
53.1		0.0831819
53.2		0.0831819
53.3		0.0831819
53.4		0.0831819
53.5		0.0831819
53.6		0.0831819
53.7		0.0831819
53.8		0.0831819
53.9		0.0831819
54		0.0831819
54.1		0.0865032
54.2		0.0865032
54.3		0.0865032
54.4		0.0865032
54.5		0.0865032
54.6		0.0865032
54.7		0.0865032
54.8		0.0865032
54.9		0.0865032
55		0.0865032
55.1		0.0866364
55.2		0.0866364
55.3		0.0866364
55.4		0.0866364
55.5		0.0866364
55.6		0.0866364
55.7		0.0866364
55.8		0.0866364
55.9		0.0866364
56		0.0866364
56.1		0.0871925
56.2		0.0871925
56.3		0.0871925
56.4		0.0871925
56.5		0.0871925
56.6		0.0871925
56.7		0.0871925
56.8		0.0871925
56.9		0.0871925
57		0.0871925
57.1		0.0886965
57.2		0.0886965
57.3		0.0886965
57.4		0.0886965
57.5		0.0886965
57.6		0.0886965
57.7		0.0886965
57.8		0.0886965
57.9		0.0886965
58		0.0886965
58.1		0.0924095
58.2		0.0924095
58.3		0.0924095
58.4		0.0924095
58.5		0.0924095
58.6		0.0924095
58.7		0.0924095
58.8		0.0924095
58.9		0.0924095
59		0.0924095
59.1		0.0978067
59.2		0.0978067
59.3		0.0978067
59.4		0.0978067
59.5		0.0978067
59.6		0.0978067
59.7		0.0978067
59.8		0.0978067
59.9		0.0978067
60		0.0978067
60.1		0.0981122
60.2		0.0981122
60.3		0.0981122
60.4		0.0981122
60.5		0.0981122
60.6		0.0981122
60.7		0.0981122
60.8		0.0981122
60.9		0.0981122
61		0.0981122
61.1		0.0989817
61.2		0.0989817
61.3		0.0989817
61.4		0.0989817
61.5		0.0989817
61.6		0.0989817
61.7		0.0989817
61.8		0.0989817
61.9		0.0989817
62		0.0989817
62.1		0.0997885
62.2		0.0997885
62.3		0.0997885
62.4		0.0997885
62.5		0.0997885
62.6		0.0997885
62.7		0.0997885
62.8		0.0997885
62.9		0.0997885
63		0.0997885
63.1		0.10517
63.2		0.10517
63.3		0.10517
63.4		0.10517
63.5		0.10517
63.6		0.10517
63.7		0.10517
63.8		0.10517
63.9		0.10517
64		0.10517
64.1		0.106509
64.2		0.106509
64.3		0.106509
64.4		0.106509
64.5		0.106509
64.6		0.106509
64.7		0.106509
64.8		0.106509
64.9		0.106509
65		0.106509
65.1		0.108711
65.2		0.108711
65.3		0.108711
65.4		0.108711
65.5		0.108711
65.6		0.108711
65.7		0.108711
65.8		0.108711
65.9		0.108711
66		0.108711
66.1		0.110403
66.2		0.110403
66.3		0.110403
66.4		0.110403
66.5		0.110403
66.6		0.110403
66.7		0.110403
66.8		0.110403
66.9		0.110403
67		0.110403
67.1		0.111037
67.2		0.111037
67.3		0.111037
67.4		0.111037
67.5		0.111037
67.6		0.111037
67.7		0.111037
67.8		0.111037
67.9		0.111037
68		0.111037
68.1		0.113277
68.2		0.113277
68.3		0.113277
68.4		0.113277
68.5		0.113277
68.6		0.113277
68.7		0.113277
68.8		0.113277
68.9		0.113277
69		0.113277
69.1		0.116278
69.2		0.116278
69.3		0.116278
69.4		0.116278
69.5		0.116278
69.6		0.116278
69.7		0.116278
69.8		0.116278
69.9		0.116278
70		0.116278
70.1		0.117468
70.2		0.117468
70.3		0.117468
70.4		0.117468
70.5		0.117468
70.6		0.117468
70.7		0.117468
70.8		0.117468
70.9		0.117468
71		0.117468
71.1		0.120547
71.2		0.120547
71.3		0.120547
71.4		0.120547
71.5		0.120547
71.6		0.120547
71.7		0.120547
71.8		0.120547
71.9		0.120547
72		0.120547
72.1		0.12339
72.2		0.12339
72.3		0.12339
72.4		0.12339
72.5		0.12339
72.6		0.12339
72.7		0.12339
72.8		0.12339
72.9		0.12339
73		0.12339
73.1		0.124236
73.2		0.124236
73.3		0.124236
73.4		0.124236
73.5		0.124236
73.6		0.124236
73.7		0.124236
73.8		0.124236
73.9		0.124236
74		0.124236
74.1		0.12784
74.2		0.12784
74.3		0.12784
74.4		0.12784
74.5		0.12784
74.6		0.12784
74.7		0.12784
74.8		0.12784
74.9		0.12784
75		0.12784
75.1		0.128341
75.2		0.128341
75.3		0.128341
75.4		0.128341
75.5		0.128341
75.6		0.128341
75.7		0.128341
75.8		0.128341
75.9		0.128341
76		0.128341
76.1		0.131936
76.2		0.131936
76.3		0.131936
76.4		0.131936
76.5		0.131936
76.6		0.131936
76.7		0.131936
76.8		0.131936
76.9		0.131936
77		0.131936
77.1		0.133119
77.2		0.133119
77.3		0.133119
77.4		0.133119
77.5		0.133119
77.6		0.133119
77.7		0.133119
77.8		0.133119
77.9		0.133119
78		0.133119
78.1		0.135947
78.2		0.135947
78.3		0.135947
78.4		0.135947
78.5		0.135947
78.6		0.135947
78.7		0.135947
78.8		0.135947
78.9		0.135947
79		0.135947
79.1		0.136221
79.2		0.136221
79.3		0.136221
79.4		0.136221
79.5		0.136221
79.6		0.136221
79.7		0.136221
79.8		0.136221
79.9		0.136221
80		0.136221
80.1		0.140804
80.2		0.140804
80.3		0.140804
80.4		0.140804
80.5		0.140804
80.6		0.140804
80.7		0.140804
80.8		0.140804
80.9		0.140804
81		0.140804
81.1		0.141141
81.2		0.141141
81.3		0.141141
81.4		0.141141
81.5		0.141141
81.6		0.141141
81.7		0.141141
81.8		0.141141
81.9		0.141141
82		0.141141
82.1		0.142394
82.2		0.142394
82.3		0.142394
82.4		0.142394
82.5		0.142394
82.6		0.142394
82.7		0.142394
82.8		0.142394
82.9		0.142394
83		0.142394
83.1		0.142715
83.2		0.142715
83.3		0.142715
83.4		0.142715
83.5		0.142715
83.6		0.142715
83.7		0.142715
83.8		0.142715
83.9		0.142715
84		0.142715
84.1		0.149593
84.2		0.149593
84.3		0.149593
84.4		0.149593
84.5		0.149593
84.6		0.149593
84.7		0.149593
84.8		0.149593
84.9		0.149593
85		0.149593
85.1		0.150376
85.2		0.150376
85.3		0.150376
85.4		0.150376
85.5		0.150376
85.6		0.150376
85.7		0.150376
85.8		0.150376
85.9		0.150376
86		0.150376
86.1		0.152185
86.2		0.152185
86.3		0.152185
86.4		0.152185
86.5		0.152185
86.6		0.152185
86.7		0.152185
86.8		0.152185
86.9		0.152185
87		0.152185
87.1		0.154872
87.2		0.154872
87.3		0.154872
87.4		0.154872
87.5		0.154872
87.6		0.154872
87.7		0.154872
87.8		0.154872
87.9		0.154872
88		0.154872
88.1		0.155789
88.2		0.155789
88.3		0.155789
88.4		0.155789
88.5		0.155789
88.6		0.155789
88.7		0.155789
88.8		0.155789
88.9		0.155789
89		0.155789
89.1		0.156705
89.2		0.156705
89.3		0.156705
89.4		0.156705
89.5		0.156705
89.6		0.156705
89.7		0.156705
89.8		0.156705
89.9		0.156705
90		0.156705
90.1		0.158585
90.2		0.158585
90.3		0.158585
90.4		0.158585
90.5		0.158585
90.6		0.158585
90.7		0.158585
90.8		0.158585
90.9		0.158585
91		0.158585
91.1		0.163035
91.2		0.163035
91.3		0.163035
91.4		0.163035
91.5		0.163035
91.6		0.163035
91.7		0.163035
91.8		0.163035
91.9		0.163035
92		0.163035
92.1		0.164664
92.2		0.164664
92.3		0.164664
92.4		0.164664
92.5		0.164664
92.6		0.164664
92.7		0.164664
92.8		0.164664
92.9		0.164664
93		0.164664
93.1		0.166137
93.2		0.166137
93.3		0.166137
93.4		0.166137
93.5		0.166137
93.6		0.166137
93.7		0.166137
93.8		0.166137
93.9		0.166137
94		0.166137
94.1		0.16786
94.2		0.16786
94.3		0.16786
94.4		0.16786
94.5		0.16786
94.6		0.16786
94.7		0.16786
94.8		0.16786
94.9		0.16786
95		0.16786
95.1		0.168064
95.2		0.168064
95.3		0.168064
95.4		0.168064
95.5		0.168064
95.6		0.168064
95.7		0.168064
95.8		0.168064
95.9		0.168064
96		0.168064
96.1		0.174487
96.2		0.174487
96.3		0.174487
96.4		0.174487
96.5		0.174487
96.6		0.174487
96.7		0.174487
96.8		0.174487
96.9		0.174487
97		0.174487
97.1		0.176688
97.2		0.176688
97.3		0.176688
97.4		0.176688
97.5		0.176688
97.6		0.176688
97.7		0.176688
97.8		0.176688
97.9		0.176688
98		0.176688
98.1		0.176986
98.2		0.176986
98.3		0.176986
98.4		0.176986
98.5		0.176986
98.6		0.176986
98.7		0.176986
98.8		0.176986
98.9		0.176986
99		0.176986
99.1		0.179289
99.2		0.179289
99.3		0.179289
99.4		0.179289
99.5		0.179289
99.6		0.179289
99.7		0.179289
99.8		0.179289
99.9		0.179289
100		0.179289
100.1		0.180503
100.2		0.180503
100.3		0.180503
100.4		0.180503
100.5		0.180503
100.6		0.180503
100.7		0.180503
100.8		0.180503
100.9		0.180503
101		0.180503
101.1		0.183816
101.2		0.183816
101.3		0.183816
101.4		0.183816
101.5		0.183816
101.6		0.183816
101.7		0.183816
101.8		0.183816
101.9		0.183816
102		0.183816
102.1		0.187334
102.2		0.187334
102.3		0.187334
102.4		0.187334
102.5		0.187334
102.6		0.187334
102.7		0.187334
102.8		0.187334
102.9		0.187334
103		0.187334
103.1		0.187874
103.2		0.187874
103.3		0.187874
103.4		0.187874
103.5		0.187874
103.6		0.187874
103.7		0.187874
103.8		0.187874
103.9		0.187874
104		0.187874
104.1		0.188673
104.2		0.188673
104.3		0.188673
104.4		0.188673
104.5		0.188673
104.6		0.188673
104.7		0.188673
104.8		0.188673
104.9		0.188673
105		0.188673
105.1		0.191979
105.2		0.191979
105.3		0.191979
105.4		0.191979
105.5		0.191979
105.6		0.191979
105.7		0.191979
105.8		0.191979
105.9		0.191979
106		0.191979
106.1		0.194156
106.2		0.194156
106.3		0.194156
106.4		0.194156
106.5		0.194156
106.6		0.194156
106.7		0.194156
106.8		0.194156
106.9		0.194156
107		0.194156
107.1		0.194564
107.2		0.194564
107.3		0.194564
107.4		0.194564
107.5		0.194564
107.6		0.194564
107.7		0.194564
107.8		0.194564
107.9		0.194564
108		0.194564
108.1		0.196773
108.2		0.196773
108.3		0.196773
108.4		0.196773
108.5		0.196773
108.6		0.196773
108.7		0.196773
108.8		0.196773
108.9		0.196773
109		0.196773
109.1		0.199209
109.2		0.199209
109.3		0.199209
109.4		0.199209
109.5		0.199209
109.6		0.199209
109.7		0.199209
109.8		0.199209
109.9		0.199209
110		0.199209
110.1		0.204402
110.2		0.204402
110.3		0.204402
110.4		0.204402
110.5		0.204402
110.6		0.204402
110.7		0.204402
110.8		0.204402
110.9		0.204402
111		0.204402
111.1		0.205029
111.2		0.205029
111.3		0.205029
111.4		0.205029
111.5		0.205029
111.6		0.205029
111.7		0.205029
111.8		0.205029
111.9		0.205029
112		0.205029
112.1		0.205663
112.2		0.205663
112.3		0.205663
112.4		0.205663
112.5		0.205663
112.6		0.205663
112.7		0.205663
112.8		0.205663
112.9		0.205663
113		0.205663
113.1		0.205906
113.2		0.205906
113.3		0.205906
113.4		0.205906
113.5		0.205906
113.6		0.205906
113.7		0.205906
113.8		0.205906
113.9		0.205906
114		0.205906
114.1		0.210465
114.2		0.210465
114.3		0.210465
114.4		0.210465
114.5		0.210465
114.6		0.210465
114.7		0.210465
114.8		0.210465
114.9		0.210465
115		0.210465
115.1		0.212063
115.2		0.212063
115.3		0.212063
115.4		0.212063
115.5		0.212063
115.6		0.212063
115.7		0.212063
115.8		0.212063
115.9		0.212063
116		0.212063
116.1		0.213622
116.2		0.213622
116.3		0.213622
116.4		0.213622
116.5		0.213622
116.6		0.213622
116.7		0.213622
116.8		0.213622
116.9		0.213622
117		0.213622
117.1		0.217782
117.2		0.217782
117.3		0.217782
117.4		0.217782
117.5		0.217782
117.6		0.217782
117.7		0.217782
117.8		0.217782
117.9		0.217782
118		0.217782
118.1		0.220265
118.2		0.220265
118.3		0.220265
118.4		0.220265
118.5		0.220265
118.6		0.220265
118.7		0.220265
118.8		0.220265
118.9		0.220265
119		0.220265
119.1		0.221087
119.2		0.221087
119.3		0.221087
119.4		0.221087
119.5		0.221087
119.6		0.221087
119.7		0.221087
119.8		0.221087
119.9		0.221087
120		0.221087
120.1		0.223962
120.2		0.223962
120.3		0.223962
120.4		0.223962
120.5		0.223962
120.6		0.223962
120.7		0.223962
120.8		0.223962
120.9		0.223962
121		0.223962
121.1		0.22592
121.2		0.22592
121.3		0.22592
121.4		0.22592
121.5		0.22592
121.6		0.22592
121.7		0.22592
121.8		0.22592
121.9		0.22592
122		0.22592
122.1		0.227276
122.2		0.227276
122.3		0.227276
122.4		0.227276
122.5		0.227276
122.6		0.227276
122.7		0.227276
122.8		0.227276
122.9		0.227276
123		0.227276
123.1		0.231435
123.2		0.231435
123.3		0.231435
123.4		0.231435
123.5		0.231435
123.6		0.231435
123.7		0.231435
123.8		0.231435
123.9		0.231435
124		0.231435
124.1		0.231584
124.2		0.231584
124.3		0.231584
124.4		0.231584
124.5		0.231584
124.6		0.231584
124.7		0.231584
124.8		0.231584
124.9		0.231584
125		0.231584
125.1		0.232555
125.2		0.232555
125.3		0.232555
125.4		0.232555
125.5		0.232555
125.6		0.232555
125.7		0.232555
125.8		0.232555
125.9		0.232555
126		0.232555
126.1		0.237663
126.2		0.237663
126.3		0.237663
126.4		0.237663
126.5		0.237663
126.6		0.237663
126.7		0.237663
126.8		0.237663
126.9		0.237663
127		0.237663
127.1		0.238681
127.2		0.238681
127.3		0.238681
127.4		0.238681
127.5		0.238681
127.6		0.238681
127.7		0.238681
127.8		0.238681
127.9		0.238681
128		0.238681
128.1		0.242872
128.2		0.242872
128.3		0.242872
128.4		0.242872
128.5		0.242872
128.6		0.242872
128.7		0.242872
128.8		0.242872
128.9		0.242872
129		0.242872
129.1		0.24335
129.2		0.24335
129.3		0.24335
129.4		0.24335
129.5		0.24335
129.6		0.24335
129.7		0.24335
129.8		0.24335
129.9		0.24335
130		0.24335
130.1		0.245394
130.2		0.245394
130.3		0.245394
130.4		0.245394
130.5		0.245394
130.6		0.245394
130.7		0.245394
130.8		0.245394
130.9		0.245394
131		0.245394
131.1		0.247909
131.2		0.247909
131.3		0.247909
131.4		0.247909
131.5		0.247909
131.6		0.247909
131.7		0.247909
131.8		0.247909
131.9		0.247909
132		0.247909
132.1		0.248238
132.2		0.248238
132.3		0.248238
132.4		0.248238
132.5		0.248238
132.6		0.248238
132.7		0.248238
132.8		0.248238
132.9		0.248238
133		0.248238
133.1		0.252679
133.2		0.252679
133.3		0.252679
133.4		0.252679
133.5		0.252679
133.6		0.252679
133.7		0.252679
133.8		0.252679
133.9		0.252679
134		0.252679
134.1		0.254214
134.2		0.254214
134.3		0.254214
134.4		0.254214
134.5		0.254214
134.6		0.254214
134.7		0.254214
134.8		0.254214
134.9		0.254214
135		0.254214
135.1		0.255875
135.2		0.255875
135.3		0.255875
135.4		0.255875
135.5		0.255875
135.6		0.255875
135.7		0.255875
135.8		0.255875
135.9		0.255875
136		0.255875
136.1		0.259181
136.2		0.259181
136.3		0.259181
136.4		0.259181
136.5		0.259181
136.6		0.259181
136.7		0.259181
136.8		0.259181
136.9		0.259181
137		0.259181
137.1		0.261249
137.2		0.261249
137.3		0.261249
137.4		0.261249
137.5		0.261249
137.6		0.261249
137.7		0.261249
137.8		0.261249
137.9		0.261249
138		0.261249
138.1		0.262565
138.2		0.262565
138.3		0.262565
138.4		0.262565
138.5		0.262565
138.6		0.262565
138.7		0.262565
138.8		0.262565
138.9		0.262565
139		0.262565
139.1		0.264617
139.2		0.264617
139.3		0.264617
139.4		0.264617
139.5		0.264617
139.6		0.264617
139.7		0.264617
139.8		0.264617
139.9		0.264617
140		0.264617
140.1		0.266567
140.2		0.266567
140.3		0.266567
140.4		0.266567
140.5		0.266567
140.6		0.266567
140.7		0.266567
140.8		0.266567
140.9		0.266567
141		0.266567
141.1		0.268267
141.2		0.268267
141.3		0.268267
141.4		0.268267
141.5		0.268267
141.6		0.268267
141.7		0.268267
141.8		0.268267
141.9		0.268267
142		0.268267
142.1		0.268902
142.2		0.268902
142.3		0.268902
142.4		0.268902
142.5		0.268902
142.6		0.268902
142.7		0.268902
142.8		0.268902
142.9		0.268902
143		0.268902
143.1		0.273978
143.2		0.273978
143.3		0.273978
143.4		0.273978
143.5		0.273978
143.6		0.273978
143.7		0.273978
143.8		0.273978
143.9		0.273978
144		0.273978
144.1		0.275082
144.2		0.275082
144.3		0.275082
144.4		0.275082
144.5		0.275082
144.6		0.275082
144.7		0.275082
144.8		0.275082
144.9		0.275082
145		0.275082
145.1		0.275725
145.2		0.275725
145.3		0.275725
145.4		0.275725
145.5		0.275725
145.6		0.275725
145.7		0.275725
145.8		0.275725
145.9		0.275725
146		0.275725
146.1		0.276108
146.2		0.276108
146.3		0.276108
146.4		0.276108
146.5		0.276108
146.6		0.276108
146.7		0.276108
146.8		0.276108
146.9		0.276108
147		0.276108
147.1		0.278176
147.2		0.278176
147.3		0.278176
147.4		0.278176
147.5		0.278176
147.6		0.278176
147.7		0.278176
147.8		0.278176
147.9		0.278176
148		0.278176
148.1		0.28261
148.2		0.28261
148.3		0.28261
148.4		0.28261
148.5		0.28261
148.6		0.28261
148.7		0.28261
148.8		0.28261
148.9		0.28261
149		0.28261
149.1		0.284553
149.2		0.284553
149.3		0.284553
149.4		0.284553
149.5		0.284553
149.6		0.284553
149.7		0.284553
149.8		0.284553
149.9		0.284553
150		0.284553
150.1		0.284788
150.2		0.284788
150.3		0.284788
150.4		0.284788
150.5		0.284788
150.6		0.284788
150.7		0.284788
150.8		0.284788
150.9		0.284788
151		0.284788
151.1		0.286911
151.2		0.286911
151.3		0.286911
151.4		0.286911
151.5		0.286911
151.6		0.286911
151.7		0.286911
151.8		0.286911
151.9		0.286911
152		0.286911
152.1		0.289911
152.2		0.289911
152.3		0.289911
152.4		0.289911
152.5		0.289911
152.6		0.289911
152.7		0.289911
152.8		0.289911
152.9		0.289911
153		0.289911
153.1		0.293898
153.2		0.293898
153.3		0.293898
153.4		0.293898
153.5		0.293898
153.6		0.293898
153.7		0.293898
153.8		0.293898
153.9		0.293898
154		0.293898
154.1		0.294642
154.2		0.294642
154.3		0.294642
154.4		0.294642
154.5		0.294642
154.6		0.294642
154.7		0.294642
154.8		0.294642
154.9		0.294642
155		0.294642
155.1		0.297956
155.2		0.297956
155.3		0.297956
155.4		0.297956
155.5		0.297956
155.6		0.297956
155.7		0.297956
155.8		0.297956
155.9		0.297956
156		0.297956
156.1		0.298449
156.2		0.298449
156.3		0.298449
156.4		0.298449
156.5		0.298449
156.6		0.298449
156.7		0.298449
156.8		0.298449
156.9		0.298449
157		0.298449
157.1		0.300995
157.2		0.300995
157.3		0.300995
157.4		0.300995
157.5		0.300995
157.6		0.300995
157.7		0.300995
157.8		0.300995
157.9		0.300995
158		0.300995
158.1		0.301715
158.2		0.301715
158.3		0.301715
158.4		0.301715
158.5		0.301715
158.6		0.301715
158.7		0.301715
158.8		0.301715
158.9		0.301715
159		0.301715
159.1		0.30452
159.2		0.30452
159.3		0.30452
159.4		0.30452
159.5		0.30452
159.6		0.30452
159.7		0.30452
159.8		0.30452
159.9		0.30452
160		0.30452
160.1		0.308538
160.2		0.308538
160.3		0.308538
160.4		0.308538
160.5		0.308538
160.6		0.308538
160.7		0.308538
160.8		0.308538
160.9		0.308538
161		0.308538
161.1		0.310215
161.2		0.310215
161.3		0.310215
161.4		0.310215
161.5		0.310215
161.6		0.310215
161.7		0.310215
161.8		0.310215
161.9		0.310215
162		0.310215
162.1		0.312478
162.2		0.312478
162.3		0.312478
162.4		0.312478
162.5		0.312478
162.6		0.312478
162.7		0.312478
162.8		0.312478
162.9		0.312478
163		0.312478
163.1		0.312565
163.2		0.312565
163.3		0.312565
163.4		0.312565
163.5		0.312565
163.6		0.312565
163.7		0.312565
163.8		0.312565
163.9		0.312565
164		0.312565
164.1		0.315996
164.2		0.315996
164.3		0.315996
164.4		0.315996
164.5		0.315996
164.6		0.315996
164.7		0.315996
164.8		0.315996
164.9		0.315996
165		0.315996
165.1		0.319865
165.2		0.319865
165.3		0.319865
165.4		0.319865
165.5		0.319865
165.6		0.319865
165.7		0.319865
165.8		0.319865
165.9		0.319865
166		0.319865
166.1		0.320829
166.2		0.320829
166.3		0.320829
166.4		0.320829
166.5		0.320829
166.6		0.320829
166.7		0.320829
166.8		0.320829
166.9		0.320829
167		0.320829
167.1		0.323899
167.2		0.323899
167.3		0.323899
167.4		0.323899
167.5		0.323899
167.6		0.323899
167.7		0.323899
167.8		0.323899
167.9		0.323899
168		0.323899
168.1		0.324463
168.2		0.324463
168.3		0.324463
168.4		0.324463
168.5		0.324463
168.6		0.324463
168.7		0.324463
168.8		0.324463
168.9		0.324463
169		0.324463
169.1		0.326477
169.2		0.326477
169.3		0.326477
169.4		0.326477
169.5		0.326477
169.6		0.326477
169.7		0.326477
169.8		0.326477
169.9		0.326477
170		0.326477
170.1		0.329195
170.2		0.329195
170.3		0.329195
170.4		0.329195
170.5		0.329195
170.6		0.329195
170.7		0.329195
170.8		0.329195
170.9		0.329195
171		0.329195
171.1		0.332085
171.2		0.332085
171.3		0.332085
171.4		0.332085
171.5		0.332085
171.6		0.332085
171.7		0.332085
171.8		0.332085
171.9		0.332085
172		0.332085
172.1		0.332438
172.2		0.332438
172.3		0.332438
172.4		0.332438
172.5		0.332438
172.6		0.332438
172.7		0.332438
172.8		0.332438
172.9		0.332438
173		0.332438
173.1		0.337459
173.2		0.337459
173.3		0.337459
173.4		0.337459
173.5		0.337459
173.6		0.337459
173.7		0.337459
173.8		0.337459
173.9		0.337459
174		0.337459
174.1		0.340718
174.2		0.340718
174.3		0.340718
174.4		0.340718
174.5		0.340718
174.6		0.340718
174.7		0.340718
174.8		0.340718
174.9		0.340718
175		0.340718
175.1		0.341007
175.2		0.341007
175.3		0.341007
175.4		0.341007
175.5		0.341007
175.6		0.341007
175.7		0.341007
175.8		0.341007
175.9		0.341007
176		0.341007
176.1		0.342135
176.2		0.342135
176.3		0.342135
176.4		0.342135
176.5		0.342135
176.6		0.342135
176.7		0.342135
176.8		0.342135
176.9		0.342135
177		0.342135
177.1		0.343592
177.2		0.343592
177.3		0.343592
177.4		0.343592
177.5		0.343592
177.6		0.343592
177.7		0.343592
177.8		0.343592
177.9		0.343592
178		0.343592
178.1		0.347799
178.2		0.347799
178.3		0.347799
178.4		0.347799
178.5		0.347799
178.6		0.347799
178.7		0.347799
178.8		0.347799
178.9		0.347799
179		0.347799
179.1		0.349452
179.2		0.349452
179.3		0.349452
179.4		0.349452
179.5		0.349452
179.6		0.349452
179.7		0.349452
179.8		0.349452
179.9		0.349452
180		0.349452
180.1		0.350948
180.2		0.350948
180.3		0.350948
180.4		0.350948
180.5		0.350948
180.6		0.350948
180.7		0.350948
180.8		0.350948
180.9		0.350948
181		0.350948
181.1		0.352068
181.2		0.352068
181.3		0.352068
181.4		0.352068
181.5		0.352068
181.6		0.352068
181.7		0.352068
181.8		0.352068
181.9		0.352068
182		0.352068
182.1		0.356165
182.2		0.356165
182.3		0.356165
182.4		0.356165
182.5		0.356165
182.6		0.356165
182.7		0.356165
182.8		0.356165
182.9		0.356165
183		0.356165
183.1		0.35705
183.2		0.35705
183.3		0.35705
183.4		0.35705
183.5		0.35705
183.6		0.35705
183.7		0.35705
183.8		0.35705
183.9		0.35705
184		0.35705
184.1		0.360215
184.2		0.360215
184.3		0.360215
184.4		0.360215
184.5		0.360215
184.6		0.360215
184.7		0.360215
184.8		0.360215
184.9		0.360215
185		0.360215
185.1		0.361178
185.2		0.361178
185.3		0.361178
185.4		0.361178
185.5		0.361178
185.6		0.361178
185.7		0.361178
185.8		0.361178
185.9		0.361178
186		0.361178
186.1		0.365729
186.2		0.365729
186.3		0.365729
186.4		0.365729
186.5		0.365729
186.6		0.365729
186.7		0.365729
186.8		0.365729
186.9		0.365729
187		0.365729
187.1		0.366293
187.2		0.366293
187.3		0.366293
187.4		0.366293
187.5		0.366293
187.6		0.366293
187.7		0.366293
187.8		0.366293
187.9		0.366293
188		0.366293
188.1		0.36703
188.2		0.36703
188.3		0.36703
188.4		0.36703
188.5		0.36703
188.6		0.36703
188.7		0.36703
188.8		0.36703
188.9		0.36703
189		0.36703
189.1		0.369317
189.2		0.369317
189.3		0.369317
189.4		0.369317
189.5		0.369317
189.6		0.369317
189.7		0.369317
189.8		0.369317
189.9		0.369317
190		0.369317
190.1		0.369865
190.2		0.369865
190.3		0.369865
190.4		0.369865
190.5		0.369865
190.6		0.369865
190.7		0.369865
190.8		0.369865
190.9		0.369865
191		0.369865
191.1		0.374252
191.2		0.374252
191.3		0.374252
191.4		0.374252
191.5		0.374252
191.6		0.374252
191.7		0.374252
191.8		0.374252
191.9		0.374252
192		0.374252
192.1		0.376461
192.2		0.376461
192.3		0.376461
192.4		0.376461
192.5		0.376461
192.6		0.376461
192.7		0.376461
192.8		0.376461
192.9		0.376461
193		0.376461
193.1		0.377377
193.2		0.377377
193.3		0.377377
193.4		0.377377
193.5		0.377377
193.6		0.377377
193.7		0.377377
193.8		0.377377
193.9		0.377377
194		0.377377
194.1		0.380738
194.2		0.380738
194.3		0.380738
194.4		0.380738
194.5		0.380738
194.6		0.380738
194.7		0.380738
194.8		0.380738
194.9		0.380738
195		0.380738
195.1		0.381725
195.2		0.381725
195.3		0.381725
195.4		0.381725
195.5		0.381725
195.6		0.381725
195.7		0.381725
195.8		0.381725
195.9		0.381725
196		0.381725
196.1		0.382657
196.2		0.382657
196.3		0.382657
196.4		0.382657
196.5		0.382657
196.6		0.382657
196.7		0.382657
196.8		0.382657
196.9		0.382657
197		0.382657
197.1		0.385219
197.2		0.385219
197.3		0.385219
197.4		0.385219
197.5		0.385219
197.6		0.385219
197.7		0.385219
197.8		0.385219
197.9		0.385219
198		0.385219
198.1		0.388187
198.2		0.388187
198.3		0.388187
198.4		0.388187
198.5		0.388187
198.6		0.388187
198.7		0.388187
198.8		0.388187
198.9		0.388187
199		0.388187
199.1		0.389919
199.2		0.389919
199.3		0.389919
199.4		0.389919
199.5		0.389919
199.6		0.389919
199.7		0.389919
199.8		0.389919
199.9		0.389919
200		0.389919
200.1		0.394971
200.2		0.394971
200.3		0.394971
200.4		0.394971
200.5		0.394971
200.6		0.394971
200.7		0.394971
200.8		0.394971
200.9		0.394971
201		0.394971
201.1		0.397728
201.2		0.397728
201.3		0.397728
201.4		0.397728
201.5		0.397728
201.6		0.397728
201.7		0.397728
201.8		0.397728
201.9		0.397728
202		0.397728
202.1		0.397893
202.2		0.397893
202.3		0.397893
202.4		0.397893
202.5		0.397893
202.6		0.397893
202.7		0.397893
202.8		0.397893
202.9		0.397893
203		0.397893
203.1		0.398081
203.2		0.398081
203.3		0.398081
203.4		0.398081
203.5		0.398081
203.6		0.398081
203.7		0.398081
203.8		0.398081
203.9		0.398081
204		0.398081
204.1		0.403877
204.2		0.403877
204.3		0.403877
204.4		0.403877
204.5		0.403877
204.6		0.403877
204.7		0.403877
204.8		0.403877
204.9		0.403877
205		0.403877
205.1		0.407778
205.2		0.407778
205.3		0.407778
205.4		0.407778
205.5		0.407778
205.6		0.407778
205.7		0.407778
205.8		0.407778
205.9		0.407778
206		0.407778
206.1		0.408006
206.2		0.408006
206.3		0.408006
206.4		0.408006
206.5		0.408006
206.6		0.408006
206.7		0.408006
206.8		0.408006
206.9		0.408006
207		0.408006
207.1		0.408554
207.2		0.408554
207.3		0.408554
207.4		0.408554
207.5		0.408554
207.6		0.408554
207.7		0.408554
207.8		0.408554
207.9		0.408554
208		0.408554
208.1		0.411907
208.2		0.411907
208.3		0.411907
208.4		0.411907
208.5		0.411907
208.6		0.411907
208.7		0.411907
208.8		0.411907
208.9		0.411907
209		0.411907
209.1		0.41323
209.2		0.41323
209.3		0.41323
209.4		0.41323
209.5		0.41323
209.6		0.41323
209.7		0.41323
209.8		0.41323
209.9		0.41323
210		0.41323
210.1		0.414805
210.2		0.414805
210.3		0.414805
210.4		0.414805
210.5		0.414805
210.6		0.414805
210.7		0.414805
210.8		0.414805
210.9		0.414805
211		0.414805
211.1		0.417523
211.2		0.417523
211.3		0.417523
211.4		0.417523
211.5		0.417523
211.6		0.417523
211.7		0.417523
211.8		0.417523
211.9		0.417523
212		0.417523
212.1		0.422106
212.2		0.422106
212.3		0.422106
212.4		0.422106
212.5		0.422106
212.6		0.422106
212.7		0.422106
212.8		0.422106
212.9		0.422106
213		0.422106
213.1		0.42245
213.2		0.42245
213.3		0.42245
213.4		0.42245
213.5		0.42245
213.6		0.42245
213.7		0.42245
213.8		0.42245
213.9		0.42245
214		0.42245
214.1		0.424832
214.2		0.424832
214.3		0.424832
214.4		0.424832
214.5		0.424832
214.6		0.424832
214.7		0.424832
214.8		0.424832
214.9		0.424832
215		0.424832
215.1		0.426594
215.2		0.426594
215.3		0.426594
215.4		0.426594
215.5		0.426594
215.6		0.426594
215.7		0.426594
215.8		0.426594
215.9		0.426594
216		0.426594
216.1		0.431545
216.2		0.431545
216.3		0.431545
216.4		0.431545
216.5		0.431545
216.6		0.431545
216.7		0.431545
216.8		0.431545
216.9		0.431545
217		0.431545
217.1		0.431764
217.2		0.431764
217.3		0.431764
217.4		0.431764
217.5		0.431764
217.6		0.431764
217.7		0.431764
217.8		0.431764
217.9		0.431764
218		0.431764
218.1		0.432493
218.2		0.432493
218.3		0.432493
218.4		0.432493
218.5		0.432493
218.6		0.432493
218.7		0.432493
218.8		0.432493
218.9		0.432493
219		0.432493
219.1		0.435187
219.2		0.435187
219.3		0.435187
219.4		0.435187
219.5		0.435187
219.6		0.435187
219.7		0.435187
219.8		0.435187
219.9		0.435187
220		0.435187
220.1		0.438438
220.2		0.438438
220.3		0.438438
220.4		0.438438
220.5		0.438438
220.6		0.438438
220.7		0.438438
220.8		0.438438
220.9		0.438438
221		0.438438
221.1		0.442026
221.2		0.442026
221.3		0.442026
221.4		0.442026
221.5		0.442026
221.6		0.442026
221.7		0.442026
221.8		0.442026
221.9		0.442026
222		0.442026
222.1		0.443193
222.2		0.443193
222.3		0.443193
222.4		0.443193
222.5		0.443193
222.6		0.443193
222.7		0.443193
222.8		0.443193
222.9		0.443193
223		0.443193
223.1		0.443632
223.2		0.443632
223.3		0.443632
223.4		0.443632
223.5		0.443632
223.6		0.443632
223.7		0.443632
223.8		0.443632
223.9		0.443632
224		0.443632
224.1		0.444673
224.2		0.444673
224.3		0.444673
224.4		0.444673
224.5		0.444673
224.6		0.444673
224.7		0.444673
224.8		0.444673
224.9		0.444673
225		0.444673
225.1		0.449483
225.2		0.449483
225.3		0.449483
225.4		0.449483
225.5		0.449483
225.6		0.449483
225.7		0.449483
225.8		0.449483
225.9		0.449483
226		0.449483
226.1		0.452843
226.2		0.452843
226.3		0.452843
226.4		0.452843
226.5		0.452843
226.6		0.452843
226.7		0.452843
226.8		0.452843
226.9		0.452843
227		0.452843
227.1		0.454833
227.2		0.454833
227.3		0.454833
227.4		0.454833
227.5		0.454833
227.6		0.454833
227.7		0.454833
227.8		0.454833
227.9		0.454833
228		0.454833
228.1		0.456838
228.2		0.456838
228.3		0.456838
228.4		0.456838
228.5		0.456838
228.6		0.456838
228.7		0.456838
228.8		0.456838
228.9		0.456838
229		0.456838
229.1		0.457144
229.2		0.457144
229.3		0.457144
229.4		0.457144
229.5		0.457144
229.6		0.457144
229.7		0.457144
229.8		0.457144
229.9		0.457144
230		0.457144
230.1		0.45998
230.2		0.45998
230.3		0.45998
230.4		0.45998
230.5		0.45998
230.6		0.45998
230.7		0.45998
230.8		0.45998
230.9		0.45998
231		0.45998
231.1		0.463904
231.2		0.463904
231.3		0.463904
231.4		0.463904
231.5		0.463904
231.6		0.463904
231.7		0.463904
231.8		0.463904
231.9		0.463904
232		0.463904
232.1		0.464358
232.2		0.464358
232.3		0.464358
232.4		0.464358
232.5		0.464358
232.6		0.464358
232.7		0.464358
232.8		0.464358
232.9		0.464358
233		0.464358
233.1		0.464633
233.2		0.464633
233.3		0.464633
233.4		0.464633
233.5		0.464633
233.6		0.464633
233.7		0.464633
233.8		0.464633
233.9		0.464633
234		0.464633
234.1		0.466262
234.2		0.466262
234.3		0.466262
234.4		0.466262
234.5		0.466262
234.6		0.466262
234.7		0.466262
234.8		0.466262
234.9		0.466262
235		0.466262
235.1		0.470547
235.2		0.470547
235.3		0.470547
235.4		0.470547
235.5		0.470547
235.6		0.470547
235.7		0.470547
235.8		0.470547
235.9		0.470547
236		0.470547
236.1		0.471698
236.2		0.471698
236.3		0.471698
236.4		0.471698
236.5		0.471698
236.6		0.471698
236.7		0.471698
236.8		0.471698
236.9		0.471698
237		0.471698
237.1		0.473108
237.2		0.473108
237.3		0.473108
237.4		0.473108
237.5		0.473108
237.6		0.473108
237.7		0.473108
237.8		0.473108
237.9		0.473108
238		0.473108
238.1		0.477393
238.2		0.477393
238.3		0.477393
238.4		0.477393
238.5		0.477393
238.6		0.477393
238.7		0.477393
238.8		0.477393
238.9		0.477393
239		0.477393
239.1		0.478341
239.2		0.478341
239.3		0.478341
239.4		0.478341
239.5		0.478341
239.6		0.478341
239.7		0.478341
239.8		0.478341
239.9		0.478341
240		0.478341
240.1		0.479688
240.2		0.479688
240.3		0.479688
240.4		0.479688
240.5		0.479688
240.6		0.479688
240.7		0.479688
240.8		0.479688
240.9		0.479688
241		0.479688
241.1		0.483472
241.2		0.483472
241.3		0.483472
241.4		0.483472
241.5		0.483472
241.6		0.483472
241.7		0.483472
241.8		0.483472
241.9		0.483472
242		0.483472
242.1		0.486198
242.2		0.486198
242.3		0.486198
242.4		0.486198
242.5		0.486198
242.6		0.486198
242.7		0.486198
242.8		0.486198
242.9		0.486198
243		0.486198
243.1		0.488086
243.2		0.488086
243.3		0.488086
243.4		0.488086
243.5		0.488086
243.6		0.488086
243.7		0.488086
243.8		0.488086
243.9		0.488086
244		0.488086
244.1		0.489449
244.2		0.489449
244.3		0.489449
244.4		0.489449
244.5		0.489449
244.6		0.489449
244.7		0.489449
244.8		0.489449
244.9		0.489449
245		0.489449
245.1		0.491133
245.2		0.491133
245.3		0.491133
245.4		0.491133
245.5		0.491133
245.6		0.491133
245.7		0.491133
245.8		0.491133
245.9		0.491133
246		0.491133
246.1		0.496044
246.2		0.496044
246.3		0.496044
246.4		0.496044
246.5		0.496044
246.6		0.496044
246.7		0.496044
246.8		0.496044
246.9		0.496044
247		0.496044
247.1		0.496898
247.2		0.496898
247.3		0.496898
247.4		0.496898
247.5		0.496898
247.6		0.496898
247.7		0.496898
247.8		0.496898
247.9		0.496898
248		0.496898
248.1		0.498238
248.2		0.498238
248.3		0.498238
248.4		0.498238
248.5		0.498238
248.6		0.498238
248.7		0.498238
248.8		0.498238
248.9		0.498238
249		0.498238
249.1		0.499193
249.2		0.499193
249.3		0.499193
249.4		0.499193
249.5		0.499193
249.6		0.499193
249.7		0.499193
249.8		0.499193
249.9		0.499193
250		0.499193
250.1		0.502655
250.2		0.502655
250.3		0.502655
250.4		0.502655
250.5		0.502655
250.6		0.502655
250.7		0.502655
250.8		0.502655
250.9		0.502655
251		0.502655
251.1		0.505334
251.2		0.505334
251.3		0.505334
251.4		0.505334
251.5		0.505334
251.6		0.505334
251.7		0.505334
251.8		0.505334
251.9		0.505334
252		0.505334
252.1		0.509134
252.2		0.509134
252.3		0.509134
252.4		0.509134
252.5		0.509134
252.6		0.509134
252.7		0.509134
252.8		0.509134
252.9		0.509134
253		0.509134
253.1		0.509846
253.2		0.509846
253.3		0.509846
253.4		0.509846
253.5		0.509846
253.6		0.509846
253.7		0.509846
253.8		0.509846
253.9		0.509846
254		0.509846
254.1		0.511593
254.2		0.511593
254.3		0.511593
254.4		0.511593
254.5		0.511593
254.6		0.511593
254.7		0.511593
254.8		0.511593
254.9		0.511593
255		0.511593
255.1		0.514327
255.2		0.514327
255.3		0.514327
255.4		0.514327
255.5		0.514327
255.6		0.514327
255.7		0.514327
255.8		0.514327
255.9		0.514327
256		0.514327
256.1		0.514734
256.2		0.514734
256.3		0.514734
256.4		0.514734
256.5		0.514734
256.6		0.514734
256.7		0.514734
256.8		0.514734
256.9		0.514734
257		0.514734
257.1		0.519286
257.2		0.519286
257.3		0.519286
257.4		0.519286
257.5		0.519286
257.6		0.519286
257.7		0.519286
257.8		0.519286
257.9		0.519286
258		0.519286
258.1		0.519936
258.2		0.519936
258.3		0.519936
258.4		0.519936
258.5		0.519936
258.6		0.519936
258.7		0.519936
258.8		0.519936
258.9		0.519936
259		0.519936
259.1		0.522012
259.2		0.522012
259.3		0.522012
259.4		0.522012
259.5		0.522012
259.6		0.522012
259.7		0.522012
259.8		0.522012
259.9		0.522012
260		0.522012
260.1		0.525952
260.2		0.525952
260.3		0.525952
260.4		0.525952
260.5		0.525952
260.6		0.525952
260.7		0.525952
260.8		0.525952
260.9		0.525952
261		0.525952
261.1		0.526892
261.2		0.526892
261.3		0.526892
261.4		0.526892
261.5		0.526892
261.6		0.526892
261.7		0.526892
261.8		0.526892
261.9		0.526892
262		0.526892
262.1		0.529007
262.2		0.529007
262.3		0.529007
262.4		0.529007
262.5		0.529007
262.6		0.529007
262.7		0.529007
262.8		0.529007
262.9		0.529007
263		0.529007
263.1		0.529782
263.2		0.529782
263.3		0.529782
263.4		0.529782
263.5		0.529782
263.6		0.529782
263.7		0.529782
263.8		0.529782
263.9		0.529782
264		0.529782
264.1		0.535023
264.2		0.535023
264.3		0.535023
264.4		0.535023
264.5		0.535023
264.6		0.535023
264.7		0.535023
264.8		0.535023
264.9		0.535023
265		0.535023
265.1		0.536472
265.2		0.536472
265.3		0.536472
265.4		0.536472
265.5		0.536472
265.6		0.536472
265.7		0.536472
265.8		0.536472
265.9		0.536472
266		0.536472
266.1		0.537349
266.2		0.537349
266.3		0.537349
266.4		0.537349
266.5		0.537349
266.6		0.537349
266.7		0.537349
266.8		0.537349
266.9		0.537349
267		0.537349
267.1		0.538798
267.2		0.538798
267.3		0.538798
267.4		0.538798
267.5		0.538798
267.6		0.538798
267.7		0.538798
267.8		0.538798
267.9		0.538798
268		0.538798
268.1		0.54389
268.2		0.54389
268.3		0.54389
268.4		0.54389
268.5		0.54389
268.6		0.54389
268.7		0.54389
268.8		0.54389
268.9		0.54389
269		0.54389
269.1		0.544321
269.2		0.544321
269.3		0.544321
269.4		0.544321
269.5		0.544321
269.6		0.544321
269.7		0.544321
269.8		0.544321
269.9		0.544321
270		0.544321
270.1		0.545151
270.2		0.545151
270.3		0.545151
270.4		0.545151
270.5		0.545151
270.6		0.545151
270.7		0.545151
270.8		0.545151
270.9		0.545151
271		0.545151
271.1		0.546232
271.2		0.546232
271.3		0.546232
271.4		0.546232
271.5		0.546232
271.6		0.546232
271.7		0.546232
271.8		0.546232
271.9		0.546232
272		0.546232
272.1		0.549303
272.2		0.549303
272.3		0.549303
272.4		0.549303
272.5		0.549303
272.6		0.549303
272.7		0.549303
272.8		0.549303
272.9		0.549303
273		0.549303
273.1		0.553165
273.2		0.553165
273.3		0.553165
273.4		0.553165
273.5		0.553165
273.6		0.553165
273.7		0.553165
273.8		0.553165
273.9		0.553165
274		0.553165
274.1		0.555029
274.2		0.555029
274.3		0.555029
274.4		0.555029
274.5		0.555029
274.6		0.555029
274.7		0.555029
274.8		0.555029
274.9		0.555029
275		0.555029
275.1		0.555342
275.2		0.555342
275.3		0.555342
275.4		0.555342
275.5		0.555342
275.6		0.555342
275.7		0.555342
275.8		0.555342
275.9		0.555342
276		0.555342
276.1		0.556729
276.2		0.556729
276.3		0.556729
276.4		0.556729
276.5		0.556729
276.6		0.556729
276.7		0.556729
276.8		0.556729
276.9		0.556729
277		0.556729
277.1		0.56081
277.2		0.56081
277.3		0.56081
277.4		0.56081
277.5		0.56081
277.6		0.56081
277.7		0.56081
277.8		0.56081
277.9		0.56081
278		0.56081
278.1		0.562831
278.2		0.562831
278.3		0.562831
278.4		0.562831
278.5		0.562831
278.6		0.562831
278.7		0.562831
278.8		0.562831
278.9		0.562831
279		0.562831
279.1		0.562917
279.2		0.562917
279.3		0.562917
279.4		0.562917
279.5		0.562917
279.6		0.562917
279.7		0.562917
279.8		0.562917
279.9		0.562917
280		0.562917
280.1		0.565721
280.2		0.565721
280.3		0.565721
280.4		0.565721
280.5		0.565721
280.6		0.565721
280.7		0.565721
280.8		0.565721
280.9		0.565721
281		0.565721
281.1		0.566896
281.2		0.566896
281.3		0.566896
281.4		0.566896
281.5		0.566896
281.6		0.566896
281.7		0.566896
281.8		0.566896
281.9		0.566896
282		0.566896
282.1		0.573492
282.2		0.573492
282.3		0.573492
282.4		0.573492
282.5		0.573492
282.6		0.573492
282.7		0.573492
282.8		0.573492
282.9		0.573492
283		0.573492
283.1		0.575748
283.2		0.575748
283.3		0.575748
283.4		0.575748
283.5		0.575748
283.6		0.575748
283.7		0.575748
283.8		0.575748
283.9		0.575748
284		0.575748
284.1		0.576414
284.2		0.576414
284.3		0.576414
284.4		0.576414
284.5		0.576414
284.6		0.576414
284.7		0.576414
284.8		0.576414
284.9		0.576414
285		0.576414
285.1		0.580989
285.2		0.580989
285.3		0.580989
285.4		0.580989
285.5		0.580989
285.6		0.580989
285.7		0.580989
285.8		0.580989
285.9		0.580989
286		0.580989
286.1		0.582931
286.2		0.582931
286.3		0.582931
286.4		0.582931
286.5		0.582931
286.6		0.582931
286.7		0.582931
286.8		0.582931
286.9		0.582931
287		0.582931
287.1		0.584608
287.2		0.584608
287.3		0.584608
287.4		0.584608
287.5		0.584608
287.6		0.584608
287.7		0.584608
287.8		0.584608
287.9		0.584608
288		0.584608
288.1		0.586911
288.2		0.586911
288.3		0.586911
288.4		0.586911
288.5		0.586911
288.6		0.586911
288.7		0.586911
288.8		0.586911
288.9		0.586911
289		0.586911
289.1		0.591078
289.2		0.591078
289.3		0.591078
289.4		0.591078
289.5		0.591078
289.6		0.591078
289.7		0.591078
289.8		0.591078
289.9		0.591078
290		0.591078
290.1		0.592245
290.2		0.592245
290.3		0.592245
290.4		0.592245
290.5		0.592245
290.6		0.592245
290.7		0.592245
290.8		0.592245
290.9		0.592245
291		0.592245
291.1		0.594039
291.2		0.594039
291.3		0.594039
291.4		0.594039
291.5		0.594039
291.6		0.594039
291.7		0.594039
291.8		0.594039
291.9		0.594039
292		0.594039
292.1		0.594595
292.2		0.594595
292.3		0.594595
292.4		0.594595
292.5		0.594595
292.6		0.594595
292.7		0.594595
292.8		0.594595
292.9		0.594595
293		0.594595
293.1		0.595057
293.2		0.595057
293.3		0.595057
293.4		0.595057
293.5		0.595057
293.6		0.595057
293.7		0.595057
293.8		0.595057
293.9		0.595057
294		0.595057
294.1		0.595057
294.2		0.595057
294.3		0.595057
294.4		0.595057
294.5		0.595057
294.6		0.595057
294.7		0.595057
294.8		0.595057
294.9		0.595057
295		0.595057
295.1		0.597963
295.2		0.597963
295.3		0.597963
295.4		0.597963
295.5		0.597963
295.6		0.597963
295.7		0.597963
295.8		0.597963
295.9		0.597963
296		0.597963
296.1		0.601175
296.2		0.601175
296.3		0.601175
296.4		0.601175
296.5		0.601175
296.6		0.601175
296.7		0.601175
296.8		0.601175
296.9		0.601175
297		0.601175
297.1		0.602765
297.2		0.602765
297.3		0.602765
297.4		0.602765
297.5		0.602765
297.6		0.602765
297.7		0.602765
297.8		0.602765
297.9		0.602765
298		0.602765
298.1		0.604128
298.2		0.604128
298.3		0.604128
298.4		0.604128
298.5		0.604128
298.6		0.604128
298.7		0.604128
298.8		0.604128
298.9		0.604128
299		0.604128
299.1		0.606486
299.2		0.606486
299.3		0.606486
299.4		0.606486
299.5		0.606486
299.6		0.606486
299.7		0.606486
299.8		0.606486
299.9		0.606486
300		0.606486
300.1		0.608452
300.2		0.608452
300.3		0.608452
300.4		0.608452
300.5		0.608452
300.6		0.608452
300.7		0.608452
300.8		0.608452
300.9		0.608452
301		0.608452
301.1		0.608844
301.2		0.608844
301.3		0.608844
301.4		0.608844
301.5		0.608844
301.6		0.608844
301.7		0.608844
301.8		0.608844
301.9		0.608844
302		0.608844
302.1		0.609353
302.2		0.609353
302.3		0.609353
302.4		0.609353
302.5		0.609353
302.6		0.609353
302.7		0.609353
302.8		0.609353
302.9		0.609353
303		0.609353
303.1		0.613082
303.2		0.613082
303.3		0.613082
303.4		0.613082
303.5		0.613082
303.6		0.613082
303.7		0.613082
303.8		0.613082
303.9		0.613082
304		0.613082
304.1		0.617288
304.2		0.617288
304.3		0.617288
304.4		0.617288
304.5		0.617288
304.6		0.617288
304.7		0.617288
304.8		0.617288
304.9		0.617288
305		0.617288
305.1		0.618306
305.2		0.618306
305.3		0.618306
305.4		0.618306
305.5		0.618306
305.6		0.618306
305.7		0.618306
305.8		0.618306
305.9		0.618306
306		0.618306
306.1		0.618706
306.2		0.618706
306.3		0.618706
306.4		0.618706
306.5		0.618706
306.6		0.618706
306.7		0.618706
306.8		0.618706
306.9		0.618706
307		0.618706
307.1		0.619427
307.2		0.619427
307.3		0.619427
307.4		0.619427
307.5		0.619427
307.6		0.619427
307.7		0.619427
307.8		0.619427
307.9		0.619427
308		0.619427
308.1		0.624119
308.2		0.624119
308.3		0.624119
308.4		0.624119
308.5		0.624119
308.6		0.624119
308.7		0.624119
308.8		0.624119
308.9		0.624119
309		0.624119
309.1		0.626524
309.2		0.626524
309.3		0.626524
309.4		0.626524
309.5		0.626524
309.6		0.626524
309.7		0.626524
309.8		0.626524
309.9		0.626524
310		0.626524
310.1		0.627103
310.2		0.627103
310.3		0.627103
310.4		0.627103
310.5		0.627103
310.6		0.627103
310.7		0.627103
310.8		0.627103
310.9		0.627103
311		0.627103
311.1		0.628263
311.2		0.628263
311.3		0.628263
311.4		0.628263
311.5		0.628263
311.6		0.628263
311.7		0.628263
311.8		0.628263
311.9		0.628263
312		0.628263
312.1		0.633049
312.2		0.633049
312.3		0.633049
312.4		0.633049
312.5		0.633049
312.6		0.633049
312.7		0.633049
312.8		0.633049
312.9		0.633049
313		0.633049
313.1		0.635516
313.2		0.635516
313.3		0.635516
313.4		0.635516
313.5		0.635516
313.6		0.635516
313.7		0.635516
313.8		0.635516
313.9		0.635516
314		0.635516
314.1		0.636276
314.2		0.636276
314.3		0.636276
314.4		0.636276
314.5		0.636276
314.6		0.636276
314.7		0.636276
314.8		0.636276
314.9		0.636276
315		0.636276
315.1		0.638798
315.2		0.638798
315.3		0.638798
315.4		0.638798
315.5		0.638798
315.6		0.638798
315.7		0.638798
315.8		0.638798
315.9		0.638798
316		0.638798
316.1		0.642621
316.2		0.642621
316.3		0.642621
316.4		0.642621
316.5		0.642621
316.6		0.642621
316.7		0.642621
316.8		0.642621
316.9		0.642621
317		0.642621
317.1		0.642684
317.2		0.642684
317.3		0.642684
317.4		0.642684
317.5		0.642684
317.6		0.642684
317.7		0.642684
317.8		0.642684
317.9		0.642684
318		0.642684
318.1		0.64577
318.2		0.64577
318.3		0.64577
318.4		0.64577
318.5		0.64577
318.6		0.64577
318.7		0.64577
318.8		0.64577
318.9		0.64577
319		0.64577
319.1		0.646969
319.2		0.646969
319.3		0.646969
319.4		0.646969
319.5		0.646969
319.6		0.646969
319.7		0.646969
319.8		0.646969
319.9		0.646969
320		0.646969
320.1		0.649123
320.2		0.649123
320.3		0.649123
320.4		0.649123
320.5		0.649123
320.6		0.649123
320.7		0.649123
320.8		0.649123
320.9		0.649123
321		0.649123
321.1		0.651786
321.2		0.651786
321.3		0.651786
321.4		0.651786
321.5		0.651786
321.6		0.651786
321.7		0.651786
321.8		0.651786
321.9		0.651786
322		0.651786
322.1		0.653313
322.2		0.653313
322.3		0.653313
322.4		0.653313
322.5		0.653313
322.6		0.653313
322.7		0.653313
322.8		0.653313
322.9		0.653313
323		0.653313
323.1		0.656486
323.2		0.656486
323.3		0.656486
323.4		0.656486
323.5		0.656486
323.6		0.656486
323.7		0.656486
323.8		0.656486
323.9		0.656486
324		0.656486
324.1		0.656885
324.2		0.656885
324.3		0.656885
324.4		0.656885
324.5		0.656885
324.6		0.656885
324.7		0.656885
324.8		0.656885
324.9		0.656885
325		0.656885
325.1		0.660128
325.2		0.660128
325.3		0.660128
325.4		0.660128
325.5		0.660128
325.6		0.660128
325.7		0.660128
325.8		0.660128
325.9		0.660128
326		0.660128
326.1		0.663058
326.2		0.663058
326.3		0.663058
326.4		0.663058
326.5		0.663058
326.6		0.663058
326.7		0.663058
326.8		0.663058
326.9		0.663058
327		0.663058
327.1		0.66316
327.2		0.66316
327.3		0.66316
327.4		0.66316
327.5		0.66316
327.6		0.66316
327.7		0.66316
327.8		0.66316
327.9		0.66316
328		0.66316
328.1		0.665283
328.2		0.665283
328.3		0.665283
328.4		0.665283
328.5		0.665283
328.6		0.665283
328.7		0.665283
328.8		0.665283
328.9		0.665283
329		0.665283
329.1		0.665792
329.2		0.665792
329.3		0.665792
329.4		0.665792
329.5		0.665792
329.6		0.665792
329.7		0.665792
329.8		0.665792
329.9		0.665792
330		0.665792
330.1		0.671299
330.2		0.671299
330.3		0.671299
330.4		0.671299
330.5		0.671299
330.6		0.671299
330.7		0.671299
330.8		0.671299
330.9		0.671299
331		0.671299
331.1		0.671557
331.2		0.671557
331.3		0.671557
331.4		0.671557
331.5		0.671557
331.6		0.671557
331.7		0.671557
331.8		0.671557
331.9		0.671557
332		0.671557
332.1		0.675513
332.2		0.675513
332.3		0.675513
332.4		0.675513
332.5		0.675513
332.6		0.675513
332.7		0.675513
332.8		0.675513
332.9		0.675513
333		0.675513
333.1		0.676657
333.2		0.676657
333.3		0.676657
333.4		0.676657
333.5		0.676657
333.6		0.676657
333.7		0.676657
333.8		0.676657
333.9		0.676657
334		0.676657
334.1		0.678874
334.2		0.678874
334.3		0.678874
334.4		0.678874
334.5		0.678874
334.6		0.678874
334.7		0.678874
334.8		0.678874
334.9		0.678874
335		0.678874
335.1		0.680542
335.2		0.680542
335.3		0.680542
335.4		0.680542
335.5		0.680542
335.6		0.680542
335.7		0.680542
335.8		0.680542
335.9		0.680542
336		0.680542
336.1		0.680848
336.2		0.680848
336.3		0.680848
336.4		0.680848
336.5		0.680848
336.6		0.680848
336.7		0.680848
336.8		0.680848
336.9		0.680848
337		0.680848
337.1		0.682908
337.2		0.682908
337.3		0.682908
337.4		0.682908
337.5		0.682908
337.6		0.682908
337.7		0.682908
337.8		0.682908
337.9		0.682908
338		0.682908
338.1		0.688477
338.2		0.688477
338.3		0.688477
338.4		0.688477
338.5		0.688477
338.6		0.688477
338.7		0.688477
338.8		0.688477
338.9		0.688477
339		0.688477
339.1		0.688939
339.2		0.688939
339.3		0.688939
339.4		0.688939
339.5		0.688939
339.6		0.688939
339.7		0.688939
339.8		0.688939
339.9		0.688939
340		0.688939
340.1		0.6893
340.2		0.6893
340.3		0.6893
340.4		0.6893
340.5		0.6893
340.6		0.6893
340.7		0.6893
340.8		0.6893
340.9		0.6893
341		0.6893
341.1		0.69042
341.2		0.69042
341.3		0.69042
341.4		0.69042
341.5		0.69042
341.6		0.69042
341.7		0.69042
341.8		0.69042
341.9		0.69042
342		0.69042
342.1		0.695253
342.2		0.695253
342.3		0.695253
342.4		0.695253
342.5		0.695253
342.6		0.695253
342.7		0.695253
342.8		0.695253
342.9		0.695253
343		0.695253
343.1		0.699248
343.2		0.699248
343.3		0.699248
343.4		0.699248
343.5		0.699248
343.6		0.699248
343.7		0.699248
343.8		0.699248
343.9		0.699248
344		0.699248
344.1		0.700063
344.2		0.700063
344.3		0.700063
344.4		0.700063
344.5		0.700063
344.6		0.700063
344.7		0.700063
344.8		0.700063
344.9		0.700063
345		0.700063
345.1		0.703971
345.2		0.703971
345.3		0.703971
345.4		0.703971
345.5		0.703971
345.6		0.703971
345.7		0.703971
345.8		0.703971
345.9		0.703971
346		0.703971
346.1		0.706392
346.2		0.706392
346.3		0.706392
346.4		0.706392
346.5		0.706392
346.6		0.706392
346.7		0.706392
346.8		0.706392
346.9		0.706392
347		0.706392
347.1		0.711632
347.2		0.711632
347.3		0.711632
347.4		0.711632
347.5		0.711632
347.6		0.711632
347.7		0.711632
347.8		0.711632
347.9		0.711632
348		0.711632
348.1		0.712674
348.2		0.712674
348.3		0.712674
348.4		0.712674
348.5		0.712674
348.6		0.712674
348.7		0.712674
348.8		0.712674
348.9		0.712674
349		0.712674
349.1		0.714429
349.2		0.714429
349.3		0.714429
349.4		0.714429
349.5		0.714429
349.6		0.714429
349.7		0.714429
349.8		0.714429
349.9		0.714429
350		0.714429
350.1		0.715494
350.2		0.715494
350.3		0.715494
350.4		0.715494
350.5		0.715494
350.6		0.715494
350.7		0.715494
350.8		0.715494
350.9		0.715494
351		0.715494
351.1		0.717688
351.2		0.717688
351.3		0.717688
351.4		0.717688
351.5		0.717688
351.6		0.717688
351.7		0.717688
351.8		0.717688
351.9		0.717688
352		0.717688
352.1		0.723617
352.2		0.723617
352.3		0.723617
352.4		0.723617
352.5		0.723617
352.6		0.723617
352.7		0.723617
352.8		0.723617
352.9		0.723617
353		0.723617
353.1		0.723649
353.2		0.723649
353.3		0.723649
353.4		0.723649
353.5		0.723649
353.6		0.723649
353.7		0.723649
353.8		0.723649
353.9		0.723649
354		0.723649
354.1		0.723766
354.2		0.723766
354.3		0.723766
354.4		0.723766
354.5		0.723766
354.6		0.723766
354.7		0.723766
354.8		0.723766
354.9		0.723766
355		0.723766
355.1		0.723852
355.2		0.723852
355.3		0.723852
355.4		0.723852
355.5		0.723852
355.6		0.723852
355.7		0.723852
355.8		0.723852
355.9		0.723852
356		0.723852
356.1		0.724064
356.2		0.724064
356.3		0.724064
356.4		0.724064
356.5		0.724064
356.6		0.724064
356.7		0.724064
356.8		0.724064
356.9		0.724064
357		0.724064
357.1		0.728145
357.2		0.728145
357.3		0.728145
357.4		0.728145
357.5		0.728145
357.6		0.728145
357.7		0.728145
357.8		0.728145
357.9		0.728145
358		0.728145
358.1		0.729289
358.2		0.729289
358.3		0.729289
358.4		0.729289
358.5		0.729289
358.6		0.729289
358.7		0.729289
358.8		0.729289
358.9		0.729289
359		0.729289
359.1		0.732876
359.2		0.732876
359.3		0.732876
359.4		0.732876
359.5		0.732876
359.6		0.732876
359.7		0.732876
359.8		0.732876
359.9		0.732876
360		0.732876
360.1		0.732876
360.2		0.732876
360.3		0.732876
360.4		0.732876
360.5		0.732876
360.6		0.732876
360.7		0.732876
360.8		0.732876
360.9		0.732876
361		0.732876
361.1		0.735493
361.2		0.735493
361.3		0.735493
361.4		0.735493
361.5		0.735493
361.6		0.735493
361.7		0.735493
361.8		0.735493
361.9		0.735493
362		0.735493
362.1		0.736307
362.2		0.736307
362.3		0.736307
362.4		0.736307
362.5		0.736307
362.6		0.736307
362.7		0.736307
362.8		0.736307
362.9		0.736307
363		0.736307
363.1		0.738853
363.2		0.738853
363.3		0.738853
363.4		0.738853
363.5		0.738853
363.6		0.738853
363.7		0.738853
363.8		0.738853
363.9		0.738853
364		0.738853
364.1		0.740772
364.2		0.740772
364.3		0.740772
364.4		0.740772
364.5		0.740772
364.6		0.740772
364.7		0.740772
364.8		0.740772
364.9		0.740772
365		0.740772
365.1		0.742981
365.2		0.742981
365.3		0.742981
365.4		0.742981
365.5		0.742981
365.6		0.742981
365.7		0.742981
365.8		0.742981
365.9		0.742981
366		0.742981
366.1		0.74382
366.2		0.74382
366.3		0.74382
366.4		0.74382
366.5		0.74382
366.6		0.74382
366.7		0.74382
366.8		0.74382
366.9		0.74382
367		0.74382
367.1		0.745645
367.2		0.745645
367.3		0.745645
367.4		0.745645
367.5		0.745645
367.6		0.745645
367.7		0.745645
367.8		0.745645
367.9		0.745645
368		0.745645
368.1		0.750415
368.2		0.750415
368.3		0.750415
368.4		0.750415
368.5		0.750415
368.6		0.750415
368.7		0.750415
368.8		0.750415
368.9		0.750415
369		0.750415
369.1		0.752671
369.2		0.752671
369.3		0.752671
369.4		0.752671
369.5		0.752671
369.6		0.752671
369.7		0.752671
369.8		0.752671
369.9		0.752671
370		0.752671
370.1		0.753251
370.2		0.753251
370.3		0.753251
370.4		0.753251
370.5		0.753251
370.6		0.753251
370.7		0.753251
370.8		0.753251
370.9		0.753251
371		0.753251
371.1		0.754183
371.2		0.754183
371.3		0.754183
371.4		0.754183
371.5		0.754183
371.6		0.754183
371.7		0.754183
371.8		0.754183
371.9		0.754183
372		0.754183
372.1		0.759839
372.2		0.759839
372.3		0.759839
372.4		0.759839
372.5		0.759839
372.6		0.759839
372.7		0.759839
372.8		0.759839
372.9		0.759839
373		0.759839
373.1		0.76034
373.2		0.76034
373.3		0.76034
373.4		0.76034
373.5		0.76034
373.6		0.76034
373.7		0.76034
373.8		0.76034
373.9		0.76034
374		0.76034
374.1		0.761766
374.2		0.761766
374.3		0.761766
374.4		0.761766
374.5		0.761766
374.6		0.761766
374.7		0.761766
374.8		0.761766
374.9		0.761766
375		0.761766
375.1		0.763129
375.2		0.763129
375.3		0.763129
375.4		0.763129
375.5		0.763129
375.6		0.763129
375.7		0.763129
375.8		0.763129
375.9		0.763129
376		0.763129
376.1		0.767257
376.2		0.767257
376.3		0.767257
376.4		0.767257
376.5		0.767257
376.6		0.767257
376.7		0.767257
376.8		0.767257
376.9		0.767257
377		0.767257
377.1		0.768588
377.2		0.768588
377.3		0.768588
377.4		0.768588
377.5		0.768588
377.6		0.768588
377.7		0.768588
377.8		0.768588
377.9		0.768588
378		0.768588
378.1		0.771134
378.2		0.771134
378.3		0.771134
378.4		0.771134
378.5		0.771134
378.6		0.771134
378.7		0.771134
378.8		0.771134
378.9		0.771134
379		0.771134
379.1		0.771683
379.2		0.771683
379.3		0.771683
379.4		0.771683
379.5		0.771683
379.6		0.771683
379.7		0.771683
379.8		0.771683
379.9		0.771683
380		0.771683
380.1		0.776273
380.2		0.776273
380.3		0.776273
380.4		0.776273
380.5		0.776273
380.6		0.776273
380.7		0.776273
380.8		0.776273
380.9		0.776273
381		0.776273
381.1		0.776845
381.2		0.776845
381.3		0.776845
381.4		0.776845
381.5		0.776845
381.6		0.776845
381.7		0.776845
381.8		0.776845
381.9		0.776845
382		0.776845
382.1		0.780064
382.2		0.780064
382.3		0.780064
382.4		0.780064
382.5		0.780064
382.6		0.780064
382.7		0.780064
382.8		0.780064
382.9		0.780064
383		0.780064
383.1		0.780613
383.2		0.780613
383.3		0.780613
383.4		0.780613
383.5		0.780613
383.6		0.780613
383.7		0.780613
383.8		0.780613
383.9		0.780613
384		0.780613
384.1		0.785602
384.2		0.785602
384.3		0.785602
384.4		0.785602
384.5		0.785602
384.6		0.785602
384.7		0.785602
384.8		0.785602
384.9		0.785602
385		0.785602
385.1		0.786339
385.2		0.786339
385.3		0.786339
385.4		0.786339
385.5		0.786339
385.6		0.786339
385.7		0.786339
385.8		0.786339
385.9		0.786339
386		0.786339
386.1		0.78955
386.2		0.78955
386.3		0.78955
386.4		0.78955
386.5		0.78955
386.6		0.78955
386.7		0.78955
386.8		0.78955
386.9		0.78955
387		0.78955
387.1		0.790616
387.2		0.790616
387.3		0.790616
387.4		0.790616
387.5		0.790616
387.6		0.790616
387.7		0.790616
387.8		0.790616
387.9		0.790616
388		0.790616
388.1		0.791689
388.2		0.791689
388.3		0.791689
388.4		0.791689
388.5		0.791689
388.6		0.791689
388.7		0.791689
388.8		0.791689
388.9		0.791689
389		0.791689
389.1		0.79436
389.2		0.79436
389.3		0.79436
389.4		0.79436
389.5		0.79436
389.6		0.79436
389.7		0.79436
389.8		0.79436
389.9		0.79436
390		0.79436
390.1		0.794893
390.2		0.794893
390.3		0.794893
390.4		0.794893
390.5		0.794893
390.6		0.794893
390.7		0.794893
390.8		0.794893
390.9		0.794893
391		0.794893
391.1		0.80065
391.2		0.80065
391.3		0.80065
391.4		0.80065
391.5		0.80065
391.6		0.80065
391.7		0.80065
391.8		0.80065
391.9		0.80065
392		0.80065
392.1		0.800995
392.2		0.800995
392.3		0.800995
392.4		0.800995
392.5		0.800995
392.6		0.800995
392.7		0.800995
392.8		0.800995
392.9		0.800995
393		0.800995
393.1		0.802585
393.2		0.802585
393.3		0.802585
393.4		0.802585
393.5		0.802585
393.6		0.802585
393.7		0.802585
393.8		0.802585
393.9		0.802585
394		0.802585
394.1		0.806063
394.2		0.806063
394.3		0.806063
394.4		0.806063
394.5		0.806063
394.6		0.806063
394.7		0.806063
394.8		0.806063
394.9		0.806063
395		0.806063
395.1		0.806376
395.2		0.806376
395.3		0.806376
395.4		0.806376
395.5		0.806376
395.6		0.806376
395.7		0.806376
395.8		0.806376
395.9		0.806376
396		0.806376
396.1		0.806705
396.2		0.806705
396.3		0.806705
396.4		0.806705
396.5		0.806705
396.6		0.806705
396.7		0.806705
396.8		0.806705
396.9		0.806705
397		0.806705
397.1		0.811797
397.2		0.811797
397.3		0.811797
397.4		0.811797
397.5		0.811797
397.6		0.811797
397.7		0.811797
397.8		0.811797
397.9		0.811797
398		0.811797
398.1		0.812964
398.2		0.812964
398.3		0.812964
398.4		0.812964
398.5		0.812964
398.6		0.812964
398.7		0.812964
398.8		0.812964
398.9		0.812964
399		0.812964
399.1		0.813559
399.2		0.813559
399.3		0.813559
399.4		0.813559
399.5		0.813559
399.6		0.813559
399.7		0.813559
399.8		0.813559
399.9		0.813559
400		0.813559
400.1		0.816442
400.2		0.816442
400.3		0.816442
400.4		0.816442
400.5		0.816442
400.6		0.816442
400.7		0.816442
400.8		0.816442
400.9		0.816442
401		0.816442
401.1		0.82003
401.2		0.82003
401.3		0.82003
401.4		0.82003
401.5		0.82003
401.6		0.82003
401.7		0.82003
401.8		0.82003
401.9		0.82003
402		0.82003
402.1		0.822779
402.2		0.822779
402.3		0.822779
402.4		0.822779
402.5		0.822779
402.6		0.822779
402.7		0.822779
402.8		0.822779
402.9		0.822779
403		0.822779
403.1		0.823069
403.2		0.823069
403.3		0.823069
403.4		0.823069
403.5		0.823069
403.6		0.823069
403.7		0.823069
403.8		0.823069
403.9		0.823069
404		0.823069
404.1		0.823766
404.2		0.823766
404.3		0.823766
404.4		0.823766
404.5		0.823766
404.6		0.823766
404.7		0.823766
404.8		0.823766
404.9		0.823766
405		0.823766
405.1		0.824033
405.2		0.824033
405.3		0.824033
405.4		0.824033
405.5		0.824033
405.6		0.824033
405.7		0.824033
405.8		0.824033
405.9		0.824033
406		0.824033
406.1		0.831553
406.2		0.831553
406.3		0.831553
406.4		0.831553
406.5		0.831553
406.6		0.831553
406.7		0.831553
406.8		0.831553
406.9		0.831553
407		0.831553
407.1		0.834811
407.2		0.834811
407.3		0.834811
407.4		0.834811
407.5		0.834811
407.6		0.834811
407.7		0.834811
407.8		0.834811
407.9		0.834811
408		0.834811
408.1		0.83507
408.2		0.83507
408.3		0.83507
408.4		0.83507
408.5		0.83507
408.6		0.83507
408.7		0.83507
408.8		0.83507
408.9		0.83507
409		0.83507
409.1		0.83532
409.2		0.83532
409.3		0.83532
409.4		0.83532
409.5		0.83532
409.6		0.83532
409.7		0.83532
409.8		0.83532
409.9		0.83532
410		0.83532
410.1		0.838234
410.2		0.838234
410.3		0.838234
410.4		0.838234
410.5		0.838234
410.6		0.838234
410.7		0.838234
410.8		0.838234
410.9		0.838234
411		0.838234
411.1		0.841
411.2		0.841
411.3		0.841
411.4		0.841
411.5		0.841
411.6		0.841
411.7		0.841
411.8		0.841
411.9		0.841
412		0.841
412.1		0.842323
412.2		0.842323
412.3		0.842323
412.4		0.842323
412.5		0.842323
412.6		0.842323
412.7		0.842323
412.8		0.842323
412.9		0.842323
413		0.842323
413.1		0.845347
413.2		0.845347
413.3		0.845347
413.4		0.845347
413.5		0.845347
413.6		0.845347
413.7		0.845347
413.8		0.845347
413.9		0.845347
414		0.845347
414.1		0.846397
414.2		0.846397
414.3		0.846397
414.4		0.846397
414.5		0.846397
414.6		0.846397
414.7		0.846397
414.8		0.846397
414.9		0.846397
415		0.846397
415.1		0.850086
415.2		0.850086
415.3		0.850086
415.4		0.850086
415.5		0.850086
415.6		0.850086
415.7		0.850086
415.8		0.850086
415.9		0.850086
416		0.850086
416.1		0.851441
416.2		0.851441
416.3		0.851441
416.4		0.851441
416.5		0.851441
416.6		0.851441
416.7		0.851441
416.8		0.851441
416.9		0.851441
417		0.851441
417.1		0.852953
417.2		0.852953
417.3		0.852953
417.4		0.852953
417.5		0.852953
417.6		0.852953
417.7		0.852953
417.8		0.852953
417.9		0.852953
418		0.852953
418.1		0.854457
418.2		0.854457
418.3		0.854457
418.4		0.854457
418.5		0.854457
418.6		0.854457
418.7		0.854457
418.8		0.854457
418.9		0.854457
419		0.854457
419.1		0.857606
419.2		0.857606
419.3		0.857606
419.4		0.857606
419.5		0.857606
419.6		0.857606
419.7		0.857606
419.8		0.857606
419.9		0.857606
420		0.857606
420.1		0.85951
420.2		0.85951
420.3		0.85951
420.4		0.85951
420.5		0.85951
420.6		0.85951
420.7		0.85951
420.8		0.85951
420.9		0.85951
421		0.85951
421.1		0.860606
421.2		0.860606
421.3		0.860606
421.4		0.860606
421.5		0.860606
421.6		0.860606
421.7		0.860606
421.8		0.860606
421.9		0.860606
422		0.860606
422.1		0.864069
422.2		0.864069
422.3		0.864069
422.4		0.864069
422.5		0.864069
422.6		0.864069
422.7		0.864069
422.8		0.864069
422.9		0.864069
423		0.864069
423.1		0.865298
423.2		0.865298
423.3		0.865298
423.4		0.865298
423.5		0.865298
423.6		0.865298
423.7		0.865298
423.8		0.865298
423.9		0.865298
424		0.865298
424.1		0.867061
424.2		0.867061
424.3		0.867061
424.4		0.867061
424.5		0.867061
424.6		0.867061
424.7		0.867061
424.8		0.867061
424.9		0.867061
425		0.867061
425.1		0.869591
425.2		0.869591
425.3		0.869591
425.4		0.869591
425.5		0.869591
425.6		0.869591
425.7		0.869591
425.8		0.869591
425.9		0.869591
426		0.869591
426.1		0.871573
426.2		0.871573
426.3		0.871573
426.4		0.871573
426.5		0.871573
426.6		0.871573
426.7		0.871573
426.8		0.871573
426.9		0.871573
427		0.871573
427.1		0.873578
427.2		0.873578
427.3		0.873578
427.4		0.873578
427.5		0.873578
427.6		0.873578
427.7		0.873578
427.8		0.873578
427.9		0.873578
428		0.873578
428.1		0.878341
428.2		0.878341
428.3		0.878341
428.4		0.878341
428.5		0.878341
428.6		0.878341
428.7		0.878341
428.8		0.878341
428.9		0.878341
429		0.878341
429.1		0.880088
429.2		0.880088
429.3		0.880088
429.4		0.880088
429.5		0.880088
429.6		0.880088
429.7		0.880088
429.8		0.880088
429.9		0.880088
430		0.880088
430.1		0.880346
430.2		0.880346
430.3		0.880346
430.4		0.880346
430.5		0.880346
430.6		0.880346
430.7		0.880346
430.8		0.880346
430.9		0.880346
431		0.880346
431.1		0.880558
431.2		0.880558
431.3		0.880558
431.4		0.880558
431.5		0.880558
431.6		0.880558
431.7		0.880558
431.8		0.880558
431.9		0.880558
432		0.880558
432.1		0.88648
432.2		0.88648
432.3		0.88648
432.4		0.88648
432.5		0.88648
432.6		0.88648
432.7		0.88648
432.8		0.88648
432.9		0.88648
433		0.88648
433.1		0.88684
433.2		0.88684
433.3		0.88684
433.4		0.88684
433.5		0.88684
433.6		0.88684
433.7		0.88684
433.8		0.88684
433.9		0.88684
434		0.88684
434.1		0.88861
434.2		0.88861
434.3		0.88861
434.4		0.88861
434.5		0.88861
434.6		0.88861
434.7		0.88861
434.8		0.88861
434.9		0.88861
435		0.88861
435.1		0.891282
435.2		0.891282
435.3		0.891282
435.4		0.891282
435.5		0.891282
435.6		0.891282
435.7		0.891282
435.8		0.891282
435.9		0.891282
436		0.891282
436.1		0.89407
436.2		0.89407
436.3		0.89407
436.4		0.89407
436.5		0.89407
436.6		0.89407
436.7		0.89407
436.8		0.89407
436.9		0.89407
437		0.89407
437.1		0.894368
437.2		0.894368
437.3		0.894368
437.4		0.894368
437.5		0.894368
437.6		0.894368
437.7		0.894368
437.8		0.894368
437.9		0.894368
438		0.894368
438.1		0.897595
438.2		0.897595
438.3		0.897595
438.4		0.897595
438.5		0.897595
438.6		0.897595
438.7		0.897595
438.8		0.897595
438.9		0.897595
439		0.897595
439.1		0.89801
439.2		0.89801
439.3		0.89801
439.4		0.89801
439.5		0.89801
439.6		0.89801
439.7		0.89801
439.8		0.89801
439.9		0.89801
440		0.89801
440.1		0.901802
440.2		0.901802
440.3		0.901802
440.4		0.901802
440.5		0.901802
440.6		0.901802
440.7		0.901802
440.8		0.901802
440.9		0.901802
441		0.901802
441.1		0.90524
441.2		0.90524
441.3		0.90524
441.4		0.90524
441.5		0.90524
441.6		0.90524
441.7		0.90524
441.8		0.90524
441.9		0.90524
442		0.90524
442.1		0.905366
442.2		0.905366
442.3		0.905366
442.4		0.905366
442.5		0.905366
442.6		0.905366
442.7		0.905366
442.8		0.905366
442.9		0.905366
443		0.905366
443.1		0.906079
443.2		0.906079
443.3		0.906079
443.4		0.906079
443.5		0.906079
443.6		0.906079
443.7		0.906079
443.8		0.906079
443.9		0.906079
444		0.906079
444.1		0.910528
444.2		0.910528
444.3		0.910528
444.4		0.910528
444.5		0.910528
444.6		0.910528
444.7		0.910528
444.8		0.910528
444.9		0.910528
445		0.910528
445.1		0.913129
445.2		0.913129
445.3		0.913129
445.4		0.913129
445.5		0.913129
445.6		0.913129
445.7		0.913129
445.8		0.913129
445.9		0.913129
446		0.913129
446.1		0.913912
446.2		0.913912
446.3		0.913912
446.4		0.913912
446.5		0.913912
446.6		0.913912
446.7		0.913912
446.8		0.913912
446.9		0.913912
447		0.913912
447.1		0.915283
447.2		0.915283
447.3		0.915283
447.4		0.915283
447.5		0.915283
447.6		0.915283
447.7		0.915283
447.8		0.915283
447.9		0.915283
448		0.915283
448.1		0.919881
448.2		0.919881
448.3		0.919881
448.4		0.919881
448.5		0.919881
448.6		0.919881
448.7		0.919881
448.8		0.919881
448.9		0.919881
449		0.919881
449.1		0.922082
449.2		0.922082
449.3		0.922082
449.4		0.922082
449.5		0.922082
449.6		0.922082
449.7		0.922082
449.8		0.922082
449.9		0.922082
450		0.922082
450.1		0.923805
450.2		0.923805
450.3		0.923805
450.4		0.923805
450.5		0.923805
450.6		0.923805
450.7		0.923805
450.8		0.923805
450.9		0.923805
451		0.923805
451.1		0.924918
451.2		0.924918
451.3		0.924918
451.4		0.924918
451.5		0.924918
451.6		0.924918
451.7		0.924918
451.8		0.924918
451.9		0.924918
452		0.924918
452.1		0.928153
452.2		0.928153
452.3		0.928153
452.4		0.928153
452.5		0.928153
452.6		0.928153
452.7		0.928153
452.8		0.928153
452.9		0.928153
453		0.928153
453.1		0.930409
453.2		0.930409
453.3		0.930409
453.4		0.930409
453.5		0.930409
453.6		0.930409
453.7		0.930409
453.8		0.930409
453.9		0.930409
454		0.930409
454.1		0.93062
454.2		0.93062
454.3		0.93062
454.4		0.93062
454.5		0.93062
454.6		0.93062
454.7		0.93062
454.8		0.93062
454.9		0.93062
455		0.93062
455.1		0.932524
455.2		0.932524
455.3		0.932524
455.4		0.932524
455.5		0.932524
455.6		0.932524
455.7		0.932524
455.8		0.932524
455.9		0.932524
456		0.932524
456.1		0.93344
456.2		0.93344
456.3		0.93344
456.4		0.93344
456.5		0.93344
456.6		0.93344
456.7		0.93344
456.8		0.93344
456.9		0.93344
457		0.93344
457.1		0.939433
457.2		0.939433
457.3		0.939433
457.4		0.939433
457.5		0.939433
457.6		0.939433
457.7		0.939433
457.8		0.939433
457.9		0.939433
458		0.939433
458.1		0.942527
458.2		0.942527
458.3		0.942527
458.4		0.942527
458.5		0.942527
458.6		0.942527
458.7		0.942527
458.8		0.942527
458.9		0.942527
459		0.942527
459.1		0.942958
459.2		0.942958
459.3		0.942958
459.4		0.942958
459.5		0.942958
459.6		0.942958
459.7		0.942958
459.8		0.942958
459.9		0.942958
460		0.942958
460.1		0.943851
460.2		0.943851
460.3		0.943851
460.4		0.943851
460.5		0.943851
460.6		0.943851
460.7		0.943851
460.8		0.943851
460.9		0.943851
461		0.943851
461.1		0.944681
461.2		0.944681
461.3		0.944681
461.4		0.944681
461.5		0.944681
461.6		0.944681
461.7		0.944681
461.8		0.944681
461.9		0.944681
462		0.944681
462.1		0.949037
462.2		0.949037
462.3		0.949037
462.4		0.949037
462.5		0.949037
462.6		0.949037
462.7		0.949037
462.8		0.949037
462.9		0.949037
463		0.949037
463.1		0.949718
463.2		0.949718
463.3		0.949718
463.4		0.949718
463.5		0.949718
463.6		0.949718
463.7		0.949718
463.8		0.949718
463.9		0.949718
464		0.949718
464.1		0.953846
464.2		0.953846
464.3		0.953846
464.4		0.953846
464.5		0.953846
464.6		0.953846
464.7		0.953846
464.8		0.953846
464.9		0.953846
465		0.953846
465.1		0.955342
465.2		0.955342
465.3		0.955342
465.4		0.955342
465.5		0.955342
465.6		0.955342
465.7		0.955342
465.8		0.955342
465.9		0.955342
466		0.955342
466.1		0.956079
466.2		0.956079
466.3		0.956079
466.4		0.956079
466.5		0.956079
466.6		0.956079
466.7		0.956079
466.8		0.956079
466.9		0.956079
467		0.956079
467.1		0.959376
467.2		0.959376
467.3		0.959376
467.4		0.959376
467.5		0.959376
467.6		0.959376
467.7		0.959376
467.8		0.959376
467.9		0.959376
468		0.959376
468.1		0.960974
468.2		0.960974
468.3		0.960974
468.4		0.960974
468.5		0.960974
468.6		0.960974
468.7		0.960974
468.8		0.960974
468.9		0.960974
469		0.960974
469.1		0.963583
469.2		0.963583
469.3		0.963583
469.4		0.963583
469.5		0.963583
469.6		0.963583
469.7		0.963583
469.8		0.963583
469.9		0.963583
470		0.963583
470.1		0.96793
470.2		0.96793
470.3		0.96793
470.4		0.96793
470.5		0.96793
470.6		0.96793
470.7		0.96793
470.8		0.96793
470.9		0.96793
471		0.96793
471.1		0.968306
471.2		0.968306
471.3		0.968306
471.4		0.968306
471.5		0.968306
471.6		0.968306
471.7		0.968306
471.8		0.968306
471.9		0.968306
472		0.968306
472.1		0.968737
472.2		0.968737
472.3		0.968737
472.4		0.968737
472.5		0.968737
472.6		0.968737
472.7		0.968737
472.8		0.968737
472.9		0.968737
473		0.968737
473.1		0.970711
473.2		0.970711
473.3		0.970711
473.4		0.970711
473.5		0.970711
473.6		0.970711
473.7		0.970711
473.8		0.970711
473.9		0.970711
474		0.970711
474.1		0.975161
474.2		0.975161
474.3		0.975161
474.4		0.975161
474.5		0.975161
474.6		0.975161
474.7		0.975161
474.8		0.975161
474.9		0.975161
475		0.975161
475.1		0.975396
475.2		0.975396
475.3		0.975396
475.4		0.975396
475.5		0.975396
475.6		0.975396
475.7		0.975396
475.8		0.975396
475.9		0.975396
476		0.975396
476.1		0.978169
476.2		0.978169
476.3		0.978169
476.4		0.978169
476.5		0.978169
476.6		0.978169
476.7		0.978169
476.8		0.978169
476.9		0.978169
477		0.978169
477.1		0.980934
477.2		0.980934
477.3		0.980934
477.4		0.980934
477.5		0.980934
477.6		0.980934
477.7		0.980934
477.8		0.980934
477.9		0.980934
478		0.980934
478.1		0.981897
478.2		0.981897
478.3		0.981897
478.4		0.981897
478.5		0.981897
478.6		0.981897
478.7		0.981897
478.8		0.981897
478.9		0.981897
479		0.981897
479.1		0.985477
479.2		0.985477
479.3		0.985477
479.4		0.985477
479.5		0.985477
479.6		0.985477
479.7		0.985477
479.8		0.985477
479.9		0.985477
480		0.985477
480.1		0.98637
480.2		0.98637
480.3		0.98637
480.4		0.98637
480.5		0.98637
480.6		0.98637
480.7		0.98637
480.8		0.98637
480.9		0.98637
481		0.98637
481.1		0.988062
481.2		0.988062
481.3		0.988062
481.4		0.988062
481.5		0.988062
481.6		0.988062
481.7		0.988062
481.8		0.988062
481.9		0.988062
482		0.988062
482.1		0.989738
482.2		0.989738
482.3		0.989738
482.4		0.989738
482.5		0.989738
482.6		0.989738
482.7		0.989738
482.8		0.989738
482.9		0.989738
483		0.989738
483.1		0.994368
483.2		0.994368
483.3		0.994368
483.4		0.994368
483.5		0.994368
483.6		0.994368
483.7		0.994368
483.8		0.994368
483.9		0.994368
484		0.994368
484.1		0.996851
484.2		0.996851
484.3		0.996851
484.4		0.996851
484.5		0.996851
484.6		0.996851
484.7		0.996851
484.8		0.996851
484.9		0.996851
485		0.996851
485.1		0.998927
485.2		0.998927
485.3		0.998927
485.4		0.998927
485.5		0.998927
485.6		0.998927
485.7		0.998927
485.8		0.998927
485.9		0.998927
486		0.998927
486.1		0.999334
486.2		0.999334
486.3		0.999334
486.4		0.999334
486.5		0.999334
486.6		0.999334
486.7		0.999334
486.8		0.999334
486.9		0.999334
487		0.999334
487.1		0.999969
487.2		0.999969
487.3		0.999969
487.4		0.999969
487.5		0.999969
487.6		0.999969
487.7		0.999969
487.8		0.999969
487.9		0.999969
488		0.999969
488.1		1
488.2		1
488.3		1
488.4		1
488.5		1
488.6		1
488.7		1
488.8		1
488.9		1
489		1
489.1		1
489.2		1
489.3		1
489.4		1
489.5		1
489.6		1
489.7		1
489.8		1
489.9		1
490		1
490.1		1
490.2		1
490.3		1
490.4		1
490.5		1
490.6		1
490.7		1
490.8		1
490.9		1
491		1
491.1		1
491.2		1
491.3		1
491.4		1
491.5		1
491.6		1
491.7		1
491.8		1
491.9		1
492		1
492.1		1
492.2		1
492.3		1
492.4		1
492.5		1
492.6		1
492.7		1
492.8		1
492.9		1
493		1
493.1		1
493.2		1
493.3		1
493.4		1
493.5		1
493.6		1
493.7		1
493.8		1
493.9		1
494		1
494.1		1
494.2		1
494.3		1
494.4		1
494.5		1
494.6		1
494.7		1
494.8		1
494.9		1
495		1
495.1		1
495.2		1
495.3		1
495.4		1
495.5		1
495.6		1
495.7		1
495.8		1
495.9		1
496		1
496.1		1
496.2		1
496.3		1
496.4		1
496.5		1
496.6		1
496.7		1
496.8		1
496.9		1
497		1
497.1		1
497.2		1
497.3		1
497.4		1
497.5		1
497.6		1
497.7		1
497.8		1
497.9		1
498		1
498.1		1
498.2		1
498.3		1
498.4		1
498.5		1
498.6		1
498.7		1
498.8		1
498.9		1
499		1
499.1		1
499.2		1
499.3		1
499.4		1
499.5		1
499.6		1
499.7		1
499.8		1
499.9		1
500		1
500.1		1
500.2		1
500.3		1
500.4		1
500.5		1
500.6		1
500.7		1
500.8		1
500.9		1
501		1
501.1		1
501.2		1
501.3		1
501.4		1
501.5		1
501.6		1
501.7		1
501.8		1
501.9		1
502		1
502.1		1
502.2		1
502.3		1
502.4		1
502.5		1
502.6		1
502.7		1
502.8		1
502.9		1
503		1
503.1		1
503.2		1
503.3		1
503.4		1
503.5		1
503.6		1
503.7		1
503.8		1
503.9		1
504		1
504.1		1
504.2		1
504.3		1
504.4		1
504.5		1
504.6		1
504.7		1
504.8		1
504.9		1
505		1
505.1		1
505.2		1
505.3		1
505.4		1
505.5		1
505.6		1
505.7		1
505.8		1
505.9		1
506		1
506.1		1
506.2		1
506.3		1
506.4		1
506.5		1
506.6		1
506.7		1
506.8		1
506.9		1
507		1
507.1		1
507.2		1
507.3		1
507.4		1
507.5		1
507.6		1
507.7		1
507.8		1
507.9		1
508		1
508.1		1
508.2		1
508.3		1
508.4		1
508.5		1
508.6		1
508.7		1
508.8		1
508.9		1
509		1
509.1		1
509.2		1
509.3		1
509.4		1
509.5		1
509.6		1
509.7		1
509.8		1
509.9		1
510		1
510.1		1
510.2		1
510.3		1
510.4		1
510.5		1
510.6		1
510.7		1
510.8		1
510.9		1
511		1
511.1		1
511.2		1
511.3		1
511.4		1
511.5		1
511.6		1
511.7		1
511.8		1
511.9		1
512		1
512.1		1
512.2		1
512.3		1
512.4		1
512.5		1
512.6		1
512.7		1
512.8		1
512.9		1
513		1
513.1		1
513.2		1
513.3		1
513.4		1
513.5		1
513.6		1
513.7		1
513.8		1
513.9		1
514		1
514.1		1
514.2		1
514.3		1
514.4		1
514.5		1
514.6		1
514.7		1
514.8		1
514.9		1
515		1
515.1		1
515.2		1
515.3		1
515.4		1
515.5		1
515.6		1
515.7		1
515.8		1
515.9		1
516		1
516.1		1
516.2		1
516.3		1
516.4		1
516.5		1
516.6		1
516.7		1
516.8		1
516.9		1
517		1
517.1		1
517.2		1
517.3		1
517.4		1
517.5		1
517.6		1
517.7		1
517.8		1
517.9		1
518		1
518.1		1
518.2		1
518.3		1
518.4		1
518.5		1
518.6		1
518.7		1
518.8		1
518.9		1
519		1
519.1		1
519.2		1
519.3		1
519.4		1
519.5		1
519.6		1
519.7		1
519.8		1
519.9		1
520		1
520.1		1
520.2		1
520.3		1
520.4		1
520.5		1
520.6		1
520.7		1
520.8		1
520.9		1
521		1
521.1		1
521.2		1
521.3		1
521.4		1
521.5		1
521.6		1
521.7		1
521.8		1
521.9		1
522		1
522.1		1
522.2		1
522.3		1
522.4		1
522.5		1
522.6		1
522.7		1
522.8		1
522.9		1
523		1
523.1		1
523.2		1
523.3		1
523.4		1
523.5		1
523.6		1
523.7		1
523.8		1
523.9		1
524		1
524.1		1
524.2		1
524.3		1
524.4		1
524.5		1
524.6		1
524.7		1
524.8		1
524.9		1
525		1
525.1		1
525.2		1
525.3		1
525.4		1
525.5		1
525.6		1
525.7		1
525.8		1
525.9		1
526		1
526.1		1
526.2		1
526.3		1
526.4		1
526.5		1
526.6		1
526.7		1
526.8		1
526.9		1
527		1
527.1		1
527.2		1
527.3		1
527.4		1
527.5		1
527.6		1
527.7		1
527.8		1
527.9		1
528		1
528.1		1
528.2		1
528.3		1
528.4		1
528.5		1
528.6		1
528.7		1
528.8		1
528.9		1
529		1
529.1		1
529.2		1
529.3		1
529.4		1
529.5		1
529.6		1
529.7		1
529.8		1
529.9		1
530		1
530.1		1
530.2		1
530.3		1
530.4		1
530.5		1
530.6		1
530.7		1
530.8		1
530.9		1
531		1
531.1		1
531.2		1
531.3		1
531.4		1
531.5		1
531.6		1
531.7		1
531.8		1
531.9		1
532		1
532.1		1
532.2		1
532.3		1
532.4		1
532.5		1
532.6		1
532.7		1
532.8		1
532.9		1
533		1
533.1		1
533.2		1
533.3		1
533.4		1
533.5		1
533.6		1
533.7		1
533.8		1
533.9		1
534		1
534.1		1
534.2		1
534.3		1
534.4		1
534.5		1
534.6		1
534.7		1
534.8		1
534.9		1
535		1
535.1		1
535.2		1
535.3		1
535.4		1
535.5		1
535.6		1
535.7		1
535.8		1
535.9		1
536		1
536.1		1
536.2		1
536.3		1
536.4		1
536.5		1
536.6		1
536.7		1
536.8		1
536.9		1
537		1
537.1		1
537.2		1
537.3		1
537.4		1
537.5		1
537.6		1
537.7		1
537.8		1
537.9		1
538		1
538.1		1
538.2		1
538.3		1
538.4		1
538.5		1
538.6		1
538.7		1
538.8		1
538.9		1
539		1
539.1		1
539.2		1
539.3		1
539.4		1
539.5		1
539.6		1
539.7		1
539.8		1
539.9		1
540		1
540.1		1
540.2		1
540.3		1
540.4		1
540.5		1
540.6		1
540.7		1
540.8		1
540.9		1
541		1
541.1		1
541.2		1
541.3		1
541.4		1
541.5		1
541.6		1
541.7		1
541.8		1
541.9		1
542		1
542.1		1
542.2		1
542.3		1
542.4		1
542.5		1
542.6		1
542.7		1
542.8		1
542.9		1
543		1
543.1		1
543.2		1
543.3		1
543.4		1
543.5		1
543.6		1
543.7		1
543.8		1
543.9		1
544		1
544.1		1
544.2		1
544.3		1
544.4		1
544.5		1
544.6		1
544.7		1
544.8		1
544.9		1
545		1
545.1		1
545.2		1
545.3		1
545.4		1
545.5		1
545.6		1
545.7		1
545.8		1
545.9		1
546		1
546.1		1
546.2		1
546.3		1
546.4		1
546.5		1
546.6		1
546.7		1
546.8		1
546.9		1
547		1
547.1		1
547.2		1
547.3		1
547.4		1
547.5		1
547.6		1
547.7		1
547.8		1
547.9		1
548		1
548.1		1
548.2		1
548.3		1
548.4		1
548.5		1
548.6		1
548.7		1
548.8		1
548.9		1
549		1
549.1		1
549.2		1
549.3		1
549.4		1
549.5		1
549.6		1
549.7		1
549.8		1
549.9		1
550		1
550.1		1
550.2		1
550.3		1
550.4		1
550.5		1
550.6		1
550.7		1
550.8		1
550.9		1
551		1
551.1		1
551.2		1
551.3		1
551.4		1
551.5		1
551.6		1
551.7		1
551.8		1
551.9		1
552		1
552.1		1
552.2		1
552.3		1
552.4		1
552.5		1
552.6		1
552.7		1
552.8		1
552.9		1
553		1
553.1		1
553.2		1
553.3		1
553.4		1
553.5		1
553.6		1
553.7		1
553.8		1
553.9		1
554		1
554.1		1
554.2		1
554.3		1
554.4		1
554.5		1
554.6		1
554.7		1
554.8		1
554.9		1
555		1
555.1		1
555.2		1
555.3		1
555.4		1
555.5		1
555.6		1
555.7		1
555.8		1
555.9		1
556		1
556.1		1
556.2		1
556.3		1
556.4		1
556.5		1
556.6		1
556.7		1
556.8		1
556.9		1
557		1
557.1		1
557.2		1
557.3		1
557.4		1
557.5		1
557.6		1
557.7		1
557.8		1
557.9		1
558		1
558.1		1
558.2		1
558.3		1
558.4		1
558.5		1
558.6		1
558.7		1
558.8		1
558.9		1
559		1
559.1		1
559.2		1
559.3		1
559.4		1
559.5		1
559.6		1
559.7		1
559.8		1
559.9		1
560		1
560.1		1
560.2		1
560.3		1
560.4		1
560.5		1
560.6		1
560.7		1
560.8		1
560.9		1
561		1
561.1		1
561.2		1
561.3		1
561.4		1
561.5		1
561.6		1
561.7		1
561.8		1
561.9		1
562		1
562.1		1
562.2		1
562.3		1
562.4		1
562.5		1
562.6		1
562.7		1
562.8		1
562.9		1
563		1
563.1		1
563.2		1
563.3		1
563.4		1
563.5		1
563.6		1
563.7		1
563.8		1
563.9		1
564		1
564.1		1
564.2		1
564.3		1
564.4		1
564.5		1
564.6		1
564.7		1
564.8		1
564.9		1
565		1
565.1		1
565.2		1
565.3		1
565.4		1
565.5		1
565.6		1
565.7		1
565.8		1
565.9		1
566		1
566.1		1
566.2		1
566.3		1
566.4		1
566.5		1
566.6		1
566.7		1
566.8		1
566.9		1
567		1
567.1		1
567.2		1
567.3		1
567.4		1
567.5		1
567.6		1
567.7		1
567.8		1
567.9		1
568		1
568.1		1
568.2		1
568.3		1
568.4		1
568.5		1
568.6		1
568.7		1
568.8		1
568.9		1
569		1
569.1		1
569.2		1
569.3		1
569.4		1
569.5		1
569.6		1
569.7		1
569.8		1
569.9		1
570		1
570.1		1
570.2		1
570.3		1
570.4		1
570.5		1
570.6		1
570.7		1
570.8		1
570.9		1
571		1
571.1		1
571.2		1
571.3		1
571.4		1
571.5		1
571.6		1
571.7		1
571.8		1
571.9		1
572		1
572.1		1
572.2		1
572.3		1
572.4		1
572.5		1
572.6		1
572.7		1
572.8		1
572.9		1
573		1
573.1		1
573.2		1
573.3		1
573.4		1
573.5		1
573.6		1
573.7		1
573.8		1
573.9		1
574		1
574.1		1
574.2		1
574.3		1
574.4		1
574.5		1
574.6		1
574.7		1
574.8		1
574.9		1
575		1
575.1		1
575.2		1
575.3		1
575.4		1
575.5		1
575.6		1
575.7		1
575.8		1
575.9		1
576		1
576.1		1
576.2		1
576.3		1
576.4		1
576.5		1
576.6		1
576.7		1
576.8		1
576.9		1
577		1
577.1		1
577.2		1
577.3		1
577.4		1
577.5		1
577.6		1
577.7		1
577.8		1
577.9		1
578		1
578.1		1
578.2		1
578.3		1
578.4		1
578.5		1
578.6		1
578.7		1
578.8		1
578.9		1
579		1
579.1		1
579.2		1
579.3		1
579.4		1
579.5		1
579.6		1
579.7		1
579.8		1
579.9		1
580		1
580.1		1
580.2		1
580.3		1
580.4		1
580.5		1
580.6		1
580.7		1
580.8		1
580.9		1
581		1
581.1		1
581.2		1
581.3		1
581.4		1
581.5		1
581.6		1
581.7		1
581.8		1
581.9		1
582		1
582.1		1
582.2		1
582.3		1
582.4		1
582.5		1
582.6		1
582.7		1
582.8		1
582.9		1
583		1
583.1		1
583.2		1
583.3		1
583.4		1
583.5		1
583.6		1
583.7		1
583.8		1
583.9		1
584		1
584.1		1
584.2		1
584.3		1
584.4		1
584.5		1
584.6		1
584.7		1
584.8		1
584.9		1
585		1
585.1		1
585.2		1
585.3		1
585.4		1
585.5		1
585.6		1
585.7		1
585.8		1
585.9		1
586		1
586.1		1
586.2		1
586.3		1
586.4		1
586.5		1
586.6		1
586.7		1
586.8		1
586.9		1
587		1
587.1		1
587.2		1
587.3		1
587.4		1
587.5		1
587.6		1
587.7		1
587.8		1
587.9		1
588		1
588.1		1
588.2		1
588.3		1
588.4		1
588.5		1
588.6		1
588.7		1
588.8		1
588.9		1
589		1
589.1		1
589.2		1
589.3		1
589.4		1
589.5		1
589.6		1
589.7		1
589.8		1
589.9		1
590		1
590.1		1
590.2		1
590.3		1
590.4		1
590.5		1
590.6		1
590.7		1
590.8		1
590.9		1
591		1
591.1		1
591.2		1
591.3		1
591.4		1
591.5		1
591.6		1
591.7		1
591.8		1
591.9		1
592		1
592.1		1
592.2		1
592.3		1
592.4		1
592.5		1
592.6		1
592.7		1
592.8		1
592.9		1
593		1
593.1		1
593.2		1
593.3		1
593.4		1
593.5		1
593.6		1
593.7		1
593.8		1
593.9		1
594		1
594.1		1
594.2		1
594.3		1
594.4		1
594.5		1
594.6		1
594.7		1
594.8		1
594.9		1
595		1
595.1		1
595.2		1
595.3		1
595.4		1
595.5		1
595.6		1
595.7		1
595.8		1
595.9		1
596		1
596.1		1
596.2		1
596.3		1
596.4		1
596.5		1
596.6		1
596.7		1
596.8		1
596.9		1
597		1
597.1		1
597.2		1
597.3		1
597.4		1
597.5		1
597.6		1
597.7		1
597.8		1
597.9		1
598		1
598.1		1
598.2		1
598.3		1
598.4		1
598.5		1
598.6		1
598.7		1
598.8		1
598.9		1
599		1
599.1		1
599.2		1
599.3		1
599.4		1
599.5		1
599.6		1
599.7		1
599.8		1
599.9		1
600		1
