# Calibration file of tamex_id 1 @ channel 49
# fine_T bin		 Calibration value
0.1		0
0.2		0
0.3		0
0.4		0
0.5		0
0.6		0
0.7		0
0.8		0
0.9		0
1		0
1.1		0
1.2		0
1.3		0
1.4		0
1.5		0
1.6		0
1.7		0
1.8		0
1.9		0
2		0
2.1		0
2.2		0
2.3		0
2.4		0
2.5		0
2.6		0
2.7		0
2.8		0
2.9		0
3		0
3.1		0
3.2		0
3.3		0
3.4		0
3.5		0
3.6		0
3.7		0
3.8		0
3.9		0
4		0
4.1		0
4.2		0
4.3		0
4.4		0
4.5		0
4.6		0
4.7		0
4.8		0
4.9		0
5		0
5.1		0
5.2		0
5.3		0
5.4		0
5.5		0
5.6		0
5.7		0
5.8		0
5.9		0
6		0
6.1		0
6.2		0
6.3		0
6.4		0
6.5		0
6.6		0
6.7		0
6.8		0
6.9		0
7		0
7.1		0
7.2		0
7.3		0
7.4		0
7.5		0
7.6		0
7.7		0
7.8		0
7.9		0
8		0
8.1		0
8.2		0
8.3		0
8.4		0
8.5		0
8.6		0
8.7		0
8.8		0
8.9		0
9		0
9.1		0
9.2		0
9.3		0
9.4		0
9.5		0
9.6		0
9.7		0
9.8		0
9.9		0
10		0
10.1		0
10.2		0
10.3		0
10.4		0
10.5		0
10.6		0
10.7		0
10.8		0
10.9		0
11		0
11.1		0
11.2		0
11.3		0
11.4		0
11.5		0
11.6		0
11.7		0
11.8		0
11.9		0
12		0
12.1		0
12.2		0
12.3		0
12.4		0
12.5		0
12.6		0
12.7		0
12.8		0
12.9		0
13		0
13.1		0
13.2		0
13.3		0
13.4		0
13.5		0
13.6		0
13.7		0
13.8		0
13.9		0
14		0
14.1		0
14.2		0
14.3		0
14.4		0
14.5		0
14.6		0
14.7		0
14.8		0
14.9		0
15		0
15.1		0
15.2		0
15.3		0
15.4		0
15.5		0
15.6		0
15.7		0
15.8		0
15.9		0
16		0
16.1		0.00299963
16.2		0.00299963
16.3		0.00299963
16.4		0.00299963
16.5		0.00299963
16.6		0.00299963
16.7		0.00299963
16.8		0.00299963
16.9		0.00299963
17		0.00299963
17.1		0.0101678
17.2		0.0101678
17.3		0.0101678
17.4		0.0101678
17.5		0.0101678
17.6		0.0101678
17.7		0.0101678
17.8		0.0101678
17.9		0.0101678
18		0.0101678
18.1		0.0114912
18.2		0.0114912
18.3		0.0114912
18.4		0.0114912
18.5		0.0114912
18.6		0.0114912
18.7		0.0114912
18.8		0.0114912
18.9		0.0114912
19		0.0114912
19.1		0.0116677
19.2		0.0116677
19.3		0.0116677
19.4		0.0116677
19.5		0.0116677
19.6		0.0116677
19.7		0.0116677
19.8		0.0116677
19.9		0.0116677
20		0.0116677
20.1		0.0186374
20.2		0.0186374
20.3		0.0186374
20.4		0.0186374
20.5		0.0186374
20.6		0.0186374
20.7		0.0186374
20.8		0.0186374
20.9		0.0186374
21		0.0186374
21.1		0.0198284
21.2		0.0198284
21.3		0.0198284
21.4		0.0198284
21.5		0.0198284
21.6		0.0198284
21.7		0.0198284
21.8		0.0198284
21.9		0.0198284
22		0.0198284
22.1		0.0212841
22.2		0.0212841
22.3		0.0212841
22.4		0.0212841
22.5		0.0212841
22.6		0.0212841
22.7		0.0212841
22.8		0.0212841
22.9		0.0212841
23		0.0212841
23.1		0.0216591
23.2		0.0216591
23.3		0.0216591
23.4		0.0216591
23.5		0.0216591
23.6		0.0216591
23.7		0.0216591
23.8		0.0216591
23.9		0.0216591
24		0.0216591
24.1		0.0235338
24.2		0.0235338
24.3		0.0235338
24.4		0.0235338
24.5		0.0235338
24.6		0.0235338
24.7		0.0235338
24.8		0.0235338
24.9		0.0235338
25		0.0235338
25.1		0.0291802
25.2		0.0291802
25.3		0.0291802
25.4		0.0291802
25.5		0.0291802
25.6		0.0291802
25.7		0.0291802
25.8		0.0291802
25.9		0.0291802
26		0.0291802
26.1		0.030283
26.2		0.030283
26.3		0.030283
26.4		0.030283
26.5		0.030283
26.6		0.030283
26.7		0.030283
26.8		0.030283
26.9		0.030283
27		0.030283
27.1		0.0304815
27.2		0.0304815
27.3		0.0304815
27.4		0.0304815
27.5		0.0304815
27.6		0.0304815
27.7		0.0304815
27.8		0.0304815
27.9		0.0304815
28		0.0304815
28.1		0.0309667
28.2		0.0309667
28.3		0.0309667
28.4		0.0309667
28.5		0.0309667
28.6		0.0309667
28.7		0.0309667
28.8		0.0309667
28.9		0.0309667
29		0.0309667
29.1		0.0357308
29.2		0.0357308
29.3		0.0357308
29.4		0.0357308
29.5		0.0357308
29.6		0.0357308
29.7		0.0357308
29.8		0.0357308
29.9		0.0357308
30		0.0357308
30.1		0.0372306
30.2		0.0372306
30.3		0.0372306
30.4		0.0372306
30.5		0.0372306
30.6		0.0372306
30.7		0.0372306
30.8		0.0372306
30.9		0.0372306
31		0.0372306
31.1		0.0385099
31.2		0.0385099
31.3		0.0385099
31.4		0.0385099
31.5		0.0385099
31.6		0.0385099
31.7		0.0385099
31.8		0.0385099
31.9		0.0385099
32		0.0385099
32.1		0.0397009
32.2		0.0397009
32.3		0.0397009
32.4		0.0397009
32.5		0.0397009
32.6		0.0397009
32.7		0.0397009
32.8		0.0397009
32.9		0.0397009
33		0.0397009
33.1		0.0399876
33.2		0.0399876
33.3		0.0399876
33.4		0.0399876
33.5		0.0399876
33.6		0.0399876
33.7		0.0399876
33.8		0.0399876
33.9		0.0399876
34		0.0399876
34.1		0.0469794
34.2		0.0469794
34.3		0.0469794
34.4		0.0469794
34.5		0.0469794
34.6		0.0469794
34.7		0.0469794
34.8		0.0469794
34.9		0.0469794
35		0.0469794
35.1		0.0470897
35.2		0.0470897
35.3		0.0470897
35.4		0.0470897
35.5		0.0470897
35.6		0.0470897
35.7		0.0470897
35.8		0.0470897
35.9		0.0470897
36		0.0470897
36.1		0.0471559
36.2		0.0471559
36.3		0.0471559
36.4		0.0471559
36.5		0.0471559
36.6		0.0471559
36.7		0.0471559
36.8		0.0471559
36.9		0.0471559
37		0.0471559
37.1		0.0496041
37.2		0.0496041
37.3		0.0496041
37.4		0.0496041
37.5		0.0496041
37.6		0.0496041
37.7		0.0496041
37.8		0.0496041
37.9		0.0496041
38		0.0496041
38.1		0.053111
38.2		0.053111
38.3		0.053111
38.4		0.053111
38.5		0.053111
38.6		0.053111
38.7		0.053111
38.8		0.053111
38.9		0.053111
39		0.053111
39.1		0.0535742
39.2		0.0535742
39.3		0.0535742
39.4		0.0535742
39.5		0.0535742
39.6		0.0535742
39.7		0.0535742
39.8		0.0535742
39.9		0.0535742
40		0.0535742
40.1		0.0572575
40.2		0.0572575
40.3		0.0572575
40.4		0.0572575
40.5		0.0572575
40.6		0.0572575
40.7		0.0572575
40.8		0.0572575
40.9		0.0572575
41		0.0572575
41.1		0.0577869
41.2		0.0577869
41.3		0.0577869
41.4		0.0577869
41.5		0.0577869
41.6		0.0577869
41.7		0.0577869
41.8		0.0577869
41.9		0.0577869
42		0.0577869
42.1		0.0616467
42.2		0.0616467
42.3		0.0616467
42.4		0.0616467
42.5		0.0616467
42.6		0.0616467
42.7		0.0616467
42.8		0.0616467
42.9		0.0616467
43		0.0616467
43.1		0.0633671
43.2		0.0633671
43.3		0.0633671
43.4		0.0633671
43.5		0.0633671
43.6		0.0633671
43.7		0.0633671
43.8		0.0633671
43.9		0.0633671
44		0.0633671
44.1		0.0652418
44.2		0.0652418
44.3		0.0652418
44.4		0.0652418
44.5		0.0652418
44.6		0.0652418
44.7		0.0652418
44.8		0.0652418
44.9		0.0652418
45		0.0652418
45.1		0.0653521
45.2		0.0653521
45.3		0.0653521
45.4		0.0653521
45.5		0.0653521
45.6		0.0653521
45.7		0.0653521
45.8		0.0653521
45.9		0.0653521
46		0.0653521
46.1		0.0699618
46.2		0.0699618
46.3		0.0699618
46.4		0.0699618
46.5		0.0699618
46.6		0.0699618
46.7		0.0699618
46.8		0.0699618
46.9		0.0699618
47		0.0699618
47.1		0.0702265
47.2		0.0702265
47.3		0.0702265
47.4		0.0702265
47.5		0.0702265
47.6		0.0702265
47.7		0.0702265
47.8		0.0702265
47.9		0.0702265
48		0.0702265
48.1		0.0739319
48.2		0.0739319
48.3		0.0739319
48.4		0.0739319
48.5		0.0739319
48.6		0.0739319
48.7		0.0739319
48.8		0.0739319
48.9		0.0739319
49		0.0739319
49.1		0.0748362
49.2		0.0748362
49.3		0.0748362
49.4		0.0748362
49.5		0.0748362
49.6		0.0748362
49.7		0.0748362
49.8		0.0748362
49.9		0.0748362
50		0.0748362
50.1		0.077483
50.2		0.077483
50.3		0.077483
50.4		0.077483
50.5		0.077483
50.6		0.077483
50.7		0.077483
50.8		0.077483
50.9		0.077483
51		0.077483
51.1		0.0785417
51.2		0.0785417
51.3		0.0785417
51.4		0.0785417
51.5		0.0785417
51.6		0.0785417
51.7		0.0785417
51.8		0.0785417
51.9		0.0785417
52		0.0785417
52.1		0.0794239
52.2		0.0794239
52.3		0.0794239
52.4		0.0794239
52.5		0.0794239
52.6		0.0794239
52.7		0.0794239
52.8		0.0794239
52.9		0.0794239
53		0.0794239
53.1		0.0805708
53.2		0.0805708
53.3		0.0805708
53.4		0.0805708
53.5		0.0805708
53.6		0.0805708
53.7		0.0805708
53.8		0.0805708
53.9		0.0805708
54		0.0805708
54.1		0.0862392
54.2		0.0862392
54.3		0.0862392
54.4		0.0862392
54.5		0.0862392
54.6		0.0862392
54.7		0.0862392
54.8		0.0862392
54.9		0.0862392
55		0.0862392
55.1		0.0881581
55.2		0.0881581
55.3		0.0881581
55.4		0.0881581
55.5		0.0881581
55.6		0.0881581
55.7		0.0881581
55.8		0.0881581
55.9		0.0881581
56		0.0881581
56.1		0.0882684
56.2		0.0882684
56.3		0.0882684
56.4		0.0882684
56.5		0.0882684
56.6		0.0882684
56.7		0.0882684
56.8		0.0882684
56.9		0.0882684
57		0.0882684
57.1		0.0891286
57.2		0.0891286
57.3		0.0891286
57.4		0.0891286
57.5		0.0891286
57.6		0.0891286
57.7		0.0891286
57.8		0.0891286
57.9		0.0891286
58		0.0891286
58.1		0.0949293
58.2		0.0949293
58.3		0.0949293
58.4		0.0949293
58.5		0.0949293
58.6		0.0949293
58.7		0.0949293
58.8		0.0949293
58.9		0.0949293
59		0.0949293
59.1		0.0962747
59.2		0.0962747
59.3		0.0962747
59.4		0.0962747
59.5		0.0962747
59.6		0.0962747
59.7		0.0962747
59.8		0.0962747
59.9		0.0962747
60		0.0962747
60.1		0.097554
60.2		0.097554
60.3		0.097554
60.4		0.097554
60.5		0.097554
60.6		0.097554
60.7		0.097554
60.8		0.097554
60.9		0.097554
61		0.097554
61.1		0.0985244
61.2		0.0985244
61.3		0.0985244
61.4		0.0985244
61.5		0.0985244
61.6		0.0985244
61.7		0.0985244
61.8		0.0985244
61.9		0.0985244
62		0.0985244
62.1		0.100796
62.2		0.100796
62.3		0.100796
62.4		0.100796
62.5		0.100796
62.6		0.100796
62.7		0.100796
62.8		0.100796
62.9		0.100796
63		0.100796
63.1		0.103928
63.2		0.103928
63.3		0.103928
63.4		0.103928
63.5		0.103928
63.6		0.103928
63.7		0.103928
63.8		0.103928
63.9		0.103928
64		0.103928
64.1		0.105428
64.2		0.105428
64.3		0.105428
64.4		0.105428
64.5		0.105428
64.6		0.105428
64.7		0.105428
64.8		0.105428
64.9		0.105428
65		0.105428
65.1		0.108317
65.2		0.108317
65.3		0.108317
65.4		0.108317
65.5		0.108317
65.6		0.108317
65.7		0.108317
65.8		0.108317
65.9		0.108317
66		0.108317
66.1		0.110082
66.2		0.110082
66.3		0.110082
66.4		0.110082
66.5		0.110082
66.6		0.110082
66.7		0.110082
66.8		0.110082
66.9		0.110082
67		0.110082
67.1		0.110611
67.2		0.110611
67.3		0.110611
67.4		0.110611
67.5		0.110611
67.6		0.110611
67.7		0.110611
67.8		0.110611
67.9		0.110611
68		0.110611
68.1		0.113743
68.2		0.113743
68.3		0.113743
68.4		0.113743
68.5		0.113743
68.6		0.113743
68.7		0.113743
68.8		0.113743
68.9		0.113743
69		0.113743
69.1		0.116456
69.2		0.116456
69.3		0.116456
69.4		0.116456
69.5		0.116456
69.6		0.116456
69.7		0.116456
69.8		0.116456
69.9		0.116456
70		0.116456
70.1		0.11725
70.2		0.11725
70.3		0.11725
70.4		0.11725
70.5		0.11725
70.6		0.11725
70.7		0.11725
70.8		0.11725
70.9		0.11725
71		0.11725
71.1		0.117779
71.2		0.117779
71.3		0.117779
71.4		0.117779
71.5		0.117779
71.6		0.117779
71.7		0.117779
71.8		0.117779
71.9		0.117779
72		0.117779
72.1		0.122698
72.2		0.122698
72.3		0.122698
72.4		0.122698
72.5		0.122698
72.6		0.122698
72.7		0.122698
72.8		0.122698
72.9		0.122698
73		0.122698
73.1		0.123426
73.2		0.123426
73.3		0.123426
73.4		0.123426
73.5		0.123426
73.6		0.123426
73.7		0.123426
73.8		0.123426
73.9		0.123426
74		0.123426
74.1		0.124815
74.2		0.124815
74.3		0.124815
74.4		0.124815
74.5		0.124815
74.6		0.124815
74.7		0.124815
74.8		0.124815
74.9		0.124815
75		0.124815
75.1		0.127572
75.2		0.127572
75.3		0.127572
75.4		0.127572
75.5		0.127572
75.6		0.127572
75.7		0.127572
75.8		0.127572
75.9		0.127572
76		0.127572
76.1		0.131013
76.2		0.131013
76.3		0.131013
76.4		0.131013
76.5		0.131013
76.6		0.131013
76.7		0.131013
76.8		0.131013
76.9		0.131013
77		0.131013
77.1		0.131984
77.2		0.131984
77.3		0.131984
77.4		0.131984
77.5		0.131984
77.6		0.131984
77.7		0.131984
77.8		0.131984
77.9		0.131984
78		0.131984
78.1		0.132292
78.2		0.132292
78.3		0.132292
78.4		0.132292
78.5		0.132292
78.6		0.132292
78.7		0.132292
78.8		0.132292
78.9		0.132292
79		0.132292
79.1		0.13313
79.2		0.13313
79.3		0.13313
79.4		0.13313
79.5		0.13313
79.6		0.13313
79.7		0.13313
79.8		0.13313
79.9		0.13313
80		0.13313
80.1		0.140916
80.2		0.140916
80.3		0.140916
80.4		0.140916
80.5		0.140916
80.6		0.140916
80.7		0.140916
80.8		0.140916
80.9		0.140916
81		0.140916
81.1		0.142747
81.2		0.142747
81.3		0.142747
81.4		0.142747
81.5		0.142747
81.6		0.142747
81.7		0.142747
81.8		0.142747
81.9		0.142747
82		0.142747
82.1		0.143034
82.2		0.143034
82.3		0.143034
82.4		0.143034
82.5		0.143034
82.6		0.143034
82.7		0.143034
82.8		0.143034
82.9		0.143034
83		0.143034
83.1		0.14321
83.2		0.14321
83.3		0.14321
83.4		0.14321
83.5		0.14321
83.6		0.14321
83.7		0.14321
83.8		0.14321
83.9		0.14321
84		0.14321
84.1		0.147754
84.2		0.147754
84.3		0.147754
84.4		0.147754
84.5		0.147754
84.6		0.147754
84.7		0.147754
84.8		0.147754
84.9		0.147754
85		0.147754
85.1		0.151834
85.2		0.151834
85.3		0.151834
85.4		0.151834
85.5		0.151834
85.6		0.151834
85.7		0.151834
85.8		0.151834
85.9		0.151834
86		0.151834
86.1		0.152849
86.2		0.152849
86.3		0.152849
86.4		0.152849
86.5		0.152849
86.6		0.152849
86.7		0.152849
86.8		0.152849
86.9		0.152849
87		0.152849
87.1		0.153025
87.2		0.153025
87.3		0.153025
87.4		0.153025
87.5		0.153025
87.6		0.153025
87.7		0.153025
87.8		0.153025
87.9		0.153025
88		0.153025
88.1		0.156863
88.2		0.156863
88.3		0.156863
88.4		0.156863
88.5		0.156863
88.6		0.156863
88.7		0.156863
88.8		0.156863
88.9		0.156863
89		0.156863
89.1		0.158892
89.2		0.158892
89.3		0.158892
89.4		0.158892
89.5		0.158892
89.6		0.158892
89.7		0.158892
89.8		0.158892
89.9		0.158892
90		0.158892
90.1		0.161009
90.2		0.161009
90.3		0.161009
90.4		0.161009
90.5		0.161009
90.6		0.161009
90.7		0.161009
90.8		0.161009
90.9		0.161009
91		0.161009
91.1		0.163149
91.2		0.163149
91.3		0.163149
91.4		0.163149
91.5		0.163149
91.6		0.163149
91.7		0.163149
91.8		0.163149
91.9		0.163149
92		0.163149
92.1		0.164252
92.2		0.164252
92.3		0.164252
92.4		0.164252
92.5		0.164252
92.6		0.164252
92.7		0.164252
92.8		0.164252
92.9		0.164252
93		0.164252
93.1		0.166876
93.2		0.166876
93.3		0.166876
93.4		0.166876
93.5		0.166876
93.6		0.166876
93.7		0.166876
93.8		0.166876
93.9		0.166876
94		0.166876
94.1		0.167185
94.2		0.167185
94.3		0.167185
94.4		0.167185
94.5		0.167185
94.6		0.167185
94.7		0.167185
94.8		0.167185
94.9		0.167185
95		0.167185
95.1		0.16981
95.2		0.16981
95.3		0.16981
95.4		0.16981
95.5		0.16981
95.6		0.16981
95.7		0.16981
95.8		0.16981
95.9		0.16981
96		0.16981
96.1		0.170229
96.2		0.170229
96.3		0.170229
96.4		0.170229
96.5		0.170229
96.6		0.170229
96.7		0.170229
96.8		0.170229
96.9		0.170229
97		0.170229
97.1		0.174022
97.2		0.174022
97.3		0.174022
97.4		0.174022
97.5		0.174022
97.6		0.174022
97.7		0.174022
97.8		0.174022
97.9		0.174022
98		0.174022
98.1		0.176493
98.2		0.176493
98.3		0.176493
98.4		0.176493
98.5		0.176493
98.6		0.176493
98.7		0.176493
98.8		0.176493
98.9		0.176493
99		0.176493
99.1		0.178323
99.2		0.178323
99.3		0.178323
99.4		0.178323
99.5		0.178323
99.6		0.178323
99.7		0.178323
99.8		0.178323
99.9		0.178323
100		0.178323
100.1		0.178654
100.2		0.178654
100.3		0.178654
100.4		0.178654
100.5		0.178654
100.6		0.178654
100.7		0.178654
100.8		0.178654
100.9		0.178654
101		0.178654
101.1		0.179669
101.2		0.179669
101.3		0.179669
101.4		0.179669
101.5		0.179669
101.6		0.179669
101.7		0.179669
101.8		0.179669
101.9		0.179669
102		0.179669
102.1		0.18408
102.2		0.18408
102.3		0.18408
102.4		0.18408
102.5		0.18408
102.6		0.18408
102.7		0.18408
102.8		0.18408
102.9		0.18408
103		0.18408
103.1		0.186087
103.2		0.186087
103.3		0.186087
103.4		0.186087
103.5		0.186087
103.6		0.186087
103.7		0.186087
103.8		0.186087
103.9		0.186087
104		0.186087
104.1		0.187785
104.2		0.187785
104.3		0.187785
104.4		0.187785
104.5		0.187785
104.6		0.187785
104.7		0.187785
104.8		0.187785
104.9		0.187785
105		0.187785
105.1		0.189219
105.2		0.189219
105.3		0.189219
105.4		0.189219
105.5		0.189219
105.6		0.189219
105.7		0.189219
105.8		0.189219
105.9		0.189219
106		0.189219
106.1		0.190476
106.2		0.190476
106.3		0.190476
106.4		0.190476
106.5		0.190476
106.6		0.190476
106.7		0.190476
106.8		0.190476
106.9		0.190476
107		0.190476
107.1		0.194049
107.2		0.194049
107.3		0.194049
107.4		0.194049
107.5		0.194049
107.6		0.194049
107.7		0.194049
107.8		0.194049
107.9		0.194049
108		0.194049
108.1		0.194402
108.2		0.194402
108.3		0.194402
108.4		0.194402
108.5		0.194402
108.6		0.194402
108.7		0.194402
108.8		0.194402
108.9		0.194402
109		0.194402
109.1		0.198328
109.2		0.198328
109.3		0.198328
109.4		0.198328
109.5		0.198328
109.6		0.198328
109.7		0.198328
109.8		0.198328
109.9		0.198328
110		0.198328
110.1		0.202607
110.2		0.202607
110.3		0.202607
110.4		0.202607
110.5		0.202607
110.6		0.202607
110.7		0.202607
110.8		0.202607
110.9		0.202607
111		0.202607
111.1		0.203335
111.2		0.203335
111.3		0.203335
111.4		0.203335
111.5		0.203335
111.6		0.203335
111.7		0.203335
111.8		0.203335
111.9		0.203335
112		0.203335
112.1		0.20532
112.2		0.20532
112.3		0.20532
112.4		0.20532
112.5		0.20532
112.6		0.20532
112.7		0.20532
112.8		0.20532
112.9		0.20532
113		0.20532
113.1		0.207151
113.2		0.207151
113.3		0.207151
113.4		0.207151
113.5		0.207151
113.6		0.207151
113.7		0.207151
113.8		0.207151
113.9		0.207151
114		0.207151
114.1		0.209731
114.2		0.209731
114.3		0.209731
114.4		0.209731
114.5		0.209731
114.6		0.209731
114.7		0.209731
114.8		0.209731
114.9		0.209731
115		0.209731
115.1		0.213481
115.2		0.213481
115.3		0.213481
115.4		0.213481
115.5		0.213481
115.6		0.213481
115.7		0.213481
115.8		0.213481
115.9		0.213481
116		0.213481
116.1		0.213613
116.2		0.213613
116.3		0.213613
116.4		0.213613
116.5		0.213613
116.6		0.213613
116.7		0.213613
116.8		0.213613
116.9		0.213613
117		0.213613
117.1		0.216899
117.2		0.216899
117.3		0.216899
117.4		0.216899
117.5		0.216899
117.6		0.216899
117.7		0.216899
117.8		0.216899
117.9		0.216899
118		0.216899
118.1		0.217032
118.2		0.217032
118.3		0.217032
118.4		0.217032
118.5		0.217032
118.6		0.217032
118.7		0.217032
118.8		0.217032
118.9		0.217032
119		0.217032
119.1		0.220097
119.2		0.220097
119.3		0.220097
119.4		0.220097
119.5		0.220097
119.6		0.220097
119.7		0.220097
119.8		0.220097
119.9		0.220097
120		0.220097
120.1		0.22173
120.2		0.22173
120.3		0.22173
120.4		0.22173
120.5		0.22173
120.6		0.22173
120.7		0.22173
120.8		0.22173
120.9		0.22173
121		0.22173
121.1		0.222744
121.2		0.222744
121.3		0.222744
121.4		0.222744
121.5		0.222744
121.6		0.222744
121.7		0.222744
121.8		0.222744
121.9		0.222744
122		0.222744
122.1		0.224597
122.2		0.224597
122.3		0.224597
122.4		0.224597
122.5		0.224597
122.6		0.224597
122.7		0.224597
122.8		0.224597
122.9		0.224597
123		0.224597
123.1		0.226935
123.2		0.226935
123.3		0.226935
123.4		0.226935
123.5		0.226935
123.6		0.226935
123.7		0.226935
123.8		0.226935
123.9		0.226935
124		0.226935
124.1		0.231743
124.2		0.231743
124.3		0.231743
124.4		0.231743
124.5		0.231743
124.6		0.231743
124.7		0.231743
124.8		0.231743
124.9		0.231743
125		0.231743
125.1		0.2345
125.2		0.2345
125.3		0.2345
125.4		0.2345
125.5		0.2345
125.6		0.2345
125.7		0.2345
125.8		0.2345
125.9		0.2345
126		0.2345
126.1		0.234743
126.2		0.234743
126.3		0.234743
126.4		0.234743
126.5		0.234743
126.6		0.234743
126.7		0.234743
126.8		0.234743
126.9		0.234743
127		0.234743
127.1		0.234941
127.2		0.234941
127.3		0.234941
127.4		0.234941
127.5		0.234941
127.6		0.234941
127.7		0.234941
127.8		0.234941
127.9		0.234941
128		0.234941
128.1		0.23847
128.2		0.23847
128.3		0.23847
128.4		0.23847
128.5		0.23847
128.6		0.23847
128.7		0.23847
128.8		0.23847
128.9		0.23847
129		0.23847
129.1		0.24083
129.2		0.24083
129.3		0.24083
129.4		0.24083
129.5		0.24083
129.6		0.24083
129.7		0.24083
129.8		0.24083
129.9		0.24083
130		0.24083
130.1		0.241646
130.2		0.241646
130.3		0.241646
130.4		0.241646
130.5		0.241646
130.6		0.241646
130.7		0.241646
130.8		0.241646
130.9		0.241646
131		0.241646
131.1		0.245308
131.2		0.245308
131.3		0.245308
131.4		0.245308
131.5		0.245308
131.6		0.245308
131.7		0.245308
131.8		0.245308
131.9		0.245308
132		0.245308
132.1		0.246256
132.2		0.246256
132.3		0.246256
132.4		0.246256
132.5		0.246256
132.6		0.246256
132.7		0.246256
132.8		0.246256
132.9		0.246256
133		0.246256
133.1		0.249035
133.2		0.249035
133.3		0.249035
133.4		0.249035
133.5		0.249035
133.6		0.249035
133.7		0.249035
133.8		0.249035
133.9		0.249035
134		0.249035
134.1		0.249256
134.2		0.249256
134.3		0.249256
134.4		0.249256
134.5		0.249256
134.6		0.249256
134.7		0.249256
134.8		0.249256
134.9		0.249256
135		0.249256
135.1		0.249564
135.2		0.249564
135.3		0.249564
135.4		0.249564
135.5		0.249564
135.6		0.249564
135.7		0.249564
135.8		0.249564
135.9		0.249564
136		0.249564
136.1		0.255961
136.2		0.255961
136.3		0.255961
136.4		0.255961
136.5		0.255961
136.6		0.255961
136.7		0.255961
136.8		0.255961
136.9		0.255961
137		0.255961
137.1		0.257041
137.2		0.257041
137.3		0.257041
137.4		0.257041
137.5		0.257041
137.6		0.257041
137.7		0.257041
137.8		0.257041
137.9		0.257041
138		0.257041
138.1		0.258519
138.2		0.258519
138.3		0.258519
138.4		0.258519
138.5		0.258519
138.6		0.258519
138.7		0.258519
138.8		0.258519
138.9		0.258519
139		0.258519
139.1		0.260063
139.2		0.260063
139.3		0.260063
139.4		0.260063
139.5		0.260063
139.6		0.260063
139.7		0.260063
139.8		0.260063
139.9		0.260063
140		0.260063
140.1		0.261717
140.2		0.261717
140.3		0.261717
140.4		0.261717
140.5		0.261717
140.6		0.261717
140.7		0.261717
140.8		0.261717
140.9		0.261717
141		0.261717
141.1		0.263394
141.2		0.263394
141.3		0.263394
141.4		0.263394
141.5		0.263394
141.6		0.263394
141.7		0.263394
141.8		0.263394
141.9		0.263394
142		0.263394
142.1		0.267099
142.2		0.267099
142.3		0.267099
142.4		0.267099
142.5		0.267099
142.6		0.267099
142.7		0.267099
142.8		0.267099
142.9		0.267099
143		0.267099
143.1		0.268709
143.2		0.268709
143.3		0.268709
143.4		0.268709
143.5		0.268709
143.6		0.268709
143.7		0.268709
143.8		0.268709
143.9		0.268709
144		0.268709
144.1		0.271885
144.2		0.271885
144.3		0.271885
144.4		0.271885
144.5		0.271885
144.6		0.271885
144.7		0.271885
144.8		0.271885
144.9		0.271885
145		0.271885
145.1		0.272569
145.2		0.272569
145.3		0.272569
145.4		0.272569
145.5		0.272569
145.6		0.272569
145.7		0.272569
145.8		0.272569
145.9		0.272569
146		0.272569
146.1		0.274113
146.2		0.274113
146.3		0.274113
146.4		0.274113
146.5		0.274113
146.6		0.274113
146.7		0.274113
146.8		0.274113
146.9		0.274113
147		0.274113
147.1		0.274554
147.2		0.274554
147.3		0.274554
147.4		0.274554
147.5		0.274554
147.6		0.274554
147.7		0.274554
147.8		0.274554
147.9		0.274554
148		0.274554
148.1		0.279164
148.2		0.279164
148.3		0.279164
148.4		0.279164
148.5		0.279164
148.6		0.279164
148.7		0.279164
148.8		0.279164
148.9		0.279164
149		0.279164
149.1		0.28384
149.2		0.28384
149.3		0.28384
149.4		0.28384
149.5		0.28384
149.6		0.28384
149.7		0.28384
149.8		0.28384
149.9		0.28384
150		0.28384
150.1		0.284832
150.2		0.284832
150.3		0.284832
150.4		0.284832
150.5		0.284832
150.6		0.284832
150.7		0.284832
150.8		0.284832
150.9		0.284832
151		0.284832
151.1		0.285891
151.2		0.285891
151.3		0.285891
151.4		0.285891
151.5		0.285891
151.6		0.285891
151.7		0.285891
151.8		0.285891
151.9		0.285891
152		0.285891
152.1		0.286045
152.2		0.286045
152.3		0.286045
152.4		0.286045
152.5		0.286045
152.6		0.286045
152.7		0.286045
152.8		0.286045
152.9		0.286045
153		0.286045
153.1		0.290478
153.2		0.290478
153.3		0.290478
153.4		0.290478
153.5		0.290478
153.6		0.290478
153.7		0.290478
153.8		0.290478
153.9		0.290478
154		0.290478
154.1		0.291052
154.2		0.291052
154.3		0.291052
154.4		0.291052
154.5		0.291052
154.6		0.291052
154.7		0.291052
154.8		0.291052
154.9		0.291052
155		0.291052
155.1		0.29361
155.2		0.29361
155.3		0.29361
155.4		0.29361
155.5		0.29361
155.6		0.29361
155.7		0.29361
155.8		0.29361
155.9		0.29361
156		0.29361
156.1		0.294603
156.2		0.294603
156.3		0.294603
156.4		0.294603
156.5		0.294603
156.6		0.294603
156.7		0.294603
156.8		0.294603
156.9		0.294603
157		0.294603
157.1		0.296191
157.2		0.296191
157.3		0.296191
157.4		0.296191
157.5		0.296191
157.6		0.296191
157.7		0.296191
157.8		0.296191
157.9		0.296191
158		0.296191
158.1		0.300514
158.2		0.300514
158.3		0.300514
158.4		0.300514
158.5		0.300514
158.6		0.300514
158.7		0.300514
158.8		0.300514
158.9		0.300514
159		0.300514
159.1		0.301396
159.2		0.301396
159.3		0.301396
159.4		0.301396
159.5		0.301396
159.6		0.301396
159.7		0.301396
159.8		0.301396
159.9		0.301396
160		0.301396
160.1		0.301837
160.2		0.301837
160.3		0.301837
160.4		0.301837
160.5		0.301837
160.6		0.301837
160.7		0.301837
160.8		0.301837
160.9		0.301837
161		0.301837
161.1		0.305344
161.2		0.305344
161.3		0.305344
161.4		0.305344
161.5		0.305344
161.6		0.305344
161.7		0.305344
161.8		0.305344
161.9		0.305344
162		0.305344
162.1		0.310152
162.2		0.310152
162.3		0.310152
162.4		0.310152
162.5		0.310152
162.6		0.310152
162.7		0.310152
162.8		0.310152
162.9		0.310152
163		0.310152
163.1		0.310483
163.2		0.310483
163.3		0.310483
163.4		0.310483
163.5		0.310483
163.6		0.310483
163.7		0.310483
163.8		0.310483
163.9		0.310483
164		0.310483
164.1		0.31088
164.2		0.31088
164.3		0.31088
164.4		0.31088
164.5		0.31088
164.6		0.31088
164.7		0.31088
164.8		0.31088
164.9		0.31088
165		0.31088
165.1		0.312601
165.2		0.312601
165.3		0.312601
165.4		0.312601
165.5		0.312601
165.6		0.312601
165.7		0.312601
165.8		0.312601
165.9		0.312601
166		0.312601
166.1		0.318071
166.2		0.318071
166.3		0.318071
166.4		0.318071
166.5		0.318071
166.6		0.318071
166.7		0.318071
166.8		0.318071
166.9		0.318071
167		0.318071
167.1		0.318975
167.2		0.318975
167.3		0.318975
167.4		0.318975
167.5		0.318975
167.6		0.318975
167.7		0.318975
167.8		0.318975
167.9		0.318975
168		0.318975
168.1		0.320761
168.2		0.320761
168.3		0.320761
168.4		0.320761
168.5		0.320761
168.6		0.320761
168.7		0.320761
168.8		0.320761
168.9		0.320761
169		0.320761
169.1		0.322438
169.2		0.322438
169.3		0.322438
169.4		0.322438
169.5		0.322438
169.6		0.322438
169.7		0.322438
169.8		0.322438
169.9		0.322438
170		0.322438
170.1		0.324114
170.2		0.324114
170.3		0.324114
170.4		0.324114
170.5		0.324114
170.6		0.324114
170.7		0.324114
170.8		0.324114
170.9		0.324114
171		0.324114
171.1		0.327621
171.2		0.327621
171.3		0.327621
171.4		0.327621
171.5		0.327621
171.6		0.327621
171.7		0.327621
171.8		0.327621
171.9		0.327621
172		0.327621
172.1		0.327908
172.2		0.327908
172.3		0.327908
172.4		0.327908
172.5		0.327908
172.6		0.327908
172.7		0.327908
172.8		0.327908
172.9		0.327908
173		0.327908
173.1		0.329319
173.2		0.329319
173.3		0.329319
173.4		0.329319
173.5		0.329319
173.6		0.329319
173.7		0.329319
173.8		0.329319
173.9		0.329319
174		0.329319
174.1		0.33212
174.2		0.33212
174.3		0.33212
174.4		0.33212
174.5		0.33212
174.6		0.33212
174.7		0.33212
174.8		0.33212
174.9		0.33212
175		0.33212
175.1		0.334613
175.2		0.334613
175.3		0.334613
175.4		0.334613
175.5		0.334613
175.6		0.334613
175.7		0.334613
175.8		0.334613
175.9		0.334613
176		0.334613
176.1		0.336818
176.2		0.336818
176.3		0.336818
176.4		0.336818
176.5		0.336818
176.6		0.336818
176.7		0.336818
176.8		0.336818
176.9		0.336818
177		0.336818
177.1		0.338715
177.2		0.338715
177.3		0.338715
177.4		0.338715
177.5		0.338715
177.6		0.338715
177.7		0.338715
177.8		0.338715
177.9		0.338715
178		0.338715
178.1		0.338825
178.2		0.338825
178.3		0.338825
178.4		0.338825
178.5		0.338825
178.6		0.338825
178.7		0.338825
178.8		0.338825
178.9		0.338825
179		0.338825
179.1		0.341737
179.2		0.341737
179.3		0.341737
179.4		0.341737
179.5		0.341737
179.6		0.341737
179.7		0.341737
179.8		0.341737
179.9		0.341737
180		0.341737
180.1		0.341891
180.2		0.341891
180.3		0.341891
180.4		0.341891
180.5		0.341891
180.6		0.341891
180.7		0.341891
180.8		0.341891
180.9		0.341891
181		0.341891
181.1		0.347626
181.2		0.347626
181.3		0.347626
181.4		0.347626
181.5		0.347626
181.6		0.347626
181.7		0.347626
181.8		0.347626
181.9		0.347626
182		0.347626
182.1		0.34853
182.2		0.34853
182.3		0.34853
182.4		0.34853
182.5		0.34853
182.6		0.34853
182.7		0.34853
182.8		0.34853
182.9		0.34853
183		0.34853
183.1		0.349346
183.2		0.349346
183.3		0.349346
183.4		0.349346
183.5		0.349346
183.6		0.349346
183.7		0.349346
183.8		0.349346
183.9		0.349346
184		0.349346
184.1		0.352478
184.2		0.352478
184.3		0.352478
184.4		0.352478
184.5		0.352478
184.6		0.352478
184.7		0.352478
184.8		0.352478
184.9		0.352478
185		0.352478
185.1		0.352654
185.2		0.352654
185.3		0.352654
185.4		0.352654
185.5		0.352654
185.6		0.352654
185.7		0.352654
185.8		0.352654
185.9		0.352654
186		0.352654
186.1		0.354397
186.2		0.354397
186.3		0.354397
186.4		0.354397
186.5		0.354397
186.6		0.354397
186.7		0.354397
186.8		0.354397
186.9		0.354397
187		0.354397
187.1		0.359293
187.2		0.359293
187.3		0.359293
187.4		0.359293
187.5		0.359293
187.6		0.359293
187.7		0.359293
187.8		0.359293
187.9		0.359293
188		0.359293
188.1		0.362072
188.2		0.362072
188.3		0.362072
188.4		0.362072
188.5		0.362072
188.6		0.362072
188.7		0.362072
188.8		0.362072
188.9		0.362072
189		0.362072
189.1		0.36355
189.2		0.36355
189.3		0.36355
189.4		0.36355
189.5		0.36355
189.6		0.36355
189.7		0.36355
189.8		0.36355
189.9		0.36355
190		0.36355
190.1		0.363903
190.2		0.363903
190.3		0.363903
190.4		0.363903
190.5		0.363903
190.6		0.363903
190.7		0.363903
190.8		0.363903
190.9		0.363903
191		0.363903
191.1		0.365425
191.2		0.365425
191.3		0.365425
191.4		0.365425
191.5		0.365425
191.6		0.365425
191.7		0.365425
191.8		0.365425
191.9		0.365425
192		0.365425
192.1		0.369704
192.2		0.369704
192.3		0.369704
192.4		0.369704
192.5		0.369704
192.6		0.369704
192.7		0.369704
192.8		0.369704
192.9		0.369704
193		0.369704
193.1		0.370233
193.2		0.370233
193.3		0.370233
193.4		0.370233
193.5		0.370233
193.6		0.370233
193.7		0.370233
193.8		0.370233
193.9		0.370233
194		0.370233
194.1		0.372725
194.2		0.372725
194.3		0.372725
194.4		0.372725
194.5		0.372725
194.6		0.372725
194.7		0.372725
194.8		0.372725
194.9		0.372725
195		0.372725
195.1		0.374424
195.2		0.374424
195.3		0.374424
195.4		0.374424
195.5		0.374424
195.6		0.374424
195.7		0.374424
195.8		0.374424
195.9		0.374424
196		0.374424
196.1		0.377468
196.2		0.377468
196.3		0.377468
196.4		0.377468
196.5		0.377468
196.6		0.377468
196.7		0.377468
196.8		0.377468
196.9		0.377468
197		0.377468
197.1		0.378725
197.2		0.378725
197.3		0.378725
197.4		0.378725
197.5		0.378725
197.6		0.378725
197.7		0.378725
197.8		0.378725
197.9		0.378725
198		0.378725
198.1		0.379629
198.2		0.379629
198.3		0.379629
198.4		0.379629
198.5		0.379629
198.6		0.379629
198.7		0.379629
198.8		0.379629
198.9		0.379629
199		0.379629
199.1		0.380842
199.2		0.380842
199.3		0.380842
199.4		0.380842
199.5		0.380842
199.6		0.380842
199.7		0.380842
199.8		0.380842
199.9		0.380842
200		0.380842
200.1		0.386422
200.2		0.386422
200.3		0.386422
200.4		0.386422
200.5		0.386422
200.6		0.386422
200.7		0.386422
200.8		0.386422
200.9		0.386422
201		0.386422
201.1		0.386974
201.2		0.386974
201.3		0.386974
201.4		0.386974
201.5		0.386974
201.6		0.386974
201.7		0.386974
201.8		0.386974
201.9		0.386974
202		0.386974
202.1		0.387922
202.2		0.387922
202.3		0.387922
202.4		0.387922
202.5		0.387922
202.6		0.387922
202.7		0.387922
202.8		0.387922
202.9		0.387922
203		0.387922
203.1		0.391098
203.2		0.391098
203.3		0.391098
203.4		0.391098
203.5		0.391098
203.6		0.391098
203.7		0.391098
203.8		0.391098
203.9		0.391098
204		0.391098
204.1		0.394782
204.2		0.394782
204.3		0.394782
204.4		0.394782
204.5		0.394782
204.6		0.394782
204.7		0.394782
204.8		0.394782
204.9		0.394782
205		0.394782
205.1		0.397164
205.2		0.397164
205.3		0.397164
205.4		0.397164
205.5		0.397164
205.6		0.397164
205.7		0.397164
205.8		0.397164
205.9		0.397164
206		0.397164
206.1		0.39884
206.2		0.39884
206.3		0.39884
206.4		0.39884
206.5		0.39884
206.6		0.39884
206.7		0.39884
206.8		0.39884
206.9		0.39884
207		0.39884
207.1		0.399524
207.2		0.399524
207.3		0.399524
207.4		0.399524
207.5		0.399524
207.6		0.399524
207.7		0.399524
207.8		0.399524
207.9		0.399524
208		0.399524
208.1		0.401575
208.2		0.401575
208.3		0.401575
208.4		0.401575
208.5		0.401575
208.6		0.401575
208.7		0.401575
208.8		0.401575
208.9		0.401575
209		0.401575
209.1		0.404001
209.2		0.404001
209.3		0.404001
209.4		0.404001
209.5		0.404001
209.6		0.404001
209.7		0.404001
209.8		0.404001
209.9		0.404001
210		0.404001
210.1		0.40581
210.2		0.40581
210.3		0.40581
210.4		0.40581
210.5		0.40581
210.6		0.40581
210.7		0.40581
210.8		0.40581
210.9		0.40581
211		0.40581
211.1		0.409515
211.2		0.409515
211.3		0.409515
211.4		0.409515
211.5		0.409515
211.6		0.409515
211.7		0.409515
211.8		0.409515
211.9		0.409515
212		0.409515
212.1		0.409824
212.2		0.409824
212.3		0.409824
212.4		0.409824
212.5		0.409824
212.6		0.409824
212.7		0.409824
212.8		0.409824
212.9		0.409824
213		0.409824
213.1		0.412404
213.2		0.412404
213.3		0.412404
213.4		0.412404
213.5		0.412404
213.6		0.412404
213.7		0.412404
213.8		0.412404
213.9		0.412404
214		0.412404
214.1		0.414853
214.2		0.414853
214.3		0.414853
214.4		0.414853
214.5		0.414853
214.6		0.414853
214.7		0.414853
214.8		0.414853
214.9		0.414853
215		0.414853
215.1		0.416396
215.2		0.416396
215.3		0.416396
215.4		0.416396
215.5		0.416396
215.6		0.416396
215.7		0.416396
215.8		0.416396
215.9		0.416396
216		0.416396
216.1		0.418183
216.2		0.418183
216.3		0.418183
216.4		0.418183
216.5		0.418183
216.6		0.418183
216.7		0.418183
216.8		0.418183
216.9		0.418183
217		0.418183
217.1		0.420896
217.2		0.420896
217.3		0.420896
217.4		0.420896
217.5		0.420896
217.6		0.420896
217.7		0.420896
217.8		0.420896
217.9		0.420896
218		0.420896
218.1		0.422153
218.2		0.422153
218.3		0.422153
218.4		0.422153
218.5		0.422153
218.6		0.422153
218.7		0.422153
218.8		0.422153
218.9		0.422153
219		0.422153
219.1		0.42469
219.2		0.42469
219.3		0.42469
219.4		0.42469
219.5		0.42469
219.6		0.42469
219.7		0.42469
219.8		0.42469
219.9		0.42469
220		0.42469
220.1		0.425991
220.2		0.425991
220.3		0.425991
220.4		0.425991
220.5		0.425991
220.6		0.425991
220.7		0.425991
220.8		0.425991
220.9		0.425991
221		0.425991
221.1		0.427358
221.2		0.427358
221.3		0.427358
221.4		0.427358
221.5		0.427358
221.6		0.427358
221.7		0.427358
221.8		0.427358
221.9		0.427358
222		0.427358
222.1		0.429498
222.2		0.429498
222.3		0.429498
222.4		0.429498
222.5		0.429498
222.6		0.429498
222.7		0.429498
222.8		0.429498
222.9		0.429498
223		0.429498
223.1		0.431505
223.2		0.431505
223.3		0.431505
223.4		0.431505
223.5		0.431505
223.6		0.431505
223.7		0.431505
223.8		0.431505
223.9		0.431505
224		0.431505
224.1		0.43177
224.2		0.43177
224.3		0.43177
224.4		0.43177
224.5		0.43177
224.6		0.43177
224.7		0.43177
224.8		0.43177
224.9		0.43177
225		0.43177
225.1		0.432939
225.2		0.432939
225.3		0.432939
225.4		0.432939
225.5		0.432939
225.6		0.432939
225.7		0.432939
225.8		0.432939
225.9		0.432939
226		0.432939
226.1		0.437967
226.2		0.437967
226.3		0.437967
226.4		0.437967
226.5		0.437967
226.6		0.437967
226.7		0.437967
226.8		0.437967
226.9		0.437967
227		0.437967
227.1		0.440967
227.2		0.440967
227.3		0.440967
227.4		0.440967
227.5		0.440967
227.6		0.440967
227.7		0.440967
227.8		0.440967
227.9		0.440967
228		0.440967
228.1		0.441386
228.2		0.441386
228.3		0.441386
228.4		0.441386
228.5		0.441386
228.6		0.441386
228.7		0.441386
228.8		0.441386
228.9		0.441386
229		0.441386
229.1		0.444033
229.2		0.444033
229.3		0.444033
229.4		0.444033
229.5		0.444033
229.6		0.444033
229.7		0.444033
229.8		0.444033
229.9		0.444033
230		0.444033
230.1		0.446525
230.2		0.446525
230.3		0.446525
230.4		0.446525
230.5		0.446525
230.6		0.446525
230.7		0.446525
230.8		0.446525
230.9		0.446525
231		0.446525
231.1		0.447606
231.2		0.447606
231.3		0.447606
231.4		0.447606
231.5		0.447606
231.6		0.447606
231.7		0.447606
231.8		0.447606
231.9		0.447606
232		0.447606
232.1		0.450253
232.2		0.450253
232.3		0.450253
232.4		0.450253
232.5		0.450253
232.6		0.450253
232.7		0.450253
232.8		0.450253
232.9		0.450253
233		0.450253
233.1		0.451355
233.2		0.451355
233.3		0.451355
233.4		0.451355
233.5		0.451355
233.6		0.451355
233.7		0.451355
233.8		0.451355
233.9		0.451355
234		0.451355
234.1		0.45312
234.2		0.45312
234.3		0.45312
234.4		0.45312
234.5		0.45312
234.6		0.45312
234.7		0.45312
234.8		0.45312
234.9		0.45312
235		0.45312
235.1		0.455237
235.2		0.455237
235.3		0.455237
235.4		0.455237
235.5		0.455237
235.6		0.455237
235.7		0.455237
235.8		0.455237
235.9		0.455237
236		0.455237
236.1		0.457663
236.2		0.457663
236.3		0.457663
236.4		0.457663
236.5		0.457663
236.6		0.457663
236.7		0.457663
236.8		0.457663
236.9		0.457663
237		0.457663
237.1		0.459648
237.2		0.459648
237.3		0.459648
237.4		0.459648
237.5		0.459648
237.6		0.459648
237.7		0.459648
237.8		0.459648
237.9		0.459648
238		0.459648
238.1		0.460266
238.2		0.460266
238.3		0.460266
238.4		0.460266
238.5		0.460266
238.6		0.460266
238.7		0.460266
238.8		0.460266
238.9		0.460266
239		0.460266
239.1		0.462935
239.2		0.462935
239.3		0.462935
239.4		0.462935
239.5		0.462935
239.6		0.462935
239.7		0.462935
239.8		0.462935
239.9		0.462935
240		0.462935
240.1		0.465956
240.2		0.465956
240.3		0.465956
240.4		0.465956
240.5		0.465956
240.6		0.465956
240.7		0.465956
240.8		0.465956
240.9		0.465956
241		0.465956
241.1		0.467324
241.2		0.467324
241.3		0.467324
241.4		0.467324
241.5		0.467324
241.6		0.467324
241.7		0.467324
241.8		0.467324
241.9		0.467324
242		0.467324
242.1		0.470059
242.2		0.470059
242.3		0.470059
242.4		0.470059
242.5		0.470059
242.6		0.470059
242.7		0.470059
242.8		0.470059
242.9		0.470059
243		0.470059
243.1		0.473081
243.2		0.473081
243.3		0.473081
243.4		0.473081
243.5		0.473081
243.6		0.473081
243.7		0.473081
243.8		0.473081
243.9		0.473081
244		0.473081
244.1		0.473875
244.2		0.473875
244.3		0.473875
244.4		0.473875
244.5		0.473875
244.6		0.473875
244.7		0.473875
244.8		0.473875
244.9		0.473875
245		0.473875
245.1		0.476742
245.2		0.476742
245.3		0.476742
245.4		0.476742
245.5		0.476742
245.6		0.476742
245.7		0.476742
245.8		0.476742
245.9		0.476742
246		0.476742
246.1		0.479102
246.2		0.479102
246.3		0.479102
246.4		0.479102
246.5		0.479102
246.6		0.479102
246.7		0.479102
246.8		0.479102
246.9		0.479102
247		0.479102
247.1		0.481528
247.2		0.481528
247.3		0.481528
247.4		0.481528
247.5		0.481528
247.6		0.481528
247.7		0.481528
247.8		0.481528
247.9		0.481528
248		0.481528
248.1		0.483844
248.2		0.483844
248.3		0.483844
248.4		0.483844
248.5		0.483844
248.6		0.483844
248.7		0.483844
248.8		0.483844
248.9		0.483844
249		0.483844
249.1		0.484616
249.2		0.484616
249.3		0.484616
249.4		0.484616
249.5		0.484616
249.6		0.484616
249.7		0.484616
249.8		0.484616
249.9		0.484616
250		0.484616
250.1		0.486248
250.2		0.486248
250.3		0.486248
250.4		0.486248
250.5		0.486248
250.6		0.486248
250.7		0.486248
250.8		0.486248
250.9		0.486248
251		0.486248
251.1		0.489314
251.2		0.489314
251.3		0.489314
251.4		0.489314
251.5		0.489314
251.6		0.489314
251.7		0.489314
251.8		0.489314
251.9		0.489314
252		0.489314
252.1		0.49174
252.2		0.49174
252.3		0.49174
252.4		0.49174
252.5		0.49174
252.6		0.49174
252.7		0.49174
252.8		0.49174
252.9		0.49174
253		0.49174
253.1		0.493107
253.2		0.493107
253.3		0.493107
253.4		0.493107
253.5		0.493107
253.6		0.493107
253.7		0.493107
253.8		0.493107
253.9		0.493107
254		0.493107
254.1		0.494563
254.2		0.494563
254.3		0.494563
254.4		0.494563
254.5		0.494563
254.6		0.494563
254.7		0.494563
254.8		0.494563
254.9		0.494563
255		0.494563
255.1		0.494938
255.2		0.494938
255.3		0.494938
255.4		0.494938
255.5		0.494938
255.6		0.494938
255.7		0.494938
255.8		0.494938
255.9		0.494938
256		0.494938
256.1		0.499349
256.2		0.499349
256.3		0.499349
256.4		0.499349
256.5		0.499349
256.6		0.499349
256.7		0.499349
256.8		0.499349
256.9		0.499349
257		0.499349
257.1		0.50032
257.2		0.50032
257.3		0.50032
257.4		0.50032
257.5		0.50032
257.6		0.50032
257.7		0.50032
257.8		0.50032
257.9		0.50032
258		0.50032
258.1		0.5029
258.2		0.5029
258.3		0.5029
258.4		0.5029
258.5		0.5029
258.6		0.5029
258.7		0.5029
258.8		0.5029
258.9		0.5029
259		0.5029
259.1		0.504202
259.2		0.504202
259.3		0.504202
259.4		0.504202
259.5		0.504202
259.6		0.504202
259.7		0.504202
259.8		0.504202
259.9		0.504202
260		0.504202
260.1		0.508039
260.2		0.508039
260.3		0.508039
260.4		0.508039
260.5		0.508039
260.6		0.508039
260.7		0.508039
260.8		0.508039
260.9		0.508039
261		0.508039
261.1		0.508635
261.2		0.508635
261.3		0.508635
261.4		0.508635
261.5		0.508635
261.6		0.508635
261.7		0.508635
261.8		0.508635
261.9		0.508635
262		0.508635
262.1		0.510444
262.2		0.510444
262.3		0.510444
262.4		0.510444
262.5		0.510444
262.6		0.510444
262.7		0.510444
262.8		0.510444
262.9		0.510444
263		0.510444
263.1		0.511635
263.2		0.511635
263.3		0.511635
263.4		0.511635
263.5		0.511635
263.6		0.511635
263.7		0.511635
263.8		0.511635
263.9		0.511635
264		0.511635
264.1		0.516288
264.2		0.516288
264.3		0.516288
264.4		0.516288
264.5		0.516288
264.6		0.516288
264.7		0.516288
264.8		0.516288
264.9		0.516288
265		0.516288
265.1		0.520038
265.2		0.520038
265.3		0.520038
265.4		0.520038
265.5		0.520038
265.6		0.520038
265.7		0.520038
265.8		0.520038
265.9		0.520038
266		0.520038
266.1		0.52017
266.2		0.52017
266.3		0.52017
266.4		0.52017
266.5		0.52017
266.6		0.52017
266.7		0.52017
266.8		0.52017
266.9		0.52017
267		0.52017
267.1		0.520656
267.2		0.520656
267.3		0.520656
267.4		0.520656
267.5		0.520656
267.6		0.520656
267.7		0.520656
267.8		0.520656
267.9		0.520656
268		0.520656
268.1		0.522288
268.2		0.522288
268.3		0.522288
268.4		0.522288
268.5		0.522288
268.6		0.522288
268.7		0.522288
268.8		0.522288
268.9		0.522288
269		0.522288
269.1		0.52564
269.2		0.52564
269.3		0.52564
269.4		0.52564
269.5		0.52564
269.6		0.52564
269.7		0.52564
269.8		0.52564
269.9		0.52564
270		0.52564
270.1		0.527603
270.2		0.527603
270.3		0.527603
270.4		0.527603
270.5		0.527603
270.6		0.527603
270.7		0.527603
270.8		0.527603
270.9		0.527603
271		0.527603
271.1		0.531044
271.2		0.531044
271.3		0.531044
271.4		0.531044
271.5		0.531044
271.6		0.531044
271.7		0.531044
271.8		0.531044
271.9		0.531044
272		0.531044
272.1		0.532478
272.2		0.532478
272.3		0.532478
272.4		0.532478
272.5		0.532478
272.6		0.532478
272.7		0.532478
272.8		0.532478
272.9		0.532478
273		0.532478
273.1		0.53519
273.2		0.53519
273.3		0.53519
273.4		0.53519
273.5		0.53519
273.6		0.53519
273.7		0.53519
273.8		0.53519
273.9		0.53519
274		0.53519
274.1		0.537903
274.2		0.537903
274.3		0.537903
274.4		0.537903
274.5		0.537903
274.6		0.537903
274.7		0.537903
274.8		0.537903
274.9		0.537903
275		0.537903
275.1		0.538675
275.2		0.538675
275.3		0.538675
275.4		0.538675
275.5		0.538675
275.6		0.538675
275.7		0.538675
275.8		0.538675
275.9		0.538675
276		0.538675
276.1		0.539249
276.2		0.539249
276.3		0.539249
276.4		0.539249
276.5		0.539249
276.6		0.539249
276.7		0.539249
276.8		0.539249
276.9		0.539249
277		0.539249
277.1		0.542601
277.2		0.542601
277.3		0.542601
277.4		0.542601
277.5		0.542601
277.6		0.542601
277.7		0.542601
277.8		0.542601
277.9		0.542601
278		0.542601
278.1		0.545424
278.2		0.545424
278.3		0.545424
278.4		0.545424
278.5		0.545424
278.6		0.545424
278.7		0.545424
278.8		0.545424
278.9		0.545424
279		0.545424
279.1		0.545755
279.2		0.545755
279.3		0.545755
279.4		0.545755
279.5		0.545755
279.6		0.545755
279.7		0.545755
279.8		0.545755
279.9		0.545755
280		0.545755
280.1		0.547432
280.2		0.547432
280.3		0.547432
280.4		0.547432
280.5		0.547432
280.6		0.547432
280.7		0.547432
280.8		0.547432
280.9		0.547432
281		0.547432
281.1		0.550078
281.2		0.550078
281.3		0.550078
281.4		0.550078
281.5		0.550078
281.6		0.550078
281.7		0.550078
281.8		0.550078
281.9		0.550078
282		0.550078
282.1		0.554181
282.2		0.554181
282.3		0.554181
282.4		0.554181
282.5		0.554181
282.6		0.554181
282.7		0.554181
282.8		0.554181
282.9		0.554181
283		0.554181
283.1		0.556805
283.2		0.556805
283.3		0.556805
283.4		0.556805
283.5		0.556805
283.6		0.556805
283.7		0.556805
283.8		0.556805
283.9		0.556805
284		0.556805
284.1		0.557798
284.2		0.557798
284.3		0.557798
284.4		0.557798
284.5		0.557798
284.6		0.557798
284.7		0.557798
284.8		0.557798
284.9		0.557798
285		0.557798
285.1		0.561989
285.2		0.561989
285.3		0.561989
285.4		0.561989
285.5		0.561989
285.6		0.561989
285.7		0.561989
285.8		0.561989
285.9		0.561989
286		0.561989
286.1		0.564216
286.2		0.564216
286.3		0.564216
286.4		0.564216
286.5		0.564216
286.6		0.564216
286.7		0.564216
286.8		0.564216
286.9		0.564216
287		0.564216
287.1		0.565451
287.2		0.565451
287.3		0.565451
287.4		0.565451
287.5		0.565451
287.6		0.565451
287.7		0.565451
287.8		0.565451
287.9		0.565451
288		0.565451
288.1		0.569223
288.2		0.569223
288.3		0.569223
288.4		0.569223
288.5		0.569223
288.6		0.569223
288.7		0.569223
288.8		0.569223
288.9		0.569223
289		0.569223
289.1		0.573943
289.2		0.573943
289.3		0.573943
289.4		0.573943
289.5		0.573943
289.6		0.573943
289.7		0.573943
289.8		0.573943
289.9		0.573943
290		0.573943
290.1		0.57434
290.2		0.57434
290.3		0.57434
290.4		0.57434
290.5		0.57434
290.6		0.57434
290.7		0.57434
290.8		0.57434
290.9		0.57434
291		0.57434
291.1		0.57734
291.2		0.57734
291.3		0.57734
291.4		0.57734
291.5		0.57734
291.6		0.57734
291.7		0.57734
291.8		0.57734
291.9		0.57734
292		0.57734
292.1		0.57734
292.2		0.57734
292.3		0.57734
292.4		0.57734
292.5		0.57734
292.6		0.57734
292.7		0.57734
292.8		0.57734
292.9		0.57734
293		0.57734
293.1		0.580008
293.2		0.580008
293.3		0.580008
293.4		0.580008
293.5		0.580008
293.6		0.580008
293.7		0.580008
293.8		0.580008
293.9		0.580008
294		0.580008
294.1		0.583008
294.2		0.583008
294.3		0.583008
294.4		0.583008
294.5		0.583008
294.6		0.583008
294.7		0.583008
294.8		0.583008
294.9		0.583008
295		0.583008
295.1		0.583273
295.2		0.583273
295.3		0.583273
295.4		0.583273
295.5		0.583273
295.6		0.583273
295.7		0.583273
295.8		0.583273
295.9		0.583273
296		0.583273
296.1		0.588765
296.2		0.588765
296.3		0.588765
296.4		0.588765
296.5		0.588765
296.6		0.588765
296.7		0.588765
296.8		0.588765
296.9		0.588765
297		0.588765
297.1		0.590816
297.2		0.590816
297.3		0.590816
297.4		0.590816
297.5		0.590816
297.6		0.590816
297.7		0.590816
297.8		0.590816
297.9		0.590816
298		0.590816
298.1		0.593793
298.2		0.593793
298.3		0.593793
298.4		0.593793
298.5		0.593793
298.6		0.593793
298.7		0.593793
298.8		0.593793
298.9		0.593793
299		0.593793
299.1		0.59794
299.2		0.59794
299.3		0.59794
299.4		0.59794
299.5		0.59794
299.6		0.59794
299.7		0.59794
299.8		0.59794
299.9		0.59794
300		0.59794
300.1		0.600873
300.2		0.600873
300.3		0.600873
300.4		0.600873
300.5		0.600873
300.6		0.600873
300.7		0.600873
300.8		0.600873
300.9		0.600873
301		0.600873
301.1		0.600984
301.2		0.600984
301.3		0.600984
301.4		0.600984
301.5		0.600984
301.6		0.600984
301.7		0.600984
301.8		0.600984
301.9		0.600984
302		0.600984
302.1		0.604623
302.2		0.604623
302.3		0.604623
302.4		0.604623
302.5		0.604623
302.6		0.604623
302.7		0.604623
302.8		0.604623
302.9		0.604623
303		0.604623
303.1		0.607689
303.2		0.607689
303.3		0.607689
303.4		0.607689
303.5		0.607689
303.6		0.607689
303.7		0.607689
303.8		0.607689
303.9		0.607689
304		0.607689
304.1		0.608174
304.2		0.608174
304.3		0.608174
304.4		0.608174
304.5		0.608174
304.6		0.608174
304.7		0.608174
304.8		0.608174
304.9		0.608174
305		0.608174
305.1		0.611394
305.2		0.611394
305.3		0.611394
305.4		0.611394
305.5		0.611394
305.6		0.611394
305.7		0.611394
305.8		0.611394
305.9		0.611394
306		0.611394
306.1		0.61199
306.2		0.61199
306.3		0.61199
306.4		0.61199
306.5		0.61199
306.6		0.61199
306.7		0.61199
306.8		0.61199
306.9		0.61199
307		0.61199
307.1		0.615342
307.2		0.615342
307.3		0.615342
307.4		0.615342
307.5		0.615342
307.6		0.615342
307.7		0.615342
307.8		0.615342
307.9		0.615342
308		0.615342
308.1		0.61693
308.2		0.61693
308.3		0.61693
308.4		0.61693
308.5		0.61693
308.6		0.61693
308.7		0.61693
308.8		0.61693
308.9		0.61693
309		0.61693
309.1		0.617945
309.2		0.617945
309.3		0.617945
309.4		0.617945
309.5		0.617945
309.6		0.617945
309.7		0.617945
309.8		0.617945
309.9		0.617945
310		0.617945
310.1		0.62079
310.2		0.62079
310.3		0.62079
310.4		0.62079
310.5		0.62079
310.6		0.62079
310.7		0.62079
310.8		0.62079
310.9		0.62079
311		0.62079
311.1		0.623018
311.2		0.623018
311.3		0.623018
311.4		0.623018
311.5		0.623018
311.6		0.623018
311.7		0.623018
311.8		0.623018
311.9		0.623018
312		0.623018
312.1		0.625642
312.2		0.625642
312.3		0.625642
312.4		0.625642
312.5		0.625642
312.6		0.625642
312.7		0.625642
312.8		0.625642
312.9		0.625642
313		0.625642
313.1		0.626635
313.2		0.626635
313.3		0.626635
313.4		0.626635
313.5		0.626635
313.6		0.626635
313.7		0.626635
313.8		0.626635
313.9		0.626635
314		0.626635
314.1		0.627076
314.2		0.627076
314.3		0.627076
314.4		0.627076
314.5		0.627076
314.6		0.627076
314.7		0.627076
314.8		0.627076
314.9		0.627076
315		0.627076
315.1		0.630649
315.2		0.630649
315.3		0.630649
315.4		0.630649
315.5		0.630649
315.6		0.630649
315.7		0.630649
315.8		0.630649
315.9		0.630649
316		0.630649
316.1		0.633583
316.2		0.633583
316.3		0.633583
316.4		0.633583
316.5		0.633583
316.6		0.633583
316.7		0.633583
316.8		0.633583
316.9		0.633583
317		0.633583
317.1		0.635347
317.2		0.635347
317.3		0.635347
317.4		0.635347
317.5		0.635347
317.6		0.635347
317.7		0.635347
317.8		0.635347
317.9		0.635347
318		0.635347
318.1		0.637134
318.2		0.637134
318.3		0.637134
318.4		0.637134
318.5		0.637134
318.6		0.637134
318.7		0.637134
318.8		0.637134
318.9		0.637134
319		0.637134
319.1		0.637883
319.2		0.637883
319.3		0.637883
319.4		0.637883
319.5		0.637883
319.6		0.637883
319.7		0.637883
319.8		0.637883
319.9		0.637883
320		0.637883
320.1		0.640861
320.2		0.640861
320.3		0.640861
320.4		0.640861
320.5		0.640861
320.6		0.640861
320.7		0.640861
320.8		0.640861
320.9		0.640861
321		0.640861
321.1		0.641898
321.2		0.641898
321.3		0.641898
321.4		0.641898
321.5		0.641898
321.6		0.641898
321.7		0.641898
321.8		0.641898
321.9		0.641898
322		0.641898
322.1		0.644699
322.2		0.644699
322.3		0.644699
322.4		0.644699
322.5		0.644699
322.6		0.644699
322.7		0.644699
322.8		0.644699
322.9		0.644699
323		0.644699
323.1		0.645912
323.2		0.645912
323.3		0.645912
323.4		0.645912
323.5		0.645912
323.6		0.645912
323.7		0.645912
323.8		0.645912
323.9		0.645912
324		0.645912
324.1		0.648338
324.2		0.648338
324.3		0.648338
324.4		0.648338
324.5		0.648338
324.6		0.648338
324.7		0.648338
324.8		0.648338
324.9		0.648338
325		0.648338
325.1		0.650257
325.2		0.650257
325.3		0.650257
325.4		0.650257
325.5		0.650257
325.6		0.650257
325.7		0.650257
325.8		0.650257
325.9		0.650257
326		0.650257
326.1		0.65319
326.2		0.65319
326.3		0.65319
326.4		0.65319
326.5		0.65319
326.6		0.65319
326.7		0.65319
326.8		0.65319
326.9		0.65319
327		0.65319
327.1		0.653609
327.2		0.653609
327.3		0.653609
327.4		0.653609
327.5		0.653609
327.6		0.653609
327.7		0.653609
327.8		0.653609
327.9		0.653609
328		0.653609
328.1		0.656256
328.2		0.656256
328.3		0.656256
328.4		0.656256
328.5		0.656256
328.6		0.656256
328.7		0.656256
328.8		0.656256
328.9		0.656256
329		0.656256
329.1		0.657756
329.2		0.657756
329.3		0.657756
329.4		0.657756
329.5		0.657756
329.6		0.657756
329.7		0.657756
329.8		0.657756
329.9		0.657756
330		0.657756
330.1		0.659366
330.2		0.659366
330.3		0.659366
330.4		0.659366
330.5		0.659366
330.6		0.659366
330.7		0.659366
330.8		0.659366
330.9		0.659366
331		0.659366
331.1		0.661704
331.2		0.661704
331.3		0.661704
331.4		0.661704
331.5		0.661704
331.6		0.661704
331.7		0.661704
331.8		0.661704
331.9		0.661704
332		0.661704
332.1		0.664682
332.2		0.664682
332.3		0.664682
332.4		0.664682
332.5		0.664682
332.6		0.664682
332.7		0.664682
332.8		0.664682
332.9		0.664682
333		0.664682
333.1		0.665718
333.2		0.665718
333.3		0.665718
333.4		0.665718
333.5		0.665718
333.6		0.665718
333.7		0.665718
333.8		0.665718
333.9		0.665718
334		0.665718
334.1		0.667086
334.2		0.667086
334.3		0.667086
334.4		0.667086
334.5		0.667086
334.6		0.667086
334.7		0.667086
334.8		0.667086
334.9		0.667086
335		0.667086
335.1		0.667328
335.2		0.667328
335.3		0.667328
335.4		0.667328
335.5		0.667328
335.6		0.667328
335.7		0.667328
335.8		0.667328
335.9		0.667328
336		0.667328
336.1		0.671078
336.2		0.671078
336.3		0.671078
336.4		0.671078
336.5		0.671078
336.6		0.671078
336.7		0.671078
336.8		0.671078
336.9		0.671078
337		0.671078
337.1		0.676305
337.2		0.676305
337.3		0.676305
337.4		0.676305
337.5		0.676305
337.6		0.676305
337.7		0.676305
337.8		0.676305
337.9		0.676305
338		0.676305
338.1		0.677827
338.2		0.677827
338.3		0.677827
338.4		0.677827
338.5		0.677827
338.6		0.677827
338.7		0.677827
338.8		0.677827
338.9		0.677827
339		0.677827
339.1		0.679305
339.2		0.679305
339.3		0.679305
339.4		0.679305
339.5		0.679305
339.6		0.679305
339.7		0.679305
339.8		0.679305
339.9		0.679305
340		0.679305
340.1		0.682944
340.2		0.682944
340.3		0.682944
340.4		0.682944
340.5		0.682944
340.6		0.682944
340.7		0.682944
340.8		0.682944
340.9		0.682944
341		0.682944
341.1		0.685238
341.2		0.685238
341.3		0.685238
341.4		0.685238
341.5		0.685238
341.6		0.685238
341.7		0.685238
341.8		0.685238
341.9		0.685238
342		0.685238
342.1		0.692208
342.2		0.692208
342.3		0.692208
342.4		0.692208
342.5		0.692208
342.6		0.692208
342.7		0.692208
342.8		0.692208
342.9		0.692208
343		0.692208
343.1		0.692318
343.2		0.692318
343.3		0.692318
343.4		0.692318
343.5		0.692318
343.6		0.692318
343.7		0.692318
343.8		0.692318
343.9		0.692318
344		0.692318
344.1		0.692605
344.2		0.692605
344.3		0.692605
344.4		0.692605
344.5		0.692605
344.6		0.692605
344.7		0.692605
344.8		0.692605
344.9		0.692605
345		0.692605
345.1		0.696001
345.2		0.696001
345.3		0.696001
345.4		0.696001
345.5		0.696001
345.6		0.696001
345.7		0.696001
345.8		0.696001
345.9		0.696001
346		0.696001
346.1		0.69717
346.2		0.69717
346.3		0.69717
346.4		0.69717
346.5		0.69717
346.6		0.69717
346.7		0.69717
346.8		0.69717
346.9		0.69717
347		0.69717
347.1		0.703169
347.2		0.703169
347.3		0.703169
347.4		0.703169
347.5		0.703169
347.6		0.703169
347.7		0.703169
347.8		0.703169
347.9		0.703169
348		0.703169
348.1		0.704162
348.2		0.704162
348.3		0.704162
348.4		0.704162
348.5		0.704162
348.6		0.704162
348.7		0.704162
348.8		0.704162
348.9		0.704162
349		0.704162
349.1		0.704338
349.2		0.704338
349.3		0.704338
349.4		0.704338
349.5		0.704338
349.6		0.704338
349.7		0.704338
349.8		0.704338
349.9		0.704338
350		0.704338
350.1		0.704427
350.2		0.704427
350.3		0.704427
350.4		0.704427
350.5		0.704427
350.6		0.704427
350.7		0.704427
350.8		0.704427
350.9		0.704427
351		0.704427
351.1		0.70661
351.2		0.70661
351.3		0.70661
351.4		0.70661
351.5		0.70661
351.6		0.70661
351.7		0.70661
351.8		0.70661
351.9		0.70661
352		0.70661
352.1		0.710889
352.2		0.710889
352.3		0.710889
352.4		0.710889
352.5		0.710889
352.6		0.710889
352.7		0.710889
352.8		0.710889
352.9		0.710889
353		0.710889
353.1		0.712742
353.2		0.712742
353.3		0.712742
353.4		0.712742
353.5		0.712742
353.6		0.712742
353.7		0.712742
353.8		0.712742
353.9		0.712742
354		0.712742
354.1		0.713117
354.2		0.713117
354.3		0.713117
354.4		0.713117
354.5		0.713117
354.6		0.713117
354.7		0.713117
354.8		0.713117
354.9		0.713117
355		0.713117
355.1		0.717682
355.2		0.717682
355.3		0.717682
355.4		0.717682
355.5		0.717682
355.6		0.717682
355.7		0.717682
355.8		0.717682
355.9		0.717682
356		0.717682
356.1		0.722072
356.2		0.722072
356.3		0.722072
356.4		0.722072
356.5		0.722072
356.6		0.722072
356.7		0.722072
356.8		0.722072
356.9		0.722072
357		0.722072
357.1		0.72624
357.2		0.72624
357.3		0.72624
357.4		0.72624
357.5		0.72624
357.6		0.72624
357.7		0.72624
357.8		0.72624
357.9		0.72624
358		0.72624
358.1		0.727255
358.2		0.727255
358.3		0.727255
358.4		0.727255
358.5		0.727255
358.6		0.727255
358.7		0.727255
358.8		0.727255
358.9		0.727255
359		0.727255
359.1		0.727475
359.2		0.727475
359.3		0.727475
359.4		0.727475
359.5		0.727475
359.6		0.727475
359.7		0.727475
359.8		0.727475
359.9		0.727475
360		0.727475
360.1		0.732548
360.2		0.732548
360.3		0.732548
360.4		0.732548
360.5		0.732548
360.6		0.732548
360.7		0.732548
360.8		0.732548
360.9		0.732548
361		0.732548
361.1		0.734026
361.2		0.734026
361.3		0.734026
361.4		0.734026
361.5		0.734026
361.6		0.734026
361.7		0.734026
361.8		0.734026
361.9		0.734026
362		0.734026
362.1		0.736606
362.2		0.736606
362.3		0.736606
362.4		0.736606
362.5		0.736606
362.6		0.736606
362.7		0.736606
362.8		0.736606
362.9		0.736606
363		0.736606
363.1		0.737775
363.2		0.737775
363.3		0.737775
363.4		0.737775
363.5		0.737775
363.6		0.737775
363.7		0.737775
363.8		0.737775
363.9		0.737775
364		0.737775
364.1		0.740974
364.2		0.740974
364.3		0.740974
364.4		0.740974
364.5		0.740974
364.6		0.740974
364.7		0.740974
364.8		0.740974
364.9		0.740974
365		0.740974
365.1		0.741878
365.2		0.741878
365.3		0.741878
365.4		0.741878
365.5		0.741878
365.6		0.741878
365.7		0.741878
365.8		0.741878
365.9		0.741878
366		0.741878
366.1		0.743223
366.2		0.743223
366.3		0.743223
366.4		0.743223
366.5		0.743223
366.6		0.743223
366.7		0.743223
366.8		0.743223
366.9		0.743223
367		0.743223
367.1		0.743598
367.2		0.743598
367.3		0.743598
367.4		0.743598
367.5		0.743598
367.6		0.743598
367.7		0.743598
367.8		0.743598
367.9		0.743598
368		0.743598
368.1		0.747017
368.2		0.747017
368.3		0.747017
368.4		0.747017
368.5		0.747017
368.6		0.747017
368.7		0.747017
368.8		0.747017
368.9		0.747017
369		0.747017
369.1		0.749068
369.2		0.749068
369.3		0.749068
369.4		0.749068
369.5		0.749068
369.6		0.749068
369.7		0.749068
369.8		0.749068
369.9		0.749068
370		0.749068
370.1		0.751362
370.2		0.751362
370.3		0.751362
370.4		0.751362
370.5		0.751362
370.6		0.751362
370.7		0.751362
370.8		0.751362
370.9		0.751362
371		0.751362
371.1		0.752443
371.2		0.752443
371.3		0.752443
371.4		0.752443
371.5		0.752443
371.6		0.752443
371.7		0.752443
371.8		0.752443
371.9		0.752443
372		0.752443
372.1		0.756589
372.2		0.756589
372.3		0.756589
372.4		0.756589
372.5		0.756589
372.6		0.756589
372.7		0.756589
372.8		0.756589
372.9		0.756589
373		0.756589
373.1		0.758288
373.2		0.758288
373.3		0.758288
373.4		0.758288
373.5		0.758288
373.6		0.758288
373.7		0.758288
373.8		0.758288
373.9		0.758288
374		0.758288
374.1		0.761486
374.2		0.761486
374.3		0.761486
374.4		0.761486
374.5		0.761486
374.6		0.761486
374.7		0.761486
374.8		0.761486
374.9		0.761486
375		0.761486
375.1		0.763449
375.2		0.763449
375.3		0.763449
375.4		0.763449
375.5		0.763449
375.6		0.763449
375.7		0.763449
375.8		0.763449
375.9		0.763449
376		0.763449
376.1		0.764397
376.2		0.764397
376.3		0.764397
376.4		0.764397
376.5		0.764397
376.6		0.764397
376.7		0.764397
376.8		0.764397
376.9		0.764397
377		0.764397
377.1		0.766448
377.2		0.766448
377.3		0.766448
377.4		0.766448
377.5		0.766448
377.6		0.766448
377.7		0.766448
377.8		0.766448
377.9		0.766448
378		0.766448
378.1		0.768764
378.2		0.768764
378.3		0.768764
378.4		0.768764
378.5		0.768764
378.6		0.768764
378.7		0.768764
378.8		0.768764
378.9		0.768764
379		0.768764
379.1		0.771852
379.2		0.771852
379.3		0.771852
379.4		0.771852
379.5		0.771852
379.6		0.771852
379.7		0.771852
379.8		0.771852
379.9		0.771852
380		0.771852
380.1		0.772602
380.2		0.772602
380.3		0.772602
380.4		0.772602
380.5		0.772602
380.6		0.772602
380.7		0.772602
380.8		0.772602
380.9		0.772602
381		0.772602
381.1		0.774697
381.2		0.774697
381.3		0.774697
381.4		0.774697
381.5		0.774697
381.6		0.774697
381.7		0.774697
381.8		0.774697
381.9		0.774697
382		0.774697
382.1		0.778337
382.2		0.778337
382.3		0.778337
382.4		0.778337
382.5		0.778337
382.6		0.778337
382.7		0.778337
382.8		0.778337
382.9		0.778337
383		0.778337
383.1		0.779528
383.2		0.779528
383.3		0.779528
383.4		0.779528
383.5		0.779528
383.6		0.779528
383.7		0.779528
383.8		0.779528
383.9		0.779528
384		0.779528
384.1		0.780895
384.2		0.780895
384.3		0.780895
384.4		0.780895
384.5		0.780895
384.6		0.780895
384.7		0.780895
384.8		0.780895
384.9		0.780895
385		0.780895
385.1		0.784071
385.2		0.784071
385.3		0.784071
385.4		0.784071
385.5		0.784071
385.6		0.784071
385.7		0.784071
385.8		0.784071
385.9		0.784071
386		0.784071
386.1		0.784534
386.2		0.784534
386.3		0.784534
386.4		0.784534
386.5		0.784534
386.6		0.784534
386.7		0.784534
386.8		0.784534
386.9		0.784534
387		0.784534
387.1		0.786784
387.2		0.786784
387.3		0.786784
387.4		0.786784
387.5		0.786784
387.6		0.786784
387.7		0.786784
387.8		0.786784
387.9		0.786784
388		0.786784
388.1		0.788526
388.2		0.788526
388.3		0.788526
388.4		0.788526
388.5		0.788526
388.6		0.788526
388.7		0.788526
388.8		0.788526
388.9		0.788526
389		0.788526
389.1		0.790357
389.2		0.790357
389.3		0.790357
389.4		0.790357
389.5		0.790357
389.6		0.790357
389.7		0.790357
389.8		0.790357
389.9		0.790357
390		0.790357
390.1		0.793268
390.2		0.793268
390.3		0.793268
390.4		0.793268
390.5		0.793268
390.6		0.793268
390.7		0.793268
390.8		0.793268
390.9		0.793268
391		0.793268
391.1		0.796003
391.2		0.796003
391.3		0.796003
391.4		0.796003
391.5		0.796003
391.6		0.796003
391.7		0.796003
391.8		0.796003
391.9		0.796003
392		0.796003
392.1		0.796467
392.2		0.796467
392.3		0.796467
392.4		0.796467
392.5		0.796467
392.6		0.796467
392.7		0.796467
392.8		0.796467
392.9		0.796467
393		0.796467
393.1		0.797305
393.2		0.797305
393.3		0.797305
393.4		0.797305
393.5		0.797305
393.6		0.797305
393.7		0.797305
393.8		0.797305
393.9		0.797305
394		0.797305
394.1		0.801032
394.2		0.801032
394.3		0.801032
394.4		0.801032
394.5		0.801032
394.6		0.801032
394.7		0.801032
394.8		0.801032
394.9		0.801032
395		0.801032
395.1		0.803503
395.2		0.803503
395.3		0.803503
395.4		0.803503
395.5		0.803503
395.6		0.803503
395.7		0.803503
395.8		0.803503
395.9		0.803503
396		0.803503
396.1		0.803745
396.2		0.803745
396.3		0.803745
396.4		0.803745
396.5		0.803745
396.6		0.803745
396.7		0.803745
396.8		0.803745
396.9		0.803745
397		0.803745
397.1		0.804142
397.2		0.804142
397.3		0.804142
397.4		0.804142
397.5		0.804142
397.6		0.804142
397.7		0.804142
397.8		0.804142
397.9		0.804142
398		0.804142
398.1		0.804649
398.2		0.804649
398.3		0.804649
398.4		0.804649
398.5		0.804649
398.6		0.804649
398.7		0.804649
398.8		0.804649
398.9		0.804649
399		0.804649
399.1		0.812171
399.2		0.812171
399.3		0.812171
399.4		0.812171
399.5		0.812171
399.6		0.812171
399.7		0.812171
399.8		0.812171
399.9		0.812171
400		0.812171
400.1		0.813803
400.2		0.813803
400.3		0.813803
400.4		0.813803
400.5		0.813803
400.6		0.813803
400.7		0.813803
400.8		0.813803
400.9		0.813803
401		0.813803
401.1		0.814751
401.2		0.814751
401.3		0.814751
401.4		0.814751
401.5		0.814751
401.6		0.814751
401.7		0.814751
401.8		0.814751
401.9		0.814751
402		0.814751
402.1		0.8157
402.2		0.8157
402.3		0.8157
402.4		0.8157
402.5		0.8157
402.6		0.8157
402.7		0.8157
402.8		0.8157
402.9		0.8157
403		0.8157
403.1		0.815788
403.2		0.815788
403.3		0.815788
403.4		0.815788
403.5		0.815788
403.6		0.815788
403.7		0.815788
403.8		0.815788
403.9		0.815788
404		0.815788
404.1		0.821677
404.2		0.821677
404.3		0.821677
404.4		0.821677
404.5		0.821677
404.6		0.821677
404.7		0.821677
404.8		0.821677
404.9		0.821677
405		0.821677
405.1		0.823926
405.2		0.823926
405.3		0.823926
405.4		0.823926
405.5		0.823926
405.6		0.823926
405.7		0.823926
405.8		0.823926
405.9		0.823926
406		0.823926
406.1		0.825095
406.2		0.825095
406.3		0.825095
406.4		0.825095
406.5		0.825095
406.6		0.825095
406.7		0.825095
406.8		0.825095
406.9		0.825095
407		0.825095
407.1		0.825492
407.2		0.825492
407.3		0.825492
407.4		0.825492
407.5		0.825492
407.6		0.825492
407.7		0.825492
407.8		0.825492
407.9		0.825492
408		0.825492
408.1		0.828757
408.2		0.828757
408.3		0.828757
408.4		0.828757
408.5		0.828757
408.6		0.828757
408.7		0.828757
408.8		0.828757
408.9		0.828757
409		0.828757
409.1		0.830257
409.2		0.830257
409.3		0.830257
409.4		0.830257
409.5		0.830257
409.6		0.830257
409.7		0.830257
409.8		0.830257
409.9		0.830257
410		0.830257
410.1		0.833168
410.2		0.833168
410.3		0.833168
410.4		0.833168
410.5		0.833168
410.6		0.833168
410.7		0.833168
410.8		0.833168
410.9		0.833168
411		0.833168
411.1		0.835219
411.2		0.835219
411.3		0.835219
411.4		0.835219
411.5		0.835219
411.6		0.835219
411.7		0.835219
411.8		0.835219
411.9		0.835219
412		0.835219
412.1		0.835704
412.2		0.835704
412.3		0.835704
412.4		0.835704
412.5		0.835704
412.6		0.835704
412.7		0.835704
412.8		0.835704
412.9		0.835704
413		0.835704
413.1		0.837667
413.2		0.837667
413.3		0.837667
413.4		0.837667
413.5		0.837667
413.6		0.837667
413.7		0.837667
413.8		0.837667
413.9		0.837667
414		0.837667
414.1		0.841174
414.2		0.841174
414.3		0.841174
414.4		0.841174
414.5		0.841174
414.6		0.841174
414.7		0.841174
414.8		0.841174
414.9		0.841174
415		0.841174
415.1		0.842564
415.2		0.842564
415.3		0.842564
415.4		0.842564
415.5		0.842564
415.6		0.842564
415.7		0.842564
415.8		0.842564
415.9		0.842564
416		0.842564
416.1		0.84799
416.2		0.84799
416.3		0.84799
416.4		0.84799
416.5		0.84799
416.6		0.84799
416.7		0.84799
416.8		0.84799
416.9		0.84799
417		0.84799
417.1		0.848784
417.2		0.848784
417.3		0.848784
417.4		0.848784
417.5		0.848784
417.6		0.848784
417.7		0.848784
417.8		0.848784
417.9		0.848784
418		0.848784
418.1		0.84896
418.2		0.84896
418.3		0.84896
418.4		0.84896
418.5		0.84896
418.6		0.84896
418.7		0.84896
418.8		0.84896
418.9		0.84896
419		0.84896
419.1		0.849445
419.2		0.849445
419.3		0.849445
419.4		0.849445
419.5		0.849445
419.6		0.849445
419.7		0.849445
419.8		0.849445
419.9		0.849445
420		0.849445
420.1		0.854364
420.2		0.854364
420.3		0.854364
420.4		0.854364
420.5		0.854364
420.6		0.854364
420.7		0.854364
420.8		0.854364
420.9		0.854364
421		0.854364
421.1		0.858466
421.2		0.858466
421.3		0.858466
421.4		0.858466
421.5		0.858466
421.6		0.858466
421.7		0.858466
421.8		0.858466
421.9		0.858466
422		0.858466
422.1		0.858797
422.2		0.858797
422.3		0.858797
422.4		0.858797
422.5		0.858797
422.6		0.858797
422.7		0.858797
422.8		0.858797
422.9		0.858797
423		0.858797
423.1		0.860606
423.2		0.860606
423.3		0.860606
423.4		0.860606
423.5		0.860606
423.6		0.860606
423.7		0.860606
423.8		0.860606
423.9		0.860606
424		0.860606
424.1		0.862922
424.2		0.862922
424.3		0.862922
424.4		0.862922
424.5		0.862922
424.6		0.862922
424.7		0.862922
424.8		0.862922
424.9		0.862922
425		0.862922
425.1		0.864311
425.2		0.864311
425.3		0.864311
425.4		0.864311
425.5		0.864311
425.6		0.864311
425.7		0.864311
425.8		0.864311
425.9		0.864311
426		0.864311
426.1		0.866803
426.2		0.866803
426.3		0.866803
426.4		0.866803
426.5		0.866803
426.6		0.866803
426.7		0.866803
426.8		0.866803
426.9		0.866803
427		0.866803
427.1		0.870288
427.2		0.870288
427.3		0.870288
427.4		0.870288
427.5		0.870288
427.6		0.870288
427.7		0.870288
427.8		0.870288
427.9		0.870288
428		0.870288
428.1		0.870619
428.2		0.870619
428.3		0.870619
428.4		0.870619
428.5		0.870619
428.6		0.870619
428.7		0.870619
428.8		0.870619
428.9		0.870619
429		0.870619
429.1		0.873045
429.2		0.873045
429.3		0.873045
429.4		0.873045
429.5		0.873045
429.6		0.873045
429.7		0.873045
429.8		0.873045
429.9		0.873045
430		0.873045
430.1		0.874766
430.2		0.874766
430.3		0.874766
430.4		0.874766
430.5		0.874766
430.6		0.874766
430.7		0.874766
430.8		0.874766
430.9		0.874766
431		0.874766
431.1		0.876486
431.2		0.876486
431.3		0.876486
431.4		0.876486
431.5		0.876486
431.6		0.876486
431.7		0.876486
431.8		0.876486
431.9		0.876486
432		0.876486
432.1		0.87728
432.2		0.87728
432.3		0.87728
432.4		0.87728
432.5		0.87728
432.6		0.87728
432.7		0.87728
432.8		0.87728
432.9		0.87728
433		0.87728
433.1		0.879949
433.2		0.879949
433.3		0.879949
433.4		0.879949
433.5		0.879949
433.6		0.879949
433.7		0.879949
433.8		0.879949
433.9		0.879949
434		0.879949
434.1		0.884404
434.2		0.884404
434.3		0.884404
434.4		0.884404
434.5		0.884404
434.6		0.884404
434.7		0.884404
434.8		0.884404
434.9		0.884404
435		0.884404
435.1		0.884757
435.2		0.884757
435.3		0.884757
435.4		0.884757
435.5		0.884757
435.6		0.884757
435.7		0.884757
435.8		0.884757
435.9		0.884757
436		0.884757
436.1		0.886632
436.2		0.886632
436.3		0.886632
436.4		0.886632
436.5		0.886632
436.6		0.886632
436.7		0.886632
436.8		0.886632
436.9		0.886632
437		0.886632
437.1		0.886808
437.2		0.886808
437.3		0.886808
437.4		0.886808
437.5		0.886808
437.6		0.886808
437.7		0.886808
437.8		0.886808
437.9		0.886808
438		0.886808
438.1		0.891286
438.2		0.891286
438.3		0.891286
438.4		0.891286
438.5		0.891286
438.6		0.891286
438.7		0.891286
438.8		0.891286
438.9		0.891286
439		0.891286
439.1		0.892168
439.2		0.892168
439.3		0.892168
439.4		0.892168
439.5		0.892168
439.6		0.892168
439.7		0.892168
439.8		0.892168
439.9		0.892168
440		0.892168
440.1		0.895344
440.2		0.895344
440.3		0.895344
440.4		0.895344
440.5		0.895344
440.6		0.895344
440.7		0.895344
440.8		0.895344
440.9		0.895344
441		0.895344
441.1		0.896116
441.2		0.896116
441.3		0.896116
441.4		0.896116
441.5		0.896116
441.6		0.896116
441.7		0.896116
441.8		0.896116
441.9		0.896116
442		0.896116
442.1		0.900836
442.2		0.900836
442.3		0.900836
442.4		0.900836
442.5		0.900836
442.6		0.900836
442.7		0.900836
442.8		0.900836
442.9		0.900836
443		0.900836
443.1		0.901564
443.2		0.901564
443.3		0.901564
443.4		0.901564
443.5		0.901564
443.6		0.901564
443.7		0.901564
443.8		0.901564
443.9		0.901564
444		0.901564
444.1		0.902358
444.2		0.902358
444.3		0.902358
444.4		0.902358
444.5		0.902358
444.6		0.902358
444.7		0.902358
444.8		0.902358
444.9		0.902358
445		0.902358
445.1		0.902843
445.2		0.902843
445.3		0.902843
445.4		0.902843
445.5		0.902843
445.6		0.902843
445.7		0.902843
445.8		0.902843
445.9		0.902843
446		0.902843
446.1		0.907276
446.2		0.907276
446.3		0.907276
446.4		0.907276
446.5		0.907276
446.6		0.907276
446.7		0.907276
446.8		0.907276
446.9		0.907276
447		0.907276
447.1		0.910298
447.2		0.910298
447.3		0.910298
447.4		0.910298
447.5		0.910298
447.6		0.910298
447.7		0.910298
447.8		0.910298
447.9		0.910298
448		0.910298
448.1		0.910585
448.2		0.910585
448.3		0.910585
448.4		0.910585
448.5		0.910585
448.6		0.910585
448.7		0.910585
448.8		0.910585
448.9		0.910585
449		0.910585
449.1		0.912062
449.2		0.912062
449.3		0.912062
449.4		0.912062
449.5		0.912062
449.6		0.912062
449.7		0.912062
449.8		0.912062
449.9		0.912062
450		0.912062
450.1		0.914092
450.2		0.914092
450.3		0.914092
450.4		0.914092
450.5		0.914092
450.6		0.914092
450.7		0.914092
450.8		0.914092
450.9		0.914092
451		0.914092
451.1		0.917951
451.2		0.917951
451.3		0.917951
451.4		0.917951
451.5		0.917951
451.6		0.917951
451.7		0.917951
451.8		0.917951
451.9		0.917951
452		0.917951
452.1		0.919297
452.2		0.919297
452.3		0.919297
452.4		0.919297
452.5		0.919297
452.6		0.919297
452.7		0.919297
452.8		0.919297
452.9		0.919297
453		0.919297
453.1		0.923135
453.2		0.923135
453.3		0.923135
453.4		0.923135
453.5		0.923135
453.6		0.923135
453.7		0.923135
453.8		0.923135
453.9		0.923135
454		0.923135
454.1		0.923642
454.2		0.923642
454.3		0.923642
454.4		0.923642
454.5		0.923642
454.6		0.923642
454.7		0.923642
454.8		0.923642
454.9		0.923642
455		0.923642
455.1		0.924899
455.2		0.924899
455.3		0.924899
455.4		0.924899
455.5		0.924899
455.6		0.924899
455.7		0.924899
455.8		0.924899
455.9		0.924899
456		0.924899
456.1		0.929575
456.2		0.929575
456.3		0.929575
456.4		0.929575
456.5		0.929575
456.6		0.929575
456.7		0.929575
456.8		0.929575
456.9		0.929575
457		0.929575
457.1		0.930082
457.2		0.930082
457.3		0.930082
457.4		0.930082
457.5		0.930082
457.6		0.930082
457.7		0.930082
457.8		0.930082
457.9		0.930082
458		0.930082
458.1		0.930568
458.2		0.930568
458.3		0.930568
458.4		0.930568
458.5		0.930568
458.6		0.930568
458.7		0.930568
458.8		0.930568
458.9		0.930568
459		0.930568
459.1		0.932244
459.2		0.932244
459.3		0.932244
459.4		0.932244
459.5		0.932244
459.6		0.932244
459.7		0.932244
459.8		0.932244
459.9		0.932244
460		0.932244
460.1		0.936964
460.2		0.936964
460.3		0.936964
460.4		0.936964
460.5		0.936964
460.6		0.936964
460.7		0.936964
460.8		0.936964
460.9		0.936964
461		0.936964
461.1		0.937339
461.2		0.937339
461.3		0.937339
461.4		0.937339
461.5		0.937339
461.6		0.937339
461.7		0.937339
461.8		0.937339
461.9		0.937339
462		0.937339
462.1		0.938508
462.2		0.938508
462.3		0.938508
462.4		0.938508
462.5		0.938508
462.6		0.938508
462.7		0.938508
462.8		0.938508
462.9		0.938508
463		0.938508
463.1		0.941287
463.2		0.941287
463.3		0.941287
463.4		0.941287
463.5		0.941287
463.6		0.941287
463.7		0.941287
463.8		0.941287
463.9		0.941287
464		0.941287
464.1		0.943845
464.2		0.943845
464.3		0.943845
464.4		0.943845
464.5		0.943845
464.6		0.943845
464.7		0.943845
464.8		0.943845
464.9		0.943845
465		0.943845
465.1		0.946823
465.2		0.946823
465.3		0.946823
465.4		0.946823
465.5		0.946823
465.6		0.946823
465.7		0.946823
465.8		0.946823
465.9		0.946823
466		0.946823
466.1		0.947859
466.2		0.947859
466.3		0.947859
466.4		0.947859
466.5		0.947859
466.6		0.947859
466.7		0.947859
466.8		0.947859
466.9		0.947859
467		0.947859
467.1		0.949845
467.2		0.949845
467.3		0.949845
467.4		0.949845
467.5		0.949845
467.6		0.949845
467.7		0.949845
467.8		0.949845
467.9		0.949845
468		0.949845
468.1		0.951896
468.2		0.951896
468.3		0.951896
468.4		0.951896
468.5		0.951896
468.6		0.951896
468.7		0.951896
468.8		0.951896
468.9		0.951896
469		0.951896
469.1		0.953109
469.2		0.953109
469.3		0.953109
469.4		0.953109
469.5		0.953109
469.6		0.953109
469.7		0.953109
469.8		0.953109
469.9		0.953109
470		0.953109
470.1		0.953506
470.2		0.953506
470.3		0.953506
470.4		0.953506
470.5		0.953506
470.6		0.953506
470.7		0.953506
470.8		0.953506
470.9		0.953506
471		0.953506
471.1		0.955778
471.2		0.955778
471.3		0.955778
471.4		0.955778
471.5		0.955778
471.6		0.955778
471.7		0.955778
471.8		0.955778
471.9		0.955778
472		0.955778
472.1		0.959792
472.2		0.959792
472.3		0.959792
472.4		0.959792
472.5		0.959792
472.6		0.959792
472.7		0.959792
472.8		0.959792
472.9		0.959792
473		0.959792
473.1		0.961468
473.2		0.961468
473.3		0.961468
473.4		0.961468
473.5		0.961468
473.6		0.961468
473.7		0.961468
473.8		0.961468
473.9		0.961468
474		0.961468
474.1		0.962637
474.2		0.962637
474.3		0.962637
474.4		0.962637
474.5		0.962637
474.6		0.962637
474.7		0.962637
474.8		0.962637
474.9		0.962637
475		0.962637
475.1		0.963387
475.2		0.963387
475.3		0.963387
475.4		0.963387
475.5		0.963387
475.6		0.963387
475.7		0.963387
475.8		0.963387
475.9		0.963387
476		0.963387
476.1		0.966012
476.2		0.966012
476.3		0.966012
476.4		0.966012
476.5		0.966012
476.6		0.966012
476.7		0.966012
476.8		0.966012
476.9		0.966012
477		0.966012
477.1		0.970467
477.2		0.970467
477.3		0.970467
477.4		0.970467
477.5		0.970467
477.6		0.970467
477.7		0.970467
477.8		0.970467
477.9		0.970467
478		0.970467
478.1		0.972959
478.2		0.972959
478.3		0.972959
478.4		0.972959
478.5		0.972959
478.6		0.972959
478.7		0.972959
478.8		0.972959
478.9		0.972959
479		0.972959
479.1		0.974525
479.2		0.974525
479.3		0.974525
479.4		0.974525
479.5		0.974525
479.6		0.974525
479.7		0.974525
479.8		0.974525
479.9		0.974525
480		0.974525
480.1		0.975628
480.2		0.975628
480.3		0.975628
480.4		0.975628
480.5		0.975628
480.6		0.975628
480.7		0.975628
480.8		0.975628
480.9		0.975628
481		0.975628
481.1		0.978716
481.2		0.978716
481.3		0.978716
481.4		0.978716
481.5		0.978716
481.6		0.978716
481.7		0.978716
481.8		0.978716
481.9		0.978716
482		0.978716
482.1		0.979047
482.2		0.979047
482.3		0.979047
482.4		0.979047
482.5		0.979047
482.6		0.979047
482.7		0.979047
482.8		0.979047
482.9		0.979047
483		0.979047
483.1		0.979245
483.2		0.979245
483.3		0.979245
483.4		0.979245
483.5		0.979245
483.6		0.979245
483.7		0.979245
483.8		0.979245
483.9		0.979245
484		0.979245
484.1		0.9852
484.2		0.9852
484.3		0.9852
484.4		0.9852
484.5		0.9852
484.6		0.9852
484.7		0.9852
484.8		0.9852
484.9		0.9852
485		0.9852
485.1		0.986502
485.2		0.986502
485.3		0.986502
485.4		0.986502
485.5		0.986502
485.6		0.986502
485.7		0.986502
485.8		0.986502
485.9		0.986502
486		0.986502
486.1		0.990406
486.2		0.990406
486.3		0.990406
486.4		0.990406
486.5		0.990406
486.6		0.990406
486.7		0.990406
486.8		0.990406
486.9		0.990406
487		0.990406
487.1		0.990516
487.2		0.990516
487.3		0.990516
487.4		0.990516
487.5		0.990516
487.6		0.990516
487.7		0.990516
487.8		0.990516
487.9		0.990516
488		0.990516
488.1		0.994552
488.2		0.994552
488.3		0.994552
488.4		0.994552
488.5		0.994552
488.6		0.994552
488.7		0.994552
488.8		0.994552
488.9		0.994552
489		0.994552
489.1		0.997287
489.2		0.997287
489.3		0.997287
489.4		0.997287
489.5		0.997287
489.6		0.997287
489.7		0.997287
489.8		0.997287
489.9		0.997287
490		0.997287
490.1		0.997883
490.2		0.997883
490.3		0.997883
490.4		0.997883
490.5		0.997883
490.6		0.997883
490.7		0.997883
490.8		0.997883
490.9		0.997883
491		0.997883
491.1		0.999647
491.2		0.999647
491.3		0.999647
491.4		0.999647
491.5		0.999647
491.6		0.999647
491.7		0.999647
491.8		0.999647
491.9		0.999647
492		0.999647
492.1		0.999801
492.2		0.999801
492.3		0.999801
492.4		0.999801
492.5		0.999801
492.6		0.999801
492.7		0.999801
492.8		0.999801
492.9		0.999801
493		0.999801
493.1		1
493.2		1
493.3		1
493.4		1
493.5		1
493.6		1
493.7		1
493.8		1
493.9		1
494		1
494.1		1
494.2		1
494.3		1
494.4		1
494.5		1
494.6		1
494.7		1
494.8		1
494.9		1
495		1
495.1		1
495.2		1
495.3		1
495.4		1
495.5		1
495.6		1
495.7		1
495.8		1
495.9		1
496		1
496.1		1
496.2		1
496.3		1
496.4		1
496.5		1
496.6		1
496.7		1
496.8		1
496.9		1
497		1
497.1		1
497.2		1
497.3		1
497.4		1
497.5		1
497.6		1
497.7		1
497.8		1
497.9		1
498		1
498.1		1
498.2		1
498.3		1
498.4		1
498.5		1
498.6		1
498.7		1
498.8		1
498.9		1
499		1
499.1		1
499.2		1
499.3		1
499.4		1
499.5		1
499.6		1
499.7		1
499.8		1
499.9		1
500		1
500.1		1
500.2		1
500.3		1
500.4		1
500.5		1
500.6		1
500.7		1
500.8		1
500.9		1
501		1
501.1		1
501.2		1
501.3		1
501.4		1
501.5		1
501.6		1
501.7		1
501.8		1
501.9		1
502		1
502.1		1
502.2		1
502.3		1
502.4		1
502.5		1
502.6		1
502.7		1
502.8		1
502.9		1
503		1
503.1		1
503.2		1
503.3		1
503.4		1
503.5		1
503.6		1
503.7		1
503.8		1
503.9		1
504		1
504.1		1
504.2		1
504.3		1
504.4		1
504.5		1
504.6		1
504.7		1
504.8		1
504.9		1
505		1
505.1		1
505.2		1
505.3		1
505.4		1
505.5		1
505.6		1
505.7		1
505.8		1
505.9		1
506		1
506.1		1
506.2		1
506.3		1
506.4		1
506.5		1
506.6		1
506.7		1
506.8		1
506.9		1
507		1
507.1		1
507.2		1
507.3		1
507.4		1
507.5		1
507.6		1
507.7		1
507.8		1
507.9		1
508		1
508.1		1
508.2		1
508.3		1
508.4		1
508.5		1
508.6		1
508.7		1
508.8		1
508.9		1
509		1
509.1		1
509.2		1
509.3		1
509.4		1
509.5		1
509.6		1
509.7		1
509.8		1
509.9		1
510		1
510.1		1
510.2		1
510.3		1
510.4		1
510.5		1
510.6		1
510.7		1
510.8		1
510.9		1
511		1
511.1		1
511.2		1
511.3		1
511.4		1
511.5		1
511.6		1
511.7		1
511.8		1
511.9		1
512		1
512.1		1
512.2		1
512.3		1
512.4		1
512.5		1
512.6		1
512.7		1
512.8		1
512.9		1
513		1
513.1		1
513.2		1
513.3		1
513.4		1
513.5		1
513.6		1
513.7		1
513.8		1
513.9		1
514		1
514.1		1
514.2		1
514.3		1
514.4		1
514.5		1
514.6		1
514.7		1
514.8		1
514.9		1
515		1
515.1		1
515.2		1
515.3		1
515.4		1
515.5		1
515.6		1
515.7		1
515.8		1
515.9		1
516		1
516.1		1
516.2		1
516.3		1
516.4		1
516.5		1
516.6		1
516.7		1
516.8		1
516.9		1
517		1
517.1		1
517.2		1
517.3		1
517.4		1
517.5		1
517.6		1
517.7		1
517.8		1
517.9		1
518		1
518.1		1
518.2		1
518.3		1
518.4		1
518.5		1
518.6		1
518.7		1
518.8		1
518.9		1
519		1
519.1		1
519.2		1
519.3		1
519.4		1
519.5		1
519.6		1
519.7		1
519.8		1
519.9		1
520		1
520.1		1
520.2		1
520.3		1
520.4		1
520.5		1
520.6		1
520.7		1
520.8		1
520.9		1
521		1
521.1		1
521.2		1
521.3		1
521.4		1
521.5		1
521.6		1
521.7		1
521.8		1
521.9		1
522		1
522.1		1
522.2		1
522.3		1
522.4		1
522.5		1
522.6		1
522.7		1
522.8		1
522.9		1
523		1
523.1		1
523.2		1
523.3		1
523.4		1
523.5		1
523.6		1
523.7		1
523.8		1
523.9		1
524		1
524.1		1
524.2		1
524.3		1
524.4		1
524.5		1
524.6		1
524.7		1
524.8		1
524.9		1
525		1
525.1		1
525.2		1
525.3		1
525.4		1
525.5		1
525.6		1
525.7		1
525.8		1
525.9		1
526		1
526.1		1
526.2		1
526.3		1
526.4		1
526.5		1
526.6		1
526.7		1
526.8		1
526.9		1
527		1
527.1		1
527.2		1
527.3		1
527.4		1
527.5		1
527.6		1
527.7		1
527.8		1
527.9		1
528		1
528.1		1
528.2		1
528.3		1
528.4		1
528.5		1
528.6		1
528.7		1
528.8		1
528.9		1
529		1
529.1		1
529.2		1
529.3		1
529.4		1
529.5		1
529.6		1
529.7		1
529.8		1
529.9		1
530		1
530.1		1
530.2		1
530.3		1
530.4		1
530.5		1
530.6		1
530.7		1
530.8		1
530.9		1
531		1
531.1		1
531.2		1
531.3		1
531.4		1
531.5		1
531.6		1
531.7		1
531.8		1
531.9		1
532		1
532.1		1
532.2		1
532.3		1
532.4		1
532.5		1
532.6		1
532.7		1
532.8		1
532.9		1
533		1
533.1		1
533.2		1
533.3		1
533.4		1
533.5		1
533.6		1
533.7		1
533.8		1
533.9		1
534		1
534.1		1
534.2		1
534.3		1
534.4		1
534.5		1
534.6		1
534.7		1
534.8		1
534.9		1
535		1
535.1		1
535.2		1
535.3		1
535.4		1
535.5		1
535.6		1
535.7		1
535.8		1
535.9		1
536		1
536.1		1
536.2		1
536.3		1
536.4		1
536.5		1
536.6		1
536.7		1
536.8		1
536.9		1
537		1
537.1		1
537.2		1
537.3		1
537.4		1
537.5		1
537.6		1
537.7		1
537.8		1
537.9		1
538		1
538.1		1
538.2		1
538.3		1
538.4		1
538.5		1
538.6		1
538.7		1
538.8		1
538.9		1
539		1
539.1		1
539.2		1
539.3		1
539.4		1
539.5		1
539.6		1
539.7		1
539.8		1
539.9		1
540		1
540.1		1
540.2		1
540.3		1
540.4		1
540.5		1
540.6		1
540.7		1
540.8		1
540.9		1
541		1
541.1		1
541.2		1
541.3		1
541.4		1
541.5		1
541.6		1
541.7		1
541.8		1
541.9		1
542		1
542.1		1
542.2		1
542.3		1
542.4		1
542.5		1
542.6		1
542.7		1
542.8		1
542.9		1
543		1
543.1		1
543.2		1
543.3		1
543.4		1
543.5		1
543.6		1
543.7		1
543.8		1
543.9		1
544		1
544.1		1
544.2		1
544.3		1
544.4		1
544.5		1
544.6		1
544.7		1
544.8		1
544.9		1
545		1
545.1		1
545.2		1
545.3		1
545.4		1
545.5		1
545.6		1
545.7		1
545.8		1
545.9		1
546		1
546.1		1
546.2		1
546.3		1
546.4		1
546.5		1
546.6		1
546.7		1
546.8		1
546.9		1
547		1
547.1		1
547.2		1
547.3		1
547.4		1
547.5		1
547.6		1
547.7		1
547.8		1
547.9		1
548		1
548.1		1
548.2		1
548.3		1
548.4		1
548.5		1
548.6		1
548.7		1
548.8		1
548.9		1
549		1
549.1		1
549.2		1
549.3		1
549.4		1
549.5		1
549.6		1
549.7		1
549.8		1
549.9		1
550		1
550.1		1
550.2		1
550.3		1
550.4		1
550.5		1
550.6		1
550.7		1
550.8		1
550.9		1
551		1
551.1		1
551.2		1
551.3		1
551.4		1
551.5		1
551.6		1
551.7		1
551.8		1
551.9		1
552		1
552.1		1
552.2		1
552.3		1
552.4		1
552.5		1
552.6		1
552.7		1
552.8		1
552.9		1
553		1
553.1		1
553.2		1
553.3		1
553.4		1
553.5		1
553.6		1
553.7		1
553.8		1
553.9		1
554		1
554.1		1
554.2		1
554.3		1
554.4		1
554.5		1
554.6		1
554.7		1
554.8		1
554.9		1
555		1
555.1		1
555.2		1
555.3		1
555.4		1
555.5		1
555.6		1
555.7		1
555.8		1
555.9		1
556		1
556.1		1
556.2		1
556.3		1
556.4		1
556.5		1
556.6		1
556.7		1
556.8		1
556.9		1
557		1
557.1		1
557.2		1
557.3		1
557.4		1
557.5		1
557.6		1
557.7		1
557.8		1
557.9		1
558		1
558.1		1
558.2		1
558.3		1
558.4		1
558.5		1
558.6		1
558.7		1
558.8		1
558.9		1
559		1
559.1		1
559.2		1
559.3		1
559.4		1
559.5		1
559.6		1
559.7		1
559.8		1
559.9		1
560		1
560.1		1
560.2		1
560.3		1
560.4		1
560.5		1
560.6		1
560.7		1
560.8		1
560.9		1
561		1
561.1		1
561.2		1
561.3		1
561.4		1
561.5		1
561.6		1
561.7		1
561.8		1
561.9		1
562		1
562.1		1
562.2		1
562.3		1
562.4		1
562.5		1
562.6		1
562.7		1
562.8		1
562.9		1
563		1
563.1		1
563.2		1
563.3		1
563.4		1
563.5		1
563.6		1
563.7		1
563.8		1
563.9		1
564		1
564.1		1
564.2		1
564.3		1
564.4		1
564.5		1
564.6		1
564.7		1
564.8		1
564.9		1
565		1
565.1		1
565.2		1
565.3		1
565.4		1
565.5		1
565.6		1
565.7		1
565.8		1
565.9		1
566		1
566.1		1
566.2		1
566.3		1
566.4		1
566.5		1
566.6		1
566.7		1
566.8		1
566.9		1
567		1
567.1		1
567.2		1
567.3		1
567.4		1
567.5		1
567.6		1
567.7		1
567.8		1
567.9		1
568		1
568.1		1
568.2		1
568.3		1
568.4		1
568.5		1
568.6		1
568.7		1
568.8		1
568.9		1
569		1
569.1		1
569.2		1
569.3		1
569.4		1
569.5		1
569.6		1
569.7		1
569.8		1
569.9		1
570		1
570.1		1
570.2		1
570.3		1
570.4		1
570.5		1
570.6		1
570.7		1
570.8		1
570.9		1
571		1
571.1		1
571.2		1
571.3		1
571.4		1
571.5		1
571.6		1
571.7		1
571.8		1
571.9		1
572		1
572.1		1
572.2		1
572.3		1
572.4		1
572.5		1
572.6		1
572.7		1
572.8		1
572.9		1
573		1
573.1		1
573.2		1
573.3		1
573.4		1
573.5		1
573.6		1
573.7		1
573.8		1
573.9		1
574		1
574.1		1
574.2		1
574.3		1
574.4		1
574.5		1
574.6		1
574.7		1
574.8		1
574.9		1
575		1
575.1		1
575.2		1
575.3		1
575.4		1
575.5		1
575.6		1
575.7		1
575.8		1
575.9		1
576		1
576.1		1
576.2		1
576.3		1
576.4		1
576.5		1
576.6		1
576.7		1
576.8		1
576.9		1
577		1
577.1		1
577.2		1
577.3		1
577.4		1
577.5		1
577.6		1
577.7		1
577.8		1
577.9		1
578		1
578.1		1
578.2		1
578.3		1
578.4		1
578.5		1
578.6		1
578.7		1
578.8		1
578.9		1
579		1
579.1		1
579.2		1
579.3		1
579.4		1
579.5		1
579.6		1
579.7		1
579.8		1
579.9		1
580		1
580.1		1
580.2		1
580.3		1
580.4		1
580.5		1
580.6		1
580.7		1
580.8		1
580.9		1
581		1
581.1		1
581.2		1
581.3		1
581.4		1
581.5		1
581.6		1
581.7		1
581.8		1
581.9		1
582		1
582.1		1
582.2		1
582.3		1
582.4		1
582.5		1
582.6		1
582.7		1
582.8		1
582.9		1
583		1
583.1		1
583.2		1
583.3		1
583.4		1
583.5		1
583.6		1
583.7		1
583.8		1
583.9		1
584		1
584.1		1
584.2		1
584.3		1
584.4		1
584.5		1
584.6		1
584.7		1
584.8		1
584.9		1
585		1
585.1		1
585.2		1
585.3		1
585.4		1
585.5		1
585.6		1
585.7		1
585.8		1
585.9		1
586		1
586.1		1
586.2		1
586.3		1
586.4		1
586.5		1
586.6		1
586.7		1
586.8		1
586.9		1
587		1
587.1		1
587.2		1
587.3		1
587.4		1
587.5		1
587.6		1
587.7		1
587.8		1
587.9		1
588		1
588.1		1
588.2		1
588.3		1
588.4		1
588.5		1
588.6		1
588.7		1
588.8		1
588.9		1
589		1
589.1		1
589.2		1
589.3		1
589.4		1
589.5		1
589.6		1
589.7		1
589.8		1
589.9		1
590		1
590.1		1
590.2		1
590.3		1
590.4		1
590.5		1
590.6		1
590.7		1
590.8		1
590.9		1
591		1
591.1		1
591.2		1
591.3		1
591.4		1
591.5		1
591.6		1
591.7		1
591.8		1
591.9		1
592		1
592.1		1
592.2		1
592.3		1
592.4		1
592.5		1
592.6		1
592.7		1
592.8		1
592.9		1
593		1
593.1		1
593.2		1
593.3		1
593.4		1
593.5		1
593.6		1
593.7		1
593.8		1
593.9		1
594		1
594.1		1
594.2		1
594.3		1
594.4		1
594.5		1
594.6		1
594.7		1
594.8		1
594.9		1
595		1
595.1		1
595.2		1
595.3		1
595.4		1
595.5		1
595.6		1
595.7		1
595.8		1
595.9		1
596		1
596.1		1
596.2		1
596.3		1
596.4		1
596.5		1
596.6		1
596.7		1
596.8		1
596.9		1
597		1
597.1		1
597.2		1
597.3		1
597.4		1
597.5		1
597.6		1
597.7		1
597.8		1
597.9		1
598		1
598.1		1
598.2		1
598.3		1
598.4		1
598.5		1
598.6		1
598.7		1
598.8		1
598.9		1
599		1
599.1		1
599.2		1
599.3		1
599.4		1
599.5		1
599.6		1
599.7		1
599.8		1
599.9		1
600		1
