# Calibration file of tamex_id 1 @ channel 2
# fine_T bin		 Calibration value
0.1		0
0.2		0
0.3		0
0.4		0
0.5		0
0.6		0
0.7		0
0.8		0
0.9		0
1		0
1.1		0
1.2		0
1.3		0
1.4		0
1.5		0
1.6		0
1.7		0
1.8		0
1.9		0
2		0
2.1		0
2.2		0
2.3		0
2.4		0
2.5		0
2.6		0
2.7		0
2.8		0
2.9		0
3		0
3.1		0
3.2		0
3.3		0
3.4		0
3.5		0
3.6		0
3.7		0
3.8		0
3.9		0
4		0
4.1		0
4.2		0
4.3		0
4.4		0
4.5		0
4.6		0
4.7		0
4.8		0
4.9		0
5		0
5.1		0
5.2		0
5.3		0
5.4		0
5.5		0
5.6		0
5.7		0
5.8		0
5.9		0
6		0
6.1		0
6.2		0
6.3		0
6.4		0
6.5		0
6.6		0
6.7		0
6.8		0
6.9		0
7		0
7.1		0
7.2		0
7.3		0
7.4		0
7.5		0
7.6		0
7.7		0
7.8		0
7.9		0
8		0
8.1		0
8.2		0
8.3		0
8.4		0
8.5		0
8.6		0
8.7		0
8.8		0
8.9		0
9		0
9.1		0
9.2		0
9.3		0
9.4		0
9.5		0
9.6		0
9.7		0
9.8		0
9.9		0
10		0
10.1		0
10.2		0
10.3		0
10.4		0
10.5		0
10.6		0
10.7		0
10.8		0
10.9		0
11		0
11.1		0
11.2		0
11.3		0
11.4		0
11.5		0
11.6		0
11.7		0
11.8		0
11.9		0
12		0
12.1		0
12.2		0
12.3		0
12.4		0
12.5		0
12.6		0
12.7		0
12.8		0
12.9		0
13		0
13.1		0
13.2		0
13.3		0
13.4		0
13.5		0
13.6		0
13.7		0
13.8		0
13.9		0
14		0
14.1		0
14.2		0
14.3		0
14.4		0
14.5		0
14.6		0
14.7		0
14.8		0
14.9		0
15		0
15.1		0
15.2		0
15.3		0
15.4		0
15.5		0
15.6		0
15.7		0
15.8		0
15.9		0
16		0
16.1		0.00217565
16.2		0.00217565
16.3		0.00217565
16.4		0.00217565
16.5		0.00217565
16.6		0.00217565
16.7		0.00217565
16.8		0.00217565
16.9		0.00217565
17		0.00217565
17.1		0.00648255
17.2		0.00648255
17.3		0.00648255
17.4		0.00648255
17.5		0.00648255
17.6		0.00648255
17.7		0.00648255
17.8		0.00648255
17.9		0.00648255
18		0.00648255
18.1		0.00839179
18.2		0.00839179
18.3		0.00839179
18.4		0.00839179
18.5		0.00839179
18.6		0.00839179
18.7		0.00839179
18.8		0.00839179
18.9		0.00839179
19		0.00839179
19.1		0.0111891
19.2		0.0111891
19.3		0.0111891
19.4		0.0111891
19.5		0.0111891
19.6		0.0111891
19.7		0.0111891
19.8		0.0111891
19.9		0.0111891
20		0.0111891
20.1		0.0168502
20.2		0.0168502
20.3		0.0168502
20.4		0.0168502
20.5		0.0168502
20.6		0.0168502
20.7		0.0168502
20.8		0.0168502
20.9		0.0168502
21		0.0168502
21.1		0.0171166
21.2		0.0171166
21.3		0.0171166
21.4		0.0171166
21.5		0.0171166
21.6		0.0171166
21.7		0.0171166
21.8		0.0171166
21.9		0.0171166
22		0.0171166
22.1		0.0182488
22.2		0.0182488
22.3		0.0182488
22.4		0.0182488
22.5		0.0182488
22.6		0.0182488
22.7		0.0182488
22.8		0.0182488
22.9		0.0182488
23		0.0182488
23.1		0.0197585
23.2		0.0197585
23.3		0.0197585
23.4		0.0197585
23.5		0.0197585
23.6		0.0197585
23.7		0.0197585
23.8		0.0197585
23.9		0.0197585
24		0.0197585
24.1		0.0211793
24.2		0.0211793
24.3		0.0211793
24.4		0.0211793
24.5		0.0211793
24.6		0.0211793
24.7		0.0211793
24.8		0.0211793
24.9		0.0211793
25		0.0211793
25.1		0.0257304
25.2		0.0257304
25.3		0.0257304
25.4		0.0257304
25.5		0.0257304
25.6		0.0257304
25.7		0.0257304
25.8		0.0257304
25.9		0.0257304
26		0.0257304
26.1		0.0274176
26.2		0.0274176
26.3		0.0274176
26.4		0.0274176
26.5		0.0274176
26.6		0.0274176
26.7		0.0274176
26.8		0.0274176
26.9		0.0274176
27		0.0274176
27.1		0.0283501
27.2		0.0283501
27.3		0.0283501
27.4		0.0283501
27.5		0.0283501
27.6		0.0283501
27.7		0.0283501
27.8		0.0283501
27.9		0.0283501
28		0.0283501
28.1		0.0288829
28.2		0.0288829
28.3		0.0288829
28.4		0.0288829
28.5		0.0288829
28.6		0.0288829
28.7		0.0288829
28.8		0.0288829
28.9		0.0288829
29		0.0288829
29.1		0.0313693
29.2		0.0313693
29.3		0.0313693
29.4		0.0313693
29.5		0.0313693
29.6		0.0313693
29.7		0.0313693
29.8		0.0313693
29.9		0.0313693
30		0.0313693
30.1		0.0325682
30.2		0.0325682
30.3		0.0325682
30.4		0.0325682
30.5		0.0325682
30.6		0.0325682
30.7		0.0325682
30.8		0.0325682
30.9		0.0325682
31		0.0325682
31.1		0.0346328
31.2		0.0346328
31.3		0.0346328
31.4		0.0346328
31.5		0.0346328
31.6		0.0346328
31.7		0.0346328
31.8		0.0346328
31.9		0.0346328
32		0.0346328
32.1		0.0378519
32.2		0.0378519
32.3		0.0378519
32.4		0.0378519
32.5		0.0378519
32.6		0.0378519
32.7		0.0378519
32.8		0.0378519
32.9		0.0378519
33		0.0378519
33.1		0.0400275
33.2		0.0400275
33.3		0.0400275
33.4		0.0400275
33.5		0.0400275
33.6		0.0400275
33.7		0.0400275
33.8		0.0400275
33.9		0.0400275
34		0.0400275
34.1		0.0447562
34.2		0.0447562
34.3		0.0447562
34.4		0.0447562
34.5		0.0447562
34.6		0.0447562
34.7		0.0447562
34.8		0.0447562
34.9		0.0447562
35		0.0447562
35.1		0.0451558
35.2		0.0451558
35.3		0.0451558
35.4		0.0451558
35.5		0.0451558
35.6		0.0451558
35.7		0.0451558
35.8		0.0451558
35.9		0.0451558
36		0.0451558
36.1		0.0479753
36.2		0.0479753
36.3		0.0479753
36.4		0.0479753
36.5		0.0479753
36.6		0.0479753
36.7		0.0479753
36.8		0.0479753
36.9		0.0479753
37		0.0479753
37.1		0.0483971
37.2		0.0483971
37.3		0.0483971
37.4		0.0483971
37.5		0.0483971
37.6		0.0483971
37.7		0.0483971
37.8		0.0483971
37.9		0.0483971
38		0.0483971
38.1		0.0501732
38.2		0.0501732
38.3		0.0501732
38.4		0.0501732
38.5		0.0501732
38.6		0.0501732
38.7		0.0501732
38.8		0.0501732
38.9		0.0501732
39		0.0501732
39.1		0.0537696
39.2		0.0537696
39.3		0.0537696
39.4		0.0537696
39.5		0.0537696
39.6		0.0537696
39.7		0.0537696
39.8		0.0537696
39.9		0.0537696
40		0.0537696
40.1		0.0541471
40.2		0.0541471
40.3		0.0541471
40.4		0.0541471
40.5		0.0541471
40.6		0.0541471
40.7		0.0541471
40.8		0.0541471
40.9		0.0541471
41		0.0541471
41.1		0.0584318
41.2		0.0584318
41.3		0.0584318
41.4		0.0584318
41.5		0.0584318
41.6		0.0584318
41.7		0.0584318
41.8		0.0584318
41.9		0.0584318
42		0.0584318
42.1		0.0600302
42.2		0.0600302
42.3		0.0600302
42.4		0.0600302
42.5		0.0600302
42.6		0.0600302
42.7		0.0600302
42.8		0.0600302
42.9		0.0600302
43		0.0600302
43.1		0.0619172
43.2		0.0619172
43.3		0.0619172
43.4		0.0619172
43.5		0.0619172
43.6		0.0619172
43.7		0.0619172
43.8		0.0619172
43.9		0.0619172
44		0.0619172
44.1		0.0635157
44.2		0.0635157
44.3		0.0635157
44.4		0.0635157
44.5		0.0635157
44.6		0.0635157
44.7		0.0635157
44.8		0.0635157
44.9		0.0635157
45		0.0635157
45.1		0.0636933
45.2		0.0636933
45.3		0.0636933
45.4		0.0636933
45.5		0.0636933
45.6		0.0636933
45.7		0.0636933
45.8		0.0636933
45.9		0.0636933
46		0.0636933
46.1		0.067201
46.2		0.067201
46.3		0.067201
46.4		0.067201
46.5		0.067201
46.6		0.067201
46.7		0.067201
46.8		0.067201
46.9		0.067201
47		0.067201
47.1		0.0694876
47.2		0.0694876
47.3		0.0694876
47.4		0.0694876
47.5		0.0694876
47.6		0.0694876
47.7		0.0694876
47.8		0.0694876
47.9		0.0694876
48		0.0694876
48.1		0.0723515
48.2		0.0723515
48.3		0.0723515
48.4		0.0723515
48.5		0.0723515
48.6		0.0723515
48.7		0.0723515
48.8		0.0723515
48.9		0.0723515
49		0.0723515
49.1		0.0731285
49.2		0.0731285
49.3		0.0731285
49.4		0.0731285
49.5		0.0731285
49.6		0.0731285
49.7		0.0731285
49.8		0.0731285
49.9		0.0731285
50		0.0731285
50.1		0.0750599
50.2		0.0750599
50.3		0.0750599
50.4		0.0750599
50.5		0.0750599
50.6		0.0750599
50.7		0.0750599
50.8		0.0750599
50.9		0.0750599
51		0.0750599
51.1		0.078501
51.2		0.078501
51.3		0.078501
51.4		0.078501
51.5		0.078501
51.6		0.078501
51.7		0.078501
51.8		0.078501
51.9		0.078501
52		0.078501
52.1		0.0799219
52.2		0.0799219
52.3		0.0799219
52.4		0.0799219
52.5		0.0799219
52.6		0.0799219
52.7		0.0799219
52.8		0.0799219
52.9		0.0799219
53		0.0799219
53.1		0.0807877
53.2		0.0807877
53.3		0.0807877
53.4		0.0807877
53.5		0.0807877
53.6		0.0807877
53.7		0.0807877
53.8		0.0807877
53.9		0.0807877
54		0.0807877
54.1		0.0828079
54.2		0.0828079
54.3		0.0828079
54.4		0.0828079
54.5		0.0828079
54.6		0.0828079
54.7		0.0828079
54.8		0.0828079
54.9		0.0828079
55		0.0828079
55.1		0.0867152
55.2		0.0867152
55.3		0.0867152
55.4		0.0867152
55.5		0.0867152
55.6		0.0867152
55.7		0.0867152
55.8		0.0867152
55.9		0.0867152
56		0.0867152
56.1		0.0867818
56.2		0.0867818
56.3		0.0867818
56.4		0.0867818
56.5		0.0867818
56.6		0.0867818
56.7		0.0867818
56.8		0.0867818
56.9		0.0867818
57		0.0867818
57.1		0.086915
57.2		0.086915
57.3		0.086915
57.4		0.086915
57.5		0.086915
57.6		0.086915
57.7		0.086915
57.8		0.086915
57.9		0.086915
58		0.086915
58.1		0.0934198
58.2		0.0934198
58.3		0.0934198
58.4		0.0934198
58.5		0.0934198
58.6		0.0934198
58.7		0.0934198
58.8		0.0934198
58.9		0.0934198
59		0.0934198
59.1		0.0954178
59.2		0.0954178
59.3		0.0954178
59.4		0.0954178
59.5		0.0954178
59.6		0.0954178
59.7		0.0954178
59.8		0.0954178
59.9		0.0954178
60		0.0954178
60.1		0.0959728
60.2		0.0959728
60.3		0.0959728
60.4		0.0959728
60.5		0.0959728
60.6		0.0959728
60.7		0.0959728
60.8		0.0959728
60.9		0.0959728
61		0.0959728
61.1		0.0972383
61.2		0.0972383
61.3		0.0972383
61.4		0.0972383
61.5		0.0972383
61.6		0.0972383
61.7		0.0972383
61.8		0.0972383
61.9		0.0972383
62		0.0972383
62.1		0.100679
62.2		0.100679
62.3		0.100679
62.4		0.100679
62.5		0.100679
62.6		0.100679
62.7		0.100679
62.8		0.100679
62.9		0.100679
63		0.100679
63.1		0.101523
63.2		0.101523
63.3		0.101523
63.4		0.101523
63.5		0.101523
63.6		0.101523
63.7		0.101523
63.8		0.101523
63.9		0.101523
64		0.101523
64.1		0.103654
64.2		0.103654
64.3		0.103654
64.4		0.103654
64.5		0.103654
64.6		0.103654
64.7		0.103654
64.8		0.103654
64.9		0.103654
65		0.103654
65.1		0.106918
65.2		0.106918
65.3		0.106918
65.4		0.106918
65.5		0.106918
65.6		0.106918
65.7		0.106918
65.8		0.106918
65.9		0.106918
66		0.106918
66.1		0.108871
66.2		0.108871
66.3		0.108871
66.4		0.108871
66.5		0.108871
66.6		0.108871
66.7		0.108871
66.8		0.108871
66.9		0.108871
67		0.108871
67.1		0.109493
67.2		0.109493
67.3		0.109493
67.4		0.109493
67.5		0.109493
67.6		0.109493
67.7		0.109493
67.8		0.109493
67.9		0.109493
68		0.109493
68.1		0.111513
68.2		0.111513
68.3		0.111513
68.4		0.111513
68.5		0.111513
68.6		0.111513
68.7		0.111513
68.8		0.111513
68.9		0.111513
69		0.111513
69.1		0.11269
69.2		0.11269
69.3		0.11269
69.4		0.11269
69.5		0.11269
69.6		0.11269
69.7		0.11269
69.8		0.11269
69.9		0.11269
70		0.11269
70.1		0.116086
70.2		0.116086
70.3		0.116086
70.4		0.116086
70.5		0.116086
70.6		0.116086
70.7		0.116086
70.8		0.116086
70.9		0.116086
71		0.116086
71.1		0.120238
71.2		0.120238
71.3		0.120238
71.4		0.120238
71.5		0.120238
71.6		0.120238
71.7		0.120238
71.8		0.120238
71.9		0.120238
72		0.120238
72.1		0.121059
72.2		0.121059
72.3		0.121059
72.4		0.121059
72.5		0.121059
72.6		0.121059
72.7		0.121059
72.8		0.121059
72.9		0.121059
73		0.121059
73.1		0.124478
73.2		0.124478
73.3		0.124478
73.4		0.124478
73.5		0.124478
73.6		0.124478
73.7		0.124478
73.8		0.124478
73.9		0.124478
74		0.124478
74.1		0.1249
74.2		0.1249
74.3		0.1249
74.4		0.1249
74.5		0.1249
74.6		0.1249
74.7		0.1249
74.8		0.1249
74.9		0.1249
75		0.1249
75.1		0.127187
75.2		0.127187
75.3		0.127187
75.4		0.127187
75.5		0.127187
75.6		0.127187
75.7		0.127187
75.8		0.127187
75.9		0.127187
76		0.127187
76.1		0.127875
76.2		0.127875
76.3		0.127875
76.4		0.127875
76.5		0.127875
76.6		0.127875
76.7		0.127875
76.8		0.127875
76.9		0.127875
77		0.127875
77.1		0.13065
77.2		0.13065
77.3		0.13065
77.4		0.13065
77.5		0.13065
77.6		0.13065
77.7		0.13065
77.8		0.13065
77.9		0.13065
78		0.13065
78.1		0.13247
78.2		0.13247
78.3		0.13247
78.4		0.13247
78.5		0.13247
78.6		0.13247
78.7		0.13247
78.8		0.13247
78.9		0.13247
79		0.13247
79.1		0.134091
79.2		0.134091
79.3		0.134091
79.4		0.134091
79.5		0.134091
79.6		0.134091
79.7		0.134091
79.8		0.134091
79.9		0.134091
80		0.134091
80.1		0.137377
80.2		0.137377
80.3		0.137377
80.4		0.137377
80.5		0.137377
80.6		0.137377
80.7		0.137377
80.8		0.137377
80.9		0.137377
81		0.137377
81.1		0.139641
81.2		0.139641
81.3		0.139641
81.4		0.139641
81.5		0.139641
81.6		0.139641
81.7		0.139641
81.8		0.139641
81.9		0.139641
82		0.139641
82.1		0.140529
82.2		0.140529
82.3		0.140529
82.4		0.140529
82.5		0.140529
82.6		0.140529
82.7		0.140529
82.8		0.140529
82.9		0.140529
83		0.140529
83.1		0.141883
83.2		0.141883
83.3		0.141883
83.4		0.141883
83.5		0.141883
83.6		0.141883
83.7		0.141883
83.8		0.141883
83.9		0.141883
84		0.141883
84.1		0.146301
84.2		0.146301
84.3		0.146301
84.4		0.146301
84.5		0.146301
84.6		0.146301
84.7		0.146301
84.8		0.146301
84.9		0.146301
85		0.146301
85.1		0.146923
85.2		0.146923
85.3		0.146923
85.4		0.146923
85.5		0.146923
85.6		0.146923
85.7		0.146923
85.8		0.146923
85.9		0.146923
86		0.146923
86.1		0.147811
86.2		0.147811
86.3		0.147811
86.4		0.147811
86.5		0.147811
86.6		0.147811
86.7		0.147811
86.8		0.147811
86.9		0.147811
87		0.147811
87.1		0.151385
87.2		0.151385
87.3		0.151385
87.4		0.151385
87.5		0.151385
87.6		0.151385
87.7		0.151385
87.8		0.151385
87.9		0.151385
88		0.151385
88.1		0.153938
88.2		0.153938
88.3		0.153938
88.4		0.153938
88.5		0.153938
88.6		0.153938
88.7		0.153938
88.8		0.153938
88.9		0.153938
89		0.153938
89.1		0.154271
89.2		0.154271
89.3		0.154271
89.4		0.154271
89.5		0.154271
89.6		0.154271
89.7		0.154271
89.8		0.154271
89.9		0.154271
90		0.154271
90.1		0.155137
90.2		0.155137
90.3		0.155137
90.4		0.155137
90.5		0.155137
90.6		0.155137
90.7		0.155137
90.8		0.155137
90.9		0.155137
91		0.155137
91.1		0.158512
91.2		0.158512
91.3		0.158512
91.4		0.158512
91.5		0.158512
91.6		0.158512
91.7		0.158512
91.8		0.158512
91.9		0.158512
92		0.158512
92.1		0.162508
92.2		0.162508
92.3		0.162508
92.4		0.162508
92.5		0.162508
92.6		0.162508
92.7		0.162508
92.8		0.162508
92.9		0.162508
93		0.162508
93.1		0.162619
93.2		0.162619
93.3		0.162619
93.4		0.162619
93.5		0.162619
93.6		0.162619
93.7		0.162619
93.8		0.162619
93.9		0.162619
94		0.162619
94.1		0.162996
94.2		0.162996
94.3		0.162996
94.4		0.162996
94.5		0.162996
94.6		0.162996
94.7		0.162996
94.8		0.162996
94.9		0.162996
95		0.162996
95.1		0.164306
95.2		0.164306
95.3		0.164306
95.4		0.164306
95.5		0.164306
95.6		0.164306
95.7		0.164306
95.8		0.164306
95.9		0.164306
96		0.164306
96.1		0.166593
96.2		0.166593
96.3		0.166593
96.4		0.166593
96.5		0.166593
96.6		0.166593
96.7		0.166593
96.8		0.166593
96.9		0.166593
97		0.166593
97.1		0.170367
97.2		0.170367
97.3		0.170367
97.4		0.170367
97.5		0.170367
97.6		0.170367
97.7		0.170367
97.8		0.170367
97.9		0.170367
98		0.170367
98.1		0.173253
98.2		0.173253
98.3		0.173253
98.4		0.173253
98.5		0.173253
98.6		0.173253
98.7		0.173253
98.8		0.173253
98.9		0.173253
99		0.173253
99.1		0.175384
99.2		0.175384
99.3		0.175384
99.4		0.175384
99.5		0.175384
99.6		0.175384
99.7		0.175384
99.8		0.175384
99.9		0.175384
100		0.175384
100.1		0.178181
100.2		0.178181
100.3		0.178181
100.4		0.178181
100.5		0.178181
100.6		0.178181
100.7		0.178181
100.8		0.178181
100.9		0.178181
101		0.178181
101.1		0.179158
101.2		0.179158
101.3		0.179158
101.4		0.179158
101.5		0.179158
101.6		0.179158
101.7		0.179158
101.8		0.179158
101.9		0.179158
102		0.179158
102.1		0.180934
102.2		0.180934
102.3		0.180934
102.4		0.180934
102.5		0.180934
102.6		0.180934
102.7		0.180934
102.8		0.180934
102.9		0.180934
103		0.180934
103.1		0.182466
103.2		0.182466
103.3		0.182466
103.4		0.182466
103.5		0.182466
103.6		0.182466
103.7		0.182466
103.8		0.182466
103.9		0.182466
104		0.182466
104.1		0.185397
104.2		0.185397
104.3		0.185397
104.4		0.185397
104.5		0.185397
104.6		0.185397
104.7		0.185397
104.8		0.185397
104.9		0.185397
105		0.185397
105.1		0.189037
105.2		0.189037
105.3		0.189037
105.4		0.189037
105.5		0.189037
105.6		0.189037
105.7		0.189037
105.8		0.189037
105.9		0.189037
106		0.189037
106.1		0.189171
106.2		0.189171
106.3		0.189171
106.4		0.189171
106.5		0.189171
106.6		0.189171
106.7		0.189171
106.8		0.189171
106.9		0.189171
107		0.189171
107.1		0.19179
107.2		0.19179
107.3		0.19179
107.4		0.19179
107.5		0.19179
107.6		0.19179
107.7		0.19179
107.8		0.19179
107.9		0.19179
108		0.19179
108.1		0.192034
108.2		0.192034
108.3		0.192034
108.4		0.192034
108.5		0.192034
108.6		0.192034
108.7		0.192034
108.8		0.192034
108.9		0.192034
109		0.192034
109.1		0.19592
109.2		0.19592
109.3		0.19592
109.4		0.19592
109.5		0.19592
109.6		0.19592
109.7		0.19592
109.8		0.19592
109.9		0.19592
110		0.19592
110.1		0.200226
110.2		0.200226
110.3		0.200226
110.4		0.200226
110.5		0.200226
110.6		0.200226
110.7		0.200226
110.8		0.200226
110.9		0.200226
111		0.200226
111.1		0.201137
111.2		0.201137
111.3		0.201137
111.4		0.201137
111.5		0.201137
111.6		0.201137
111.7		0.201137
111.8		0.201137
111.9		0.201137
112		0.201137
112.1		0.201714
112.2		0.201714
112.3		0.201714
112.4		0.201714
112.5		0.201714
112.6		0.201714
112.7		0.201714
112.8		0.201714
112.9		0.201714
113		0.201714
113.1		0.203179
113.2		0.203179
113.3		0.203179
113.4		0.203179
113.5		0.203179
113.6		0.203179
113.7		0.203179
113.8		0.203179
113.9		0.203179
114		0.203179
114.1		0.207042
114.2		0.207042
114.3		0.207042
114.4		0.207042
114.5		0.207042
114.6		0.207042
114.7		0.207042
114.8		0.207042
114.9		0.207042
115		0.207042
115.1		0.20904
115.2		0.20904
115.3		0.20904
115.4		0.20904
115.5		0.20904
115.6		0.20904
115.7		0.20904
115.8		0.20904
115.9		0.20904
116		0.20904
116.1		0.212082
116.2		0.212082
116.3		0.212082
116.4		0.212082
116.5		0.212082
116.6		0.212082
116.7		0.212082
116.8		0.212082
116.9		0.212082
117		0.212082
117.1		0.21348
117.2		0.21348
117.3		0.21348
117.4		0.21348
117.5		0.21348
117.6		0.21348
117.7		0.21348
117.8		0.21348
117.9		0.21348
118		0.21348
118.1		0.217343
118.2		0.217343
118.3		0.217343
118.4		0.217343
118.5		0.217343
118.6		0.217343
118.7		0.217343
118.8		0.217343
118.9		0.217343
119		0.217343
119.1		0.218786
119.2		0.218786
119.3		0.218786
119.4		0.218786
119.5		0.218786
119.6		0.218786
119.7		0.218786
119.8		0.218786
119.9		0.218786
120		0.218786
120.1		0.218941
120.2		0.218941
120.3		0.218941
120.4		0.218941
120.5		0.218941
120.6		0.218941
120.7		0.218941
120.8		0.218941
120.9		0.218941
121		0.218941
121.1		0.220007
121.2		0.220007
121.3		0.220007
121.4		0.220007
121.5		0.220007
121.6		0.220007
121.7		0.220007
121.8		0.220007
121.9		0.220007
122		0.220007
122.1		0.226867
122.2		0.226867
122.3		0.226867
122.4		0.226867
122.5		0.226867
122.6		0.226867
122.7		0.226867
122.8		0.226867
122.9		0.226867
123		0.226867
123.1		0.22851
123.2		0.22851
123.3		0.22851
123.4		0.22851
123.5		0.22851
123.6		0.22851
123.7		0.22851
123.8		0.22851
123.9		0.22851
124		0.22851
124.1		0.228665
124.2		0.228665
124.3		0.228665
124.4		0.228665
124.5		0.228665
124.6		0.228665
124.7		0.228665
124.8		0.228665
124.9		0.228665
125		0.228665
125.1		0.229598
125.2		0.229598
125.3		0.229598
125.4		0.229598
125.5		0.229598
125.6		0.229598
125.7		0.229598
125.8		0.229598
125.9		0.229598
126		0.229598
126.1		0.234415
126.2		0.234415
126.3		0.234415
126.4		0.234415
126.5		0.234415
126.6		0.234415
126.7		0.234415
126.8		0.234415
126.9		0.234415
127		0.234415
127.1		0.235658
127.2		0.235658
127.3		0.235658
127.4		0.235658
127.5		0.235658
127.6		0.235658
127.7		0.235658
127.8		0.235658
127.9		0.235658
128		0.235658
128.1		0.23699
128.2		0.23699
128.3		0.23699
128.4		0.23699
128.5		0.23699
128.6		0.23699
128.7		0.23699
128.8		0.23699
128.9		0.23699
129		0.23699
129.1		0.238656
129.2		0.238656
129.3		0.238656
129.4		0.238656
129.5		0.238656
129.6		0.238656
129.7		0.238656
129.8		0.238656
129.9		0.238656
130		0.238656
130.1		0.242452
130.2		0.242452
130.3		0.242452
130.4		0.242452
130.5		0.242452
130.6		0.242452
130.7		0.242452
130.8		0.242452
130.9		0.242452
131		0.242452
131.1		0.244561
131.2		0.244561
131.3		0.244561
131.4		0.244561
131.5		0.244561
131.6		0.244561
131.7		0.244561
131.8		0.244561
131.9		0.244561
132		0.244561
132.1		0.245382
132.2		0.245382
132.3		0.245382
132.4		0.245382
132.5		0.245382
132.6		0.245382
132.7		0.245382
132.8		0.245382
132.9		0.245382
133		0.245382
133.1		0.24596
133.2		0.24596
133.3		0.24596
133.4		0.24596
133.5		0.24596
133.6		0.24596
133.7		0.24596
133.8		0.24596
133.9		0.24596
134		0.24596
134.1		0.250289
134.2		0.250289
134.3		0.250289
134.4		0.250289
134.5		0.250289
134.6		0.250289
134.7		0.250289
134.8		0.250289
134.9		0.250289
135		0.250289
135.1		0.25131
135.2		0.25131
135.3		0.25131
135.4		0.25131
135.5		0.25131
135.6		0.25131
135.7		0.25131
135.8		0.25131
135.9		0.25131
136		0.25131
136.1		0.255572
136.2		0.255572
136.3		0.255572
136.4		0.255572
136.5		0.255572
136.6		0.255572
136.7		0.255572
136.8		0.255572
136.9		0.255572
137		0.255572
137.1		0.255706
137.2		0.255706
137.3		0.255706
137.4		0.255706
137.5		0.255706
137.6		0.255706
137.7		0.255706
137.8		0.255706
137.9		0.255706
138		0.255706
138.1		0.258325
138.2		0.258325
138.3		0.258325
138.4		0.258325
138.5		0.258325
138.6		0.258325
138.7		0.258325
138.8		0.258325
138.9		0.258325
139		0.258325
139.1		0.26019
139.2		0.26019
139.3		0.26019
139.4		0.26019
139.5		0.26019
139.6		0.26019
139.7		0.26019
139.8		0.26019
139.9		0.26019
140		0.26019
140.1		0.262699
140.2		0.262699
140.3		0.262699
140.4		0.262699
140.5		0.262699
140.6		0.262699
140.7		0.262699
140.8		0.262699
140.9		0.262699
141		0.262699
141.1		0.263631
141.2		0.263631
141.3		0.263631
141.4		0.263631
141.5		0.263631
141.6		0.263631
141.7		0.263631
141.8		0.263631
141.9		0.263631
142		0.263631
142.1		0.265296
142.2		0.265296
142.3		0.265296
142.4		0.265296
142.5		0.265296
142.6		0.265296
142.7		0.265296
142.8		0.265296
142.9		0.265296
143		0.265296
143.1		0.26634
143.2		0.26634
143.3		0.26634
143.4		0.26634
143.5		0.26634
143.6		0.26634
143.7		0.26634
143.8		0.26634
143.9		0.26634
144		0.26634
144.1		0.271002
144.2		0.271002
144.3		0.271002
144.4		0.271002
144.5		0.271002
144.6		0.271002
144.7		0.271002
144.8		0.271002
144.9		0.271002
145		0.271002
145.1		0.272134
145.2		0.272134
145.3		0.272134
145.4		0.272134
145.5		0.272134
145.6		0.272134
145.7		0.272134
145.8		0.272134
145.9		0.272134
146		0.272134
146.1		0.273932
146.2		0.273932
146.3		0.273932
146.4		0.273932
146.5		0.273932
146.6		0.273932
146.7		0.273932
146.8		0.273932
146.9		0.273932
147		0.273932
147.1		0.274132
147.2		0.274132
147.3		0.274132
147.4		0.274132
147.5		0.274132
147.6		0.274132
147.7		0.274132
147.8		0.274132
147.9		0.274132
148		0.274132
148.1		0.280326
148.2		0.280326
148.3		0.280326
148.4		0.280326
148.5		0.280326
148.6		0.280326
148.7		0.280326
148.8		0.280326
148.9		0.280326
149		0.280326
149.1		0.281258
149.2		0.281258
149.3		0.281258
149.4		0.281258
149.5		0.281258
149.6		0.281258
149.7		0.281258
149.8		0.281258
149.9		0.281258
150		0.281258
150.1		0.282479
150.2		0.282479
150.3		0.282479
150.4		0.282479
150.5		0.282479
150.6		0.282479
150.7		0.282479
150.8		0.282479
150.9		0.282479
151		0.282479
151.1		0.285321
151.2		0.285321
151.3		0.285321
151.4		0.285321
151.5		0.285321
151.6		0.285321
151.7		0.285321
151.8		0.285321
151.9		0.285321
152		0.285321
152.1		0.287674
152.2		0.287674
152.3		0.287674
152.4		0.287674
152.5		0.287674
152.6		0.287674
152.7		0.287674
152.8		0.287674
152.9		0.287674
153		0.287674
153.1		0.291004
153.2		0.291004
153.3		0.291004
153.4		0.291004
153.5		0.291004
153.6		0.291004
153.7		0.291004
153.8		0.291004
153.9		0.291004
154		0.291004
154.1		0.292336
154.2		0.292336
154.3		0.292336
154.4		0.292336
154.5		0.292336
154.6		0.292336
154.7		0.292336
154.8		0.292336
154.9		0.292336
155		0.292336
155.1		0.292514
155.2		0.292514
155.3		0.292514
155.4		0.292514
155.5		0.292514
155.6		0.292514
155.7		0.292514
155.8		0.292514
155.9		0.292514
156		0.292514
156.1		0.29429
156.2		0.29429
156.3		0.29429
156.4		0.29429
156.5		0.29429
156.6		0.29429
156.7		0.29429
156.8		0.29429
156.9		0.29429
157		0.29429
157.1		0.298242
157.2		0.298242
157.3		0.298242
157.4		0.298242
157.5		0.298242
157.6		0.298242
157.7		0.298242
157.8		0.298242
157.9		0.298242
158		0.298242
158.1		0.30044
158.2		0.30044
158.3		0.30044
158.4		0.30044
158.5		0.30044
158.6		0.30044
158.7		0.30044
158.8		0.30044
158.9		0.30044
159		0.30044
159.1		0.302859
159.2		0.302859
159.3		0.302859
159.4		0.302859
159.5		0.302859
159.6		0.302859
159.7		0.302859
159.8		0.302859
159.9		0.302859
160		0.302859
160.1		0.303126
160.2		0.303126
160.3		0.303126
160.4		0.303126
160.5		0.303126
160.6		0.303126
160.7		0.303126
160.8		0.303126
160.9		0.303126
161		0.303126
161.1		0.305923
161.2		0.305923
161.3		0.305923
161.4		0.305923
161.5		0.305923
161.6		0.305923
161.7		0.305923
161.8		0.305923
161.9		0.305923
162		0.305923
162.1		0.310186
162.2		0.310186
162.3		0.310186
162.4		0.310186
162.5		0.310186
162.6		0.310186
162.7		0.310186
162.8		0.310186
162.9		0.310186
163		0.310186
163.1		0.311118
163.2		0.311118
163.3		0.311118
163.4		0.311118
163.5		0.311118
163.6		0.311118
163.7		0.311118
163.8		0.311118
163.9		0.311118
164		0.311118
164.1		0.31265
164.2		0.31265
164.3		0.31265
164.4		0.31265
164.5		0.31265
164.6		0.31265
164.7		0.31265
164.8		0.31265
164.9		0.31265
165		0.31265
165.1		0.315136
165.2		0.315136
165.3		0.315136
165.4		0.315136
165.5		0.315136
165.6		0.315136
165.7		0.315136
165.8		0.315136
165.9		0.315136
166		0.315136
166.1		0.317956
166.2		0.317956
166.3		0.317956
166.4		0.317956
166.5		0.317956
166.6		0.317956
166.7		0.317956
166.8		0.317956
166.9		0.317956
167		0.317956
167.1		0.318688
167.2		0.318688
167.3		0.318688
167.4		0.318688
167.5		0.318688
167.6		0.318688
167.7		0.318688
167.8		0.318688
167.9		0.318688
168		0.318688
168.1		0.321597
168.2		0.321597
168.3		0.321597
168.4		0.321597
168.5		0.321597
168.6		0.321597
168.7		0.321597
168.8		0.321597
168.9		0.321597
169		0.321597
169.1		0.321841
169.2		0.321841
169.3		0.321841
169.4		0.321841
169.5		0.321841
169.6		0.321841
169.7		0.321841
169.8		0.321841
169.9		0.321841
170		0.321841
170.1		0.326547
170.2		0.326547
170.3		0.326547
170.4		0.326547
170.5		0.326547
170.6		0.326547
170.7		0.326547
170.8		0.326547
170.9		0.326547
171		0.326547
171.1		0.326681
171.2		0.326681
171.3		0.326681
171.4		0.326681
171.5		0.326681
171.6		0.326681
171.7		0.326681
171.8		0.326681
171.9		0.326681
172		0.326681
172.1		0.32708
172.2		0.32708
172.3		0.32708
172.4		0.32708
172.5		0.32708
172.6		0.32708
172.7		0.32708
172.8		0.32708
172.9		0.32708
173		0.32708
173.1		0.328723
173.2		0.328723
173.3		0.328723
173.4		0.328723
173.5		0.328723
173.6		0.328723
173.7		0.328723
173.8		0.328723
173.9		0.328723
174		0.328723
174.1		0.333807
174.2		0.333807
174.3		0.333807
174.4		0.333807
174.5		0.333807
174.6		0.333807
174.7		0.333807
174.8		0.333807
174.9		0.333807
175		0.333807
175.1		0.33565
175.2		0.33565
175.3		0.33565
175.4		0.33565
175.5		0.33565
175.6		0.33565
175.7		0.33565
175.8		0.33565
175.9		0.33565
176		0.33565
176.1		0.337315
176.2		0.337315
176.3		0.337315
176.4		0.337315
176.5		0.337315
176.6		0.337315
176.7		0.337315
176.8		0.337315
176.9		0.337315
177		0.337315
177.1		0.337825
177.2		0.337825
177.3		0.337825
177.4		0.337825
177.5		0.337825
177.6		0.337825
177.7		0.337825
177.8		0.337825
177.9		0.337825
178		0.337825
178.1		0.340978
178.2		0.340978
178.3		0.340978
178.4		0.340978
178.5		0.340978
178.6		0.340978
178.7		0.340978
178.8		0.340978
178.9		0.340978
179		0.340978
179.1		0.343797
179.2		0.343797
179.3		0.343797
179.4		0.343797
179.5		0.343797
179.6		0.343797
179.7		0.343797
179.8		0.343797
179.9		0.343797
180		0.343797
180.1		0.345551
180.2		0.345551
180.3		0.345551
180.4		0.345551
180.5		0.345551
180.6		0.345551
180.7		0.345551
180.8		0.345551
180.9		0.345551
181		0.345551
181.1		0.347038
181.2		0.347038
181.3		0.347038
181.4		0.347038
181.5		0.347038
181.6		0.347038
181.7		0.347038
181.8		0.347038
181.9		0.347038
182		0.347038
182.1		0.35079
182.2		0.35079
182.3		0.35079
182.4		0.35079
182.5		0.35079
182.6		0.35079
182.7		0.35079
182.8		0.35079
182.9		0.35079
183		0.35079
183.1		0.35119
183.2		0.35119
183.3		0.35119
183.4		0.35119
183.5		0.35119
183.6		0.35119
183.7		0.35119
183.8		0.35119
183.9		0.35119
184		0.35119
184.1		0.352389
184.2		0.352389
184.3		0.352389
184.4		0.352389
184.5		0.352389
184.6		0.352389
184.7		0.352389
184.8		0.352389
184.9		0.352389
185		0.352389
185.1		0.35563
185.2		0.35563
185.3		0.35563
185.4		0.35563
185.5		0.35563
185.6		0.35563
185.7		0.35563
185.8		0.35563
185.9		0.35563
186		0.35563
186.1		0.356673
186.2		0.356673
186.3		0.356673
186.4		0.356673
186.5		0.356673
186.6		0.356673
186.7		0.356673
186.8		0.356673
186.9		0.356673
187		0.356673
187.1		0.362379
187.2		0.362379
187.3		0.362379
187.4		0.362379
187.5		0.362379
187.6		0.362379
187.7		0.362379
187.8		0.362379
187.9		0.362379
188		0.362379
188.1		0.363556
188.2		0.363556
188.3		0.363556
188.4		0.363556
188.5		0.363556
188.6		0.363556
188.7		0.363556
188.8		0.363556
188.9		0.363556
189		0.363556
189.1		0.365554
189.2		0.365554
189.3		0.365554
189.4		0.365554
189.5		0.365554
189.6		0.365554
189.7		0.365554
189.8		0.365554
189.9		0.365554
190		0.365554
190.1		0.365709
190.2		0.365709
190.3		0.365709
190.4		0.365709
190.5		0.365709
190.6		0.365709
190.7		0.365709
190.8		0.365709
190.9		0.365709
191		0.365709
191.1		0.366042
191.2		0.366042
191.3		0.366042
191.4		0.366042
191.5		0.366042
191.6		0.366042
191.7		0.366042
191.8		0.366042
191.9		0.366042
192		0.366042
192.1		0.371947
192.2		0.371947
192.3		0.371947
192.4		0.371947
192.5		0.371947
192.6		0.371947
192.7		0.371947
192.8		0.371947
192.9		0.371947
193		0.371947
193.1		0.372414
193.2		0.372414
193.3		0.372414
193.4		0.372414
193.5		0.372414
193.6		0.372414
193.7		0.372414
193.8		0.372414
193.9		0.372414
194		0.372414
194.1		0.375566
194.2		0.375566
194.3		0.375566
194.4		0.375566
194.5		0.375566
194.6		0.375566
194.7		0.375566
194.8		0.375566
194.9		0.375566
195		0.375566
195.1		0.375611
195.2		0.375611
195.3		0.375611
195.4		0.375611
195.5		0.375611
195.6		0.375611
195.7		0.375611
195.8		0.375611
195.9		0.375611
196		0.375611
196.1		0.378896
196.2		0.378896
196.3		0.378896
196.4		0.378896
196.5		0.378896
196.6		0.378896
196.7		0.378896
196.8		0.378896
196.9		0.378896
197		0.378896
197.1		0.379851
197.2		0.379851
197.3		0.379851
197.4		0.379851
197.5		0.379851
197.6		0.379851
197.7		0.379851
197.8		0.379851
197.9		0.379851
198		0.379851
198.1		0.382515
198.2		0.382515
198.3		0.382515
198.4		0.382515
198.5		0.382515
198.6		0.382515
198.7		0.382515
198.8		0.382515
198.9		0.382515
199		0.382515
199.1		0.382692
199.2		0.382692
199.3		0.382692
199.4		0.382692
199.5		0.382692
199.6		0.382692
199.7		0.382692
199.8		0.382692
199.9		0.382692
200		0.382692
200.1		0.387266
200.2		0.387266
200.3		0.387266
200.4		0.387266
200.5		0.387266
200.6		0.387266
200.7		0.387266
200.8		0.387266
200.9		0.387266
201		0.387266
201.1		0.387799
201.2		0.387799
201.3		0.387799
201.4		0.387799
201.5		0.387799
201.6		0.387799
201.7		0.387799
201.8		0.387799
201.9		0.387799
202		0.387799
202.1		0.389619
202.2		0.389619
202.3		0.389619
202.4		0.389619
202.5		0.389619
202.6		0.389619
202.7		0.389619
202.8		0.389619
202.9		0.389619
203		0.389619
203.1		0.390707
203.2		0.390707
203.3		0.390707
203.4		0.390707
203.5		0.390707
203.6		0.390707
203.7		0.390707
203.8		0.390707
203.9		0.390707
204		0.390707
204.1		0.395236
204.2		0.395236
204.3		0.395236
204.4		0.395236
204.5		0.395236
204.6		0.395236
204.7		0.395236
204.8		0.395236
204.9		0.395236
205		0.395236
205.1		0.395436
205.2		0.395436
205.3		0.395436
205.4		0.395436
205.5		0.395436
205.6		0.395436
205.7		0.395436
205.8		0.395436
205.9		0.395436
206		0.395436
206.1		0.398255
206.2		0.398255
206.3		0.398255
206.4		0.398255
206.5		0.398255
206.6		0.398255
206.7		0.398255
206.8		0.398255
206.9		0.398255
207		0.398255
207.1		0.399609
207.2		0.399609
207.3		0.399609
207.4		0.399609
207.5		0.399609
207.6		0.399609
207.7		0.399609
207.8		0.399609
207.9		0.399609
208		0.399609
208.1		0.400741
208.2		0.400741
208.3		0.400741
208.4		0.400741
208.5		0.400741
208.6		0.400741
208.7		0.400741
208.8		0.400741
208.9		0.400741
209		0.400741
209.1		0.402096
209.2		0.402096
209.3		0.402096
209.4		0.402096
209.5		0.402096
209.6		0.402096
209.7		0.402096
209.8		0.402096
209.9		0.402096
210		0.402096
210.1		0.405692
210.2		0.405692
210.3		0.405692
210.4		0.405692
210.5		0.405692
210.6		0.405692
210.7		0.405692
210.8		0.405692
210.9		0.405692
211		0.405692
211.1		0.405848
211.2		0.405848
211.3		0.405848
211.4		0.405848
211.5		0.405848
211.6		0.405848
211.7		0.405848
211.8		0.405848
211.9		0.405848
212		0.405848
212.1		0.409044
212.2		0.409044
212.3		0.409044
212.4		0.409044
212.5		0.409044
212.6		0.409044
212.7		0.409044
212.8		0.409044
212.9		0.409044
213		0.409044
213.1		0.410021
213.2		0.410021
213.3		0.410021
213.4		0.410021
213.5		0.410021
213.6		0.410021
213.7		0.410021
213.8		0.410021
213.9		0.410021
214		0.410021
214.1		0.413795
214.2		0.413795
214.3		0.413795
214.4		0.413795
214.5		0.413795
214.6		0.413795
214.7		0.413795
214.8		0.413795
214.9		0.413795
215		0.413795
215.1		0.413973
215.2		0.413973
215.3		0.413973
215.4		0.413973
215.5		0.413973
215.6		0.413973
215.7		0.413973
215.8		0.413973
215.9		0.413973
216		0.413973
216.1		0.419701
216.2		0.419701
216.3		0.419701
216.4		0.419701
216.5		0.419701
216.6		0.419701
216.7		0.419701
216.8		0.419701
216.9		0.419701
217		0.419701
217.1		0.420789
217.2		0.420789
217.3		0.420789
217.4		0.420789
217.5		0.420789
217.6		0.420789
217.7		0.420789
217.8		0.420789
217.9		0.420789
218		0.420789
218.1		0.423963
218.2		0.423963
218.3		0.423963
218.4		0.423963
218.5		0.423963
218.6		0.423963
218.7		0.423963
218.8		0.423963
218.9		0.423963
219		0.423963
219.1		0.424762
219.2		0.424762
219.3		0.424762
219.4		0.424762
219.5		0.424762
219.6		0.424762
219.7		0.424762
219.8		0.424762
219.9		0.424762
220		0.424762
220.1		0.425206
220.2		0.425206
220.3		0.425206
220.4		0.425206
220.5		0.425206
220.6		0.425206
220.7		0.425206
220.8		0.425206
220.9		0.425206
221		0.425206
221.1		0.430845
221.2		0.430845
221.3		0.430845
221.4		0.430845
221.5		0.430845
221.6		0.430845
221.7		0.430845
221.8		0.430845
221.9		0.430845
222		0.430845
222.1		0.431667
222.2		0.431667
222.3		0.431667
222.4		0.431667
222.5		0.431667
222.6		0.431667
222.7		0.431667
222.8		0.431667
222.9		0.431667
223		0.431667
223.1		0.432999
223.2		0.432999
223.3		0.432999
223.4		0.432999
223.5		0.432999
223.6		0.432999
223.7		0.432999
223.8		0.432999
223.9		0.432999
224		0.432999
224.1		0.43382
224.2		0.43382
224.3		0.43382
224.4		0.43382
224.5		0.43382
224.6		0.43382
224.7		0.43382
224.8		0.43382
224.9		0.43382
225		0.43382
225.1		0.435974
225.2		0.435974
225.3		0.435974
225.4		0.435974
225.5		0.435974
225.6		0.435974
225.7		0.435974
225.8		0.435974
225.9		0.435974
226		0.435974
226.1		0.442545
226.2		0.442545
226.3		0.442545
226.4		0.442545
226.5		0.442545
226.6		0.442545
226.7		0.442545
226.8		0.442545
226.9		0.442545
227		0.442545
227.1		0.442678
227.2		0.442678
227.3		0.442678
227.4		0.442678
227.5		0.442678
227.6		0.442678
227.7		0.442678
227.8		0.442678
227.9		0.442678
228		0.442678
228.1		0.443144
228.2		0.443144
228.3		0.443144
228.4		0.443144
228.5		0.443144
228.6		0.443144
228.7		0.443144
228.8		0.443144
228.9		0.443144
229		0.443144
229.1		0.444943
229.2		0.444943
229.3		0.444943
229.4		0.444943
229.5		0.444943
229.6		0.444943
229.7		0.444943
229.8		0.444943
229.9		0.444943
230		0.444943
230.1		0.448806
230.2		0.448806
230.3		0.448806
230.4		0.448806
230.5		0.448806
230.6		0.448806
230.7		0.448806
230.8		0.448806
230.9		0.448806
231		0.448806
231.1		0.450448
231.2		0.450448
231.3		0.450448
231.4		0.450448
231.5		0.450448
231.6		0.450448
231.7		0.450448
231.8		0.450448
231.9		0.450448
232		0.450448
232.1		0.453379
232.2		0.453379
232.3		0.453379
232.4		0.453379
232.5		0.453379
232.6		0.453379
232.7		0.453379
232.8		0.453379
232.9		0.453379
233		0.453379
233.1		0.455821
233.2		0.455821
233.3		0.455821
233.4		0.455821
233.5		0.455821
233.6		0.455821
233.7		0.455821
233.8		0.455821
233.9		0.455821
234		0.455821
234.1		0.457863
234.2		0.457863
234.3		0.457863
234.4		0.457863
234.5		0.457863
234.6		0.457863
234.7		0.457863
234.8		0.457863
234.9		0.457863
235		0.457863
235.1		0.458751
235.2		0.458751
235.3		0.458751
235.4		0.458751
235.5		0.458751
235.6		0.458751
235.7		0.458751
235.8		0.458751
235.9		0.458751
236		0.458751
236.1		0.459617
236.2		0.459617
236.3		0.459617
236.4		0.459617
236.5		0.459617
236.6		0.459617
236.7		0.459617
236.8		0.459617
236.9		0.459617
237		0.459617
237.1		0.460527
237.2		0.460527
237.3		0.460527
237.4		0.460527
237.5		0.460527
237.6		0.460527
237.7		0.460527
237.8		0.460527
237.9		0.460527
238		0.460527
238.1		0.466211
238.2		0.466211
238.3		0.466211
238.4		0.466211
238.5		0.466211
238.6		0.466211
238.7		0.466211
238.8		0.466211
238.9		0.466211
239		0.466211
239.1		0.467809
239.2		0.467809
239.3		0.467809
239.4		0.467809
239.5		0.467809
239.6		0.467809
239.7		0.467809
239.8		0.467809
239.9		0.467809
240		0.467809
240.1		0.469163
240.2		0.469163
240.3		0.469163
240.4		0.469163
240.5		0.469163
240.6		0.469163
240.7		0.469163
240.8		0.469163
240.9		0.469163
241		0.469163
241.1		0.470096
241.2		0.470096
241.3		0.470096
241.4		0.470096
241.5		0.470096
241.6		0.470096
241.7		0.470096
241.8		0.470096
241.9		0.470096
242		0.470096
242.1		0.472693
242.2		0.472693
242.3		0.472693
242.4		0.472693
242.5		0.472693
242.6		0.472693
242.7		0.472693
242.8		0.472693
242.9		0.472693
243		0.472693
243.1		0.475668
243.2		0.475668
243.3		0.475668
243.4		0.475668
243.5		0.475668
243.6		0.475668
243.7		0.475668
243.8		0.475668
243.9		0.475668
244		0.475668
244.1		0.477444
244.2		0.477444
244.3		0.477444
244.4		0.477444
244.5		0.477444
244.6		0.477444
244.7		0.477444
244.8		0.477444
244.9		0.477444
245		0.477444
245.1		0.479753
245.2		0.479753
245.3		0.479753
245.4		0.479753
245.5		0.479753
245.6		0.479753
245.7		0.479753
245.8		0.479753
245.9		0.479753
246		0.479753
246.1		0.483239
246.2		0.483239
246.3		0.483239
246.4		0.483239
246.5		0.483239
246.6		0.483239
246.7		0.483239
246.8		0.483239
246.9		0.483239
247		0.483239
247.1		0.484038
247.2		0.484038
247.3		0.484038
247.4		0.484038
247.5		0.484038
247.6		0.484038
247.7		0.484038
247.8		0.484038
247.9		0.484038
248		0.484038
248.1		0.484371
248.2		0.484371
248.3		0.484371
248.4		0.484371
248.5		0.484371
248.6		0.484371
248.7		0.484371
248.8		0.484371
248.9		0.484371
249		0.484371
249.1		0.486591
249.2		0.486591
249.3		0.486591
249.4		0.486591
249.5		0.486591
249.6		0.486591
249.7		0.486591
249.8		0.486591
249.9		0.486591
250		0.486591
250.1		0.488789
250.2		0.488789
250.3		0.488789
250.4		0.488789
250.5		0.488789
250.6		0.488789
250.7		0.488789
250.8		0.488789
250.9		0.488789
251		0.488789
251.1		0.493229
251.2		0.493229
251.3		0.493229
251.4		0.493229
251.5		0.493229
251.6		0.493229
251.7		0.493229
251.8		0.493229
251.9		0.493229
252		0.493229
252.1		0.495427
252.2		0.495427
252.3		0.495427
252.4		0.495427
252.5		0.495427
252.6		0.495427
252.7		0.495427
252.8		0.495427
252.9		0.495427
253		0.495427
253.1		0.495604
253.2		0.495604
253.3		0.495604
253.4		0.495604
253.5		0.495604
253.6		0.495604
253.7		0.495604
253.8		0.495604
253.9		0.495604
254		0.495604
254.1		0.498291
254.2		0.498291
254.3		0.498291
254.4		0.498291
254.5		0.498291
254.6		0.498291
254.7		0.498291
254.8		0.498291
254.9		0.498291
255		0.498291
255.1		0.499845
255.2		0.499845
255.3		0.499845
255.4		0.499845
255.5		0.499845
255.6		0.499845
255.7		0.499845
255.8		0.499845
255.9		0.499845
256		0.499845
256.1		0.502131
256.2		0.502131
256.3		0.502131
256.4		0.502131
256.5		0.502131
256.6		0.502131
256.7		0.502131
256.8		0.502131
256.9		0.502131
257		0.502131
257.1		0.502309
257.2		0.502309
257.3		0.502309
257.4		0.502309
257.5		0.502309
257.6		0.502309
257.7		0.502309
257.8		0.502309
257.9		0.502309
258		0.502309
258.1		0.502686
258.2		0.502686
258.3		0.502686
258.4		0.502686
258.5		0.502686
258.6		0.502686
258.7		0.502686
258.8		0.502686
258.9		0.502686
259		0.502686
259.1		0.506238
259.2		0.506238
259.3		0.506238
259.4		0.506238
259.5		0.506238
259.6		0.506238
259.7		0.506238
259.8		0.506238
259.9		0.506238
260		0.506238
260.1		0.510723
260.2		0.510723
260.3		0.510723
260.4		0.510723
260.5		0.510723
260.6		0.510723
260.7		0.510723
260.8		0.510723
260.9		0.510723
261		0.510723
261.1		0.512144
261.2		0.512144
261.3		0.512144
261.4		0.512144
261.5		0.512144
261.6		0.512144
261.7		0.512144
261.8		0.512144
261.9		0.512144
262		0.512144
262.1		0.512255
262.2		0.512255
262.3		0.512255
262.4		0.512255
262.5		0.512255
262.6		0.512255
262.7		0.512255
262.8		0.512255
262.9		0.512255
263		0.512255
263.1		0.512343
263.2		0.512343
263.3		0.512343
263.4		0.512343
263.5		0.512343
263.6		0.512343
263.7		0.512343
263.8		0.512343
263.9		0.512343
264		0.512343
264.1		0.519337
264.2		0.519337
264.3		0.519337
264.4		0.519337
264.5		0.519337
264.6		0.519337
264.7		0.519337
264.8		0.519337
264.9		0.519337
265		0.519337
265.1		0.520535
265.2		0.520535
265.3		0.520535
265.4		0.520535
265.5		0.520535
265.6		0.520535
265.7		0.520535
265.8		0.520535
265.9		0.520535
266		0.520535
266.1		0.521845
266.2		0.521845
266.3		0.521845
266.4		0.521845
266.5		0.521845
266.6		0.521845
266.7		0.521845
266.8		0.521845
266.9		0.521845
267		0.521845
267.1		0.522711
267.2		0.522711
267.3		0.522711
267.4		0.522711
267.5		0.522711
267.6		0.522711
267.7		0.522711
267.8		0.522711
267.9		0.522711
268		0.522711
268.1		0.526108
268.2		0.526108
268.3		0.526108
268.4		0.526108
268.5		0.526108
268.6		0.526108
268.7		0.526108
268.8		0.526108
268.9		0.526108
269		0.526108
269.1		0.527662
269.2		0.527662
269.3		0.527662
269.4		0.527662
269.5		0.527662
269.6		0.527662
269.7		0.527662
269.8		0.527662
269.9		0.527662
270		0.527662
270.1		0.530859
270.2		0.530859
270.3		0.530859
270.4		0.530859
270.5		0.530859
270.6		0.530859
270.7		0.530859
270.8		0.530859
270.9		0.530859
271		0.530859
271.1		0.534233
271.2		0.534233
271.3		0.534233
271.4		0.534233
271.5		0.534233
271.6		0.534233
271.7		0.534233
271.8		0.534233
271.9		0.534233
272		0.534233
272.1		0.534455
272.2		0.534455
272.3		0.534455
272.4		0.534455
272.5		0.534455
272.6		0.534455
272.7		0.534455
272.8		0.534455
272.9		0.534455
273		0.534455
273.1		0.536964
273.2		0.536964
273.3		0.536964
273.4		0.536964
273.5		0.536964
273.6		0.536964
273.7		0.536964
273.8		0.536964
273.9		0.536964
274		0.536964
274.1		0.539672
274.2		0.539672
274.3		0.539672
274.4		0.539672
274.5		0.539672
274.6		0.539672
274.7		0.539672
274.8		0.539672
274.9		0.539672
275		0.539672
275.1		0.540472
275.2		0.540472
275.3		0.540472
275.4		0.540472
275.5		0.540472
275.6		0.540472
275.7		0.540472
275.8		0.540472
275.9		0.540472
276		0.540472
276.1		0.540671
276.2		0.540671
276.3		0.540671
276.4		0.540671
276.5		0.540671
276.6		0.540671
276.7		0.540671
276.8		0.540671
276.9		0.540671
277		0.540671
277.1		0.543846
277.2		0.543846
277.3		0.543846
277.4		0.543846
277.5		0.543846
277.6		0.543846
277.7		0.543846
277.8		0.543846
277.9		0.543846
278		0.543846
278.1		0.549862
278.2		0.549862
278.3		0.549862
278.4		0.549862
278.5		0.549862
278.6		0.549862
278.7		0.549862
278.8		0.549862
278.9		0.549862
279		0.549862
279.1		0.550706
279.2		0.550706
279.3		0.550706
279.4		0.550706
279.5		0.550706
279.6		0.550706
279.7		0.550706
279.8		0.550706
279.9		0.550706
280		0.550706
280.1		0.551217
280.2		0.551217
280.3		0.551217
280.4		0.551217
280.5		0.551217
280.6		0.551217
280.7		0.551217
280.8		0.551217
280.9		0.551217
281		0.551217
281.1		0.552771
281.2		0.552771
281.3		0.552771
281.4		0.552771
281.5		0.552771
281.6		0.552771
281.7		0.552771
281.8		0.552771
281.9		0.552771
282		0.552771
282.1		0.556989
282.2		0.556989
282.3		0.556989
282.4		0.556989
282.5		0.556989
282.6		0.556989
282.7		0.556989
282.8		0.556989
282.9		0.556989
283		0.556989
283.1		0.558299
283.2		0.558299
283.3		0.558299
283.4		0.558299
283.5		0.558299
283.6		0.558299
283.7		0.558299
283.8		0.558299
283.9		0.558299
284		0.558299
284.1		0.563604
284.2		0.563604
284.3		0.563604
284.4		0.563604
284.5		0.563604
284.6		0.563604
284.7		0.563604
284.8		0.563604
284.9		0.563604
285		0.563604
285.1		0.564492
285.2		0.564492
285.3		0.564492
285.4		0.564492
285.5		0.564492
285.6		0.564492
285.7		0.564492
285.8		0.564492
285.9		0.564492
286		0.564492
286.1		0.56638
286.2		0.56638
286.3		0.56638
286.4		0.56638
286.5		0.56638
286.6		0.56638
286.7		0.56638
286.8		0.56638
286.9		0.56638
287		0.56638
287.1		0.567623
287.2		0.567623
287.3		0.567623
287.4		0.567623
287.5		0.567623
287.6		0.567623
287.7		0.567623
287.8		0.567623
287.9		0.567623
288		0.567623
288.1		0.571663
288.2		0.571663
288.3		0.571663
288.4		0.571663
288.5		0.571663
288.6		0.571663
288.7		0.571663
288.8		0.571663
288.9		0.571663
289		0.571663
289.1		0.575437
289.2		0.575437
289.3		0.575437
289.4		0.575437
289.5		0.575437
289.6		0.575437
289.7		0.575437
289.8		0.575437
289.9		0.575437
290		0.575437
290.1		0.576348
290.2		0.576348
290.3		0.576348
290.4		0.576348
290.5		0.576348
290.6		0.576348
290.7		0.576348
290.8		0.576348
290.9		0.576348
291		0.576348
291.1		0.578346
291.2		0.578346
291.3		0.578346
291.4		0.578346
291.5		0.578346
291.6		0.578346
291.7		0.578346
291.8		0.578346
291.9		0.578346
292		0.578346
292.1		0.580788
292.2		0.580788
292.3		0.580788
292.4		0.580788
292.5		0.580788
292.6		0.580788
292.7		0.580788
292.8		0.580788
292.9		0.580788
293		0.580788
293.1		0.582297
293.2		0.582297
293.3		0.582297
293.4		0.582297
293.5		0.582297
293.6		0.582297
293.7		0.582297
293.8		0.582297
293.9		0.582297
294		0.582297
294.1		0.582963
294.2		0.582963
294.3		0.582963
294.4		0.582963
294.5		0.582963
294.6		0.582963
294.7		0.582963
294.8		0.582963
294.9		0.582963
295		0.582963
295.1		0.586604
295.2		0.586604
295.3		0.586604
295.4		0.586604
295.5		0.586604
295.6		0.586604
295.7		0.586604
295.8		0.586604
295.9		0.586604
296		0.586604
296.1		0.590734
296.2		0.590734
296.3		0.590734
296.4		0.590734
296.5		0.590734
296.6		0.590734
296.7		0.590734
296.8		0.590734
296.9		0.590734
297		0.590734
297.1		0.591999
297.2		0.591999
297.3		0.591999
297.4		0.591999
297.5		0.591999
297.6		0.591999
297.7		0.591999
297.8		0.591999
297.9		0.591999
298		0.591999
298.1		0.592776
298.2		0.592776
298.3		0.592776
298.4		0.592776
298.5		0.592776
298.6		0.592776
298.7		0.592776
298.8		0.592776
298.9		0.592776
299		0.592776
299.1		0.599902
299.2		0.599902
299.3		0.599902
299.4		0.599902
299.5		0.599902
299.6		0.599902
299.7		0.599902
299.8		0.599902
299.9		0.599902
300		0.599902
300.1		0.601212
300.2		0.601212
300.3		0.601212
300.4		0.601212
300.5		0.601212
300.6		0.601212
300.7		0.601212
300.8		0.601212
300.9		0.601212
301		0.601212
301.1		0.603832
301.2		0.603832
301.3		0.603832
301.4		0.603832
301.5		0.603832
301.6		0.603832
301.7		0.603832
301.8		0.603832
301.9		0.603832
302		0.603832
302.1		0.60412
302.2		0.60412
302.3		0.60412
302.4		0.60412
302.5		0.60412
302.6		0.60412
302.7		0.60412
302.8		0.60412
302.9		0.60412
303		0.60412
303.1		0.608294
303.2		0.608294
303.3		0.608294
303.4		0.608294
303.5		0.608294
303.6		0.608294
303.7		0.608294
303.8		0.608294
303.9		0.608294
304		0.608294
304.1		0.609537
304.2		0.609537
304.3		0.609537
304.4		0.609537
304.5		0.609537
304.6		0.609537
304.7		0.609537
304.8		0.609537
304.9		0.609537
305		0.609537
305.1		0.611158
305.2		0.611158
305.3		0.611158
305.4		0.611158
305.5		0.611158
305.6		0.611158
305.7		0.611158
305.8		0.611158
305.9		0.611158
306		0.611158
306.1		0.614555
306.2		0.614555
306.3		0.614555
306.4		0.614555
306.5		0.614555
306.6		0.614555
306.7		0.614555
306.8		0.614555
306.9		0.614555
307		0.614555
307.1		0.615087
307.2		0.615087
307.3		0.615087
307.4		0.615087
307.5		0.615087
307.6		0.615087
307.7		0.615087
307.8		0.615087
307.9		0.615087
308		0.615087
308.1		0.615354
308.2		0.615354
308.3		0.615354
308.4		0.615354
308.5		0.615354
308.6		0.615354
308.7		0.615354
308.8		0.615354
308.9		0.615354
309		0.615354
309.1		0.616575
309.2		0.616575
309.3		0.616575
309.4		0.616575
309.5		0.616575
309.6		0.616575
309.7		0.616575
309.8		0.616575
309.9		0.616575
310		0.616575
310.1		0.621859
310.2		0.621859
310.3		0.621859
310.4		0.621859
310.5		0.621859
310.6		0.621859
310.7		0.621859
310.8		0.621859
310.9		0.621859
311		0.621859
311.1		0.624456
311.2		0.624456
311.3		0.624456
311.4		0.624456
311.5		0.624456
311.6		0.624456
311.7		0.624456
311.8		0.624456
311.9		0.624456
312		0.624456
312.1		0.624722
312.2		0.624722
312.3		0.624722
312.4		0.624722
312.5		0.624722
312.6		0.624722
312.7		0.624722
312.8		0.624722
312.9		0.624722
313		0.624722
313.1		0.625366
313.2		0.625366
313.3		0.625366
313.4		0.625366
313.5		0.625366
313.6		0.625366
313.7		0.625366
313.8		0.625366
313.9		0.625366
314		0.625366
314.1		0.626521
314.2		0.626521
314.3		0.626521
314.4		0.626521
314.5		0.626521
314.6		0.626521
314.7		0.626521
314.8		0.626521
314.9		0.626521
315		0.626521
315.1		0.630805
315.2		0.630805
315.3		0.630805
315.4		0.630805
315.5		0.630805
315.6		0.630805
315.7		0.630805
315.8		0.630805
315.9		0.630805
316		0.630805
316.1		0.632826
316.2		0.632826
316.3		0.632826
316.4		0.632826
316.5		0.632826
316.6		0.632826
316.7		0.632826
316.8		0.632826
316.9		0.632826
317		0.632826
317.1		0.635135
317.2		0.635135
317.3		0.635135
317.4		0.635135
317.5		0.635135
317.6		0.635135
317.7		0.635135
317.8		0.635135
317.9		0.635135
318		0.635135
318.1		0.635623
318.2		0.635623
318.3		0.635623
318.4		0.635623
318.5		0.635623
318.6		0.635623
318.7		0.635623
318.8		0.635623
318.9		0.635623
319		0.635623
319.1		0.638243
319.2		0.638243
319.3		0.638243
319.4		0.638243
319.5		0.638243
319.6		0.638243
319.7		0.638243
319.8		0.638243
319.9		0.638243
320		0.638243
320.1		0.640418
320.2		0.640418
320.3		0.640418
320.4		0.640418
320.5		0.640418
320.6		0.640418
320.7		0.640418
320.8		0.640418
320.9		0.640418
321		0.640418
321.1		0.641595
321.2		0.641595
321.3		0.641595
321.4		0.641595
321.5		0.641595
321.6		0.641595
321.7		0.641595
321.8		0.641595
321.9		0.641595
322		0.641595
322.1		0.642372
322.2		0.642372
322.3		0.642372
322.4		0.642372
322.5		0.642372
322.6		0.642372
322.7		0.642372
322.8		0.642372
322.9		0.642372
323		0.642372
323.1		0.646679
323.2		0.646679
323.3		0.646679
323.4		0.646679
323.5		0.646679
323.6		0.646679
323.7		0.646679
323.8		0.646679
323.9		0.646679
324		0.646679
324.1		0.650542
324.2		0.650542
324.3		0.650542
324.4		0.650542
324.5		0.650542
324.6		0.650542
324.7		0.650542
324.8		0.650542
324.9		0.650542
325		0.650542
325.1		0.651252
325.2		0.651252
325.3		0.651252
325.4		0.651252
325.5		0.651252
325.6		0.651252
325.7		0.651252
325.8		0.651252
325.9		0.651252
326		0.651252
326.1		0.653472
326.2		0.653472
326.3		0.653472
326.4		0.653472
326.5		0.653472
326.6		0.653472
326.7		0.653472
326.8		0.653472
326.9		0.653472
327		0.653472
327.1		0.654604
327.2		0.654604
327.3		0.654604
327.4		0.654604
327.5		0.654604
327.6		0.654604
327.7		0.654604
327.8		0.654604
327.9		0.654604
328		0.654604
328.1		0.659688
328.2		0.659688
328.3		0.659688
328.4		0.659688
328.5		0.659688
328.6		0.659688
328.7		0.659688
328.8		0.659688
328.9		0.659688
329		0.659688
329.1		0.660066
329.2		0.660066
329.3		0.660066
329.4		0.660066
329.5		0.660066
329.6		0.660066
329.7		0.660066
329.8		0.660066
329.9		0.660066
330		0.660066
330.1		0.660954
330.2		0.660954
330.3		0.660954
330.4		0.660954
330.5		0.660954
330.6		0.660954
330.7		0.660954
330.8		0.660954
330.9		0.660954
331		0.660954
331.1		0.66273
331.2		0.66273
331.3		0.66273
331.4		0.66273
331.5		0.66273
331.6		0.66273
331.7		0.66273
331.8		0.66273
331.9		0.66273
332		0.66273
332.1		0.666104
332.2		0.666104
332.3		0.666104
332.4		0.666104
332.5		0.666104
332.6		0.666104
332.7		0.666104
332.8		0.666104
332.9		0.666104
333		0.666104
333.1		0.668902
333.2		0.668902
333.3		0.668902
333.4		0.668902
333.5		0.668902
333.6		0.668902
333.7		0.668902
333.8		0.668902
333.9		0.668902
334		0.668902
334.1		0.670655
334.2		0.670655
334.3		0.670655
334.4		0.670655
334.5		0.670655
334.6		0.670655
334.7		0.670655
334.8		0.670655
334.9		0.670655
335		0.670655
335.1		0.671721
335.2		0.671721
335.3		0.671721
335.4		0.671721
335.5		0.671721
335.6		0.671721
335.7		0.671721
335.8		0.671721
335.9		0.671721
336		0.671721
336.1		0.67565
336.2		0.67565
336.3		0.67565
336.4		0.67565
336.5		0.67565
336.6		0.67565
336.7		0.67565
336.8		0.67565
336.9		0.67565
337		0.67565
337.1		0.675806
337.2		0.675806
337.3		0.675806
337.4		0.675806
337.5		0.675806
337.6		0.675806
337.7		0.675806
337.8		0.675806
337.9		0.675806
338		0.675806
338.1		0.679491
338.2		0.679491
338.3		0.679491
338.4		0.679491
338.5		0.679491
338.6		0.679491
338.7		0.679491
338.8		0.679491
338.9		0.679491
339		0.679491
339.1		0.67998
339.2		0.67998
339.3		0.67998
339.4		0.67998
339.5		0.67998
339.6		0.67998
339.7		0.67998
339.8		0.67998
339.9		0.67998
340		0.67998
340.1		0.685907
340.2		0.685907
340.3		0.685907
340.4		0.685907
340.5		0.685907
340.6		0.685907
340.7		0.685907
340.8		0.685907
340.9		0.685907
341		0.685907
341.1		0.68715
341.2		0.68715
341.3		0.68715
341.4		0.68715
341.5		0.68715
341.6		0.68715
341.7		0.68715
341.8		0.68715
341.9		0.68715
342		0.68715
342.1		0.691746
342.2		0.691746
342.3		0.691746
342.4		0.691746
342.5		0.691746
342.6		0.691746
342.7		0.691746
342.8		0.691746
342.9		0.691746
343		0.691746
343.1		0.69239
343.2		0.69239
343.3		0.69239
343.4		0.69239
343.5		0.69239
343.6		0.69239
343.7		0.69239
343.8		0.69239
343.9		0.69239
344		0.69239
344.1		0.694943
344.2		0.694943
344.3		0.694943
344.4		0.694943
344.5		0.694943
344.6		0.694943
344.7		0.694943
344.8		0.694943
344.9		0.694943
345		0.694943
345.1		0.696119
345.2		0.696119
345.3		0.696119
345.4		0.696119
345.5		0.696119
345.6		0.696119
345.7		0.696119
345.8		0.696119
345.9		0.696119
346		0.696119
346.1		0.696608
346.2		0.696608
346.3		0.696608
346.4		0.696608
346.5		0.696608
346.6		0.696608
346.7		0.696608
346.8		0.696608
346.9		0.696608
347		0.696608
347.1		0.702735
347.2		0.702735
347.3		0.702735
347.4		0.702735
347.5		0.702735
347.6		0.702735
347.7		0.702735
347.8		0.702735
347.9		0.702735
348		0.702735
348.1		0.703534
348.2		0.703534
348.3		0.703534
348.4		0.703534
348.5		0.703534
348.6		0.703534
348.7		0.703534
348.8		0.703534
348.9		0.703534
349		0.703534
349.1		0.704067
349.2		0.704067
349.3		0.704067
349.4		0.704067
349.5		0.704067
349.6		0.704067
349.7		0.704067
349.8		0.704067
349.9		0.704067
350		0.704067
350.1		0.705177
350.2		0.705177
350.3		0.705177
350.4		0.705177
350.5		0.705177
350.6		0.705177
350.7		0.705177
350.8		0.705177
350.9		0.705177
351		0.705177
351.1		0.706776
351.2		0.706776
351.3		0.706776
351.4		0.706776
351.5		0.706776
351.6		0.706776
351.7		0.706776
351.8		0.706776
351.9		0.706776
352		0.706776
352.1		0.711149
352.2		0.711149
352.3		0.711149
352.4		0.711149
352.5		0.711149
352.6		0.711149
352.7		0.711149
352.8		0.711149
352.9		0.711149
353		0.711149
353.1		0.714945
353.2		0.714945
353.3		0.714945
353.4		0.714945
353.5		0.714945
353.6		0.714945
353.7		0.714945
353.8		0.714945
353.9		0.714945
354		0.714945
354.1		0.715345
354.2		0.715345
354.3		0.715345
354.4		0.715345
354.5		0.715345
354.6		0.715345
354.7		0.715345
354.8		0.715345
354.9		0.715345
355		0.715345
355.1		0.719718
355.2		0.719718
355.3		0.719718
355.4		0.719718
355.5		0.719718
355.6		0.719718
355.7		0.719718
355.8		0.719718
355.9		0.719718
356		0.719718
356.1		0.72145
356.2		0.72145
356.3		0.72145
356.4		0.72145
356.5		0.72145
356.6		0.72145
356.7		0.72145
356.8		0.72145
356.9		0.72145
357		0.72145
357.1		0.72569
357.2		0.72569
357.3		0.72569
357.4		0.72569
357.5		0.72569
357.6		0.72569
357.7		0.72569
357.8		0.72569
357.9		0.72569
358		0.72569
358.1		0.727
358.2		0.727
358.3		0.727
358.4		0.727
358.5		0.727
358.6		0.727
358.7		0.727
358.8		0.727
358.9		0.727
359		0.727
359.1		0.729331
359.2		0.729331
359.3		0.729331
359.4		0.729331
359.5		0.729331
359.6		0.729331
359.7		0.729331
359.8		0.729331
359.9		0.729331
360		0.729331
360.1		0.732528
360.2		0.732528
360.3		0.732528
360.4		0.732528
360.5		0.732528
360.6		0.732528
360.7		0.732528
360.8		0.732528
360.9		0.732528
361		0.732528
361.1		0.732772
361.2		0.732772
361.3		0.732772
361.4		0.732772
361.5		0.732772
361.6		0.732772
361.7		0.732772
361.8		0.732772
361.9		0.732772
362		0.732772
362.1		0.737412
362.2		0.737412
362.3		0.737412
362.4		0.737412
362.5		0.737412
362.6		0.737412
362.7		0.737412
362.8		0.737412
362.9		0.737412
363		0.737412
363.1		0.738212
363.2		0.738212
363.3		0.738212
363.4		0.738212
363.5		0.738212
363.6		0.738212
363.7		0.738212
363.8		0.738212
363.9		0.738212
364		0.738212
364.1		0.741653
364.2		0.741653
364.3		0.741653
364.4		0.741653
364.5		0.741653
364.6		0.741653
364.7		0.741653
364.8		0.741653
364.9		0.741653
365		0.741653
365.1		0.742296
365.2		0.742296
365.3		0.742296
365.4		0.742296
365.5		0.742296
365.6		0.742296
365.7		0.742296
365.8		0.742296
365.9		0.742296
366		0.742296
366.1		0.744428
366.2		0.744428
366.3		0.744428
366.4		0.744428
366.5		0.744428
366.6		0.744428
366.7		0.744428
366.8		0.744428
366.9		0.744428
367		0.744428
367.1		0.74465
367.2		0.74465
367.3		0.74465
367.4		0.74465
367.5		0.74465
367.6		0.74465
367.7		0.74465
367.8		0.74465
367.9		0.74465
368		0.74465
368.1		0.748135
368.2		0.748135
368.3		0.748135
368.4		0.748135
368.5		0.748135
368.6		0.748135
368.7		0.748135
368.8		0.748135
368.9		0.748135
369		0.748135
369.1		0.753041
369.2		0.753041
369.3		0.753041
369.4		0.753041
369.5		0.753041
369.6		0.753041
369.7		0.753041
369.8		0.753041
369.9		0.753041
370		0.753041
370.1		0.753641
370.2		0.753641
370.3		0.753641
370.4		0.753641
370.5		0.753641
370.6		0.753641
370.7		0.753641
370.8		0.753641
370.9		0.753641
371		0.753641
371.1		0.756061
371.2		0.756061
371.3		0.756061
371.4		0.756061
371.5		0.756061
371.6		0.756061
371.7		0.756061
371.8		0.756061
371.9		0.756061
372		0.756061
372.1		0.75888
372.2		0.75888
372.3		0.75888
372.4		0.75888
372.5		0.75888
372.6		0.75888
372.7		0.75888
372.8		0.75888
372.9		0.75888
373		0.75888
373.1		0.759102
373.2		0.759102
373.3		0.759102
373.4		0.759102
373.5		0.759102
373.6		0.759102
373.7		0.759102
373.8		0.759102
373.9		0.759102
374		0.759102
374.1		0.761344
374.2		0.761344
374.3		0.761344
374.4		0.761344
374.5		0.761344
374.6		0.761344
374.7		0.761344
374.8		0.761344
374.9		0.761344
375		0.761344
375.1		0.764386
375.2		0.764386
375.3		0.764386
375.4		0.764386
375.5		0.764386
375.6		0.764386
375.7		0.764386
375.8		0.764386
375.9		0.764386
376		0.764386
376.1		0.766428
376.2		0.766428
376.3		0.766428
376.4		0.766428
376.5		0.766428
376.6		0.766428
376.7		0.766428
376.8		0.766428
376.9		0.766428
377		0.766428
377.1		0.76998
377.2		0.76998
377.3		0.76998
377.4		0.76998
377.5		0.76998
377.6		0.76998
377.7		0.76998
377.8		0.76998
377.9		0.76998
378		0.76998
378.1		0.771468
378.2		0.771468
378.3		0.771468
378.4		0.771468
378.5		0.771468
378.6		0.771468
378.7		0.771468
378.8		0.771468
378.9		0.771468
379		0.771468
379.1		0.773399
379.2		0.773399
379.3		0.773399
379.4		0.773399
379.5		0.773399
379.6		0.773399
379.7		0.773399
379.8		0.773399
379.9		0.773399
380		0.773399
380.1		0.774265
380.2		0.774265
380.3		0.774265
380.4		0.774265
380.5		0.774265
380.6		0.774265
380.7		0.774265
380.8		0.774265
380.9		0.774265
381		0.774265
381.1		0.775397
381.2		0.775397
381.3		0.775397
381.4		0.775397
381.5		0.775397
381.6		0.775397
381.7		0.775397
381.8		0.775397
381.9		0.775397
382		0.775397
382.1		0.779393
382.2		0.779393
382.3		0.779393
382.4		0.779393
382.5		0.779393
382.6		0.779393
382.7		0.779393
382.8		0.779393
382.9		0.779393
383		0.779393
383.1		0.781547
383.2		0.781547
383.3		0.781547
383.4		0.781547
383.5		0.781547
383.6		0.781547
383.7		0.781547
383.8		0.781547
383.9		0.781547
384		0.781547
384.1		0.783989
384.2		0.783989
384.3		0.783989
384.4		0.783989
384.5		0.783989
384.6		0.783989
384.7		0.783989
384.8		0.783989
384.9		0.783989
385		0.783989
385.1		0.785077
385.2		0.785077
385.3		0.785077
385.4		0.785077
385.5		0.785077
385.6		0.785077
385.7		0.785077
385.8		0.785077
385.9		0.785077
386		0.785077
386.1		0.787053
386.2		0.787053
386.3		0.787053
386.4		0.787053
386.5		0.787053
386.6		0.787053
386.7		0.787053
386.8		0.787053
386.9		0.787053
387		0.787053
387.1		0.789561
387.2		0.789561
387.3		0.789561
387.4		0.789561
387.5		0.789561
387.6		0.789561
387.7		0.789561
387.8		0.789561
387.9		0.789561
388		0.789561
388.1		0.790161
388.2		0.790161
388.3		0.790161
388.4		0.790161
388.5		0.790161
388.6		0.790161
388.7		0.790161
388.8		0.790161
388.9		0.790161
389		0.790161
389.1		0.793069
389.2		0.793069
389.3		0.793069
389.4		0.793069
389.5		0.793069
389.6		0.793069
389.7		0.793069
389.8		0.793069
389.9		0.793069
390		0.793069
390.1		0.79469
390.2		0.79469
390.3		0.79469
390.4		0.79469
390.5		0.79469
390.6		0.79469
390.7		0.79469
390.8		0.79469
390.9		0.79469
391		0.79469
391.1		0.797531
391.2		0.797531
391.3		0.797531
391.4		0.797531
391.5		0.797531
391.6		0.797531
391.7		0.797531
391.8		0.797531
391.9		0.797531
392		0.797531
392.1		0.797931
392.2		0.797931
392.3		0.797931
392.4		0.797931
392.5		0.797931
392.6		0.797931
392.7		0.797931
392.8		0.797931
392.9		0.797931
393		0.797931
393.1		0.798775
393.2		0.798775
393.3		0.798775
393.4		0.798775
393.5		0.798775
393.6		0.798775
393.7		0.798775
393.8		0.798775
393.9		0.798775
394		0.798775
394.1		0.804569
394.2		0.804569
394.3		0.804569
394.4		0.804569
394.5		0.804569
394.6		0.804569
394.7		0.804569
394.8		0.804569
394.9		0.804569
395		0.804569
395.1		0.805235
395.2		0.805235
395.3		0.805235
395.4		0.805235
395.5		0.805235
395.6		0.805235
395.7		0.805235
395.8		0.805235
395.9		0.805235
396		0.805235
396.1		0.806634
396.2		0.806634
396.3		0.806634
396.4		0.806634
396.5		0.806634
396.6		0.806634
396.7		0.806634
396.8		0.806634
396.9		0.806634
397		0.806634
397.1		0.80872
397.2		0.80872
397.3		0.80872
397.4		0.80872
397.5		0.80872
397.6		0.80872
397.7		0.80872
397.8		0.80872
397.9		0.80872
398		0.80872
398.1		0.810385
398.2		0.810385
398.3		0.810385
398.4		0.810385
398.5		0.810385
398.6		0.810385
398.7		0.810385
398.8		0.810385
398.9		0.810385
399		0.810385
399.1		0.813271
399.2		0.813271
399.3		0.813271
399.4		0.813271
399.5		0.813271
399.6		0.813271
399.7		0.813271
399.8		0.813271
399.9		0.813271
400		0.813271
400.1		0.81669
400.2		0.81669
400.3		0.81669
400.4		0.81669
400.5		0.81669
400.6		0.81669
400.7		0.81669
400.8		0.81669
400.9		0.81669
401		0.81669
401.1		0.817356
401.2		0.817356
401.3		0.817356
401.4		0.817356
401.5		0.817356
401.6		0.817356
401.7		0.817356
401.8		0.817356
401.9		0.817356
402		0.817356
402.1		0.817712
402.2		0.817712
402.3		0.817712
402.4		0.817712
402.5		0.817712
402.6		0.817712
402.7		0.817712
402.8		0.817712
402.9		0.817712
403		0.817712
403.1		0.821619
403.2		0.821619
403.3		0.821619
403.4		0.821619
403.5		0.821619
403.6		0.821619
403.7		0.821619
403.8		0.821619
403.9		0.821619
404		0.821619
404.1		0.823328
404.2		0.823328
404.3		0.823328
404.4		0.823328
404.5		0.823328
404.6		0.823328
404.7		0.823328
404.8		0.823328
404.9		0.823328
405		0.823328
405.1		0.826081
405.2		0.826081
405.3		0.826081
405.4		0.826081
405.5		0.826081
405.6		0.826081
405.7		0.826081
405.8		0.826081
405.9		0.826081
406		0.826081
406.1		0.828479
406.2		0.828479
406.3		0.828479
406.4		0.828479
406.5		0.828479
406.6		0.828479
406.7		0.828479
406.8		0.828479
406.9		0.828479
407		0.828479
407.1		0.828745
407.2		0.828745
407.3		0.828745
407.4		0.828745
407.5		0.828745
407.6		0.828745
407.7		0.828745
407.8		0.828745
407.9		0.828745
408		0.828745
408.1		0.832364
408.2		0.832364
408.3		0.832364
408.4		0.832364
408.5		0.832364
408.6		0.832364
408.7		0.832364
408.8		0.832364
408.9		0.832364
409		0.832364
409.1		0.832897
409.2		0.832897
409.3		0.832897
409.4		0.832897
409.5		0.832897
409.6		0.832897
409.7		0.832897
409.8		0.832897
409.9		0.832897
410		0.832897
410.1		0.834318
410.2		0.834318
410.3		0.834318
410.4		0.834318
410.5		0.834318
410.6		0.834318
410.7		0.834318
410.8		0.834318
410.9		0.834318
411		0.834318
411.1		0.837093
411.2		0.837093
411.3		0.837093
411.4		0.837093
411.5		0.837093
411.6		0.837093
411.7		0.837093
411.8		0.837093
411.9		0.837093
412		0.837093
412.1		0.842021
412.2		0.842021
412.3		0.842021
412.4		0.842021
412.5		0.842021
412.6		0.842021
412.7		0.842021
412.8		0.842021
412.9		0.842021
413		0.842021
413.1		0.842332
413.2		0.842332
413.3		0.842332
413.4		0.842332
413.5		0.842332
413.6		0.842332
413.7		0.842332
413.8		0.842332
413.9		0.842332
414		0.842332
414.1		0.844041
414.2		0.844041
414.3		0.844041
414.4		0.844041
414.5		0.844041
414.6		0.844041
414.7		0.844041
414.8		0.844041
414.9		0.844041
415		0.844041
415.1		0.845262
415.2		0.845262
415.3		0.845262
415.4		0.845262
415.5		0.845262
415.6		0.845262
415.7		0.845262
415.8		0.845262
415.9		0.845262
416		0.845262
416.1		0.850213
416.2		0.850213
416.3		0.850213
416.4		0.850213
416.5		0.850213
416.6		0.850213
416.7		0.850213
416.8		0.850213
416.9		0.850213
417		0.850213
417.1		0.850746
417.2		0.850746
417.3		0.850746
417.4		0.850746
417.5		0.850746
417.6		0.850746
417.7		0.850746
417.8		0.850746
417.9		0.850746
418		0.850746
418.1		0.851368
418.2		0.851368
418.3		0.851368
418.4		0.851368
418.5		0.851368
418.6		0.851368
418.7		0.851368
418.8		0.851368
418.9		0.851368
419		0.851368
419.1		0.851634
419.2		0.851634
419.3		0.851634
419.4		0.851634
419.5		0.851634
419.6		0.851634
419.7		0.851634
419.8		0.851634
419.9		0.851634
420		0.851634
420.1		0.855386
420.2		0.855386
420.3		0.855386
420.4		0.855386
420.5		0.855386
420.6		0.855386
420.7		0.855386
420.8		0.855386
420.9		0.855386
421		0.855386
421.1		0.860026
421.2		0.860026
421.3		0.860026
421.4		0.860026
421.5		0.860026
421.6		0.860026
421.7		0.860026
421.8		0.860026
421.9		0.860026
422		0.860026
422.1		0.86027
422.2		0.86027
422.3		0.86027
422.4		0.86027
422.5		0.86027
422.6		0.86027
422.7		0.86027
422.8		0.86027
422.9		0.86027
423		0.86027
423.1		0.861979
423.2		0.861979
423.3		0.861979
423.4		0.861979
423.5		0.861979
423.6		0.861979
423.7		0.861979
423.8		0.861979
423.9		0.861979
424		0.861979
424.1		0.864088
424.2		0.864088
424.3		0.864088
424.4		0.864088
424.5		0.864088
424.6		0.864088
424.7		0.864088
424.8		0.864088
424.9		0.864088
425		0.864088
425.1		0.868395
425.2		0.868395
425.3		0.868395
425.4		0.868395
425.5		0.868395
425.6		0.868395
425.7		0.868395
425.8		0.868395
425.9		0.868395
426		0.868395
426.1		0.869949
426.2		0.869949
426.3		0.869949
426.4		0.869949
426.5		0.869949
426.6		0.869949
426.7		0.869949
426.8		0.869949
426.9		0.869949
427		0.869949
427.1		0.872946
427.2		0.872946
427.3		0.872946
427.4		0.872946
427.5		0.872946
427.6		0.872946
427.7		0.872946
427.8		0.872946
427.9		0.872946
428		0.872946
428.1		0.873857
428.2		0.873857
428.3		0.873857
428.4		0.873857
428.5		0.873857
428.6		0.873857
428.7		0.873857
428.8		0.873857
428.9		0.873857
429		0.873857
429.1		0.875255
429.2		0.875255
429.3		0.875255
429.4		0.875255
429.5		0.875255
429.6		0.875255
429.7		0.875255
429.8		0.875255
429.9		0.875255
430		0.875255
430.1		0.876565
430.2		0.876565
430.3		0.876565
430.4		0.876565
430.5		0.876565
430.6		0.876565
430.7		0.876565
430.8		0.876565
430.9		0.876565
431		0.876565
431.1		0.881915
431.2		0.881915
431.3		0.881915
431.4		0.881915
431.5		0.881915
431.6		0.881915
431.7		0.881915
431.8		0.881915
431.9		0.881915
432		0.881915
432.1		0.882071
432.2		0.882071
432.3		0.882071
432.4		0.882071
432.5		0.882071
432.6		0.882071
432.7		0.882071
432.8		0.882071
432.9		0.882071
433		0.882071
433.1		0.886089
433.2		0.886089
433.3		0.886089
433.4		0.886089
433.5		0.886089
433.6		0.886089
433.7		0.886089
433.8		0.886089
433.9		0.886089
434		0.886089
434.1		0.886933
434.2		0.886933
434.3		0.886933
434.4		0.886933
434.5		0.886933
434.6		0.886933
434.7		0.886933
434.8		0.886933
434.9		0.886933
435		0.886933
435.1		0.888798
435.2		0.888798
435.3		0.888798
435.4		0.888798
435.5		0.888798
435.6		0.888798
435.7		0.888798
435.8		0.888798
435.9		0.888798
436		0.888798
436.1		0.891684
436.2		0.891684
436.3		0.891684
436.4		0.891684
436.5		0.891684
436.6		0.891684
436.7		0.891684
436.8		0.891684
436.9		0.891684
437		0.891684
437.1		0.892372
437.2		0.892372
437.3		0.892372
437.4		0.892372
437.5		0.892372
437.6		0.892372
437.7		0.892372
437.8		0.892372
437.9		0.892372
438		0.892372
438.1		0.897367
438.2		0.897367
438.3		0.897367
438.4		0.897367
438.5		0.897367
438.6		0.897367
438.7		0.897367
438.8		0.897367
438.9		0.897367
439		0.897367
439.1		0.89921
439.2		0.89921
439.3		0.89921
439.4		0.89921
439.5		0.89921
439.6		0.89921
439.7		0.89921
439.8		0.89921
439.9		0.89921
440		0.89921
440.1		0.899609
440.2		0.899609
440.3		0.899609
440.4		0.899609
440.5		0.899609
440.6		0.899609
440.7		0.899609
440.8		0.899609
440.9		0.899609
441		0.899609
441.1		0.903184
441.2		0.903184
441.3		0.903184
441.4		0.903184
441.5		0.903184
441.6		0.903184
441.7		0.903184
441.8		0.903184
441.9		0.903184
442		0.903184
442.1		0.903472
442.2		0.903472
442.3		0.903472
442.4		0.903472
442.5		0.903472
442.6		0.903472
442.7		0.903472
442.8		0.903472
442.9		0.903472
443		0.903472
443.1		0.904005
443.2		0.904005
443.3		0.904005
443.4		0.904005
443.5		0.904005
443.6		0.904005
443.7		0.904005
443.8		0.904005
443.9		0.904005
444		0.904005
444.1		0.908734
444.2		0.908734
444.3		0.908734
444.4		0.908734
444.5		0.908734
444.6		0.908734
444.7		0.908734
444.8		0.908734
444.9		0.908734
445		0.908734
445.1		0.91142
445.2		0.91142
445.3		0.91142
445.4		0.91142
445.5		0.91142
445.6		0.91142
445.7		0.91142
445.8		0.91142
445.9		0.91142
446		0.91142
446.1		0.914794
446.2		0.914794
446.3		0.914794
446.4		0.914794
446.5		0.914794
446.6		0.914794
446.7		0.914794
446.8		0.914794
446.9		0.914794
447		0.914794
447.1		0.91515
447.2		0.91515
447.3		0.91515
447.4		0.91515
447.5		0.91515
447.6		0.91515
447.7		0.91515
447.8		0.91515
447.9		0.91515
448		0.91515
448.1		0.916149
448.2		0.916149
448.3		0.916149
448.4		0.916149
448.5		0.916149
448.6		0.916149
448.7		0.916149
448.8		0.916149
448.9		0.916149
449		0.916149
449.1		0.916659
449.2		0.916659
449.3		0.916659
449.4		0.916659
449.5		0.916659
449.6		0.916659
449.7		0.916659
449.8		0.916659
449.9		0.916659
450		0.916659
450.1		0.921099
450.2		0.921099
450.3		0.921099
450.4		0.921099
450.5		0.921099
450.6		0.921099
450.7		0.921099
450.8		0.921099
450.9		0.921099
451		0.921099
451.1		0.921388
451.2		0.921388
451.3		0.921388
451.4		0.921388
451.5		0.921388
451.6		0.921388
451.7		0.921388
451.8		0.921388
451.9		0.921388
452		0.921388
452.1		0.925118
452.2		0.925118
452.3		0.925118
452.4		0.925118
452.5		0.925118
452.6		0.925118
452.7		0.925118
452.8		0.925118
452.9		0.925118
453		0.925118
453.1		0.925495
453.2		0.925495
453.3		0.925495
453.4		0.925495
453.5		0.925495
453.6		0.925495
453.7		0.925495
453.8		0.925495
453.9		0.925495
454		0.925495
454.1		0.929602
454.2		0.929602
454.3		0.929602
454.4		0.929602
454.5		0.929602
454.6		0.929602
454.7		0.929602
454.8		0.929602
454.9		0.929602
455		0.929602
455.1		0.931622
455.2		0.931622
455.3		0.931622
455.4		0.931622
455.5		0.931622
455.6		0.931622
455.7		0.931622
455.8		0.931622
455.9		0.931622
456		0.931622
456.1		0.932977
456.2		0.932977
456.3		0.932977
456.4		0.932977
456.5		0.932977
456.6		0.932977
456.7		0.932977
456.8		0.932977
456.9		0.932977
457		0.932977
457.1		0.933731
457.2		0.933731
457.3		0.933731
457.4		0.933731
457.5		0.933731
457.6		0.933731
457.7		0.933731
457.8		0.933731
457.9		0.933731
458		0.933731
458.1		0.938083
458.2		0.938083
458.3		0.938083
458.4		0.938083
458.5		0.938083
458.6		0.938083
458.7		0.938083
458.8		0.938083
458.9		0.938083
459		0.938083
459.1		0.938593
459.2		0.938593
459.3		0.938593
459.4		0.938593
459.5		0.938593
459.6		0.938593
459.7		0.938593
459.8		0.938593
459.9		0.938593
460		0.938593
460.1		0.941346
460.2		0.941346
460.3		0.941346
460.4		0.941346
460.5		0.941346
460.6		0.941346
460.7		0.941346
460.8		0.941346
460.9		0.941346
461		0.941346
461.1		0.943522
461.2		0.943522
461.3		0.943522
461.4		0.943522
461.5		0.943522
461.6		0.943522
461.7		0.943522
461.8		0.943522
461.9		0.943522
462		0.943522
462.1		0.945342
462.2		0.945342
462.3		0.945342
462.4		0.945342
462.5		0.945342
462.6		0.945342
462.7		0.945342
462.8		0.945342
462.9		0.945342
463		0.945342
463.1		0.947851
463.2		0.947851
463.3		0.947851
463.4		0.947851
463.5		0.947851
463.6		0.947851
463.7		0.947851
463.8		0.947851
463.9		0.947851
464		0.947851
464.1		0.947962
464.2		0.947962
464.3		0.947962
464.4		0.947962
464.5		0.947962
464.6		0.947962
464.7		0.947962
464.8		0.947962
464.9		0.947962
465		0.947962
465.1		0.948162
465.2		0.948162
465.3		0.948162
465.4		0.948162
465.5		0.948162
465.6		0.948162
465.7		0.948162
465.8		0.948162
465.9		0.948162
466		0.948162
466.1		0.95147
466.2		0.95147
466.3		0.95147
466.4		0.95147
466.5		0.95147
466.6		0.95147
466.7		0.95147
466.8		0.95147
466.9		0.95147
467		0.95147
467.1		0.955155
467.2		0.955155
467.3		0.955155
467.4		0.955155
467.5		0.955155
467.6		0.955155
467.7		0.955155
467.8		0.955155
467.9		0.955155
468		0.955155
468.1		0.955377
468.2		0.955377
468.3		0.955377
468.4		0.955377
468.5		0.955377
468.6		0.955377
468.7		0.955377
468.8		0.955377
468.9		0.955377
469		0.955377
469.1		0.957286
469.2		0.957286
469.3		0.957286
469.4		0.957286
469.5		0.957286
469.6		0.957286
469.7		0.957286
469.8		0.957286
469.9		0.957286
470		0.957286
470.1		0.960949
470.2		0.960949
470.3		0.960949
470.4		0.960949
470.5		0.960949
470.6		0.960949
470.7		0.960949
470.8		0.960949
470.9		0.960949
471		0.960949
471.1		0.963169
471.2		0.963169
471.3		0.963169
471.4		0.963169
471.5		0.963169
471.6		0.963169
471.7		0.963169
471.8		0.963169
471.9		0.963169
472		0.963169
472.1		0.96459
472.2		0.96459
472.3		0.96459
472.4		0.96459
472.5		0.96459
472.6		0.96459
472.7		0.96459
472.8		0.96459
472.9		0.96459
473		0.96459
473.1		0.9659
473.2		0.9659
473.3		0.9659
473.4		0.9659
473.5		0.9659
473.6		0.9659
473.7		0.9659
473.8		0.9659
473.9		0.9659
474		0.9659
474.1		0.966166
474.2		0.966166
474.3		0.966166
474.4		0.966166
474.5		0.966166
474.6		0.966166
474.7		0.966166
474.8		0.966166
474.9		0.966166
475		0.966166
475.1		0.973026
475.2		0.973026
475.3		0.973026
475.4		0.973026
475.5		0.973026
475.6		0.973026
475.7		0.973026
475.8		0.973026
475.9		0.973026
476		0.973026
476.1		0.974603
476.2		0.974603
476.3		0.974603
476.4		0.974603
476.5		0.974603
476.6		0.974603
476.7		0.974603
476.8		0.974603
476.9		0.974603
477		0.974603
477.1		0.974913
477.2		0.974913
477.3		0.974913
477.4		0.974913
477.5		0.974913
477.6		0.974913
477.7		0.974913
477.8		0.974913
477.9		0.974913
478		0.974913
478.1		0.9768
478.2		0.9768
478.3		0.9768
478.4		0.9768
478.5		0.9768
478.6		0.9768
478.7		0.9768
478.8		0.9768
478.9		0.9768
479		0.9768
479.1		0.978132
479.2		0.978132
479.3		0.978132
479.4		0.978132
479.5		0.978132
479.6		0.978132
479.7		0.978132
479.8		0.978132
479.9		0.978132
480		0.978132
480.1		0.982217
480.2		0.982217
480.3		0.982217
480.4		0.982217
480.5		0.982217
480.6		0.982217
480.7		0.982217
480.8		0.982217
480.9		0.982217
481		0.982217
481.1		0.984215
481.2		0.984215
481.3		0.984215
481.4		0.984215
481.5		0.984215
481.6		0.984215
481.7		0.984215
481.8		0.984215
481.9		0.984215
482		0.984215
482.1		0.985237
482.2		0.985237
482.3		0.985237
482.4		0.985237
482.5		0.985237
482.6		0.985237
482.7		0.985237
482.8		0.985237
482.9		0.985237
483		0.985237
483.1		0.985525
483.2		0.985525
483.3		0.985525
483.4		0.985525
483.5		0.985525
483.6		0.985525
483.7		0.985525
483.8		0.985525
483.9		0.985525
484		0.985525
484.1		0.991142
484.2		0.991142
484.3		0.991142
484.4		0.991142
484.5		0.991142
484.6		0.991142
484.7		0.991142
484.8		0.991142
484.9		0.991142
485		0.991142
485.1		0.991275
485.2		0.991275
485.3		0.991275
485.4		0.991275
485.5		0.991275
485.6		0.991275
485.7		0.991275
485.8		0.991275
485.9		0.991275
486		0.991275
486.1		0.99243
486.2		0.99243
486.3		0.99243
486.4		0.99243
486.5		0.99243
486.6		0.99243
486.7		0.99243
486.8		0.99243
486.9		0.99243
487		0.99243
487.1		0.994938
487.2		0.994938
487.3		0.994938
487.4		0.994938
487.5		0.994938
487.6		0.994938
487.7		0.994938
487.8		0.994938
487.9		0.994938
488		0.994938
488.1		0.995404
488.2		0.995404
488.3		0.995404
488.4		0.995404
488.5		0.995404
488.6		0.995404
488.7		0.995404
488.8		0.995404
488.9		0.995404
489		0.995404
489.1		0.999956
489.2		0.999956
489.3		0.999956
489.4		0.999956
489.5		0.999956
489.6		0.999956
489.7		0.999956
489.8		0.999956
489.9		0.999956
490		0.999956
490.1		1
490.2		1
490.3		1
490.4		1
490.5		1
490.6		1
490.7		1
490.8		1
490.9		1
491		1
491.1		1
491.2		1
491.3		1
491.4		1
491.5		1
491.6		1
491.7		1
491.8		1
491.9		1
492		1
492.1		1
492.2		1
492.3		1
492.4		1
492.5		1
492.6		1
492.7		1
492.8		1
492.9		1
493		1
493.1		1
493.2		1
493.3		1
493.4		1
493.5		1
493.6		1
493.7		1
493.8		1
493.9		1
494		1
494.1		1
494.2		1
494.3		1
494.4		1
494.5		1
494.6		1
494.7		1
494.8		1
494.9		1
495		1
495.1		1
495.2		1
495.3		1
495.4		1
495.5		1
495.6		1
495.7		1
495.8		1
495.9		1
496		1
496.1		1
496.2		1
496.3		1
496.4		1
496.5		1
496.6		1
496.7		1
496.8		1
496.9		1
497		1
497.1		1
497.2		1
497.3		1
497.4		1
497.5		1
497.6		1
497.7		1
497.8		1
497.9		1
498		1
498.1		1
498.2		1
498.3		1
498.4		1
498.5		1
498.6		1
498.7		1
498.8		1
498.9		1
499		1
499.1		1
499.2		1
499.3		1
499.4		1
499.5		1
499.6		1
499.7		1
499.8		1
499.9		1
500		1
500.1		1
500.2		1
500.3		1
500.4		1
500.5		1
500.6		1
500.7		1
500.8		1
500.9		1
501		1
501.1		1
501.2		1
501.3		1
501.4		1
501.5		1
501.6		1
501.7		1
501.8		1
501.9		1
502		1
502.1		1
502.2		1
502.3		1
502.4		1
502.5		1
502.6		1
502.7		1
502.8		1
502.9		1
503		1
503.1		1
503.2		1
503.3		1
503.4		1
503.5		1
503.6		1
503.7		1
503.8		1
503.9		1
504		1
504.1		1
504.2		1
504.3		1
504.4		1
504.5		1
504.6		1
504.7		1
504.8		1
504.9		1
505		1
505.1		1
505.2		1
505.3		1
505.4		1
505.5		1
505.6		1
505.7		1
505.8		1
505.9		1
506		1
506.1		1
506.2		1
506.3		1
506.4		1
506.5		1
506.6		1
506.7		1
506.8		1
506.9		1
507		1
507.1		1
507.2		1
507.3		1
507.4		1
507.5		1
507.6		1
507.7		1
507.8		1
507.9		1
508		1
508.1		1
508.2		1
508.3		1
508.4		1
508.5		1
508.6		1
508.7		1
508.8		1
508.9		1
509		1
509.1		1
509.2		1
509.3		1
509.4		1
509.5		1
509.6		1
509.7		1
509.8		1
509.9		1
510		1
510.1		1
510.2		1
510.3		1
510.4		1
510.5		1
510.6		1
510.7		1
510.8		1
510.9		1
511		1
511.1		1
511.2		1
511.3		1
511.4		1
511.5		1
511.6		1
511.7		1
511.8		1
511.9		1
512		1
512.1		1
512.2		1
512.3		1
512.4		1
512.5		1
512.6		1
512.7		1
512.8		1
512.9		1
513		1
513.1		1
513.2		1
513.3		1
513.4		1
513.5		1
513.6		1
513.7		1
513.8		1
513.9		1
514		1
514.1		1
514.2		1
514.3		1
514.4		1
514.5		1
514.6		1
514.7		1
514.8		1
514.9		1
515		1
515.1		1
515.2		1
515.3		1
515.4		1
515.5		1
515.6		1
515.7		1
515.8		1
515.9		1
516		1
516.1		1
516.2		1
516.3		1
516.4		1
516.5		1
516.6		1
516.7		1
516.8		1
516.9		1
517		1
517.1		1
517.2		1
517.3		1
517.4		1
517.5		1
517.6		1
517.7		1
517.8		1
517.9		1
518		1
518.1		1
518.2		1
518.3		1
518.4		1
518.5		1
518.6		1
518.7		1
518.8		1
518.9		1
519		1
519.1		1
519.2		1
519.3		1
519.4		1
519.5		1
519.6		1
519.7		1
519.8		1
519.9		1
520		1
520.1		1
520.2		1
520.3		1
520.4		1
520.5		1
520.6		1
520.7		1
520.8		1
520.9		1
521		1
521.1		1
521.2		1
521.3		1
521.4		1
521.5		1
521.6		1
521.7		1
521.8		1
521.9		1
522		1
522.1		1
522.2		1
522.3		1
522.4		1
522.5		1
522.6		1
522.7		1
522.8		1
522.9		1
523		1
523.1		1
523.2		1
523.3		1
523.4		1
523.5		1
523.6		1
523.7		1
523.8		1
523.9		1
524		1
524.1		1
524.2		1
524.3		1
524.4		1
524.5		1
524.6		1
524.7		1
524.8		1
524.9		1
525		1
525.1		1
525.2		1
525.3		1
525.4		1
525.5		1
525.6		1
525.7		1
525.8		1
525.9		1
526		1
526.1		1
526.2		1
526.3		1
526.4		1
526.5		1
526.6		1
526.7		1
526.8		1
526.9		1
527		1
527.1		1
527.2		1
527.3		1
527.4		1
527.5		1
527.6		1
527.7		1
527.8		1
527.9		1
528		1
528.1		1
528.2		1
528.3		1
528.4		1
528.5		1
528.6		1
528.7		1
528.8		1
528.9		1
529		1
529.1		1
529.2		1
529.3		1
529.4		1
529.5		1
529.6		1
529.7		1
529.8		1
529.9		1
530		1
530.1		1
530.2		1
530.3		1
530.4		1
530.5		1
530.6		1
530.7		1
530.8		1
530.9		1
531		1
531.1		1
531.2		1
531.3		1
531.4		1
531.5		1
531.6		1
531.7		1
531.8		1
531.9		1
532		1
532.1		1
532.2		1
532.3		1
532.4		1
532.5		1
532.6		1
532.7		1
532.8		1
532.9		1
533		1
533.1		1
533.2		1
533.3		1
533.4		1
533.5		1
533.6		1
533.7		1
533.8		1
533.9		1
534		1
534.1		1
534.2		1
534.3		1
534.4		1
534.5		1
534.6		1
534.7		1
534.8		1
534.9		1
535		1
535.1		1
535.2		1
535.3		1
535.4		1
535.5		1
535.6		1
535.7		1
535.8		1
535.9		1
536		1
536.1		1
536.2		1
536.3		1
536.4		1
536.5		1
536.6		1
536.7		1
536.8		1
536.9		1
537		1
537.1		1
537.2		1
537.3		1
537.4		1
537.5		1
537.6		1
537.7		1
537.8		1
537.9		1
538		1
538.1		1
538.2		1
538.3		1
538.4		1
538.5		1
538.6		1
538.7		1
538.8		1
538.9		1
539		1
539.1		1
539.2		1
539.3		1
539.4		1
539.5		1
539.6		1
539.7		1
539.8		1
539.9		1
540		1
540.1		1
540.2		1
540.3		1
540.4		1
540.5		1
540.6		1
540.7		1
540.8		1
540.9		1
541		1
541.1		1
541.2		1
541.3		1
541.4		1
541.5		1
541.6		1
541.7		1
541.8		1
541.9		1
542		1
542.1		1
542.2		1
542.3		1
542.4		1
542.5		1
542.6		1
542.7		1
542.8		1
542.9		1
543		1
543.1		1
543.2		1
543.3		1
543.4		1
543.5		1
543.6		1
543.7		1
543.8		1
543.9		1
544		1
544.1		1
544.2		1
544.3		1
544.4		1
544.5		1
544.6		1
544.7		1
544.8		1
544.9		1
545		1
545.1		1
545.2		1
545.3		1
545.4		1
545.5		1
545.6		1
545.7		1
545.8		1
545.9		1
546		1
546.1		1
546.2		1
546.3		1
546.4		1
546.5		1
546.6		1
546.7		1
546.8		1
546.9		1
547		1
547.1		1
547.2		1
547.3		1
547.4		1
547.5		1
547.6		1
547.7		1
547.8		1
547.9		1
548		1
548.1		1
548.2		1
548.3		1
548.4		1
548.5		1
548.6		1
548.7		1
548.8		1
548.9		1
549		1
549.1		1
549.2		1
549.3		1
549.4		1
549.5		1
549.6		1
549.7		1
549.8		1
549.9		1
550		1
550.1		1
550.2		1
550.3		1
550.4		1
550.5		1
550.6		1
550.7		1
550.8		1
550.9		1
551		1
551.1		1
551.2		1
551.3		1
551.4		1
551.5		1
551.6		1
551.7		1
551.8		1
551.9		1
552		1
552.1		1
552.2		1
552.3		1
552.4		1
552.5		1
552.6		1
552.7		1
552.8		1
552.9		1
553		1
553.1		1
553.2		1
553.3		1
553.4		1
553.5		1
553.6		1
553.7		1
553.8		1
553.9		1
554		1
554.1		1
554.2		1
554.3		1
554.4		1
554.5		1
554.6		1
554.7		1
554.8		1
554.9		1
555		1
555.1		1
555.2		1
555.3		1
555.4		1
555.5		1
555.6		1
555.7		1
555.8		1
555.9		1
556		1
556.1		1
556.2		1
556.3		1
556.4		1
556.5		1
556.6		1
556.7		1
556.8		1
556.9		1
557		1
557.1		1
557.2		1
557.3		1
557.4		1
557.5		1
557.6		1
557.7		1
557.8		1
557.9		1
558		1
558.1		1
558.2		1
558.3		1
558.4		1
558.5		1
558.6		1
558.7		1
558.8		1
558.9		1
559		1
559.1		1
559.2		1
559.3		1
559.4		1
559.5		1
559.6		1
559.7		1
559.8		1
559.9		1
560		1
560.1		1
560.2		1
560.3		1
560.4		1
560.5		1
560.6		1
560.7		1
560.8		1
560.9		1
561		1
561.1		1
561.2		1
561.3		1
561.4		1
561.5		1
561.6		1
561.7		1
561.8		1
561.9		1
562		1
562.1		1
562.2		1
562.3		1
562.4		1
562.5		1
562.6		1
562.7		1
562.8		1
562.9		1
563		1
563.1		1
563.2		1
563.3		1
563.4		1
563.5		1
563.6		1
563.7		1
563.8		1
563.9		1
564		1
564.1		1
564.2		1
564.3		1
564.4		1
564.5		1
564.6		1
564.7		1
564.8		1
564.9		1
565		1
565.1		1
565.2		1
565.3		1
565.4		1
565.5		1
565.6		1
565.7		1
565.8		1
565.9		1
566		1
566.1		1
566.2		1
566.3		1
566.4		1
566.5		1
566.6		1
566.7		1
566.8		1
566.9		1
567		1
567.1		1
567.2		1
567.3		1
567.4		1
567.5		1
567.6		1
567.7		1
567.8		1
567.9		1
568		1
568.1		1
568.2		1
568.3		1
568.4		1
568.5		1
568.6		1
568.7		1
568.8		1
568.9		1
569		1
569.1		1
569.2		1
569.3		1
569.4		1
569.5		1
569.6		1
569.7		1
569.8		1
569.9		1
570		1
570.1		1
570.2		1
570.3		1
570.4		1
570.5		1
570.6		1
570.7		1
570.8		1
570.9		1
571		1
571.1		1
571.2		1
571.3		1
571.4		1
571.5		1
571.6		1
571.7		1
571.8		1
571.9		1
572		1
572.1		1
572.2		1
572.3		1
572.4		1
572.5		1
572.6		1
572.7		1
572.8		1
572.9		1
573		1
573.1		1
573.2		1
573.3		1
573.4		1
573.5		1
573.6		1
573.7		1
573.8		1
573.9		1
574		1
574.1		1
574.2		1
574.3		1
574.4		1
574.5		1
574.6		1
574.7		1
574.8		1
574.9		1
575		1
575.1		1
575.2		1
575.3		1
575.4		1
575.5		1
575.6		1
575.7		1
575.8		1
575.9		1
576		1
576.1		1
576.2		1
576.3		1
576.4		1
576.5		1
576.6		1
576.7		1
576.8		1
576.9		1
577		1
577.1		1
577.2		1
577.3		1
577.4		1
577.5		1
577.6		1
577.7		1
577.8		1
577.9		1
578		1
578.1		1
578.2		1
578.3		1
578.4		1
578.5		1
578.6		1
578.7		1
578.8		1
578.9		1
579		1
579.1		1
579.2		1
579.3		1
579.4		1
579.5		1
579.6		1
579.7		1
579.8		1
579.9		1
580		1
580.1		1
580.2		1
580.3		1
580.4		1
580.5		1
580.6		1
580.7		1
580.8		1
580.9		1
581		1
581.1		1
581.2		1
581.3		1
581.4		1
581.5		1
581.6		1
581.7		1
581.8		1
581.9		1
582		1
582.1		1
582.2		1
582.3		1
582.4		1
582.5		1
582.6		1
582.7		1
582.8		1
582.9		1
583		1
583.1		1
583.2		1
583.3		1
583.4		1
583.5		1
583.6		1
583.7		1
583.8		1
583.9		1
584		1
584.1		1
584.2		1
584.3		1
584.4		1
584.5		1
584.6		1
584.7		1
584.8		1
584.9		1
585		1
585.1		1
585.2		1
585.3		1
585.4		1
585.5		1
585.6		1
585.7		1
585.8		1
585.9		1
586		1
586.1		1
586.2		1
586.3		1
586.4		1
586.5		1
586.6		1
586.7		1
586.8		1
586.9		1
587		1
587.1		1
587.2		1
587.3		1
587.4		1
587.5		1
587.6		1
587.7		1
587.8		1
587.9		1
588		1
588.1		1
588.2		1
588.3		1
588.4		1
588.5		1
588.6		1
588.7		1
588.8		1
588.9		1
589		1
589.1		1
589.2		1
589.3		1
589.4		1
589.5		1
589.6		1
589.7		1
589.8		1
589.9		1
590		1
590.1		1
590.2		1
590.3		1
590.4		1
590.5		1
590.6		1
590.7		1
590.8		1
590.9		1
591		1
591.1		1
591.2		1
591.3		1
591.4		1
591.5		1
591.6		1
591.7		1
591.8		1
591.9		1
592		1
592.1		1
592.2		1
592.3		1
592.4		1
592.5		1
592.6		1
592.7		1
592.8		1
592.9		1
593		1
593.1		1
593.2		1
593.3		1
593.4		1
593.5		1
593.6		1
593.7		1
593.8		1
593.9		1
594		1
594.1		1
594.2		1
594.3		1
594.4		1
594.5		1
594.6		1
594.7		1
594.8		1
594.9		1
595		1
595.1		1
595.2		1
595.3		1
595.4		1
595.5		1
595.6		1
595.7		1
595.8		1
595.9		1
596		1
596.1		1
596.2		1
596.3		1
596.4		1
596.5		1
596.6		1
596.7		1
596.8		1
596.9		1
597		1
597.1		1
597.2		1
597.3		1
597.4		1
597.5		1
597.6		1
597.7		1
597.8		1
597.9		1
598		1
598.1		1
598.2		1
598.3		1
598.4		1
598.5		1
598.6		1
598.7		1
598.8		1
598.9		1
599		1
599.1		1
599.2		1
599.3		1
599.4		1
599.5		1
599.6		1
599.7		1
599.8		1
599.9		1
600		1
